INFO: You are running LIKWID in a cpuset with 112 CPUs. Taking given IDs as logical ID in cpuset
--------------------------------------------------------------------------------
CPU name:	AMD EPYC 9A14 96-Core Processor                
CPU type:	AMD K19 (Zen4) architecture
CPU clock:	2.60 GHz
--------------------------------------------------------------------------------
Sys.CPU_THREADS       192
SLURM_CPUS_PER_TASK   112
OMP_NUM_THREADS       112
OMP_PROC_BIND         close
OMP_PLACES            cores
BLAS_NUM_THREADS      1
Threads.nthreads()    1

Successfully read data from: /public/home/halili/jld2file/6-31g/o2-1.0-6-31g.jld2
  name: o2
  ratio: 1.0
  basis: 6-31g
  nα: 8, nβ: 8, ne: 16, norb: 18, nq: 36

  ngs: 4266
  ncs: 22543

Warming up JIT and Hardware...
Warm-up completed.
  Step 001:  residual: 9.5235e-01,  e: -149.45320229675235
  Step 002:  residual: 7.0900e-01,  e: -149.59391697072732
  Step 003:  residual: 3.4390e-01,  e: -149.71881382605255
  Step 004:  residual: 1.3670e-01,  e: -149.74155494323858
  Step 005:  residual: 5.6781e-02,  e: -149.74486722652492
  Step 006:  residual: 3.0719e-02,  e: -149.74550118255166
  Step 007:  residual: 2.2745e-02,  e: -149.74573279555509
  Step 008:  residual: 2.6203e-02,  e: -149.74592799688423
  Step 009:  residual: 3.4719e-02,  e: -149.74623194412706
  Step 010:  residual: 2.6370e-02,  e: -149.74654741412667
  Step 011:  residual: 1.1805e-02,  e: -149.74665437187457
  Step 012:  residual: 4.6480e-03,  e: -149.74667295626975
  Step 013:  residual: 1.7886e-03,  e: -149.74667552118316
  Step 014:  residual: 6.8126e-04,  e: -149.74667587808611
  Step 015:  residual: 2.5621e-04,  e: -149.74667592692606
  Step 016:  residual: 9.5094e-05,  e: -149.74667593407415
  Step 017:  residual: 3.6656e-05,  e: -149.74667593511347
  Step 018:  residual: 1.4803e-05,  e: -149.74667593526704
  Step 019:  residual: 6.2970e-06,  e: -149.74667593529344

Convergence reached!
189.357768 seconds (7.21 M allocations: 69.917 GiB, 0.18% gc time, 1.02% compilation time)
--------------------------------------------------------------------------------
Region hvec_direct_agg, Group 1: MEM
+-------------------+------------+------------+------------+------------+------------+------------+------------+------------+------------+------------+-------------+-------------+-------------+-------------+-------------+-------------+-------------+-------------+-------------+-------------+-------------+-------------+-------------+-------------+-------------+-------------+-------------+-------------+-------------+-------------+-------------+-------------+-------------+-------------+-------------+-------------+-------------+-------------+-------------+-------------+-------------+-------------+-------------+-------------+-------------+-------------+-------------+-------------+-------------+-------------+-------------+-------------+-------------+-------------+-------------+-------------+-------------+-------------+-------------+-------------+-------------+-------------+-------------+-------------+-------------+-------------+-------------+-------------+-------------+-------------+-------------+-------------+-------------+-------------+-------------+-------------+-------------+-------------+-------------+-------------+-------------+-------------+-------------+-------------+-------------+-------------+-------------+-------------+-------------+-------------+-------------+-------------+-------------+-------------+-------------+-------------+-------------+-------------+-------------+-------------+--------------+--------------+--------------+--------------+--------------+--------------+--------------+--------------+--------------+--------------+--------------+--------------+
|    Region Info    | HWThread 0 | HWThread 1 | HWThread 2 | HWThread 3 | HWThread 4 | HWThread 5 | HWThread 6 | HWThread 7 | HWThread 8 | HWThread 9 | HWThread 10 | HWThread 11 | HWThread 12 | HWThread 13 | HWThread 14 | HWThread 15 | HWThread 16 | HWThread 17 | HWThread 18 | HWThread 19 | HWThread 20 | HWThread 21 | HWThread 22 | HWThread 23 | HWThread 24 | HWThread 25 | HWThread 26 | HWThread 27 | HWThread 28 | HWThread 29 | HWThread 30 | HWThread 31 | HWThread 32 | HWThread 33 | HWThread 34 | HWThread 35 | HWThread 36 | HWThread 37 | HWThread 38 | HWThread 39 | HWThread 40 | HWThread 41 | HWThread 42 | HWThread 43 | HWThread 44 | HWThread 45 | HWThread 46 | HWThread 47 | HWThread 48 | HWThread 49 | HWThread 50 | HWThread 51 | HWThread 52 | HWThread 53 | HWThread 54 | HWThread 55 | HWThread 56 | HWThread 57 | HWThread 58 | HWThread 59 | HWThread 60 | HWThread 61 | HWThread 62 | HWThread 63 | HWThread 64 | HWThread 65 | HWThread 66 | HWThread 67 | HWThread 68 | HWThread 69 | HWThread 70 | HWThread 71 | HWThread 72 | HWThread 73 | HWThread 74 | HWThread 75 | HWThread 76 | HWThread 77 | HWThread 78 | HWThread 79 | HWThread 80 | HWThread 81 | HWThread 82 | HWThread 83 | HWThread 84 | HWThread 85 | HWThread 86 | HWThread 87 | HWThread 88 | HWThread 89 | HWThread 90 | HWThread 91 | HWThread 92 | HWThread 93 | HWThread 94 | HWThread 95 | HWThread 96 | HWThread 97 | HWThread 98 | HWThread 99 | HWThread 100 | HWThread 101 | HWThread 102 | HWThread 103 | HWThread 104 | HWThread 105 | HWThread 106 | HWThread 107 | HWThread 108 | HWThread 109 | HWThread 110 | HWThread 111 |
+-------------------+------------+------------+------------+------------+------------+------------+------------+------------+------------+------------+-------------+-------------+-------------+-------------+-------------+-------------+-------------+-------------+-------------+-------------+-------------+-------------+-------------+-------------+-------------+-------------+-------------+-------------+-------------+-------------+-------------+-------------+-------------+-------------+-------------+-------------+-------------+-------------+-------------+-------------+-------------+-------------+-------------+-------------+-------------+-------------+-------------+-------------+-------------+-------------+-------------+-------------+-------------+-------------+-------------+-------------+-------------+-------------+-------------+-------------+-------------+-------------+-------------+-------------+-------------+-------------+-------------+-------------+-------------+-------------+-------------+-------------+-------------+-------------+-------------+-------------+-------------+-------------+-------------+-------------+-------------+-------------+-------------+-------------+-------------+-------------+-------------+-------------+-------------+-------------+-------------+-------------+-------------+-------------+-------------+-------------+-------------+-------------+-------------+-------------+--------------+--------------+--------------+--------------+--------------+--------------+--------------+--------------+--------------+--------------+--------------+--------------+
| RDTSC Runtime [s] | 171.308300 | 169.152600 | 172.853800 | 168.676600 | 172.792600 | 169.058000 | 169.154100 | 167.764400 | 168.273000 | 168.470900 |  169.055400 |  168.371600 |  171.083300 |  172.425400 |  168.470400 |  168.769800 |  171.614900 |  164.939100 |  164.939400 |  163.864200 |  171.921800 |  162.953000 |  166.543900 |  170.783500 |  166.832000 |  166.832700 |  169.885800 |  169.886100 |  169.597100 |  166.344200 |  172.123200 |  168.175400 |  166.005000 |  167.966200 |  165.196000 |  164.175100 |  171.719100 |  167.968100 |  167.867100 |  170.683100 |  167.225500 |  172.714800 |  167.466100 |  172.632900 |  162.939900 |  165.292700 |  162.876800 |  167.664300 |  167.226900 |  167.227100 |  169.375800 |  169.693200 |  166.638800 |  172.020400 |  169.376000 |  169.374900 |  172.326000 |  171.408800 |  164.271200 |  165.656100 |  166.735300 |  165.656500 |  164.271700 |  170.224500 |  166.832100 |  164.663100 |  163.587900 |  166.443200 |  171.817600 |  172.528100 |  166.102400 |  166.102900 |  168.770600 |  170.324100 |  167.564900 |  167.013600 |  171.512500 |  167.014700 |  170.587400 |  170.323700 |  163.467200 |  163.467800 |  170.122400 |  168.963500 |  164.433800 |  169.790200 |  170.490900 |  171.217900 |  166.102000 |  167.868200 |  168.373400 |  165.909100 |  170.783500 |  172.529300 |  172.225300 |  169.885800 |  170.779600 |  164.771800 |  165.531100 |  165.529500 |   164.435500 |   164.570700 |   164.772300 |   165.293800 |   163.238900 |   163.112000 |   163.111900 |   163.587600 |   170.993500 |   163.864700 |   163.113400 |   163.864800 |
|     call count    |         19 |         19 |         19 |         19 |         19 |         19 |         19 |         19 |         19 |         19 |          19 |          19 |          19 |          19 |          19 |          19 |          19 |          19 |          19 |          19 |          19 |          19 |          19 |          19 |          19 |          19 |          19 |          19 |          19 |          19 |          19 |          19 |          19 |          19 |          19 |          19 |          19 |          19 |          19 |          19 |          19 |          19 |          19 |          19 |          19 |          19 |          19 |          19 |          19 |          19 |          19 |          19 |          19 |          19 |          19 |          19 |          19 |          19 |          19 |          19 |          19 |          19 |          19 |          19 |          19 |          19 |          19 |          19 |          19 |          19 |          19 |          19 |          19 |          19 |          19 |          19 |          19 |          19 |          19 |          19 |          19 |          19 |          19 |          19 |          19 |          19 |          19 |          19 |          19 |          19 |          19 |          19 |          19 |          19 |          19 |          19 |          19 |          19 |          19 |          19 |           19 |           19 |           19 |           19 |           19 |           19 |           19 |           19 |           19 |           19 |           19 |           19 |
+-------------------+------------+------------+------------+------------+------------+------------+------------+------------+------------+------------+-------------+-------------+-------------+-------------+-------------+-------------+-------------+-------------+-------------+-------------+-------------+-------------+-------------+-------------+-------------+-------------+-------------+-------------+-------------+-------------+-------------+-------------+-------------+-------------+-------------+-------------+-------------+-------------+-------------+-------------+-------------+-------------+-------------+-------------+-------------+-------------+-------------+-------------+-------------+-------------+-------------+-------------+-------------+-------------+-------------+-------------+-------------+-------------+-------------+-------------+-------------+-------------+-------------+-------------+-------------+-------------+-------------+-------------+-------------+-------------+-------------+-------------+-------------+-------------+-------------+-------------+-------------+-------------+-------------+-------------+-------------+-------------+-------------+-------------+-------------+-------------+-------------+-------------+-------------+-------------+-------------+-------------+-------------+-------------+-------------+-------------+-------------+-------------+-------------+-------------+--------------+--------------+--------------+--------------+--------------+--------------+--------------+--------------+--------------+--------------+--------------+--------------+

+----------------------+---------+--------------+--------------+--------------+--------------+--------------+--------------+--------------+--------------+--------------+--------------+--------------+--------------+--------------+--------------+--------------+--------------+--------------+--------------+--------------+--------------+--------------+--------------+--------------+--------------+--------------+--------------+--------------+--------------+--------------+--------------+--------------+--------------+--------------+--------------+--------------+--------------+--------------+--------------+--------------+--------------+--------------+--------------+--------------+--------------+--------------+--------------+--------------+--------------+--------------+--------------+--------------+--------------+--------------+--------------+--------------+--------------+--------------+--------------+--------------+--------------+--------------+--------------+--------------+--------------+--------------+--------------+--------------+--------------+--------------+--------------+--------------+--------------+--------------+--------------+--------------+--------------+--------------+--------------+--------------+--------------+--------------+--------------+--------------+--------------+--------------+--------------+--------------+--------------+--------------+--------------+--------------+--------------+--------------+--------------+--------------+--------------+--------------+--------------+--------------+--------------+--------------+--------------+--------------+--------------+--------------+--------------+--------------+--------------+--------------+--------------+--------------+--------------+
|         Event        | Counter |  HWThread 0  |  HWThread 1  |  HWThread 2  |  HWThread 3  |  HWThread 4  |  HWThread 5  |  HWThread 6  |  HWThread 7  |  HWThread 8  |  HWThread 9  |  HWThread 10 |  HWThread 11 |  HWThread 12 |  HWThread 13 |  HWThread 14 |  HWThread 15 |  HWThread 16 |  HWThread 17 |  HWThread 18 |  HWThread 19 |  HWThread 20 |  HWThread 21 |  HWThread 22 |  HWThread 23 |  HWThread 24 |  HWThread 25 |  HWThread 26 |  HWThread 27 |  HWThread 28 |  HWThread 29 |  HWThread 30 |  HWThread 31 |  HWThread 32 |  HWThread 33 |  HWThread 34 |  HWThread 35 |  HWThread 36 |  HWThread 37 |  HWThread 38 |  HWThread 39 |  HWThread 40 |  HWThread 41 |  HWThread 42 |  HWThread 43 |  HWThread 44 |  HWThread 45 |  HWThread 46 |  HWThread 47 |  HWThread 48 |  HWThread 49 |  HWThread 50 |  HWThread 51 |  HWThread 52 |  HWThread 53 |  HWThread 54 |  HWThread 55 |  HWThread 56 |  HWThread 57 |  HWThread 58 |  HWThread 59 |  HWThread 60 |  HWThread 61 |  HWThread 62 |  HWThread 63 |  HWThread 64 |  HWThread 65 |  HWThread 66 |  HWThread 67 |  HWThread 68 |  HWThread 69 |  HWThread 70 |  HWThread 71 |  HWThread 72 |  HWThread 73 |  HWThread 74 |  HWThread 75 |  HWThread 76 |  HWThread 77 |  HWThread 78 |  HWThread 79 |  HWThread 80 |  HWThread 81 |  HWThread 82 |  HWThread 83 |  HWThread 84 |  HWThread 85 |  HWThread 86 |  HWThread 87 |  HWThread 88 |  HWThread 89 |  HWThread 90 |  HWThread 91 |  HWThread 92 |  HWThread 93 |  HWThread 94 |  HWThread 95 |  HWThread 96 |  HWThread 97 |  HWThread 98 |  HWThread 99 | HWThread 100 | HWThread 101 | HWThread 102 | HWThread 103 | HWThread 104 | HWThread 105 | HWThread 106 | HWThread 107 | HWThread 108 | HWThread 109 | HWThread 110 | HWThread 111 |
+----------------------+---------+--------------+--------------+--------------+--------------+--------------+--------------+--------------+--------------+--------------+--------------+--------------+--------------+--------------+--------------+--------------+--------------+--------------+--------------+--------------+--------------+--------------+--------------+--------------+--------------+--------------+--------------+--------------+--------------+--------------+--------------+--------------+--------------+--------------+--------------+--------------+--------------+--------------+--------------+--------------+--------------+--------------+--------------+--------------+--------------+--------------+--------------+--------------+--------------+--------------+--------------+--------------+--------------+--------------+--------------+--------------+--------------+--------------+--------------+--------------+--------------+--------------+--------------+--------------+--------------+--------------+--------------+--------------+--------------+--------------+--------------+--------------+--------------+--------------+--------------+--------------+--------------+--------------+--------------+--------------+--------------+--------------+--------------+--------------+--------------+--------------+--------------+--------------+--------------+--------------+--------------+--------------+--------------+--------------+--------------+--------------+--------------+--------------+--------------+--------------+--------------+--------------+--------------+--------------+--------------+--------------+--------------+--------------+--------------+--------------+--------------+--------------+--------------+
|   ACTUAL_CPU_CLOCK   |  FIXC1  | 575576900000 | 571582700000 | 572476500000 | 572306100000 | 572368200000 | 572362700000 | 572349300000 | 572236200000 | 572441400000 | 572526200000 | 572493300000 | 572410900000 | 572625200000 | 572606900000 | 572487200000 | 572415900000 | 572477500000 | 572299900000 | 572399500000 | 572405900000 | 572469000000 | 572244500000 | 572438000000 | 572341700000 | 572285400000 | 572249800000 | 572287900000 | 572229700000 | 572458100000 | 572246200000 | 572219800000 | 572349100000 | 572448800000 | 572493500000 | 572375600000 | 572499800000 | 572255200000 | 572355100000 | 572398500000 | 572448000000 | 572459500000 | 572369700000 | 572369900000 | 572655300000 | 572650100000 | 572390700000 | 572430000000 | 572495800000 | 572154200000 | 572409400000 | 572339900000 | 572443400000 | 572476000000 | 572488800000 | 572282300000 | 572280200000 | 572724800000 | 572413100000 | 572456500000 | 572383600000 | 572304600000 | 572405300000 | 572416400000 | 572434400000 | 572496300000 | 572446200000 | 572430000000 | 572499300000 | 572435200000 | 572420200000 | 572674200000 | 572443900000 | 572390300000 | 572338900000 | 572350500000 | 572400800000 | 572453600000 | 572165800000 | 572502500000 | 572356500000 | 572773400000 | 572659600000 | 572514300000 | 572624100000 | 572680200000 | 572571800000 | 572484500000 | 572556400000 | 572398200000 | 572761500000 | 572607200000 | 572475900000 | 572462600000 | 572510900000 | 572608700000 | 572389600000 | 599271200000 | 599226800000 | 599375800000 | 599261800000 | 599418600000 | 599175400000 | 599352000000 | 599259600000 | 599240300000 | 599386100000 | 599208600000 | 599246000000 | 599391900000 | 599351300000 | 599203700000 | 599195900000 |
|     MAX_CPU_CLOCK    |  FIXC2  | 423900600000 | 423217900000 | 423193500000 | 423199800000 | 423237200000 | 423205000000 | 423207500000 | 423181600000 | 423324000000 | 423391900000 | 423295100000 | 423310700000 | 423379300000 | 423357700000 | 423358700000 | 423302500000 | 423261200000 | 423259000000 | 423320700000 | 423297700000 | 423252600000 | 423223400000 | 423247000000 | 423279200000 | 423232400000 | 423257500000 | 423299900000 | 423211500000 | 423248500000 | 423196400000 | 423214700000 | 423217000000 | 423384500000 | 423350100000 | 423276600000 | 423319400000 | 423262000000 | 423316000000 | 423339800000 | 423338100000 | 423286300000 | 423292700000 | 423314500000 | 423334700000 | 423382500000 | 423325900000 | 423229000000 | 423299800000 | 423216700000 | 423274000000 | 423244300000 | 423241900000 | 423319200000 | 423285700000 | 423259000000 | 423225600000 | 423369400000 | 423358300000 | 423276500000 | 423308200000 | 423321300000 | 423330500000 | 423331100000 | 423343800000 | 423309500000 | 423278000000 | 423288800000 | 423332000000 | 423299200000 | 423283100000 | 423350100000 | 423290400000 | 423274500000 | 423235900000 | 423223600000 | 423292500000 | 423194400000 | 423239100000 | 423198700000 | 423282400000 | 423330500000 | 423357400000 | 423309700000 | 423296200000 | 423388300000 | 423299100000 | 423264100000 | 423297300000 | 423313700000 | 423304100000 | 423341400000 | 423340700000 | 423329100000 | 423355800000 | 423333500000 | 423310100000 | 423305000000 | 423291400000 | 423306100000 | 423315400000 | 423303900000 | 423257200000 | 423260800000 | 423294300000 | 423295300000 | 423261800000 | 423302000000 | 423322100000 | 423326000000 | 423287700000 | 423319500000 | 423281400000 |
| RETIRED_INSTRUCTIONS |   PMC0  | 864485500000 | 856312900000 | 859132800000 | 857991000000 | 857874000000 | 857597000000 | 856682100000 | 856196500000 | 869388900000 | 868709300000 | 868863200000 | 867084800000 | 869520600000 | 868188600000 | 867772300000 | 867777200000 | 863532000000 | 863577700000 | 863857300000 | 863306800000 | 862723300000 | 863773800000 | 862067600000 | 863560600000 | 860915800000 | 860236900000 | 859870200000 | 858636400000 | 860976100000 | 860521000000 | 859029600000 | 860394900000 | 868565300000 | 869384200000 | 866931100000 | 868437600000 | 867936600000 | 868671400000 | 868546900000 | 867994900000 | 864157700000 | 864588500000 | 863507500000 | 863637800000 | 863989600000 | 863730700000 | 862953600000 | 864140300000 | 859300800000 | 861822500000 | 860571800000 | 859624300000 | 861302500000 | 859652500000 | 859758600000 | 859669800000 | 869832100000 | 866752400000 | 869130100000 | 867538600000 | 867822300000 | 867874400000 | 867635800000 | 868168200000 | 864690200000 | 863571300000 | 864315800000 | 864036200000 | 863996600000 | 864501200000 | 862446900000 | 863520000000 | 861996900000 | 861042000000 | 861403900000 | 860590300000 | 861349300000 | 861069100000 | 862224400000 | 860704800000 | 869281100000 | 869110700000 | 867109500000 | 868472000000 | 867997700000 | 868719100000 | 868354300000 | 867985600000 | 864558500000 | 865285000000 | 865060900000 | 863495400000 | 864088000000 | 863276600000 | 863763300000 | 863091800000 | 808995400000 | 808190500000 | 809732700000 | 809012300000 | 808086800000 | 808385700000 | 808939100000 | 807814000000 | 810108000000 | 810222700000 | 809333000000 | 810061900000 | 809792600000 | 809187600000 | 809818900000 | 809771600000 |
|  CPU_CLOCKS_UNHALTED |   PMC1  | 565461300000 | 565353300000 | 566160700000 | 566357800000 | 566091700000 | 565964400000 | 565995100000 | 565830500000 | 566433400000 | 566728900000 | 566659500000 | 566534700000 | 566900300000 | 566695800000 | 566681000000 | 566591800000 | 566279400000 | 566192600000 | 566511800000 | 566262600000 | 566334700000 | 566174900000 | 566338300000 | 566455000000 | 565804600000 | 565922900000 | 566169800000 | 565871700000 | 566200500000 | 566026700000 | 565876900000 | 566101700000 | 566535300000 | 566747200000 | 566448900000 | 566718200000 | 566456700000 | 566788600000 | 566581900000 | 566636500000 | 565895500000 | 565909600000 | 566416300000 | 566095500000 | 566392000000 | 566314100000 | 565990600000 | 566181400000 | 565814000000 | 566067700000 | 565859200000 | 566049400000 | 566199400000 | 566153100000 | 565832300000 | 565964500000 | 566439200000 | 566369400000 | 566356900000 | 566334700000 | 566507800000 | 566468900000 | 566431400000 | 566363400000 | 566092200000 | 566330800000 | 566024000000 | 566217900000 | 566026200000 | 566088500000 | 566178400000 | 566024900000 | 565889400000 | 565846100000 | 565827900000 | 565791200000 | 566064000000 | 565813300000 | 565985800000 | 566012000000 | 567052000000 | 566976700000 | 566822500000 | 566866800000 | 567089400000 | 566920000000 | 566947900000 | 566788700000 | 566082800000 | 566688100000 | 566498700000 | 566467000000 | 566227400000 | 566441600000 | 566465600000 | 566045700000 | 593938100000 | 594134700000 | 594286200000 | 594182000000 | 594167200000 | 593987200000 | 594259600000 | 594104300000 | 593947800000 | 594090500000 | 593893100000 | 594101900000 | 594154100000 | 594225600000 | 593930700000 | 593999600000 |
|      CAS_CMD_RD      |  UMC0C0 |  48688370000 |            0 |            0 |            0 |            0 |            0 |            0 |            0 |            0 |            0 |            0 |            0 |            0 |            0 |            0 |            0 |            0 |            0 |            0 |            0 |            0 |            0 |            0 |            0 |            0 |            0 |            0 |            0 |            0 |            0 |            0 |            0 |            0 |            0 |            0 |            0 |            0 |            0 |            0 |            0 |            0 |            0 |            0 |            0 |            0 |            0 |            0 |            0 |            0 |            0 |            0 |            0 |            0 |            0 |            0 |            0 |            0 |            0 |            0 |            0 |            0 |            0 |            0 |            0 |            0 |            0 |            0 |            0 |            0 |            0 |            0 |            0 |            0 |            0 |            0 |            0 |            0 |            0 |            0 |            0 |            0 |            0 |            0 |            0 |            0 |            0 |            0 |            0 |            0 |            0 |            0 |            0 |            0 |            0 |            0 |            0 |   4259458000 |            0 |            0 |            0 |            0 |            0 |            0 |            0 |            0 |            0 |            0 |            0 |            0 |            0 |            0 |            0 |
|      CAS_CMD_WR      |  UMC0C1 |    190036800 |            0 |            0 |            0 |            0 |            0 |            0 |            0 |            0 |            0 |            0 |            0 |            0 |            0 |            0 |            0 |            0 |            0 |            0 |            0 |            0 |            0 |            0 |            0 |            0 |            0 |            0 |            0 |            0 |            0 |            0 |            0 |            0 |            0 |            0 |            0 |            0 |            0 |            0 |            0 |            0 |            0 |            0 |            0 |            0 |            0 |            0 |            0 |            0 |            0 |            0 |            0 |            0 |            0 |            0 |            0 |            0 |            0 |            0 |            0 |            0 |            0 |            0 |            0 |            0 |            0 |            0 |            0 |            0 |            0 |            0 |            0 |            0 |            0 |            0 |            0 |            0 |            0 |            0 |            0 |            0 |            0 |            0 |            0 |            0 |            0 |            0 |            0 |            0 |            0 |            0 |            0 |            0 |            0 |            0 |            0 |     36937370 |            0 |            0 |            0 |            0 |            0 |            0 |            0 |            0 |            0 |            0 |            0 |            0 |            0 |            0 |            0 |
|      CAS_CMD_RD      |  UMC1C0 |  48883970000 |            0 |            0 |            0 |            0 |            0 |            0 |            0 |            0 |            0 |            0 |            0 |            0 |            0 |            0 |            0 |            0 |            0 |            0 |            0 |            0 |            0 |            0 |            0 |            0 |            0 |            0 |            0 |            0 |            0 |            0 |            0 |            0 |            0 |            0 |            0 |            0 |            0 |            0 |            0 |            0 |            0 |            0 |            0 |            0 |            0 |            0 |            0 |            0 |            0 |            0 |            0 |            0 |            0 |            0 |            0 |            0 |            0 |            0 |            0 |            0 |            0 |            0 |            0 |            0 |            0 |            0 |            0 |            0 |            0 |            0 |            0 |            0 |            0 |            0 |            0 |            0 |            0 |            0 |            0 |            0 |            0 |            0 |            0 |            0 |            0 |            0 |            0 |            0 |            0 |            0 |            0 |            0 |            0 |            0 |            0 |   4267795000 |            0 |            0 |            0 |            0 |            0 |            0 |            0 |            0 |            0 |            0 |            0 |            0 |            0 |            0 |            0 |
|      CAS_CMD_WR      |  UMC1C1 |    188990800 |            0 |            0 |            0 |            0 |            0 |            0 |            0 |            0 |            0 |            0 |            0 |            0 |            0 |            0 |            0 |            0 |            0 |            0 |            0 |            0 |            0 |            0 |            0 |            0 |            0 |            0 |            0 |            0 |            0 |            0 |            0 |            0 |            0 |            0 |            0 |            0 |            0 |            0 |            0 |            0 |            0 |            0 |            0 |            0 |            0 |            0 |            0 |            0 |            0 |            0 |            0 |            0 |            0 |            0 |            0 |            0 |            0 |            0 |            0 |            0 |            0 |            0 |            0 |            0 |            0 |            0 |            0 |            0 |            0 |            0 |            0 |            0 |            0 |            0 |            0 |            0 |            0 |            0 |            0 |            0 |            0 |            0 |            0 |            0 |            0 |            0 |            0 |            0 |            0 |            0 |            0 |            0 |            0 |            0 |            0 |     35871940 |            0 |            0 |            0 |            0 |            0 |            0 |            0 |            0 |            0 |            0 |            0 |            0 |            0 |            0 |            0 |
|      CAS_CMD_RD      |  UMC2C0 |  48747370000 |            0 |            0 |            0 |            0 |            0 |            0 |            0 |            0 |            0 |            0 |            0 |            0 |            0 |            0 |            0 |            0 |            0 |            0 |            0 |            0 |            0 |            0 |            0 |            0 |            0 |            0 |            0 |            0 |            0 |            0 |            0 |            0 |            0 |            0 |            0 |            0 |            0 |            0 |            0 |            0 |            0 |            0 |            0 |            0 |            0 |            0 |            0 |            0 |            0 |            0 |            0 |            0 |            0 |            0 |            0 |            0 |            0 |            0 |            0 |            0 |            0 |            0 |            0 |            0 |            0 |            0 |            0 |            0 |            0 |            0 |            0 |            0 |            0 |            0 |            0 |            0 |            0 |            0 |            0 |            0 |            0 |            0 |            0 |            0 |            0 |            0 |            0 |            0 |            0 |            0 |            0 |            0 |            0 |            0 |            0 |   4260759000 |            0 |            0 |            0 |            0 |            0 |            0 |            0 |            0 |            0 |            0 |            0 |            0 |            0 |            0 |            0 |
|      CAS_CMD_WR      |  UMC2C1 |    192785500 |            0 |            0 |            0 |            0 |            0 |            0 |            0 |            0 |            0 |            0 |            0 |            0 |            0 |            0 |            0 |            0 |            0 |            0 |            0 |            0 |            0 |            0 |            0 |            0 |            0 |            0 |            0 |            0 |            0 |            0 |            0 |            0 |            0 |            0 |            0 |            0 |            0 |            0 |            0 |            0 |            0 |            0 |            0 |            0 |            0 |            0 |            0 |            0 |            0 |            0 |            0 |            0 |            0 |            0 |            0 |            0 |            0 |            0 |            0 |            0 |            0 |            0 |            0 |            0 |            0 |            0 |            0 |            0 |            0 |            0 |            0 |            0 |            0 |            0 |            0 |            0 |            0 |            0 |            0 |            0 |            0 |            0 |            0 |            0 |            0 |            0 |            0 |            0 |            0 |            0 |            0 |            0 |            0 |            0 |            0 |     36026980 |            0 |            0 |            0 |            0 |            0 |            0 |            0 |            0 |            0 |            0 |            0 |            0 |            0 |            0 |            0 |
|      CAS_CMD_RD      |  UMC3C0 |  48661660000 |            0 |            0 |            0 |            0 |            0 |            0 |            0 |            0 |            0 |            0 |            0 |            0 |            0 |            0 |            0 |            0 |            0 |            0 |            0 |            0 |            0 |            0 |            0 |            0 |            0 |            0 |            0 |            0 |            0 |            0 |            0 |            0 |            0 |            0 |            0 |            0 |            0 |            0 |            0 |            0 |            0 |            0 |            0 |            0 |            0 |            0 |            0 |            0 |            0 |            0 |            0 |            0 |            0 |            0 |            0 |            0 |            0 |            0 |            0 |            0 |            0 |            0 |            0 |            0 |            0 |            0 |            0 |            0 |            0 |            0 |            0 |            0 |            0 |            0 |            0 |            0 |            0 |            0 |            0 |            0 |            0 |            0 |            0 |            0 |            0 |            0 |            0 |            0 |            0 |            0 |            0 |            0 |            0 |            0 |            0 |   4251647000 |            0 |            0 |            0 |            0 |            0 |            0 |            0 |            0 |            0 |            0 |            0 |            0 |            0 |            0 |            0 |
|      CAS_CMD_WR      |  UMC3C1 |    190575300 |            0 |            0 |            0 |            0 |            0 |            0 |            0 |            0 |            0 |            0 |            0 |            0 |            0 |            0 |            0 |            0 |            0 |            0 |            0 |            0 |            0 |            0 |            0 |            0 |            0 |            0 |            0 |            0 |            0 |            0 |            0 |            0 |            0 |            0 |            0 |            0 |            0 |            0 |            0 |            0 |            0 |            0 |            0 |            0 |            0 |            0 |            0 |            0 |            0 |            0 |            0 |            0 |            0 |            0 |            0 |            0 |            0 |            0 |            0 |            0 |            0 |            0 |            0 |            0 |            0 |            0 |            0 |            0 |            0 |            0 |            0 |            0 |            0 |            0 |            0 |            0 |            0 |            0 |            0 |            0 |            0 |            0 |            0 |            0 |            0 |            0 |            0 |            0 |            0 |            0 |            0 |            0 |            0 |            0 |            0 |     35924640 |            0 |            0 |            0 |            0 |            0 |            0 |            0 |            0 |            0 |            0 |            0 |            0 |            0 |            0 |            0 |
|      CAS_CMD_RD      |  UMC4C0 |  48843360000 |            0 |            0 |            0 |            0 |            0 |            0 |            0 |            0 |            0 |            0 |            0 |            0 |            0 |            0 |            0 |            0 |            0 |            0 |            0 |            0 |            0 |            0 |            0 |            0 |            0 |            0 |            0 |            0 |            0 |            0 |            0 |            0 |            0 |            0 |            0 |            0 |            0 |            0 |            0 |            0 |            0 |            0 |            0 |            0 |            0 |            0 |            0 |            0 |            0 |            0 |            0 |            0 |            0 |            0 |            0 |            0 |            0 |            0 |            0 |            0 |            0 |            0 |            0 |            0 |            0 |            0 |            0 |            0 |            0 |            0 |            0 |            0 |            0 |            0 |            0 |            0 |            0 |            0 |            0 |            0 |            0 |            0 |            0 |            0 |            0 |            0 |            0 |            0 |            0 |            0 |            0 |            0 |            0 |            0 |            0 |   4286053000 |            0 |            0 |            0 |            0 |            0 |            0 |            0 |            0 |            0 |            0 |            0 |            0 |            0 |            0 |            0 |
|      CAS_CMD_WR      |  UMC4C1 |    188884600 |            0 |            0 |            0 |            0 |            0 |            0 |            0 |            0 |            0 |            0 |            0 |            0 |            0 |            0 |            0 |            0 |            0 |            0 |            0 |            0 |            0 |            0 |            0 |            0 |            0 |            0 |            0 |            0 |            0 |            0 |            0 |            0 |            0 |            0 |            0 |            0 |            0 |            0 |            0 |            0 |            0 |            0 |            0 |            0 |            0 |            0 |            0 |            0 |            0 |            0 |            0 |            0 |            0 |            0 |            0 |            0 |            0 |            0 |            0 |            0 |            0 |            0 |            0 |            0 |            0 |            0 |            0 |            0 |            0 |            0 |            0 |            0 |            0 |            0 |            0 |            0 |            0 |            0 |            0 |            0 |            0 |            0 |            0 |            0 |            0 |            0 |            0 |            0 |            0 |            0 |            0 |            0 |            0 |            0 |            0 |     35518920 |            0 |            0 |            0 |            0 |            0 |            0 |            0 |            0 |            0 |            0 |            0 |            0 |            0 |            0 |            0 |
|      CAS_CMD_RD      |  UMC5C0 |  48822880000 |            0 |            0 |            0 |            0 |            0 |            0 |            0 |            0 |            0 |            0 |            0 |            0 |            0 |            0 |            0 |            0 |            0 |            0 |            0 |            0 |            0 |            0 |            0 |            0 |            0 |            0 |            0 |            0 |            0 |            0 |            0 |            0 |            0 |            0 |            0 |            0 |            0 |            0 |            0 |            0 |            0 |            0 |            0 |            0 |            0 |            0 |            0 |            0 |            0 |            0 |            0 |            0 |            0 |            0 |            0 |            0 |            0 |            0 |            0 |            0 |            0 |            0 |            0 |            0 |            0 |            0 |            0 |            0 |            0 |            0 |            0 |            0 |            0 |            0 |            0 |            0 |            0 |            0 |            0 |            0 |            0 |            0 |            0 |            0 |            0 |            0 |            0 |            0 |            0 |            0 |            0 |            0 |            0 |            0 |            0 |   4272688000 |            0 |            0 |            0 |            0 |            0 |            0 |            0 |            0 |            0 |            0 |            0 |            0 |            0 |            0 |            0 |
|      CAS_CMD_WR      |  UMC5C1 |    190889000 |            0 |            0 |            0 |            0 |            0 |            0 |            0 |            0 |            0 |            0 |            0 |            0 |            0 |            0 |            0 |            0 |            0 |            0 |            0 |            0 |            0 |            0 |            0 |            0 |            0 |            0 |            0 |            0 |            0 |            0 |            0 |            0 |            0 |            0 |            0 |            0 |            0 |            0 |            0 |            0 |            0 |            0 |            0 |            0 |            0 |            0 |            0 |            0 |            0 |            0 |            0 |            0 |            0 |            0 |            0 |            0 |            0 |            0 |            0 |            0 |            0 |            0 |            0 |            0 |            0 |            0 |            0 |            0 |            0 |            0 |            0 |            0 |            0 |            0 |            0 |            0 |            0 |            0 |            0 |            0 |            0 |            0 |            0 |            0 |            0 |            0 |            0 |            0 |            0 |            0 |            0 |            0 |            0 |            0 |            0 |     35571270 |            0 |            0 |            0 |            0 |            0 |            0 |            0 |            0 |            0 |            0 |            0 |            0 |            0 |            0 |            0 |
|      CAS_CMD_RD      |  UMC6C0 |  48746560000 |            0 |            0 |            0 |            0 |            0 |            0 |            0 |            0 |            0 |            0 |            0 |            0 |            0 |            0 |            0 |            0 |            0 |            0 |            0 |            0 |            0 |            0 |            0 |            0 |            0 |            0 |            0 |            0 |            0 |            0 |            0 |            0 |            0 |            0 |            0 |            0 |            0 |            0 |            0 |            0 |            0 |            0 |            0 |            0 |            0 |            0 |            0 |            0 |            0 |            0 |            0 |            0 |            0 |            0 |            0 |            0 |            0 |            0 |            0 |            0 |            0 |            0 |            0 |            0 |            0 |            0 |            0 |            0 |            0 |            0 |            0 |            0 |            0 |            0 |            0 |            0 |            0 |            0 |            0 |            0 |            0 |            0 |            0 |            0 |            0 |            0 |            0 |            0 |            0 |            0 |            0 |            0 |            0 |            0 |            0 |   4251926000 |            0 |            0 |            0 |            0 |            0 |            0 |            0 |            0 |            0 |            0 |            0 |            0 |            0 |            0 |            0 |
|      CAS_CMD_WR      |  UMC6C1 |    186976700 |            0 |            0 |            0 |            0 |            0 |            0 |            0 |            0 |            0 |            0 |            0 |            0 |            0 |            0 |            0 |            0 |            0 |            0 |            0 |            0 |            0 |            0 |            0 |            0 |            0 |            0 |            0 |            0 |            0 |            0 |            0 |            0 |            0 |            0 |            0 |            0 |            0 |            0 |            0 |            0 |            0 |            0 |            0 |            0 |            0 |            0 |            0 |            0 |            0 |            0 |            0 |            0 |            0 |            0 |            0 |            0 |            0 |            0 |            0 |            0 |            0 |            0 |            0 |            0 |            0 |            0 |            0 |            0 |            0 |            0 |            0 |            0 |            0 |            0 |            0 |            0 |            0 |            0 |            0 |            0 |            0 |            0 |            0 |            0 |            0 |            0 |            0 |            0 |            0 |            0 |            0 |            0 |            0 |            0 |            0 |     36886570 |            0 |            0 |            0 |            0 |            0 |            0 |            0 |            0 |            0 |            0 |            0 |            0 |            0 |            0 |            0 |
|      CAS_CMD_RD      |  UMC7C0 |  48774180000 |            0 |            0 |            0 |            0 |            0 |            0 |            0 |            0 |            0 |            0 |            0 |            0 |            0 |            0 |            0 |            0 |            0 |            0 |            0 |            0 |            0 |            0 |            0 |            0 |            0 |            0 |            0 |            0 |            0 |            0 |            0 |            0 |            0 |            0 |            0 |            0 |            0 |            0 |            0 |            0 |            0 |            0 |            0 |            0 |            0 |            0 |            0 |            0 |            0 |            0 |            0 |            0 |            0 |            0 |            0 |            0 |            0 |            0 |            0 |            0 |            0 |            0 |            0 |            0 |            0 |            0 |            0 |            0 |            0 |            0 |            0 |            0 |            0 |            0 |            0 |            0 |            0 |            0 |            0 |            0 |            0 |            0 |            0 |            0 |            0 |            0 |            0 |            0 |            0 |            0 |            0 |            0 |            0 |            0 |            0 |   4220635000 |            0 |            0 |            0 |            0 |            0 |            0 |            0 |            0 |            0 |            0 |            0 |            0 |            0 |            0 |            0 |
|      CAS_CMD_WR      |  UMC7C1 |    188353400 |            0 |            0 |            0 |            0 |            0 |            0 |            0 |            0 |            0 |            0 |            0 |            0 |            0 |            0 |            0 |            0 |            0 |            0 |            0 |            0 |            0 |            0 |            0 |            0 |            0 |            0 |            0 |            0 |            0 |            0 |            0 |            0 |            0 |            0 |            0 |            0 |            0 |            0 |            0 |            0 |            0 |            0 |            0 |            0 |            0 |            0 |            0 |            0 |            0 |            0 |            0 |            0 |            0 |            0 |            0 |            0 |            0 |            0 |            0 |            0 |            0 |            0 |            0 |            0 |            0 |            0 |            0 |            0 |            0 |            0 |            0 |            0 |            0 |            0 |            0 |            0 |            0 |            0 |            0 |            0 |            0 |            0 |            0 |            0 |            0 |            0 |            0 |            0 |            0 |            0 |            0 |            0 |            0 |            0 |            0 |     35695480 |            0 |            0 |            0 |            0 |            0 |            0 |            0 |            0 |            0 |            0 |            0 |            0 |            0 |            0 |            0 |
|      CAS_CMD_RD      |  UMC8C0 |  48779040000 |            0 |            0 |            0 |            0 |            0 |            0 |            0 |            0 |            0 |            0 |            0 |            0 |            0 |            0 |            0 |            0 |            0 |            0 |            0 |            0 |            0 |            0 |            0 |            0 |            0 |            0 |            0 |            0 |            0 |            0 |            0 |            0 |            0 |            0 |            0 |            0 |            0 |            0 |            0 |            0 |            0 |            0 |            0 |            0 |            0 |            0 |            0 |            0 |            0 |            0 |            0 |            0 |            0 |            0 |            0 |            0 |            0 |            0 |            0 |            0 |            0 |            0 |            0 |            0 |            0 |            0 |            0 |            0 |            0 |            0 |            0 |            0 |            0 |            0 |            0 |            0 |            0 |            0 |            0 |            0 |            0 |            0 |            0 |            0 |            0 |            0 |            0 |            0 |            0 |            0 |            0 |            0 |            0 |            0 |            0 |   4254193000 |            0 |            0 |            0 |            0 |            0 |            0 |            0 |            0 |            0 |            0 |            0 |            0 |            0 |            0 |            0 |
|      CAS_CMD_WR      |  UMC8C1 |    188221800 |            0 |            0 |            0 |            0 |            0 |            0 |            0 |            0 |            0 |            0 |            0 |            0 |            0 |            0 |            0 |            0 |            0 |            0 |            0 |            0 |            0 |            0 |            0 |            0 |            0 |            0 |            0 |            0 |            0 |            0 |            0 |            0 |            0 |            0 |            0 |            0 |            0 |            0 |            0 |            0 |            0 |            0 |            0 |            0 |            0 |            0 |            0 |            0 |            0 |            0 |            0 |            0 |            0 |            0 |            0 |            0 |            0 |            0 |            0 |            0 |            0 |            0 |            0 |            0 |            0 |            0 |            0 |            0 |            0 |            0 |            0 |            0 |            0 |            0 |            0 |            0 |            0 |            0 |            0 |            0 |            0 |            0 |            0 |            0 |            0 |            0 |            0 |            0 |            0 |            0 |            0 |            0 |            0 |            0 |            0 |     36218720 |            0 |            0 |            0 |            0 |            0 |            0 |            0 |            0 |            0 |            0 |            0 |            0 |            0 |            0 |            0 |
|      CAS_CMD_RD      |  UMC9C0 |  48819830000 |            0 |            0 |            0 |            0 |            0 |            0 |            0 |            0 |            0 |            0 |            0 |            0 |            0 |            0 |            0 |            0 |            0 |            0 |            0 |            0 |            0 |            0 |            0 |            0 |            0 |            0 |            0 |            0 |            0 |            0 |            0 |            0 |            0 |            0 |            0 |            0 |            0 |            0 |            0 |            0 |            0 |            0 |            0 |            0 |            0 |            0 |            0 |            0 |            0 |            0 |            0 |            0 |            0 |            0 |            0 |            0 |            0 |            0 |            0 |            0 |            0 |            0 |            0 |            0 |            0 |            0 |            0 |            0 |            0 |            0 |            0 |            0 |            0 |            0 |            0 |            0 |            0 |            0 |            0 |            0 |            0 |            0 |            0 |            0 |            0 |            0 |            0 |            0 |            0 |            0 |            0 |            0 |            0 |            0 |            0 |   4207063000 |            0 |            0 |            0 |            0 |            0 |            0 |            0 |            0 |            0 |            0 |            0 |            0 |            0 |            0 |            0 |
|      CAS_CMD_WR      |  UMC9C1 |    188341900 |            0 |            0 |            0 |            0 |            0 |            0 |            0 |            0 |            0 |            0 |            0 |            0 |            0 |            0 |            0 |            0 |            0 |            0 |            0 |            0 |            0 |            0 |            0 |            0 |            0 |            0 |            0 |            0 |            0 |            0 |            0 |            0 |            0 |            0 |            0 |            0 |            0 |            0 |            0 |            0 |            0 |            0 |            0 |            0 |            0 |            0 |            0 |            0 |            0 |            0 |            0 |            0 |            0 |            0 |            0 |            0 |            0 |            0 |            0 |            0 |            0 |            0 |            0 |            0 |            0 |            0 |            0 |            0 |            0 |            0 |            0 |            0 |            0 |            0 |            0 |            0 |            0 |            0 |            0 |            0 |            0 |            0 |            0 |            0 |            0 |            0 |            0 |            0 |            0 |            0 |            0 |            0 |            0 |            0 |            0 |     35870800 |            0 |            0 |            0 |            0 |            0 |            0 |            0 |            0 |            0 |            0 |            0 |            0 |            0 |            0 |            0 |
|      CAS_CMD_RD      | UMC10C0 |  48741280000 |            0 |            0 |            0 |            0 |            0 |            0 |            0 |            0 |            0 |            0 |            0 |            0 |            0 |            0 |            0 |            0 |            0 |            0 |            0 |            0 |            0 |            0 |            0 |            0 |            0 |            0 |            0 |            0 |            0 |            0 |            0 |            0 |            0 |            0 |            0 |            0 |            0 |            0 |            0 |            0 |            0 |            0 |            0 |            0 |            0 |            0 |            0 |            0 |            0 |            0 |            0 |            0 |            0 |            0 |            0 |            0 |            0 |            0 |            0 |            0 |            0 |            0 |            0 |            0 |            0 |            0 |            0 |            0 |            0 |            0 |            0 |            0 |            0 |            0 |            0 |            0 |            0 |            0 |            0 |            0 |            0 |            0 |            0 |            0 |            0 |            0 |            0 |            0 |            0 |            0 |            0 |            0 |            0 |            0 |            0 |   4195718000 |            0 |            0 |            0 |            0 |            0 |            0 |            0 |            0 |            0 |            0 |            0 |            0 |            0 |            0 |            0 |
|      CAS_CMD_WR      | UMC10C1 |    190648900 |            0 |            0 |            0 |            0 |            0 |            0 |            0 |            0 |            0 |            0 |            0 |            0 |            0 |            0 |            0 |            0 |            0 |            0 |            0 |            0 |            0 |            0 |            0 |            0 |            0 |            0 |            0 |            0 |            0 |            0 |            0 |            0 |            0 |            0 |            0 |            0 |            0 |            0 |            0 |            0 |            0 |            0 |            0 |            0 |            0 |            0 |            0 |            0 |            0 |            0 |            0 |            0 |            0 |            0 |            0 |            0 |            0 |            0 |            0 |            0 |            0 |            0 |            0 |            0 |            0 |            0 |            0 |            0 |            0 |            0 |            0 |            0 |            0 |            0 |            0 |            0 |            0 |            0 |            0 |            0 |            0 |            0 |            0 |            0 |            0 |            0 |            0 |            0 |            0 |            0 |            0 |            0 |            0 |            0 |            0 |     35797370 |            0 |            0 |            0 |            0 |            0 |            0 |            0 |            0 |            0 |            0 |            0 |            0 |            0 |            0 |            0 |
|      CAS_CMD_RD      | UMC11C0 |  48735710000 |            0 |            0 |            0 |            0 |            0 |            0 |            0 |            0 |            0 |            0 |            0 |            0 |            0 |            0 |            0 |            0 |            0 |            0 |            0 |            0 |            0 |            0 |            0 |            0 |            0 |            0 |            0 |            0 |            0 |            0 |            0 |            0 |            0 |            0 |            0 |            0 |            0 |            0 |            0 |            0 |            0 |            0 |            0 |            0 |            0 |            0 |            0 |            0 |            0 |            0 |            0 |            0 |            0 |            0 |            0 |            0 |            0 |            0 |            0 |            0 |            0 |            0 |            0 |            0 |            0 |            0 |            0 |            0 |            0 |            0 |            0 |            0 |            0 |            0 |            0 |            0 |            0 |            0 |            0 |            0 |            0 |            0 |            0 |            0 |            0 |            0 |            0 |            0 |            0 |            0 |            0 |            0 |            0 |            0 |            0 |   4200839000 |            0 |            0 |            0 |            0 |            0 |            0 |            0 |            0 |            0 |            0 |            0 |            0 |            0 |            0 |            0 |
|      CAS_CMD_WR      | UMC11C1 |    189725600 |            0 |            0 |            0 |            0 |            0 |            0 |            0 |            0 |            0 |            0 |            0 |            0 |            0 |            0 |            0 |            0 |            0 |            0 |            0 |            0 |            0 |            0 |            0 |            0 |            0 |            0 |            0 |            0 |            0 |            0 |            0 |            0 |            0 |            0 |            0 |            0 |            0 |            0 |            0 |            0 |            0 |            0 |            0 |            0 |            0 |            0 |            0 |            0 |            0 |            0 |            0 |            0 |            0 |            0 |            0 |            0 |            0 |            0 |            0 |            0 |            0 |            0 |            0 |            0 |            0 |            0 |            0 |            0 |            0 |            0 |            0 |            0 |            0 |            0 |            0 |            0 |            0 |            0 |            0 |            0 |            0 |            0 |            0 |            0 |            0 |            0 |            0 |            0 |            0 |            0 |            0 |            0 |            0 |            0 |            0 |     35343800 |            0 |            0 |            0 |            0 |            0 |            0 |            0 |            0 |            0 |            0 |            0 |            0 |            0 |            0 |            0 |
+----------------------+---------+--------------+--------------+--------------+--------------+--------------+--------------+--------------+--------------+--------------+--------------+--------------+--------------+--------------+--------------+--------------+--------------+--------------+--------------+--------------+--------------+--------------+--------------+--------------+--------------+--------------+--------------+--------------+--------------+--------------+--------------+--------------+--------------+--------------+--------------+--------------+--------------+--------------+--------------+--------------+--------------+--------------+--------------+--------------+--------------+--------------+--------------+--------------+--------------+--------------+--------------+--------------+--------------+--------------+--------------+--------------+--------------+--------------+--------------+--------------+--------------+--------------+--------------+--------------+--------------+--------------+--------------+--------------+--------------+--------------+--------------+--------------+--------------+--------------+--------------+--------------+--------------+--------------+--------------+--------------+--------------+--------------+--------------+--------------+--------------+--------------+--------------+--------------+--------------+--------------+--------------+--------------+--------------+--------------+--------------+--------------+--------------+--------------+--------------+--------------+--------------+--------------+--------------+--------------+--------------+--------------+--------------+--------------+--------------+--------------+--------------+--------------+--------------+

+---------------------------+---------+----------------+--------------+--------------+--------------+
|           Event           | Counter |       Sum      |      Min     |      Max     |      Avg     |
+---------------------------+---------+----------------+--------------+--------------+--------------+
|   ACTUAL_CPU_CLOCK STAT   |  FIXC1  | 64544624100000 | 571582700000 | 599418600000 | 5.762913e+11 |
|     MAX_CPU_CLOCK STAT    |  FIXC2  | 47409112200000 | 423181600000 | 423900600000 | 4.232956e+11 |
| RETIRED_INSTRUCTIONS STAT |   PMC0  | 95892748300000 | 807814000000 | 869832100000 | 8.561853e+11 |
|  CPU_CLOCKS_UNHALTED STAT |   PMC1  | 63868280000000 | 565353300000 | 594286200000 | 570252500000 |
|      CAS_CMD_RD STAT      |  UMC0C0 |    52947828000 |            0 |  48688370000 | 4.727485e+08 |
|      CAS_CMD_WR STAT      |  UMC0C1 |      226974170 |            0 |    190036800 | 2.026555e+06 |
|      CAS_CMD_RD STAT      |  UMC1C0 |    53151765000 |            0 |  48883970000 | 4.745693e+08 |
|      CAS_CMD_WR STAT      |  UMC1C1 |      224862740 |            0 |    188990800 | 2.007703e+06 |
|      CAS_CMD_RD STAT      |  UMC2C0 |    53008129000 |            0 |  48747370000 | 4.732869e+08 |
|      CAS_CMD_WR STAT      |  UMC2C1 |      228812480 |            0 |    192785500 | 2.042969e+06 |
|      CAS_CMD_RD STAT      |  UMC3C0 |    52913307000 |            0 |  48661660000 | 4.724402e+08 |
|      CAS_CMD_WR STAT      |  UMC3C1 |      226499940 |            0 |    190575300 | 2.022321e+06 |
|      CAS_CMD_RD STAT      |  UMC4C0 |    53129413000 |            0 |  48843360000 | 4.743698e+08 |
|      CAS_CMD_WR STAT      |  UMC4C1 |      224403520 |            0 |    188884600 | 2.003603e+06 |
|      CAS_CMD_RD STAT      |  UMC5C0 |    53095568000 |            0 |  48822880000 | 4.740676e+08 |
|      CAS_CMD_WR STAT      |  UMC5C1 |      226460270 |            0 |    190889000 | 2.021967e+06 |
|      CAS_CMD_RD STAT      |  UMC6C0 |    52998486000 |            0 |  48746560000 | 4.732008e+08 |
|      CAS_CMD_WR STAT      |  UMC6C1 |      223863270 |            0 |    186976700 | 1.998779e+06 |
|      CAS_CMD_RD STAT      |  UMC7C0 |    52994815000 |            0 |  48774180000 | 4.731680e+08 |
|      CAS_CMD_WR STAT      |  UMC7C1 |      224048880 |            0 |    188353400 | 2.000436e+06 |
|      CAS_CMD_RD STAT      |  UMC8C0 |    53033233000 |            0 |  48779040000 | 4.735110e+08 |
|      CAS_CMD_WR STAT      |  UMC8C1 |      224440520 |            0 |    188221800 | 2.003933e+06 |
|      CAS_CMD_RD STAT      |  UMC9C0 |    53026893000 |            0 |  48819830000 | 4.734544e+08 |
|      CAS_CMD_WR STAT      |  UMC9C1 |      224212700 |            0 |    188341900 | 2.001899e+06 |
|      CAS_CMD_RD STAT      | UMC10C0 |    52936998000 |            0 |  48741280000 | 4.726518e+08 |
|      CAS_CMD_WR STAT      | UMC10C1 |      226446270 |            0 |    190648900 | 2.021842e+06 |
|      CAS_CMD_RD STAT      | UMC11C0 |    52936549000 |            0 |  48735710000 | 4.726478e+08 |
|      CAS_CMD_WR STAT      | UMC11C1 |      225069400 |            0 |    189725600 | 2.009548e+06 |
+---------------------------+---------+----------------+--------------+--------------+--------------+

+-----------------------------------+-------------+------------+------------+------------+------------+------------+------------+------------+------------+------------+-------------+-------------+-------------+-------------+-------------+-------------+-------------+-------------+-------------+-------------+-------------+-------------+-------------+-------------+-------------+-------------+-------------+-------------+-------------+-------------+-------------+-------------+-------------+-------------+-------------+-------------+-------------+-------------+-------------+-------------+-------------+-------------+-------------+-------------+-------------+-------------+-------------+-------------+-------------+-------------+-------------+-------------+-------------+-------------+-------------+-------------+-------------+-------------+-------------+-------------+-------------+-------------+-------------+-------------+-------------+-------------+-------------+-------------+-------------+-------------+-------------+-------------+-------------+-------------+-------------+-------------+-------------+-------------+-------------+-------------+-------------+-------------+-------------+-------------+-------------+-------------+-------------+-------------+-------------+-------------+-------------+-------------+-------------+-------------+-------------+-------------+-------------+-------------+-------------+-------------+--------------+--------------+--------------+--------------+--------------+--------------+--------------+--------------+--------------+--------------+--------------+--------------+
|               Metric              |  HWThread 0 | HWThread 1 | HWThread 2 | HWThread 3 | HWThread 4 | HWThread 5 | HWThread 6 | HWThread 7 | HWThread 8 | HWThread 9 | HWThread 10 | HWThread 11 | HWThread 12 | HWThread 13 | HWThread 14 | HWThread 15 | HWThread 16 | HWThread 17 | HWThread 18 | HWThread 19 | HWThread 20 | HWThread 21 | HWThread 22 | HWThread 23 | HWThread 24 | HWThread 25 | HWThread 26 | HWThread 27 | HWThread 28 | HWThread 29 | HWThread 30 | HWThread 31 | HWThread 32 | HWThread 33 | HWThread 34 | HWThread 35 | HWThread 36 | HWThread 37 | HWThread 38 | HWThread 39 | HWThread 40 | HWThread 41 | HWThread 42 | HWThread 43 | HWThread 44 | HWThread 45 | HWThread 46 | HWThread 47 | HWThread 48 | HWThread 49 | HWThread 50 | HWThread 51 | HWThread 52 | HWThread 53 | HWThread 54 | HWThread 55 | HWThread 56 | HWThread 57 | HWThread 58 | HWThread 59 | HWThread 60 | HWThread 61 | HWThread 62 | HWThread 63 | HWThread 64 | HWThread 65 | HWThread 66 | HWThread 67 | HWThread 68 | HWThread 69 | HWThread 70 | HWThread 71 | HWThread 72 | HWThread 73 | HWThread 74 | HWThread 75 | HWThread 76 | HWThread 77 | HWThread 78 | HWThread 79 | HWThread 80 | HWThread 81 | HWThread 82 | HWThread 83 | HWThread 84 | HWThread 85 | HWThread 86 | HWThread 87 | HWThread 88 | HWThread 89 | HWThread 90 | HWThread 91 | HWThread 92 | HWThread 93 | HWThread 94 | HWThread 95 | HWThread 96 | HWThread 97 | HWThread 98 | HWThread 99 | HWThread 100 | HWThread 101 | HWThread 102 | HWThread 103 | HWThread 104 | HWThread 105 | HWThread 106 | HWThread 107 | HWThread 108 | HWThread 109 | HWThread 110 | HWThread 111 |
+-----------------------------------+-------------+------------+------------+------------+------------+------------+------------+------------+------------+------------+-------------+-------------+-------------+-------------+-------------+-------------+-------------+-------------+-------------+-------------+-------------+-------------+-------------+-------------+-------------+-------------+-------------+-------------+-------------+-------------+-------------+-------------+-------------+-------------+-------------+-------------+-------------+-------------+-------------+-------------+-------------+-------------+-------------+-------------+-------------+-------------+-------------+-------------+-------------+-------------+-------------+-------------+-------------+-------------+-------------+-------------+-------------+-------------+-------------+-------------+-------------+-------------+-------------+-------------+-------------+-------------+-------------+-------------+-------------+-------------+-------------+-------------+-------------+-------------+-------------+-------------+-------------+-------------+-------------+-------------+-------------+-------------+-------------+-------------+-------------+-------------+-------------+-------------+-------------+-------------+-------------+-------------+-------------+-------------+-------------+-------------+-------------+-------------+-------------+-------------+--------------+--------------+--------------+--------------+--------------+--------------+--------------+--------------+--------------+--------------+--------------+--------------+
|        Runtime (RDTSC) [s]        |    171.3083 |   169.1526 |   172.8538 |   168.6766 |   172.7926 |   169.0580 |   169.1541 |   167.7644 |   168.2730 |   168.4709 |    169.0554 |    168.3716 |    171.0833 |    172.4254 |    168.4704 |    168.7698 |    171.6149 |    164.9391 |    164.9394 |    163.8642 |    171.9218 |    162.9530 |    166.5439 |    170.7835 |    166.8320 |    166.8327 |    169.8858 |    169.8861 |    169.5971 |    166.3442 |    172.1232 |    168.1754 |    166.0050 |    167.9662 |    165.1960 |    164.1751 |    171.7191 |    167.9681 |    167.8671 |    170.6831 |    167.2255 |    172.7148 |    167.4661 |    172.6329 |    162.9399 |    165.2927 |    162.8768 |    167.6643 |    167.2269 |    167.2271 |    169.3758 |    169.6932 |    166.6388 |    172.0204 |    169.3760 |    169.3749 |    172.3260 |    171.4088 |    164.2712 |    165.6561 |    166.7353 |    165.6565 |    164.2717 |    170.2245 |    166.8321 |    164.6631 |    163.5879 |    166.4432 |    171.8176 |    172.5281 |    166.1024 |    166.1029 |    168.7706 |    170.3241 |    167.5649 |    167.0136 |    171.5125 |    167.0147 |    170.5874 |    170.3237 |    163.4672 |    163.4678 |    170.1224 |    168.9635 |    164.4338 |    169.7902 |    170.4909 |    171.2179 |    166.1020 |    167.8682 |    168.3734 |    165.9091 |    170.7835 |    172.5293 |    172.2253 |    169.8858 |    170.7796 |    164.7718 |    165.5311 |    165.5295 |     164.4355 |     164.5707 |     164.7723 |     165.2938 |     163.2389 |     163.1120 |     163.1119 |     163.5876 |     170.9935 |     163.8647 |     163.1134 |     163.8648 |
|        Runtime unhalted [s]       |    221.3770 |   219.8407 |   220.1845 |   220.1190 |   220.1429 |   220.1407 |   220.1356 |   220.0921 |   220.1710 |   220.2036 |    220.1910 |    220.1593 |    220.2417 |    220.2347 |    220.1886 |    220.1612 |    220.1849 |    220.1166 |    220.1549 |    220.1574 |    220.1816 |    220.0953 |    220.1697 |    220.1327 |    220.1110 |    220.0973 |    220.1120 |    220.0896 |    220.1774 |    220.0959 |    220.0858 |    220.1355 |    220.1739 |    220.1910 |    220.1457 |    220.1935 |    220.0994 |    220.1378 |    220.1545 |    220.1735 |    220.1780 |    220.1434 |    220.1435 |    220.2533 |    220.2513 |    220.1515 |    220.1666 |    220.1919 |    220.0605 |    220.1587 |    220.1320 |    220.1718 |    220.1843 |    220.1892 |    220.1098 |    220.1090 |    220.2800 |    220.1601 |    220.1768 |    220.1488 |    220.1184 |    220.1571 |    220.1614 |    220.1683 |    220.1921 |    220.1729 |    220.1666 |    220.1933 |    220.1686 |    220.1629 |    220.2605 |    220.1720 |    220.1514 |    220.1316 |    220.1360 |    220.1554 |    220.1757 |    220.0650 |    220.1945 |    220.1384 |    220.2987 |    220.2549 |    220.1990 |    220.2413 |    220.2629 |    220.2212 |    220.1876 |    220.2152 |    220.1544 |    220.2941 |    220.2348 |    220.1843 |    220.1792 |    220.1977 |    220.2354 |    220.1511 |    230.4902 |    230.4731 |    230.5305 |    230.4866 |     230.5469 |     230.4534 |     230.5213 |     230.4858 |     230.4783 |     230.5344 |     230.4661 |     230.4805 |     230.5366 |     230.5210 |     230.4643 |     230.4613 |
|            Clock [MHz]            |   3530.2887 |  3511.4456 |  3517.1393 |  3516.0401 |  3516.1109 |  3516.3446 |  3516.2415 |  3515.7619 |  3515.8395 |  3515.7964 |   3516.3983 |   3515.7626 |   3516.5090 |   3516.5760 |   3515.8326 |   3515.8615 |   3516.5829 |   3515.5102 |   3515.6096 |   3515.8399 |   3516.6022 |   3515.4656 |   3516.4583 |   3515.5992 |   3515.6421 |   3515.2149 |   3515.0969 |   3515.4735 |   3516.5693 |   3515.7003 |   3515.3861 |   3516.1614 |   3515.3826 |   3515.9427 |   3515.8291 |   3516.2364 |   3515.2107 |   3515.3759 |   3515.4448 |   3515.7629 |   3516.2638 |   3515.6591 |   3515.4793 |   3517.0644 |   3516.6353 |   3515.5123 |   3516.5587 |   3516.3747 |   3514.9665 |   3516.0583 |   3515.8781 |   3516.5338 |   3516.0919 |   3516.4488 |   3515.4021 |   3515.6667 |   3517.2029 |   3515.3809 |   3516.3268 |   3515.6157 |   3515.0217 |   3515.5638 |   3515.6270 |   3515.6321 |   3516.2971 |   3516.2511 |   3516.0619 |   3516.1287 |   3516.0074 |   3516.0490 |   3517.0525 |   3516.1340 |   3515.9368 |   3515.9417 |   3516.1151 |   3515.8518 |   3516.9912 |   3514.8517 |   3517.2559 |   3515.6636 |   3517.8246 |   3516.9022 |   3516.4060 |   3517.1926 |   3516.7720 |   3516.8473 |   3516.6018 |   3516.7676 |   3515.6597 |   3517.9709 |   3516.7133 |   3515.9127 |   3515.9274 |   3516.0023 |   3516.7881 |   3515.6368 |   3680.7889 |   3680.6344 |   3681.4218 |   3680.6407 |    3681.7038 |    3680.6161 |    3681.6696 |    3680.8107 |    3680.6834 |    3681.8704 |    3680.4305 |    3680.4854 |    3681.3476 |    3681.4313 |    3680.2482 |    3680.5316 |
|                CPI                |      0.6541 |     0.6602 |     0.6590 |     0.6601 |     0.6599 |     0.6599 |     0.6607 |     0.6609 |     0.6515 |     0.6524 |      0.6522 |      0.6534 |      0.6520 |      0.6527 |      0.6530 |      0.6529 |      0.6558 |      0.6556 |      0.6558 |      0.6559 |      0.6564 |      0.6555 |      0.6570 |      0.6560 |      0.6572 |      0.6579 |      0.6584 |      0.6590 |      0.6576 |      0.6578 |      0.6587 |      0.6580 |      0.6523 |      0.6519 |      0.6534 |      0.6526 |      0.6526 |      0.6525 |      0.6523 |      0.6528 |      0.6549 |      0.6545 |      0.6559 |      0.6555 |      0.6556 |      0.6557 |      0.6559 |      0.6552 |      0.6585 |      0.6568 |      0.6575 |      0.6585 |      0.6574 |      0.6586 |      0.6581 |      0.6584 |      0.6512 |      0.6534 |      0.6516 |      0.6528 |      0.6528 |      0.6527 |      0.6528 |      0.6524 |      0.6547 |      0.6558 |      0.6549 |      0.6553 |      0.6551 |      0.6548 |      0.6565 |      0.6555 |      0.6565 |      0.6572 |      0.6569 |      0.6574 |      0.6572 |      0.6571 |      0.6564 |      0.6576 |      0.6523 |      0.6524 |      0.6537 |      0.6527 |      0.6533 |      0.6526 |      0.6529 |      0.6530 |      0.6548 |      0.6549 |      0.6549 |      0.6560 |      0.6553 |      0.6562 |      0.6558 |      0.6558 |      0.7342 |      0.7351 |      0.7339 |      0.7345 |       0.7353 |       0.7348 |       0.7346 |       0.7354 |       0.7332 |       0.7332 |       0.7338 |       0.7334 |       0.7337 |       0.7343 |       0.7334 |       0.7335 |
|  Memory read bandwidth [MBytes/s] | 218644.5691 |          0 |          0 |          0 |          0 |          0 |          0 |          0 |          0 |          0 |           0 |           0 |           0 |           0 |           0 |           0 |           0 |           0 |           0 |           0 |           0 |           0 |           0 |           0 |           0 |           0 |           0 |           0 |           0 |           0 |           0 |           0 |           0 |           0 |           0 |           0 |           0 |           0 |           0 |           0 |           0 |           0 |           0 |           0 |           0 |           0 |           0 |           0 |           0 |           0 |           0 |           0 |           0 |           0 |           0 |           0 |           0 |           0 |           0 |           0 |           0 |           0 |           0 |           0 |           0 |           0 |           0 |           0 |           0 |           0 |           0 |           0 |           0 |           0 |           0 |           0 |           0 |           0 |           0 |           0 |           0 |           0 |           0 |           0 |           0 |           0 |           0 |           0 |           0 |           0 |           0 |           0 |           0 |           0 |           0 |           0 |  19085.6609 |           0 |           0 |           0 |            0 |            0 |            0 |            0 |            0 |            0 |            0 |            0 |            0 |            0 |            0 |            0 |
|  Memory read data volume [GBytes] |  37455.6294 |          0 |          0 |          0 |          0 |          0 |          0 |          0 |          0 |          0 |           0 |           0 |           0 |           0 |           0 |           0 |           0 |           0 |           0 |           0 |           0 |           0 |           0 |           0 |           0 |           0 |           0 |           0 |           0 |           0 |           0 |           0 |           0 |           0 |           0 |           0 |           0 |           0 |           0 |           0 |           0 |           0 |           0 |           0 |           0 |           0 |           0 |           0 |           0 |           0 |           0 |           0 |           0 |           0 |           0 |           0 |           0 |           0 |           0 |           0 |           0 |           0 |           0 |           0 |           0 |           0 |           0 |           0 |           0 |           0 |           0 |           0 |           0 |           0 |           0 |           0 |           0 |           0 |           0 |           0 |           0 |           0 |           0 |           0 |           0 |           0 |           0 |           0 |           0 |           0 |           0 |           0 |           0 |           0 |           0 |           0 |   3259.4415 |           0 |           0 |           0 |            0 |            0 |            0 |            0 |            0 |            0 |            0 |            0 |            0 |            0 |            0 |            0 |
| Memory write bandwidth [MBytes/s] |    849.7168 |          0 |          0 |          0 |          0 |          0 |          0 |          0 |          0 |          0 |           0 |           0 |           0 |           0 |           0 |           0 |           0 |           0 |           0 |           0 |           0 |           0 |           0 |           0 |           0 |           0 |           0 |           0 |           0 |           0 |           0 |           0 |           0 |           0 |           0 |           0 |           0 |           0 |           0 |           0 |           0 |           0 |           0 |           0 |           0 |           0 |           0 |           0 |           0 |           0 |           0 |           0 |           0 |           0 |           0 |           0 |           0 |           0 |           0 |           0 |           0 |           0 |           0 |           0 |           0 |           0 |           0 |           0 |           0 |           0 |           0 |           0 |           0 |           0 |           0 |           0 |           0 |           0 |           0 |           0 |           0 |           0 |           0 |           0 |           0 |           0 |           0 |           0 |           0 |           0 |           0 |           0 |           0 |           0 |           0 |           0 |    161.7669 |           0 |           0 |           0 |            0 |            0 |            0 |            0 |            0 |            0 |            0 |            0 |            0 |            0 |            0 |            0 |
| Memory write data volume [GBytes] |    145.5635 |          0 |          0 |          0 |          0 |          0 |          0 |          0 |          0 |          0 |           0 |           0 |           0 |           0 |           0 |           0 |           0 |           0 |           0 |           0 |           0 |           0 |           0 |           0 |           0 |           0 |           0 |           0 |           0 |           0 |           0 |           0 |           0 |           0 |           0 |           0 |           0 |           0 |           0 |           0 |           0 |           0 |           0 |           0 |           0 |           0 |           0 |           0 |           0 |           0 |           0 |           0 |           0 |           0 |           0 |           0 |           0 |           0 |           0 |           0 |           0 |           0 |           0 |           0 |           0 |           0 |           0 |           0 |           0 |           0 |           0 |           0 |           0 |           0 |           0 |           0 |           0 |           0 |           0 |           0 |           0 |           0 |           0 |           0 |           0 |           0 |           0 |           0 |           0 |           0 |           0 |           0 |           0 |           0 |           0 |           0 |     27.6265 |           0 |           0 |           0 |            0 |            0 |            0 |            0 |            0 |            0 |            0 |            0 |            0 |            0 |            0 |            0 |
|    Memory bandwidth [MBytes/s]    | 219494.2859 |          0 |          0 |          0 |          0 |          0 |          0 |          0 |          0 |          0 |           0 |           0 |           0 |           0 |           0 |           0 |           0 |           0 |           0 |           0 |           0 |           0 |           0 |           0 |           0 |           0 |           0 |           0 |           0 |           0 |           0 |           0 |           0 |           0 |           0 |           0 |           0 |           0 |           0 |           0 |           0 |           0 |           0 |           0 |           0 |           0 |           0 |           0 |           0 |           0 |           0 |           0 |           0 |           0 |           0 |           0 |           0 |           0 |           0 |           0 |           0 |           0 |           0 |           0 |           0 |           0 |           0 |           0 |           0 |           0 |           0 |           0 |           0 |           0 |           0 |           0 |           0 |           0 |           0 |           0 |           0 |           0 |           0 |           0 |           0 |           0 |           0 |           0 |           0 |           0 |           0 |           0 |           0 |           0 |           0 |           0 |  19247.4278 |           0 |           0 |           0 |            0 |            0 |            0 |            0 |            0 |            0 |            0 |            0 |            0 |            0 |            0 |            0 |
|    Memory data volume [GBytes]    |  37601.1930 |          0 |          0 |          0 |          0 |          0 |          0 |          0 |          0 |          0 |           0 |           0 |           0 |           0 |           0 |           0 |           0 |           0 |           0 |           0 |           0 |           0 |           0 |           0 |           0 |           0 |           0 |           0 |           0 |           0 |           0 |           0 |           0 |           0 |           0 |           0 |           0 |           0 |           0 |           0 |           0 |           0 |           0 |           0 |           0 |           0 |           0 |           0 |           0 |           0 |           0 |           0 |           0 |           0 |           0 |           0 |           0 |           0 |           0 |           0 |           0 |           0 |           0 |           0 |           0 |           0 |           0 |           0 |           0 |           0 |           0 |           0 |           0 |           0 |           0 |           0 |           0 |           0 |           0 |           0 |           0 |           0 |           0 |           0 |           0 |           0 |           0 |           0 |           0 |           0 |           0 |           0 |           0 |           0 |           0 |           0 |   3287.0680 |           0 |           0 |           0 |            0 |            0 |            0 |            0 |            0 |            0 |            0 |            0 |            0 |            0 |            0 |            0 |
+-----------------------------------+-------------+------------+------------+------------+------------+------------+------------+------------+------------+------------+-------------+-------------+-------------+-------------+-------------+-------------+-------------+-------------+-------------+-------------+-------------+-------------+-------------+-------------+-------------+-------------+-------------+-------------+-------------+-------------+-------------+-------------+-------------+-------------+-------------+-------------+-------------+-------------+-------------+-------------+-------------+-------------+-------------+-------------+-------------+-------------+-------------+-------------+-------------+-------------+-------------+-------------+-------------+-------------+-------------+-------------+-------------+-------------+-------------+-------------+-------------+-------------+-------------+-------------+-------------+-------------+-------------+-------------+-------------+-------------+-------------+-------------+-------------+-------------+-------------+-------------+-------------+-------------+-------------+-------------+-------------+-------------+-------------+-------------+-------------+-------------+-------------+-------------+-------------+-------------+-------------+-------------+-------------+-------------+-------------+-------------+-------------+-------------+-------------+-------------+--------------+--------------+--------------+--------------+--------------+--------------+--------------+--------------+--------------+--------------+--------------+--------------+

+----------------------------------------+-------------+-----------+-------------+-----------+
|                 Metric                 |     Sum     |    Min    |     Max     |    Avg    |
+----------------------------------------+-------------+-----------+-------------+-----------+
|        Runtime (RDTSC) [s] STAT        |  18802.1826 |  162.8768 |    172.8538 |  167.8766 |
|        Runtime unhalted [s] STAT       |  24824.9952 |  219.8407 |    230.5469 |  221.6517 |
|            Clock [MHz] STAT            | 396448.8399 | 3511.4456 |   3681.8704 | 3539.7218 |
|                CPI STAT                |     74.6664 |    0.6512 |      0.7354 |    0.6667 |
|  Memory read bandwidth [MBytes/s] STAT | 237730.2300 |         0 | 218644.5691 | 2122.5913 |
|  Memory read data volume [GBytes] STAT |  40715.0709 |         0 |  37455.6294 |  363.5274 |
| Memory write bandwidth [MBytes/s] STAT |   1011.4837 |         0 |    849.7168 |    9.0311 |
| Memory write data volume [GBytes] STAT |    173.1900 |         0 |    145.5635 |    1.5463 |
|    Memory bandwidth [MBytes/s] STAT    | 238741.7137 |         0 | 219494.2859 | 2131.6224 |
|    Memory data volume [GBytes] STAT    |  40888.2610 |         0 |  37601.1930 |  365.0738 |
+----------------------------------------+-------------+-----------+-------------+-----------+

