INFO: You are running LIKWID in a cpuset with 32 CPUs. Taking given IDs as logical ID in cpuset
--------------------------------------------------------------------------------
CPU name:	AMD EPYC 9A14 96-Core Processor                
CPU type:	AMD K19 (Zen4) architecture
CPU clock:	2.60 GHz
--------------------------------------------------------------------------------
Sys.CPU_THREADS       192
SLURM_CPUS_PER_TASK   32
OMP_NUM_THREADS       32
OMP_PROC_BIND         close
OMP_PLACES            cores
BLAS_NUM_THREADS      1
Threads.nthreads()    1

Successfully read data from: /public/home/halili/jld2file/6-31g/o2-1.0-6-31g.jld2
  name: o2
  ratio: 1.0
  basis: 6-31g
  nα: 8, nβ: 8, ne: 16, norb: 18, nq: 36

  ngs: 4266
  ncs: 22543

Warming up JIT and Hardware...
Warm-up completed.
  Step 001:  residual: 9.5235e-01,  e: -149.45320229675218
  Step 002:  residual: 7.0900e-01,  e: -149.59391697072715
  Step 003:  residual: 3.4390e-01,  e: -149.71881382605224
  Step 004:  residual: 1.3670e-01,  e: -149.74155494323796
  Step 005:  residual: 5.6781e-02,  e: -149.74486722652395
  Step 006:  residual: 3.0719e-02,  e: -149.74550118255041
  Step 007:  residual: 2.2745e-02,  e: -149.74573279555341
  Step 008:  residual: 2.6203e-02,  e: -149.74592799688202
  Step 009:  residual: 3.4719e-02,  e: -149.74623194412348
  Step 010:  residual: 2.6370e-02,  e: -149.74654741412098
  Step 011:  residual: 1.1805e-02,  e: -149.74665437186812
  Step 012:  residual: 4.6480e-03,  e: -149.74667295626301
  Step 013:  residual: 1.7886e-03,  e: -149.74667552117651
  Step 014:  residual: 6.8126e-04,  e: -149.74667587807934
  Step 015:  residual: 2.5621e-04,  e: -149.74667592691949
  Step 016:  residual: 9.5094e-05,  e: -149.74667593406738
  Step 017:  residual: 3.6656e-05,  e: -149.74667593510677
  Step 018:  residual: 1.4803e-05,  e: -149.74667593526030
  Step 019:  residual: 6.2970e-06,  e: -149.74667593528685

Convergence reached!
476.048819 seconds (7.21 M allocations: 69.917 GiB, 0.10% gc time, 0.41% compilation time)
--------------------------------------------------------------------------------
Region hvec_direct_agg, Group 1: MEM
+-------------------+------------+------------+------------+------------+------------+------------+------------+------------+------------+------------+-------------+-------------+-------------+-------------+-------------+-------------+-------------+-------------+-------------+-------------+-------------+-------------+-------------+-------------+-------------+-------------+-------------+-------------+-------------+-------------+-------------+-------------+
|    Region Info    | HWThread 0 | HWThread 1 | HWThread 2 | HWThread 3 | HWThread 4 | HWThread 5 | HWThread 6 | HWThread 7 | HWThread 8 | HWThread 9 | HWThread 10 | HWThread 11 | HWThread 12 | HWThread 13 | HWThread 14 | HWThread 15 | HWThread 16 | HWThread 17 | HWThread 18 | HWThread 19 | HWThread 20 | HWThread 21 | HWThread 22 | HWThread 23 | HWThread 24 | HWThread 25 | HWThread 26 | HWThread 27 | HWThread 28 | HWThread 29 | HWThread 30 | HWThread 31 |
+-------------------+------------+------------+------------+------------+------------+------------+------------+------------+------------+------------+-------------+-------------+-------------+-------------+-------------+-------------+-------------+-------------+-------------+-------------+-------------+-------------+-------------+-------------+-------------+-------------+-------------+-------------+-------------+-------------+-------------+-------------+
| RDTSC Runtime [s] | 448.649600 | 447.533800 | 448.259700 | 448.308400 | 446.917400 | 446.865100 | 447.477700 | 448.308600 | 446.982200 | 447.412600 |  446.982400 |  447.200600 |  447.277000 |  447.277100 |  447.473800 |  447.908000 |  447.908000 |  447.059500 |  447.986300 |  447.201200 |  447.986600 |  447.718100 |  447.718400 |  447.599000 |  448.753100 |  448.506800 |  448.696000 |  448.506800 |  448.594100 |  448.175000 |  448.126100 |  448.397700 |
|     call count    |         19 |         19 |         19 |         19 |         19 |         19 |         19 |         19 |         19 |         19 |          19 |          19 |          19 |          19 |          19 |          19 |          19 |          19 |          19 |          19 |          19 |          19 |          19 |          19 |          19 |          19 |          19 |          19 |          19 |          19 |          19 |          19 |
+-------------------+------------+------------+------------+------------+------------+------------+------------+------------+------------+------------+-------------+-------------+-------------+-------------+-------------+-------------+-------------+-------------+-------------+-------------+-------------+-------------+-------------+-------------+-------------+-------------+-------------+-------------+-------------+-------------+-------------+-------------+

+----------------------+---------+---------------+---------------+---------------+---------------+---------------+---------------+---------------+---------------+---------------+---------------+---------------+---------------+---------------+---------------+---------------+---------------+---------------+---------------+---------------+---------------+---------------+---------------+---------------+---------------+---------------+---------------+---------------+---------------+---------------+---------------+---------------+---------------+
|         Event        | Counter |   HWThread 0  |   HWThread 1  |   HWThread 2  |   HWThread 3  |   HWThread 4  |   HWThread 5  |   HWThread 6  |   HWThread 7  |   HWThread 8  |   HWThread 9  |  HWThread 10  |  HWThread 11  |  HWThread 12  |  HWThread 13  |  HWThread 14  |  HWThread 15  |  HWThread 16  |  HWThread 17  |  HWThread 18  |  HWThread 19  |  HWThread 20  |  HWThread 21  |  HWThread 22  |  HWThread 23  |  HWThread 24  |  HWThread 25  |  HWThread 26  |  HWThread 27  |  HWThread 28  |  HWThread 29  |  HWThread 30  |  HWThread 31  |
+----------------------+---------+---------------+---------------+---------------+---------------+---------------+---------------+---------------+---------------+---------------+---------------+---------------+---------------+---------------+---------------+---------------+---------------+---------------+---------------+---------------+---------------+---------------+---------------+---------------+---------------+---------------+---------------+---------------+---------------+---------------+---------------+---------------+---------------+
|   ACTUAL_CPU_CLOCK   |  FIXC1  | 1653237000000 | 1649447000000 | 1650200000000 | 1650411000000 | 1650313000000 | 1650466000000 | 1650194000000 | 1650381000000 | 1650174000000 | 1650421000000 | 1650399000000 | 1650291000000 | 1650315000000 | 1650292000000 | 1650309000000 | 1650416000000 | 1650416000000 | 1650526000000 | 1650217000000 | 1650307000000 | 1650536000000 | 1650515000000 | 1650386000000 | 1650369000000 | 1650394000000 | 1650284000000 | 1650277000000 | 1650275000000 | 1650269000000 | 1650199000000 | 1650184000000 | 1650199000000 |
|     MAX_CPU_CLOCK    |  FIXC2  | 1162010000000 | 1161768000000 | 1161792000000 | 1161766000000 | 1161796000000 | 1161780000000 | 1161793000000 | 1161792000000 | 1161759000000 | 1161837000000 | 1161818000000 | 1161858000000 | 1161850000000 | 1161821000000 | 1161839000000 | 1161839000000 | 1161792000000 | 1161794000000 | 1161809000000 | 1161814000000 | 1161789000000 | 1161792000000 | 1161812000000 | 1161833000000 | 1161772000000 | 1161787000000 | 1161786000000 | 1161786000000 | 1161768000000 | 1161779000000 | 1161793000000 | 1161766000000 |
| RETIRED_INSTRUCTIONS |   PMC0  | 3000075000000 | 2990345000000 | 2991318000000 | 2990569000000 | 2991971000000 | 2992126000000 | 2990983000000 | 2992083000000 | 2999780000000 | 2998366000000 | 2998534000000 | 2999336000000 | 2997804000000 | 2998947000000 | 2997489000000 | 3000263000000 | 2997183000000 | 2997031000000 | 2997711000000 | 2997042000000 | 2998247000000 | 2997296000000 | 2996554000000 | 2996599000000 | 2998885000000 | 2998492000000 | 2997252000000 | 2995433000000 | 2998141000000 | 2998140000000 | 2996861000000 | 2996447000000 |
|  CPU_CLOCKS_UNHALTED |   PMC1  | 1645119000000 | 1643375000000 | 1643907000000 | 1644038000000 | 1644163000000 | 1644131000000 | 1644063000000 | 1644168000000 | 1644220000000 | 1644457000000 | 1644389000000 | 1644343000000 | 1644258000000 | 1644311000000 | 1644362000000 | 1644442000000 | 1644144000000 | 1644153000000 | 1644032000000 | 1644098000000 | 1644280000000 | 1644171000000 | 1644131000000 | 1644135000000 | 1644557000000 | 1644339000000 | 1644268000000 | 1644122000000 | 1644253000000 | 1644215000000 | 1644401000000 | 1644265000000 |
|      CAS_CMD_RD      |  UMC0C0 |   45666090000 |             0 |             0 |             0 |             0 |             0 |             0 |             0 |             0 |             0 |             0 |             0 |             0 |             0 |             0 |             0 |             0 |             0 |             0 |             0 |             0 |             0 |             0 |             0 |             0 |             0 |             0 |             0 |             0 |             0 |             0 |             0 |
|      CAS_CMD_WR      |  UMC0C1 |     202490400 |             0 |             0 |             0 |             0 |             0 |             0 |             0 |             0 |             0 |             0 |             0 |             0 |             0 |             0 |             0 |             0 |             0 |             0 |             0 |             0 |             0 |             0 |             0 |             0 |             0 |             0 |             0 |             0 |             0 |             0 |             0 |
|      CAS_CMD_RD      |  UMC1C0 |   45704730000 |             0 |             0 |             0 |             0 |             0 |             0 |             0 |             0 |             0 |             0 |             0 |             0 |             0 |             0 |             0 |             0 |             0 |             0 |             0 |             0 |             0 |             0 |             0 |             0 |             0 |             0 |             0 |             0 |             0 |             0 |             0 |
|      CAS_CMD_WR      |  UMC1C1 |     201444400 |             0 |             0 |             0 |             0 |             0 |             0 |             0 |             0 |             0 |             0 |             0 |             0 |             0 |             0 |             0 |             0 |             0 |             0 |             0 |             0 |             0 |             0 |             0 |             0 |             0 |             0 |             0 |             0 |             0 |             0 |             0 |
|      CAS_CMD_RD      |  UMC2C0 |   45670350000 |             0 |             0 |             0 |             0 |             0 |             0 |             0 |             0 |             0 |             0 |             0 |             0 |             0 |             0 |             0 |             0 |             0 |             0 |             0 |             0 |             0 |             0 |             0 |             0 |             0 |             0 |             0 |             0 |             0 |             0 |             0 |
|      CAS_CMD_WR      |  UMC2C1 |     201074000 |             0 |             0 |             0 |             0 |             0 |             0 |             0 |             0 |             0 |             0 |             0 |             0 |             0 |             0 |             0 |             0 |             0 |             0 |             0 |             0 |             0 |             0 |             0 |             0 |             0 |             0 |             0 |             0 |             0 |             0 |             0 |
|      CAS_CMD_RD      |  UMC3C0 |   45679600000 |             0 |             0 |             0 |             0 |             0 |             0 |             0 |             0 |             0 |             0 |             0 |             0 |             0 |             0 |             0 |             0 |             0 |             0 |             0 |             0 |             0 |             0 |             0 |             0 |             0 |             0 |             0 |             0 |             0 |             0 |             0 |
|      CAS_CMD_WR      |  UMC3C1 |     201046000 |             0 |             0 |             0 |             0 |             0 |             0 |             0 |             0 |             0 |             0 |             0 |             0 |             0 |             0 |             0 |             0 |             0 |             0 |             0 |             0 |             0 |             0 |             0 |             0 |             0 |             0 |             0 |             0 |             0 |             0 |             0 |
|      CAS_CMD_RD      |  UMC4C0 |   45757590000 |             0 |             0 |             0 |             0 |             0 |             0 |             0 |             0 |             0 |             0 |             0 |             0 |             0 |             0 |             0 |             0 |             0 |             0 |             0 |             0 |             0 |             0 |             0 |             0 |             0 |             0 |             0 |             0 |             0 |             0 |             0 |
|      CAS_CMD_WR      |  UMC4C1 |     199998400 |             0 |             0 |             0 |             0 |             0 |             0 |             0 |             0 |             0 |             0 |             0 |             0 |             0 |             0 |             0 |             0 |             0 |             0 |             0 |             0 |             0 |             0 |             0 |             0 |             0 |             0 |             0 |             0 |             0 |             0 |             0 |
|      CAS_CMD_RD      |  UMC5C0 |   45669470000 |             0 |             0 |             0 |             0 |             0 |             0 |             0 |             0 |             0 |             0 |             0 |             0 |             0 |             0 |             0 |             0 |             0 |             0 |             0 |             0 |             0 |             0 |             0 |             0 |             0 |             0 |             0 |             0 |             0 |             0 |             0 |
|      CAS_CMD_WR      |  UMC5C1 |     198444300 |             0 |             0 |             0 |             0 |             0 |             0 |             0 |             0 |             0 |             0 |             0 |             0 |             0 |             0 |             0 |             0 |             0 |             0 |             0 |             0 |             0 |             0 |             0 |             0 |             0 |             0 |             0 |             0 |             0 |             0 |             0 |
|      CAS_CMD_RD      |  UMC6C0 |   45648050000 |             0 |             0 |             0 |             0 |             0 |             0 |             0 |             0 |             0 |             0 |             0 |             0 |             0 |             0 |             0 |             0 |             0 |             0 |             0 |             0 |             0 |             0 |             0 |             0 |             0 |             0 |             0 |             0 |             0 |             0 |             0 |
|      CAS_CMD_WR      |  UMC6C1 |     200496800 |             0 |             0 |             0 |             0 |             0 |             0 |             0 |             0 |             0 |             0 |             0 |             0 |             0 |             0 |             0 |             0 |             0 |             0 |             0 |             0 |             0 |             0 |             0 |             0 |             0 |             0 |             0 |             0 |             0 |             0 |             0 |
|      CAS_CMD_RD      |  UMC7C0 |   45715380000 |             0 |             0 |             0 |             0 |             0 |             0 |             0 |             0 |             0 |             0 |             0 |             0 |             0 |             0 |             0 |             0 |             0 |             0 |             0 |             0 |             0 |             0 |             0 |             0 |             0 |             0 |             0 |             0 |             0 |             0 |             0 |
|      CAS_CMD_WR      |  UMC7C1 |     199616400 |             0 |             0 |             0 |             0 |             0 |             0 |             0 |             0 |             0 |             0 |             0 |             0 |             0 |             0 |             0 |             0 |             0 |             0 |             0 |             0 |             0 |             0 |             0 |             0 |             0 |             0 |             0 |             0 |             0 |             0 |             0 |
|      CAS_CMD_RD      |  UMC8C0 |   45567210000 |             0 |             0 |             0 |             0 |             0 |             0 |             0 |             0 |             0 |             0 |             0 |             0 |             0 |             0 |             0 |             0 |             0 |             0 |             0 |             0 |             0 |             0 |             0 |             0 |             0 |             0 |             0 |             0 |             0 |             0 |             0 |
|      CAS_CMD_WR      |  UMC8C1 |     199767600 |             0 |             0 |             0 |             0 |             0 |             0 |             0 |             0 |             0 |             0 |             0 |             0 |             0 |             0 |             0 |             0 |             0 |             0 |             0 |             0 |             0 |             0 |             0 |             0 |             0 |             0 |             0 |             0 |             0 |             0 |             0 |
|      CAS_CMD_RD      |  UMC9C0 |   45668410000 |             0 |             0 |             0 |             0 |             0 |             0 |             0 |             0 |             0 |             0 |             0 |             0 |             0 |             0 |             0 |             0 |             0 |             0 |             0 |             0 |             0 |             0 |             0 |             0 |             0 |             0 |             0 |             0 |             0 |             0 |             0 |
|      CAS_CMD_WR      |  UMC9C1 |     203762600 |             0 |             0 |             0 |             0 |             0 |             0 |             0 |             0 |             0 |             0 |             0 |             0 |             0 |             0 |             0 |             0 |             0 |             0 |             0 |             0 |             0 |             0 |             0 |             0 |             0 |             0 |             0 |             0 |             0 |             0 |             0 |
|      CAS_CMD_RD      | UMC10C0 |   45761350000 |             0 |             0 |             0 |             0 |             0 |             0 |             0 |             0 |             0 |             0 |             0 |             0 |             0 |             0 |             0 |             0 |             0 |             0 |             0 |             0 |             0 |             0 |             0 |             0 |             0 |             0 |             0 |             0 |             0 |             0 |             0 |
|      CAS_CMD_WR      | UMC10C1 |     203667400 |             0 |             0 |             0 |             0 |             0 |             0 |             0 |             0 |             0 |             0 |             0 |             0 |             0 |             0 |             0 |             0 |             0 |             0 |             0 |             0 |             0 |             0 |             0 |             0 |             0 |             0 |             0 |             0 |             0 |             0 |             0 |
|      CAS_CMD_RD      | UMC11C0 |   45600870000 |             0 |             0 |             0 |             0 |             0 |             0 |             0 |             0 |             0 |             0 |             0 |             0 |             0 |             0 |             0 |             0 |             0 |             0 |             0 |             0 |             0 |             0 |             0 |             0 |             0 |             0 |             0 |             0 |             0 |             0 |             0 |
|      CAS_CMD_WR      | UMC11C1 |     200488400 |             0 |             0 |             0 |             0 |             0 |             0 |             0 |             0 |             0 |             0 |             0 |             0 |             0 |             0 |             0 |             0 |             0 |             0 |             0 |             0 |             0 |             0 |             0 |             0 |             0 |             0 |             0 |             0 |             0 |             0 |             0 |
+----------------------+---------+---------------+---------------+---------------+---------------+---------------+---------------+---------------+---------------+---------------+---------------+---------------+---------------+---------------+---------------+---------------+---------------+---------------+---------------+---------------+---------------+---------------+---------------+---------------+---------------+---------------+---------------+---------------+---------------+---------------+---------------+---------------+---------------+

+---------------------------+---------+----------------+---------------+---------------+---------------+
|           Event           | Counter |       Sum      |      Min      |      Max      |      Avg      |
+---------------------------+---------+----------------+---------------+---------------+---------------+
|   ACTUAL_CPU_CLOCK STAT   |  FIXC1  | 52812619000000 | 1649447000000 | 1653237000000 | 1650394343750 |
|     MAX_CPU_CLOCK STAT    |  FIXC2  | 37177790000000 | 1161759000000 | 1162010000000 | 1161805937500 |
| RETIRED_INSTRUCTIONS STAT |   PMC0  | 95887303000000 | 2990345000000 | 3000263000000 | 2996478218750 |
|  CPU_CLOCKS_UNHALTED STAT |   PMC1  | 52615310000000 | 1643375000000 | 1645119000000 | 1644228437500 |
|      CAS_CMD_RD STAT      |  UMC0C0 |    45666090000 |             0 |   45666090000 |  1.427065e+09 |
|      CAS_CMD_WR STAT      |  UMC0C1 |      202490400 |             0 |     202490400 |       6327825 |
|      CAS_CMD_RD STAT      |  UMC1C0 |    45704730000 |             0 |   45704730000 |  1.428273e+09 |
|      CAS_CMD_WR STAT      |  UMC1C1 |      201444400 |             0 |     201444400 |  6.295138e+06 |
|      CAS_CMD_RD STAT      |  UMC2C0 |    45670350000 |             0 |   45670350000 |  1.427198e+09 |
|      CAS_CMD_WR STAT      |  UMC2C1 |      201074000 |             0 |     201074000 |  6.283562e+06 |
|      CAS_CMD_RD STAT      |  UMC3C0 |    45679600000 |             0 |   45679600000 |    1427487500 |
|      CAS_CMD_WR STAT      |  UMC3C1 |      201046000 |             0 |     201046000 |  6.282688e+06 |
|      CAS_CMD_RD STAT      |  UMC4C0 |    45757590000 |             0 |   45757590000 |  1.429925e+09 |
|      CAS_CMD_WR STAT      |  UMC4C1 |      199998400 |             0 |     199998400 |       6249950 |
|      CAS_CMD_RD STAT      |  UMC5C0 |    45669470000 |             0 |   45669470000 |  1.427171e+09 |
|      CAS_CMD_WR STAT      |  UMC5C1 |      198444300 |             0 |     198444300 |  6.201384e+06 |
|      CAS_CMD_RD STAT      |  UMC6C0 |    45648050000 |             0 |   45648050000 |  1.426502e+09 |
|      CAS_CMD_WR STAT      |  UMC6C1 |      200496800 |             0 |     200496800 |       6265525 |
|      CAS_CMD_RD STAT      |  UMC7C0 |    45715380000 |             0 |   45715380000 |    1428605625 |
|      CAS_CMD_WR STAT      |  UMC7C1 |      199616400 |             0 |     199616400 |  6.238012e+06 |
|      CAS_CMD_RD STAT      |  UMC8C0 |    45567210000 |             0 |   45567210000 |  1.423975e+09 |
|      CAS_CMD_WR STAT      |  UMC8C1 |      199767600 |             0 |     199767600 |  6.242738e+06 |
|      CAS_CMD_RD STAT      |  UMC9C0 |    45668410000 |             0 |   45668410000 |  1.427138e+09 |
|      CAS_CMD_WR STAT      |  UMC9C1 |      203762600 |             0 |     203762600 |  6.367581e+06 |
|      CAS_CMD_RD STAT      | UMC10C0 |    45761350000 |             0 |   45761350000 |  1.430042e+09 |
|      CAS_CMD_WR STAT      | UMC10C1 |      203667400 |             0 |     203667400 |  6.364606e+06 |
|      CAS_CMD_RD STAT      | UMC11C0 |    45600870000 |             0 |   45600870000 |  1.425027e+09 |
|      CAS_CMD_WR STAT      | UMC11C1 |      200488400 |             0 |     200488400 |  6.265262e+06 |
+---------------------------+---------+----------------+---------------+---------------+---------------+

+-----------------------------------+------------+------------+------------+------------+------------+------------+------------+------------+------------+------------+-------------+-------------+-------------+-------------+-------------+-------------+-------------+-------------+-------------+-------------+-------------+-------------+-------------+-------------+-------------+-------------+-------------+-------------+-------------+-------------+-------------+-------------+
|               Metric              | HWThread 0 | HWThread 1 | HWThread 2 | HWThread 3 | HWThread 4 | HWThread 5 | HWThread 6 | HWThread 7 | HWThread 8 | HWThread 9 | HWThread 10 | HWThread 11 | HWThread 12 | HWThread 13 | HWThread 14 | HWThread 15 | HWThread 16 | HWThread 17 | HWThread 18 | HWThread 19 | HWThread 20 | HWThread 21 | HWThread 22 | HWThread 23 | HWThread 24 | HWThread 25 | HWThread 26 | HWThread 27 | HWThread 28 | HWThread 29 | HWThread 30 | HWThread 31 |
+-----------------------------------+------------+------------+------------+------------+------------+------------+------------+------------+------------+------------+-------------+-------------+-------------+-------------+-------------+-------------+-------------+-------------+-------------+-------------+-------------+-------------+-------------+-------------+-------------+-------------+-------------+-------------+-------------+-------------+-------------+-------------+
|        Runtime (RDTSC) [s]        |   448.6496 |   447.5338 |   448.2597 |   448.3084 |   446.9174 |   446.8651 |   447.4777 |   448.3086 |   446.9822 |   447.4126 |    446.9824 |    447.2006 |    447.2770 |    447.2771 |    447.4738 |    447.9080 |    447.9080 |    447.0595 |    447.9863 |    447.2012 |    447.9866 |    447.7181 |    447.7184 |    447.5990 |    448.7531 |    448.5068 |    448.6960 |    448.5068 |    448.5941 |    448.1750 |    448.1261 |    448.3977 |
|        Runtime unhalted [s]       |   635.8608 |   634.4031 |   634.6927 |   634.7739 |   634.7362 |   634.7950 |   634.6904 |   634.7623 |   634.6827 |   634.7777 |    634.7693 |    634.7277 |    634.7370 |    634.7281 |    634.7346 |    634.7758 |    634.7758 |    634.8181 |    634.6993 |    634.7339 |    634.8220 |    634.8139 |    634.7643 |    634.7577 |    634.7673 |    634.7250 |    634.7223 |    634.7216 |    634.7193 |    634.6923 |    634.6866 |    634.6923 |
|            Clock [MHz]            |  3699.1191 |  3691.4077 |  3693.0166 |  3693.5715 |  3693.2568 |  3693.6501 |  3693.0000 |  3693.4217 |  3693.0633 |  3693.3681 |   3693.3793 |   3693.0105 |   3693.0896 |   3693.1303 |   3693.1112 |   3693.3506 |   3693.5000 |   3693.7398 |   3693.0006 |   3693.1861 |   3693.7781 |   3693.7216 |   3693.3693 |   3693.2645 |   3693.5144 |   3693.2205 |   3693.2080 |   3693.2035 |   3693.2473 |   3693.0557 |   3692.9776 |   3693.0970 |
|                CPI                |     0.5484 |     0.5496 |     0.5496 |     0.5497 |     0.5495 |     0.5495 |     0.5497 |     0.5495 |     0.5481 |     0.5485 |      0.5484 |      0.5482 |      0.5485 |      0.5483 |      0.5486 |      0.5481 |      0.5486 |      0.5486 |      0.5484 |      0.5486 |      0.5484 |      0.5486 |      0.5487 |      0.5487 |      0.5484 |      0.5484 |      0.5486 |      0.5489 |      0.5484 |      0.5484 |      0.5487 |      0.5487 |
|  Memory read bandwidth [MBytes/s] | 78187.9275 |          0 |          0 |          0 |          0 |          0 |          0 |          0 |          0 |          0 |           0 |           0 |           0 |           0 |           0 |           0 |           0 |           0 |           0 |           0 |           0 |           0 |           0 |           0 |           0 |           0 |           0 |           0 |           0 |           0 |           0 |           0 |
|  Memory read data volume [GBytes] | 35078.9824 |          0 |          0 |          0 |          0 |          0 |          0 |          0 |          0 |          0 |           0 |           0 |           0 |           0 |           0 |           0 |           0 |           0 |           0 |           0 |           0 |           0 |           0 |           0 |           0 |           0 |           0 |           0 |           0 |           0 |           0 |           0 |
| Memory write bandwidth [MBytes/s] |   344.1148 |          0 |          0 |          0 |          0 |          0 |          0 |          0 |          0 |          0 |           0 |           0 |           0 |           0 |           0 |           0 |           0 |           0 |           0 |           0 |           0 |           0 |           0 |           0 |           0 |           0 |           0 |           0 |           0 |           0 |           0 |           0 |
| Memory write data volume [GBytes] |   154.3870 |          0 |          0 |          0 |          0 |          0 |          0 |          0 |          0 |          0 |           0 |           0 |           0 |           0 |           0 |           0 |           0 |           0 |           0 |           0 |           0 |           0 |           0 |           0 |           0 |           0 |           0 |           0 |           0 |           0 |           0 |           0 |
|    Memory bandwidth [MBytes/s]    | 78532.0424 |          0 |          0 |          0 |          0 |          0 |          0 |          0 |          0 |          0 |           0 |           0 |           0 |           0 |           0 |           0 |           0 |           0 |           0 |           0 |           0 |           0 |           0 |           0 |           0 |           0 |           0 |           0 |           0 |           0 |           0 |           0 |
|    Memory data volume [GBytes]    | 35233.3694 |          0 |          0 |          0 |          0 |          0 |          0 |          0 |          0 |          0 |           0 |           0 |           0 |           0 |           0 |           0 |           0 |           0 |           0 |           0 |           0 |           0 |           0 |           0 |           0 |           0 |           0 |           0 |           0 |           0 |           0 |           0 |
+-----------------------------------+------------+------------+------------+------------+------------+------------+------------+------------+------------+------------+-------------+-------------+-------------+-------------+-------------+-------------+-------------+-------------+-------------+-------------+-------------+-------------+-------------+-------------+-------------+-------------+-------------+-------------+-------------+-------------+-------------+-------------+

+----------------------------------------+-------------+-----------+------------+-----------+
|                 Metric                 |     Sum     |    Min    |     Max    |    Avg    |
+----------------------------------------+-------------+-----------+------------+-----------+
|        Runtime (RDTSC) [s] STAT        |  14329.7667 |  446.8651 |   448.7531 |  447.8052 |
|        Runtime unhalted [s] STAT       |  20312.5590 |  634.4031 |   635.8608 |  634.7675 |
|            Clock [MHz] STAT            | 118189.0304 | 3691.4077 |  3699.1191 | 3693.4072 |
|                CPI STAT                |     17.5593 |    0.5481 |     0.5497 |    0.5487 |
|  Memory read bandwidth [MBytes/s] STAT |  78187.9275 |         0 | 78187.9275 | 2443.3727 |
|  Memory read data volume [GBytes] STAT |  35078.9824 |         0 | 35078.9824 | 1096.2182 |
| Memory write bandwidth [MBytes/s] STAT |    344.1148 |         0 |   344.1148 |   10.7536 |
| Memory write data volume [GBytes] STAT |    154.3870 |         0 |   154.3870 |    4.8246 |
|    Memory bandwidth [MBytes/s] STAT    |  78532.0424 |         0 | 78532.0424 | 2454.1263 |
|    Memory data volume [GBytes] STAT    |  35233.3694 |         0 | 35233.3694 | 1101.0428 |
+----------------------------------------+-------------+-----------+------------+-----------+

