INFO: You are running LIKWID in a cpuset with 48 CPUs. Taking given IDs as logical ID in cpuset
--------------------------------------------------------------------------------
CPU name:	AMD EPYC 9A14 96-Core Processor                
CPU type:	AMD K19 (Zen4) architecture
CPU clock:	2.60 GHz
--------------------------------------------------------------------------------
Sys.CPU_THREADS       192
SLURM_CPUS_PER_TASK   48
OMP_NUM_THREADS       48
OMP_PROC_BIND         close
OMP_PLACES            cores
BLAS_NUM_THREADS      1
Threads.nthreads()    1

Successfully read data from: /public/home/halili/jld2file/6-31g/o2-1.0-6-31g.jld2
  name: o2
  ratio: 1.0
  basis: 6-31g
  nα: 8, nβ: 8, ne: 16, norb: 18, nq: 36

  ngs: 4266
  ncs: 22543

Warming up JIT and Hardware...
Warm-up completed.
  Step 001:  residual: 9.5235e-01,  e: -149.45320229675207
  Step 002:  residual: 7.0900e-01,  e: -149.59391697072707
  Step 003:  residual: 3.4390e-01,  e: -149.71881382605221
  Step 004:  residual: 1.3670e-01,  e: -149.74155494323807
  Step 005:  residual: 5.6781e-02,  e: -149.74486722652421
  Step 006:  residual: 3.0719e-02,  e: -149.74550118255075
  Step 007:  residual: 2.2745e-02,  e: -149.74573279555401
  Step 008:  residual: 2.6203e-02,  e: -149.74592799688276
  Step 009:  residual: 3.4719e-02,  e: -149.74623194412484
  Step 010:  residual: 2.6370e-02,  e: -149.74654741412351
  Step 011:  residual: 1.1805e-02,  e: -149.74665437187093
  Step 012:  residual: 4.6480e-03,  e: -149.74667295626602
  Step 013:  residual: 1.7886e-03,  e: -149.74667552117938
  Step 014:  residual: 6.8126e-04,  e: -149.74667587808233
  Step 015:  residual: 2.5621e-04,  e: -149.74667592692242
  Step 016:  residual: 9.5094e-05,  e: -149.74667593407037
  Step 017:  residual: 3.6656e-05,  e: -149.74667593510961
  Step 018:  residual: 1.4803e-05,  e: -149.74667593526337
  Step 019:  residual: 6.2970e-06,  e: -149.74667593528963

Convergence reached!
335.586222 seconds (7.21 M allocations: 69.917 GiB, 0.14% gc time, 0.58% compilation time)
--------------------------------------------------------------------------------
Region hvec_direct_agg, Group 1: MEM
+-------------------+------------+------------+------------+------------+------------+------------+------------+------------+------------+------------+-------------+-------------+-------------+-------------+-------------+-------------+-------------+-------------+-------------+-------------+-------------+-------------+-------------+-------------+-------------+-------------+-------------+-------------+-------------+-------------+-------------+-------------+-------------+-------------+-------------+-------------+-------------+-------------+-------------+-------------+-------------+-------------+-------------+-------------+-------------+-------------+-------------+-------------+
|    Region Info    | HWThread 0 | HWThread 1 | HWThread 2 | HWThread 3 | HWThread 4 | HWThread 5 | HWThread 6 | HWThread 7 | HWThread 8 | HWThread 9 | HWThread 10 | HWThread 11 | HWThread 12 | HWThread 13 | HWThread 14 | HWThread 15 | HWThread 16 | HWThread 17 | HWThread 18 | HWThread 19 | HWThread 20 | HWThread 21 | HWThread 22 | HWThread 23 | HWThread 24 | HWThread 25 | HWThread 26 | HWThread 27 | HWThread 28 | HWThread 29 | HWThread 30 | HWThread 31 | HWThread 32 | HWThread 33 | HWThread 34 | HWThread 35 | HWThread 36 | HWThread 37 | HWThread 38 | HWThread 39 | HWThread 40 | HWThread 41 | HWThread 42 | HWThread 43 | HWThread 44 | HWThread 45 | HWThread 46 | HWThread 47 |
+-------------------+------------+------------+------------+------------+------------+------------+------------+------------+------------+------------+-------------+-------------+-------------+-------------+-------------+-------------+-------------+-------------+-------------+-------------+-------------+-------------+-------------+-------------+-------------+-------------+-------------+-------------+-------------+-------------+-------------+-------------+-------------+-------------+-------------+-------------+-------------+-------------+-------------+-------------+-------------+-------------+-------------+-------------+-------------+-------------+-------------+-------------+
| RDTSC Runtime [s] | 313.498000 | 311.854400 | 313.324100 | 313.410300 | 312.312500 | 310.490500 | 311.773700 | 312.223700 | 311.688800 | 312.394300 |  313.736100 |  312.881100 |  311.521200 |  311.148700 |  310.693800 |  313.038300 |  313.591000 |  310.553800 |  311.233100 |  310.554000 |  313.591300 |  311.773000 |  312.311500 |  313.818300 |  310.942900 |  311.315200 |  310.943100 |  310.860200 |  312.140800 |  310.776500 |  311.232600 |  311.315200 |  312.682200 |  312.809600 |  312.965800 |  313.035300 |  313.236600 |  310.860500 |  313.901000 |  313.901500 |  312.311700 |  312.599600 |  311.997900 |  312.599800 |  313.323400 |  312.533100 |  311.998000 |  311.605100 |
|     call count    |         19 |         19 |         19 |         19 |         19 |         19 |         19 |         19 |         19 |         19 |          19 |          19 |          19 |          19 |          19 |          19 |          19 |          19 |          19 |          19 |          19 |          19 |          19 |          19 |          19 |          19 |          19 |          19 |          19 |          19 |          19 |          19 |          19 |          19 |          19 |          19 |          19 |          19 |          19 |          19 |          19 |          19 |          19 |          19 |          19 |          19 |          19 |          19 |
+-------------------+------------+------------+------------+------------+------------+------------+------------+------------+------------+------------+-------------+-------------+-------------+-------------+-------------+-------------+-------------+-------------+-------------+-------------+-------------+-------------+-------------+-------------+-------------+-------------+-------------+-------------+-------------+-------------+-------------+-------------+-------------+-------------+-------------+-------------+-------------+-------------+-------------+-------------+-------------+-------------+-------------+-------------+-------------+-------------+-------------+-------------+

+----------------------+---------+---------------+---------------+---------------+---------------+---------------+---------------+---------------+---------------+---------------+---------------+---------------+---------------+---------------+---------------+---------------+---------------+---------------+---------------+---------------+---------------+---------------+---------------+---------------+---------------+---------------+---------------+---------------+---------------+---------------+---------------+---------------+---------------+---------------+---------------+---------------+---------------+---------------+---------------+---------------+---------------+---------------+---------------+---------------+---------------+---------------+---------------+---------------+---------------+
|         Event        | Counter |   HWThread 0  |   HWThread 1  |   HWThread 2  |   HWThread 3  |   HWThread 4  |   HWThread 5  |   HWThread 6  |   HWThread 7  |   HWThread 8  |   HWThread 9  |  HWThread 10  |  HWThread 11  |  HWThread 12  |  HWThread 13  |  HWThread 14  |  HWThread 15  |  HWThread 16  |  HWThread 17  |  HWThread 18  |  HWThread 19  |  HWThread 20  |  HWThread 21  |  HWThread 22  |  HWThread 23  |  HWThread 24  |  HWThread 25  |  HWThread 26  |  HWThread 27  |  HWThread 28  |  HWThread 29  |  HWThread 30  |  HWThread 31  |  HWThread 32  |  HWThread 33  |  HWThread 34  |  HWThread 35  |  HWThread 36  |  HWThread 37  |  HWThread 38  |  HWThread 39  |  HWThread 40  |  HWThread 41  |  HWThread 42  |  HWThread 43  |  HWThread 44  |  HWThread 45  |  HWThread 46  |  HWThread 47  |
+----------------------+---------+---------------+---------------+---------------+---------------+---------------+---------------+---------------+---------------+---------------+---------------+---------------+---------------+---------------+---------------+---------------+---------------+---------------+---------------+---------------+---------------+---------------+---------------+---------------+---------------+---------------+---------------+---------------+---------------+---------------+---------------+---------------+---------------+---------------+---------------+---------------+---------------+---------------+---------------+---------------+---------------+---------------+---------------+---------------+---------------+---------------+---------------+---------------+---------------+
|   ACTUAL_CPU_CLOCK   |  FIXC1  | 1148630000000 | 1144861000000 | 1145654000000 | 1145490000000 | 1145590000000 | 1145679000000 | 1145567000000 | 1145960000000 | 1145651000000 | 1145536000000 | 1145810000000 | 1145921000000 | 1145862000000 | 1145815000000 | 1145714000000 | 1145580000000 | 1145579000000 | 1145643000000 | 1145636000000 | 1145552000000 | 1145856000000 | 1145871000000 | 1145666000000 | 1145647000000 | 1145680000000 | 1145798000000 | 1145590000000 | 1145563000000 | 1145703000000 | 1145700000000 | 1145608000000 | 1145542000000 | 1145605000000 | 1145469000000 | 1145594000000 | 1145520000000 | 1145542000000 | 1145661000000 | 1145676000000 | 1145463000000 | 1145564000000 | 1145689000000 | 1145722000000 | 1145572000000 | 1145466000000 | 1145602000000 | 1145578000000 | 1145715000000 |
|     MAX_CPU_CLOCK    |  FIXC2  |  807448400000 |  807162600000 |  807129800000 |  807133900000 |  807182600000 |  807099400000 |  807180900000 |  807181500000 |  807117300000 |  807209300000 |  807196800000 |  807178900000 |  807196900000 |  807179000000 |  807178600000 |  807213200000 |  807192200000 |  807154700000 |  807167900000 |  807168000000 |  807167700000 |  807152200000 |  807169100000 |  807146600000 |  807176200000 |  807212100000 |  807207000000 |  807199000000 |  807177900000 |  807192800000 |  807191200000 |  807185100000 |  807181500000 |  807157200000 |  807144500000 |  807177800000 |  807163800000 |  807132400000 |  807162200000 |  807156100000 |  807177500000 |  807170500000 |  807171700000 |  807192000000 |  807185600000 |  807192300000 |  807192200000 |  807150200000 |
| RETIRED_INSTRUCTIONS |   PMC0  | 1989898000000 | 1982669000000 | 1983629000000 | 1982162000000 | 1982164000000 | 1983753000000 | 1983719000000 | 1984183000000 | 2004781000000 | 2004811000000 | 2007358000000 | 2005423000000 | 2005197000000 | 2006065000000 | 2005939000000 | 2004335000000 | 2001301000000 | 2000943000000 | 1999127000000 | 2000519000000 | 2000948000000 | 2001329000000 | 2000850000000 | 2000102000000 | 1992901000000 | 1992956000000 | 1993106000000 | 1992255000000 | 1991995000000 | 1991326000000 | 1990603000000 | 1991047000000 | 2005682000000 | 2004761000000 | 2006188000000 | 2004775000000 | 2005816000000 | 2005655000000 | 2002886000000 | 2003887000000 | 2000133000000 | 1999578000000 | 1999929000000 | 1998714000000 | 1997234000000 | 1998978000000 | 1998461000000 | 1997981000000 |
|  CPU_CLOCKS_UNHALTED |   PMC1  | 1141390000000 | 1139762000000 | 1140448000000 | 1140346000000 | 1140390000000 | 1140429000000 | 1140462000000 | 1140792000000 | 1140815000000 | 1140664000000 | 1141096000000 | 1141130000000 | 1141123000000 | 1141014000000 | 1140910000000 | 1140792000000 | 1140415000000 | 1140459000000 | 1140408000000 | 1140425000000 | 1140698000000 | 1140662000000 | 1140512000000 | 1140472000000 | 1140471000000 | 1140734000000 | 1140507000000 | 1140404000000 | 1140503000000 | 1140427000000 | 1140335000000 | 1140461000000 | 1140674000000 | 1140392000000 | 1140852000000 | 1140639000000 | 1140780000000 | 1140841000000 | 1140732000000 | 1140459000000 | 1140616000000 | 1140656000000 | 1140744000000 | 1140488000000 | 1140351000000 | 1140597000000 | 1140532000000 | 1140591000000 |
|      CAS_CMD_RD      |  UMC0C0 |   47492180000 |             0 |             0 |             0 |             0 |             0 |             0 |             0 |             0 |             0 |             0 |             0 |             0 |             0 |             0 |             0 |             0 |             0 |             0 |             0 |             0 |             0 |             0 |             0 |             0 |             0 |             0 |             0 |             0 |             0 |             0 |             0 |             0 |             0 |             0 |             0 |             0 |             0 |             0 |             0 |             0 |             0 |             0 |             0 |             0 |             0 |             0 |             0 |
|      CAS_CMD_WR      |  UMC0C1 |     202303400 |             0 |             0 |             0 |             0 |             0 |             0 |             0 |             0 |             0 |             0 |             0 |             0 |             0 |             0 |             0 |             0 |             0 |             0 |             0 |             0 |             0 |             0 |             0 |             0 |             0 |             0 |             0 |             0 |             0 |             0 |             0 |             0 |             0 |             0 |             0 |             0 |             0 |             0 |             0 |             0 |             0 |             0 |             0 |             0 |             0 |             0 |             0 |
|      CAS_CMD_RD      |  UMC1C0 |   47699510000 |             0 |             0 |             0 |             0 |             0 |             0 |             0 |             0 |             0 |             0 |             0 |             0 |             0 |             0 |             0 |             0 |             0 |             0 |             0 |             0 |             0 |             0 |             0 |             0 |             0 |             0 |             0 |             0 |             0 |             0 |             0 |             0 |             0 |             0 |             0 |             0 |             0 |             0 |             0 |             0 |             0 |             0 |             0 |             0 |             0 |             0 |             0 |
|      CAS_CMD_WR      |  UMC1C1 |     198022000 |             0 |             0 |             0 |             0 |             0 |             0 |             0 |             0 |             0 |             0 |             0 |             0 |             0 |             0 |             0 |             0 |             0 |             0 |             0 |             0 |             0 |             0 |             0 |             0 |             0 |             0 |             0 |             0 |             0 |             0 |             0 |             0 |             0 |             0 |             0 |             0 |             0 |             0 |             0 |             0 |             0 |             0 |             0 |             0 |             0 |             0 |             0 |
|      CAS_CMD_RD      |  UMC2C0 |   47555400000 |             0 |             0 |             0 |             0 |             0 |             0 |             0 |             0 |             0 |             0 |             0 |             0 |             0 |             0 |             0 |             0 |             0 |             0 |             0 |             0 |             0 |             0 |             0 |             0 |             0 |             0 |             0 |             0 |             0 |             0 |             0 |             0 |             0 |             0 |             0 |             0 |             0 |             0 |             0 |             0 |             0 |             0 |             0 |             0 |             0 |             0 |             0 |
|      CAS_CMD_WR      |  UMC2C1 |     201218200 |             0 |             0 |             0 |             0 |             0 |             0 |             0 |             0 |             0 |             0 |             0 |             0 |             0 |             0 |             0 |             0 |             0 |             0 |             0 |             0 |             0 |             0 |             0 |             0 |             0 |             0 |             0 |             0 |             0 |             0 |             0 |             0 |             0 |             0 |             0 |             0 |             0 |             0 |             0 |             0 |             0 |             0 |             0 |             0 |             0 |             0 |             0 |
|      CAS_CMD_RD      |  UMC3C0 |   47381880000 |             0 |             0 |             0 |             0 |             0 |             0 |             0 |             0 |             0 |             0 |             0 |             0 |             0 |             0 |             0 |             0 |             0 |             0 |             0 |             0 |             0 |             0 |             0 |             0 |             0 |             0 |             0 |             0 |             0 |             0 |             0 |             0 |             0 |             0 |             0 |             0 |             0 |             0 |             0 |             0 |             0 |             0 |             0 |             0 |             0 |             0 |             0 |
|      CAS_CMD_WR      |  UMC3C1 |     202876300 |             0 |             0 |             0 |             0 |             0 |             0 |             0 |             0 |             0 |             0 |             0 |             0 |             0 |             0 |             0 |             0 |             0 |             0 |             0 |             0 |             0 |             0 |             0 |             0 |             0 |             0 |             0 |             0 |             0 |             0 |             0 |             0 |             0 |             0 |             0 |             0 |             0 |             0 |             0 |             0 |             0 |             0 |             0 |             0 |             0 |             0 |             0 |
|      CAS_CMD_RD      |  UMC4C0 |   47658150000 |             0 |             0 |             0 |             0 |             0 |             0 |             0 |             0 |             0 |             0 |             0 |             0 |             0 |             0 |             0 |             0 |             0 |             0 |             0 |             0 |             0 |             0 |             0 |             0 |             0 |             0 |             0 |             0 |             0 |             0 |             0 |             0 |             0 |             0 |             0 |             0 |             0 |             0 |             0 |             0 |             0 |             0 |             0 |             0 |             0 |             0 |             0 |
|      CAS_CMD_WR      |  UMC4C1 |     197646500 |             0 |             0 |             0 |             0 |             0 |             0 |             0 |             0 |             0 |             0 |             0 |             0 |             0 |             0 |             0 |             0 |             0 |             0 |             0 |             0 |             0 |             0 |             0 |             0 |             0 |             0 |             0 |             0 |             0 |             0 |             0 |             0 |             0 |             0 |             0 |             0 |             0 |             0 |             0 |             0 |             0 |             0 |             0 |             0 |             0 |             0 |             0 |
|      CAS_CMD_RD      |  UMC5C0 |   47538360000 |             0 |             0 |             0 |             0 |             0 |             0 |             0 |             0 |             0 |             0 |             0 |             0 |             0 |             0 |             0 |             0 |             0 |             0 |             0 |             0 |             0 |             0 |             0 |             0 |             0 |             0 |             0 |             0 |             0 |             0 |             0 |             0 |             0 |             0 |             0 |             0 |             0 |             0 |             0 |             0 |             0 |             0 |             0 |             0 |             0 |             0 |             0 |
|      CAS_CMD_WR      |  UMC5C1 |     198452900 |             0 |             0 |             0 |             0 |             0 |             0 |             0 |             0 |             0 |             0 |             0 |             0 |             0 |             0 |             0 |             0 |             0 |             0 |             0 |             0 |             0 |             0 |             0 |             0 |             0 |             0 |             0 |             0 |             0 |             0 |             0 |             0 |             0 |             0 |             0 |             0 |             0 |             0 |             0 |             0 |             0 |             0 |             0 |             0 |             0 |             0 |             0 |
|      CAS_CMD_RD      |  UMC6C0 |   47473520000 |             0 |             0 |             0 |             0 |             0 |             0 |             0 |             0 |             0 |             0 |             0 |             0 |             0 |             0 |             0 |             0 |             0 |             0 |             0 |             0 |             0 |             0 |             0 |             0 |             0 |             0 |             0 |             0 |             0 |             0 |             0 |             0 |             0 |             0 |             0 |             0 |             0 |             0 |             0 |             0 |             0 |             0 |             0 |             0 |             0 |             0 |             0 |
|      CAS_CMD_WR      |  UMC6C1 |     201457800 |             0 |             0 |             0 |             0 |             0 |             0 |             0 |             0 |             0 |             0 |             0 |             0 |             0 |             0 |             0 |             0 |             0 |             0 |             0 |             0 |             0 |             0 |             0 |             0 |             0 |             0 |             0 |             0 |             0 |             0 |             0 |             0 |             0 |             0 |             0 |             0 |             0 |             0 |             0 |             0 |             0 |             0 |             0 |             0 |             0 |             0 |             0 |
|      CAS_CMD_RD      |  UMC7C0 |   47569920000 |             0 |             0 |             0 |             0 |             0 |             0 |             0 |             0 |             0 |             0 |             0 |             0 |             0 |             0 |             0 |             0 |             0 |             0 |             0 |             0 |             0 |             0 |             0 |             0 |             0 |             0 |             0 |             0 |             0 |             0 |             0 |             0 |             0 |             0 |             0 |             0 |             0 |             0 |             0 |             0 |             0 |             0 |             0 |             0 |             0 |             0 |             0 |
|      CAS_CMD_WR      |  UMC7C1 |     198552300 |             0 |             0 |             0 |             0 |             0 |             0 |             0 |             0 |             0 |             0 |             0 |             0 |             0 |             0 |             0 |             0 |             0 |             0 |             0 |             0 |             0 |             0 |             0 |             0 |             0 |             0 |             0 |             0 |             0 |             0 |             0 |             0 |             0 |             0 |             0 |             0 |             0 |             0 |             0 |             0 |             0 |             0 |             0 |             0 |             0 |             0 |             0 |
|      CAS_CMD_RD      |  UMC8C0 |   47497290000 |             0 |             0 |             0 |             0 |             0 |             0 |             0 |             0 |             0 |             0 |             0 |             0 |             0 |             0 |             0 |             0 |             0 |             0 |             0 |             0 |             0 |             0 |             0 |             0 |             0 |             0 |             0 |             0 |             0 |             0 |             0 |             0 |             0 |             0 |             0 |             0 |             0 |             0 |             0 |             0 |             0 |             0 |             0 |             0 |             0 |             0 |             0 |
|      CAS_CMD_WR      |  UMC8C1 |     198322300 |             0 |             0 |             0 |             0 |             0 |             0 |             0 |             0 |             0 |             0 |             0 |             0 |             0 |             0 |             0 |             0 |             0 |             0 |             0 |             0 |             0 |             0 |             0 |             0 |             0 |             0 |             0 |             0 |             0 |             0 |             0 |             0 |             0 |             0 |             0 |             0 |             0 |             0 |             0 |             0 |             0 |             0 |             0 |             0 |             0 |             0 |             0 |
|      CAS_CMD_RD      |  UMC9C0 |   47456420000 |             0 |             0 |             0 |             0 |             0 |             0 |             0 |             0 |             0 |             0 |             0 |             0 |             0 |             0 |             0 |             0 |             0 |             0 |             0 |             0 |             0 |             0 |             0 |             0 |             0 |             0 |             0 |             0 |             0 |             0 |             0 |             0 |             0 |             0 |             0 |             0 |             0 |             0 |             0 |             0 |             0 |             0 |             0 |             0 |             0 |             0 |             0 |
|      CAS_CMD_WR      |  UMC9C1 |     199943300 |             0 |             0 |             0 |             0 |             0 |             0 |             0 |             0 |             0 |             0 |             0 |             0 |             0 |             0 |             0 |             0 |             0 |             0 |             0 |             0 |             0 |             0 |             0 |             0 |             0 |             0 |             0 |             0 |             0 |             0 |             0 |             0 |             0 |             0 |             0 |             0 |             0 |             0 |             0 |             0 |             0 |             0 |             0 |             0 |             0 |             0 |             0 |
|      CAS_CMD_RD      | UMC10C0 |   47554450000 |             0 |             0 |             0 |             0 |             0 |             0 |             0 |             0 |             0 |             0 |             0 |             0 |             0 |             0 |             0 |             0 |             0 |             0 |             0 |             0 |             0 |             0 |             0 |             0 |             0 |             0 |             0 |             0 |             0 |             0 |             0 |             0 |             0 |             0 |             0 |             0 |             0 |             0 |             0 |             0 |             0 |             0 |             0 |             0 |             0 |             0 |             0 |
|      CAS_CMD_WR      | UMC10C1 |     197812200 |             0 |             0 |             0 |             0 |             0 |             0 |             0 |             0 |             0 |             0 |             0 |             0 |             0 |             0 |             0 |             0 |             0 |             0 |             0 |             0 |             0 |             0 |             0 |             0 |             0 |             0 |             0 |             0 |             0 |             0 |             0 |             0 |             0 |             0 |             0 |             0 |             0 |             0 |             0 |             0 |             0 |             0 |             0 |             0 |             0 |             0 |             0 |
|      CAS_CMD_RD      | UMC11C0 |   47457790000 |             0 |             0 |             0 |             0 |             0 |             0 |             0 |             0 |             0 |             0 |             0 |             0 |             0 |             0 |             0 |             0 |             0 |             0 |             0 |             0 |             0 |             0 |             0 |             0 |             0 |             0 |             0 |             0 |             0 |             0 |             0 |             0 |             0 |             0 |             0 |             0 |             0 |             0 |             0 |             0 |             0 |             0 |             0 |             0 |             0 |             0 |             0 |
|      CAS_CMD_WR      | UMC11C1 |     199570100 |             0 |             0 |             0 |             0 |             0 |             0 |             0 |             0 |             0 |             0 |             0 |             0 |             0 |             0 |             0 |             0 |             0 |             0 |             0 |             0 |             0 |             0 |             0 |             0 |             0 |             0 |             0 |             0 |             0 |             0 |             0 |             0 |             0 |             0 |             0 |             0 |             0 |             0 |             0 |             0 |             0 |             0 |             0 |             0 |             0 |             0 |             0 |
+----------------------+---------+---------------+---------------+---------------+---------------+---------------+---------------+---------------+---------------+---------------+---------------+---------------+---------------+---------------+---------------+---------------+---------------+---------------+---------------+---------------+---------------+---------------+---------------+---------------+---------------+---------------+---------------+---------------+---------------+---------------+---------------+---------------+---------------+---------------+---------------+---------------+---------------+---------------+---------------+---------------+---------------+---------------+---------------+---------------+---------------+---------------+---------------+---------------+---------------+

+---------------------------+---------+----------------+---------------+---------------+---------------+
|           Event           | Counter |       Sum      |      Min      |      Max      |      Avg      |
+---------------------------+---------+----------------+---------------+---------------+---------------+
|   ACTUAL_CPU_CLOCK STAT   |  FIXC1  | 54993392000000 | 1144861000000 | 1148630000000 |  1.145696e+12 |
|     MAX_CPU_CLOCK STAT    |  FIXC2  | 38744556300000 |  807099400000 |  807448400000 |  807178256250 |
| RETIRED_INSTRUCTIONS STAT |   PMC0  | 95888052000000 | 1982162000000 | 2007358000000 | 1997667750000 |
|  CPU_CLOCKS_UNHALTED STAT |   PMC1  | 54749400000000 | 1139762000000 | 1141390000000 | 1140612500000 |
|      CAS_CMD_RD STAT      |  UMC0C0 |    47492180000 |             0 |   47492180000 |  9.894204e+08 |
|      CAS_CMD_WR STAT      |  UMC0C1 |      202303400 |             0 |     202303400 |  4.214654e+06 |
|      CAS_CMD_RD STAT      |  UMC1C0 |    47699510000 |             0 |   47699510000 |  9.937398e+08 |
|      CAS_CMD_WR STAT      |  UMC1C1 |      198022000 |             0 |     198022000 |  4.125458e+06 |
|      CAS_CMD_RD STAT      |  UMC2C0 |    47555400000 |             0 |   47555400000 |     990737500 |
|      CAS_CMD_WR STAT      |  UMC2C1 |      201218200 |             0 |     201218200 |  4.192046e+06 |
|      CAS_CMD_RD STAT      |  UMC3C0 |    47381880000 |             0 |   47381880000 |     987122500 |
|      CAS_CMD_WR STAT      |  UMC3C1 |      202876300 |             0 |     202876300 |  4.226590e+06 |
|      CAS_CMD_RD STAT      |  UMC4C0 |    47658150000 |             0 |   47658150000 |     992878125 |
|      CAS_CMD_WR STAT      |  UMC4C1 |      197646500 |             0 |     197646500 |  4.117635e+06 |
|      CAS_CMD_RD STAT      |  UMC5C0 |    47538360000 |             0 |   47538360000 |     990382500 |
|      CAS_CMD_WR STAT      |  UMC5C1 |      198452900 |             0 |     198452900 |  4.134435e+06 |
|      CAS_CMD_RD STAT      |  UMC6C0 |    47473520000 |             0 |   47473520000 |  9.890317e+08 |
|      CAS_CMD_WR STAT      |  UMC6C1 |      201457800 |             0 |     201457800 |  4.197038e+06 |
|      CAS_CMD_RD STAT      |  UMC7C0 |    47569920000 |             0 |   47569920000 |     991040000 |
|      CAS_CMD_WR STAT      |  UMC7C1 |      198552300 |             0 |     198552300 |  4.136506e+06 |
|      CAS_CMD_RD STAT      |  UMC8C0 |    47497290000 |             0 |   47497290000 |     989526875 |
|      CAS_CMD_WR STAT      |  UMC8C1 |      198322300 |             0 |     198322300 |  4.131715e+06 |
|      CAS_CMD_RD STAT      |  UMC9C0 |    47456420000 |             0 |   47456420000 |  9.886754e+08 |
|      CAS_CMD_WR STAT      |  UMC9C1 |      199943300 |             0 |     199943300 |  4.165485e+06 |
|      CAS_CMD_RD STAT      | UMC10C0 |    47554450000 |             0 |   47554450000 |  9.907177e+08 |
|      CAS_CMD_WR STAT      | UMC10C1 |      197812200 |             0 |     197812200 |  4.121088e+06 |
|      CAS_CMD_RD STAT      | UMC11C0 |    47457790000 |             0 |   47457790000 |  9.887040e+08 |
|      CAS_CMD_WR STAT      | UMC11C1 |      199570100 |             0 |     199570100 |  4.157710e+06 |
+---------------------------+---------+----------------+---------------+---------------+---------------+

+-----------------------------------+-------------+------------+------------+------------+------------+------------+------------+------------+------------+------------+-------------+-------------+-------------+-------------+-------------+-------------+-------------+-------------+-------------+-------------+-------------+-------------+-------------+-------------+-------------+-------------+-------------+-------------+-------------+-------------+-------------+-------------+-------------+-------------+-------------+-------------+-------------+-------------+-------------+-------------+-------------+-------------+-------------+-------------+-------------+-------------+-------------+-------------+
|               Metric              |  HWThread 0 | HWThread 1 | HWThread 2 | HWThread 3 | HWThread 4 | HWThread 5 | HWThread 6 | HWThread 7 | HWThread 8 | HWThread 9 | HWThread 10 | HWThread 11 | HWThread 12 | HWThread 13 | HWThread 14 | HWThread 15 | HWThread 16 | HWThread 17 | HWThread 18 | HWThread 19 | HWThread 20 | HWThread 21 | HWThread 22 | HWThread 23 | HWThread 24 | HWThread 25 | HWThread 26 | HWThread 27 | HWThread 28 | HWThread 29 | HWThread 30 | HWThread 31 | HWThread 32 | HWThread 33 | HWThread 34 | HWThread 35 | HWThread 36 | HWThread 37 | HWThread 38 | HWThread 39 | HWThread 40 | HWThread 41 | HWThread 42 | HWThread 43 | HWThread 44 | HWThread 45 | HWThread 46 | HWThread 47 |
+-----------------------------------+-------------+------------+------------+------------+------------+------------+------------+------------+------------+------------+-------------+-------------+-------------+-------------+-------------+-------------+-------------+-------------+-------------+-------------+-------------+-------------+-------------+-------------+-------------+-------------+-------------+-------------+-------------+-------------+-------------+-------------+-------------+-------------+-------------+-------------+-------------+-------------+-------------+-------------+-------------+-------------+-------------+-------------+-------------+-------------+-------------+-------------+
|        Runtime (RDTSC) [s]        |    313.4980 |   311.8544 |   313.3241 |   313.4103 |   312.3125 |   310.4905 |   311.7737 |   312.2237 |   311.6888 |   312.3943 |    313.7361 |    312.8811 |    311.5212 |    311.1487 |    310.6938 |    313.0383 |    313.5910 |    310.5538 |    311.2331 |    310.5540 |    313.5913 |    311.7730 |    312.3115 |    313.8183 |    310.9429 |    311.3152 |    310.9431 |    310.8602 |    312.1408 |    310.7765 |    311.2326 |    311.3152 |    312.6822 |    312.8096 |    312.9658 |    313.0353 |    313.2366 |    310.8605 |    313.9010 |    313.9015 |    312.3117 |    312.5996 |    311.9979 |    312.5998 |    313.3234 |    312.5331 |    311.9980 |    311.6051 |
|        Runtime unhalted [s]       |    441.7820 |   440.3324 |   440.6374 |   440.5743 |   440.6128 |   440.6470 |   440.6039 |   440.7551 |   440.6363 |   440.5920 |    440.6974 |    440.7401 |    440.7174 |    440.6993 |    440.6605 |    440.6089 |    440.6086 |    440.6332 |    440.6305 |    440.5982 |    440.7151 |    440.7209 |    440.6420 |    440.6347 |    440.6474 |    440.6928 |    440.6128 |    440.6024 |    440.6563 |    440.6551 |    440.6197 |    440.5943 |    440.6186 |    440.5663 |    440.6143 |    440.5859 |    440.5943 |    440.6401 |    440.6459 |    440.5639 |    440.6028 |    440.6509 |    440.6636 |    440.6059 |    440.5651 |    440.6174 |    440.6082 |    440.6609 |
|            Clock [MHz]            |   3698.6011 |  3687.7702 |  3690.4745 |  3689.9275 |  3690.0269 |  3690.6940 |  3689.9606 |  3691.2238 |  3690.5220 |  3689.7310 |   3690.6707 |   3691.1100 |   3690.8377 |   3690.7681 |   3690.4446 |   3689.8549 |   3689.9476 |   3690.3252 |   3690.2423 |   3689.9713 |   3690.9519 |   3691.0711 |   3690.3335 |   3690.3751 |   3690.3461 |   3690.5620 |   3689.9154 |   3689.8650 |   3690.4124 |   3690.3346 |   3690.0456 |   3689.8609 |   3690.0803 |   3689.7533 |   3690.2140 |   3689.8234 |   3689.9583 |   3690.4852 |   3690.3972 |   3689.7390 |   3689.9665 |   3690.4011 |   3690.5020 |   3689.9260 |   3689.6138 |   3690.0213 |   3689.9444 |   3690.5777 |
|                CPI                |      0.5736 |     0.5749 |     0.5749 |     0.5753 |     0.5753 |     0.5749 |     0.5749 |     0.5749 |     0.5690 |     0.5690 |      0.5685 |      0.5690 |      0.5691 |      0.5688 |      0.5688 |      0.5692 |      0.5698 |      0.5700 |      0.5705 |      0.5701 |      0.5701 |      0.5700 |      0.5700 |      0.5702 |      0.5723 |      0.5724 |      0.5722 |      0.5724 |      0.5725 |      0.5727 |      0.5729 |      0.5728 |      0.5687 |      0.5688 |      0.5687 |      0.5690 |      0.5687 |      0.5688 |      0.5695 |      0.5691 |      0.5703 |      0.5704 |      0.5704 |      0.5706 |      0.5710 |      0.5706 |      0.5707 |      0.5709 |
|  Memory read bandwidth [MBytes/s] | 116432.7418 |          0 |          0 |          0 |          0 |          0 |          0 |          0 |          0 |          0 |           0 |           0 |           0 |           0 |           0 |           0 |           0 |           0 |           0 |           0 |           0 |           0 |           0 |           0 |           0 |           0 |           0 |           0 |           0 |           0 |           0 |           0 |           0 |           0 |           0 |           0 |           0 |           0 |           0 |           0 |           0 |           0 |           0 |           0 |           0 |           0 |           0 |           0 |
|  Memory read data volume [GBytes] |  36501.4317 |          0 |          0 |          0 |          0 |          0 |          0 |          0 |          0 |          0 |           0 |           0 |           0 |           0 |           0 |           0 |           0 |           0 |           0 |           0 |           0 |           0 |           0 |           0 |           0 |           0 |           0 |           0 |           0 |           0 |           0 |           0 |           0 |           0 |           0 |           0 |           0 |           0 |           0 |           0 |           0 |           0 |           0 |           0 |           0 |           0 |           0 |           0 |
| Memory write bandwidth [MBytes/s] |    489.1749 |          0 |          0 |          0 |          0 |          0 |          0 |          0 |          0 |          0 |           0 |           0 |           0 |           0 |           0 |           0 |           0 |           0 |           0 |           0 |           0 |           0 |           0 |           0 |           0 |           0 |           0 |           0 |           0 |           0 |           0 |           0 |           0 |           0 |           0 |           0 |           0 |           0 |           0 |           0 |           0 |           0 |           0 |           0 |           0 |           0 |           0 |           0 |
| Memory write data volume [GBytes] |    153.3553 |          0 |          0 |          0 |          0 |          0 |          0 |          0 |          0 |          0 |           0 |           0 |           0 |           0 |           0 |           0 |           0 |           0 |           0 |           0 |           0 |           0 |           0 |           0 |           0 |           0 |           0 |           0 |           0 |           0 |           0 |           0 |           0 |           0 |           0 |           0 |           0 |           0 |           0 |           0 |           0 |           0 |           0 |           0 |           0 |           0 |           0 |           0 |
|    Memory bandwidth [MBytes/s]    | 116921.9167 |          0 |          0 |          0 |          0 |          0 |          0 |          0 |          0 |          0 |           0 |           0 |           0 |           0 |           0 |           0 |           0 |           0 |           0 |           0 |           0 |           0 |           0 |           0 |           0 |           0 |           0 |           0 |           0 |           0 |           0 |           0 |           0 |           0 |           0 |           0 |           0 |           0 |           0 |           0 |           0 |           0 |           0 |           0 |           0 |           0 |           0 |           0 |
|    Memory data volume [GBytes]    |  36654.7870 |          0 |          0 |          0 |          0 |          0 |          0 |          0 |          0 |          0 |           0 |           0 |           0 |           0 |           0 |           0 |           0 |           0 |           0 |           0 |           0 |           0 |           0 |           0 |           0 |           0 |           0 |           0 |           0 |           0 |           0 |           0 |           0 |           0 |           0 |           0 |           0 |           0 |           0 |           0 |           0 |           0 |           0 |           0 |           0 |           0 |           0 |           0 |
+-----------------------------------+-------------+------------+------------+------------+------------+------------+------------+------------+------------+------------+-------------+-------------+-------------+-------------+-------------+-------------+-------------+-------------+-------------+-------------+-------------+-------------+-------------+-------------+-------------+-------------+-------------+-------------+-------------+-------------+-------------+-------------+-------------+-------------+-------------+-------------+-------------+-------------+-------------+-------------+-------------+-------------+-------------+-------------+-------------+-------------+-------------+-------------+

+----------------------------------------+-------------+-----------+-------------+-----------+
|                 Metric                 |     Sum     |    Min    |     Max     |    Avg    |
+----------------------------------------+-------------+-----------+-------------+-----------+
|        Runtime (RDTSC) [s] STAT        |  14985.3031 |  310.4905 |    313.9015 |  312.1938 |
|        Runtime unhalted [s] STAT       |  21151.3649 |  440.3324 |    441.7820 |  440.6534 |
|            Clock [MHz] STAT            | 177138.5811 | 3687.7702 |   3698.6011 | 3690.3871 |
|                CPI STAT                |     27.4072 |    0.5685 |      0.5753 |    0.5710 |
|  Memory read bandwidth [MBytes/s] STAT | 116432.7418 |         0 | 116432.7418 | 2425.6821 |
|  Memory read data volume [GBytes] STAT |  36501.4317 |         0 |  36501.4317 |  760.4465 |
| Memory write bandwidth [MBytes/s] STAT |    489.1749 |         0 |    489.1749 |   10.1911 |
| Memory write data volume [GBytes] STAT |    153.3553 |         0 |    153.3553 |    3.1949 |
|    Memory bandwidth [MBytes/s] STAT    | 116921.9167 |         0 | 116921.9167 | 2435.8733 |
|    Memory data volume [GBytes] STAT    |  36654.7870 |         0 |  36654.7870 |  763.6414 |
+----------------------------------------+-------------+-----------+-------------+-----------+

