INFO: You are running LIKWID in a cpuset with 64 CPUs. Taking given IDs as logical ID in cpuset
--------------------------------------------------------------------------------
CPU name:	AMD EPYC 9A14 96-Core Processor                
CPU type:	AMD K19 (Zen4) architecture
CPU clock:	2.60 GHz
--------------------------------------------------------------------------------
Sys.CPU_THREADS       192
SLURM_CPUS_PER_TASK   64
OMP_NUM_THREADS       64
OMP_PROC_BIND         close
OMP_PLACES            cores
BLAS_NUM_THREADS      1
Threads.nthreads()    1

Successfully read data from: /public/home/halili/jld2file/6-31g/o2-1.0-6-31g.jld2
  name: o2
  ratio: 1.0
  basis: 6-31g
  nα: 8, nβ: 8, ne: 16, norb: 18, nq: 36

  ngs: 4266
  ncs: 22543

Warming up JIT and Hardware...
Warm-up completed.
  Step 001:  residual: 9.5235e-01,  e: -149.45320229675207
  Step 002:  residual: 7.0900e-01,  e: -149.59391697072704
  Step 003:  residual: 3.4390e-01,  e: -149.71881382605227
  Step 004:  residual: 1.3670e-01,  e: -149.74155494323810
  Step 005:  residual: 5.6781e-02,  e: -149.74486722652435
  Step 006:  residual: 3.0719e-02,  e: -149.74550118255098
  Step 007:  residual: 2.2745e-02,  e: -149.74573279555429
  Step 008:  residual: 2.6203e-02,  e: -149.74592799688321
  Step 009:  residual: 3.4719e-02,  e: -149.74623194412567
  Step 010:  residual: 2.6370e-02,  e: -149.74654741412476
  Step 011:  residual: 1.1805e-02,  e: -149.74665437187241
  Step 012:  residual: 4.6480e-03,  e: -149.74667295626753
  Step 013:  residual: 1.7886e-03,  e: -149.74667552118098
  Step 014:  residual: 6.8126e-04,  e: -149.74667587808389
  Step 015:  residual: 2.5621e-04,  e: -149.74667592692393
  Step 016:  residual: 9.5094e-05,  e: -149.74667593407196
  Step 017:  residual: 3.6656e-05,  e: -149.74667593511128
  Step 018:  residual: 1.4803e-05,  e: -149.74667593526473
  Step 019:  residual: 6.2970e-06,  e: -149.74667593529122

Convergence reached!
262.358723 seconds (7.21 M allocations: 69.917 GiB, 0.18% gc time, 0.75% compilation time)
--------------------------------------------------------------------------------
Region hvec_direct_agg, Group 1: MEM
+-------------------+------------+------------+------------+------------+------------+------------+------------+------------+------------+------------+-------------+-------------+-------------+-------------+-------------+-------------+-------------+-------------+-------------+-------------+-------------+-------------+-------------+-------------+-------------+-------------+-------------+-------------+-------------+-------------+-------------+-------------+-------------+-------------+-------------+-------------+-------------+-------------+-------------+-------------+-------------+-------------+-------------+-------------+-------------+-------------+-------------+-------------+-------------+-------------+-------------+-------------+-------------+-------------+-------------+-------------+-------------+-------------+-------------+-------------+-------------+-------------+-------------+-------------+
|    Region Info    | HWThread 0 | HWThread 1 | HWThread 2 | HWThread 3 | HWThread 4 | HWThread 5 | HWThread 6 | HWThread 7 | HWThread 8 | HWThread 9 | HWThread 10 | HWThread 11 | HWThread 12 | HWThread 13 | HWThread 14 | HWThread 15 | HWThread 16 | HWThread 17 | HWThread 18 | HWThread 19 | HWThread 20 | HWThread 21 | HWThread 22 | HWThread 23 | HWThread 24 | HWThread 25 | HWThread 26 | HWThread 27 | HWThread 28 | HWThread 29 | HWThread 30 | HWThread 31 | HWThread 32 | HWThread 33 | HWThread 34 | HWThread 35 | HWThread 36 | HWThread 37 | HWThread 38 | HWThread 39 | HWThread 40 | HWThread 41 | HWThread 42 | HWThread 43 | HWThread 44 | HWThread 45 | HWThread 46 | HWThread 47 | HWThread 48 | HWThread 49 | HWThread 50 | HWThread 51 | HWThread 52 | HWThread 53 | HWThread 54 | HWThread 55 | HWThread 56 | HWThread 57 | HWThread 58 | HWThread 59 | HWThread 60 | HWThread 61 | HWThread 62 | HWThread 63 |
+-------------------+------------+------------+------------+------------+------------+------------+------------+------------+------------+------------+-------------+-------------+-------------+-------------+-------------+-------------+-------------+-------------+-------------+-------------+-------------+-------------+-------------+-------------+-------------+-------------+-------------+-------------+-------------+-------------+-------------+-------------+-------------+-------------+-------------+-------------+-------------+-------------+-------------+-------------+-------------+-------------+-------------+-------------+-------------+-------------+-------------+-------------+-------------+-------------+-------------+-------------+-------------+-------------+-------------+-------------+-------------+-------------+-------------+-------------+-------------+-------------+-------------+-------------+
| RDTSC Runtime [s] | 242.581700 | 239.616900 | 242.080600 | 240.195800 | 242.848000 | 238.759600 | 242.671500 | 242.492200 | 242.316300 | 241.681400 |  240.846000 |  241.761900 |  239.234300 |  241.761500 |  242.584600 |  240.351500 |  239.874900 |  240.133700 |  241.381400 |  239.616700 |  241.381900 |  241.603000 |  239.084000 |  239.084000 |  240.523900 |  239.960500 |  242.404200 |  241.079700 |  239.315700 |  238.492200 |  238.671400 |  239.788400 |  242.940100 |  238.845300 |  242.940100 |  239.960500 |  239.960700 |  241.248100 |  238.759000 |  242.940500 |  241.080600 |  240.698800 |  241.163900 |  240.698500 |  240.932100 |  241.467500 |  242.757600 |  240.846200 |  240.611700 |  239.404400 |  241.761600 |  238.582300 |  238.287100 |  241.990400 |  239.404000 |  239.404400 |  242.166000 |  238.354300 |  240.436100 |  243.155800 |  243.155200 |  238.995400 |  242.166300 |  238.354000 |
|     call count    |         19 |         19 |         19 |         19 |         19 |         19 |         19 |         19 |         19 |         19 |          19 |          19 |          19 |          19 |          19 |          19 |          19 |          19 |          19 |          19 |          19 |          19 |          19 |          19 |          19 |          19 |          19 |          19 |          19 |          19 |          19 |          19 |          19 |          19 |          19 |          19 |          19 |          19 |          19 |          19 |          19 |          19 |          19 |          19 |          19 |          19 |          19 |          19 |          19 |          19 |          19 |          19 |          19 |          19 |          19 |          19 |          19 |          19 |          19 |          19 |          19 |          19 |          19 |          19 |
+-------------------+------------+------------+------------+------------+------------+------------+------------+------------+------------+------------+-------------+-------------+-------------+-------------+-------------+-------------+-------------+-------------+-------------+-------------+-------------+-------------+-------------+-------------+-------------+-------------+-------------+-------------+-------------+-------------+-------------+-------------+-------------+-------------+-------------+-------------+-------------+-------------+-------------+-------------+-------------+-------------+-------------+-------------+-------------+-------------+-------------+-------------+-------------+-------------+-------------+-------------+-------------+-------------+-------------+-------------+-------------+-------------+-------------+-------------+-------------+-------------+-------------+-------------+

+----------------------+---------+---------------+---------------+---------------+---------------+---------------+---------------+---------------+---------------+---------------+---------------+---------------+---------------+---------------+---------------+---------------+---------------+---------------+---------------+---------------+---------------+---------------+---------------+---------------+---------------+---------------+---------------+---------------+---------------+---------------+---------------+---------------+---------------+---------------+---------------+---------------+---------------+---------------+---------------+---------------+---------------+---------------+---------------+---------------+---------------+---------------+---------------+---------------+---------------+---------------+---------------+---------------+---------------+---------------+---------------+---------------+---------------+---------------+---------------+---------------+---------------+---------------+---------------+---------------+---------------+
|         Event        | Counter |   HWThread 0  |   HWThread 1  |   HWThread 2  |   HWThread 3  |   HWThread 4  |   HWThread 5  |   HWThread 6  |   HWThread 7  |   HWThread 8  |   HWThread 9  |  HWThread 10  |  HWThread 11  |  HWThread 12  |  HWThread 13  |  HWThread 14  |  HWThread 15  |  HWThread 16  |  HWThread 17  |  HWThread 18  |  HWThread 19  |  HWThread 20  |  HWThread 21  |  HWThread 22  |  HWThread 23  |  HWThread 24  |  HWThread 25  |  HWThread 26  |  HWThread 27  |  HWThread 28  |  HWThread 29  |  HWThread 30  |  HWThread 31  |  HWThread 32  |  HWThread 33  |  HWThread 34  |  HWThread 35  |  HWThread 36  |  HWThread 37  |  HWThread 38  |  HWThread 39  |  HWThread 40  |  HWThread 41  |  HWThread 42  |  HWThread 43  |  HWThread 44  |  HWThread 45  |  HWThread 46  |  HWThread 47  |  HWThread 48  |  HWThread 49  |  HWThread 50  |  HWThread 51  |  HWThread 52  |  HWThread 53  |  HWThread 54  |  HWThread 55  |  HWThread 56  |  HWThread 57  |  HWThread 58  |  HWThread 59  |  HWThread 60  |  HWThread 61  |  HWThread 62  |  HWThread 63  |
+----------------------+---------+---------------+---------------+---------------+---------------+---------------+---------------+---------------+---------------+---------------+---------------+---------------+---------------+---------------+---------------+---------------+---------------+---------------+---------------+---------------+---------------+---------------+---------------+---------------+---------------+---------------+---------------+---------------+---------------+---------------+---------------+---------------+---------------+---------------+---------------+---------------+---------------+---------------+---------------+---------------+---------------+---------------+---------------+---------------+---------------+---------------+---------------+---------------+---------------+---------------+---------------+---------------+---------------+---------------+---------------+---------------+---------------+---------------+---------------+---------------+---------------+---------------+---------------+---------------+---------------+
|   ACTUAL_CPU_CLOCK   |  FIXC1  |  881301000000 |  877492500000 |  878293300000 |  878403000000 |  878167200000 |  878181400000 |  878440600000 |  878305000000 |  878480400000 |  878382300000 |  878425300000 |  878181100000 |  878449100000 |  878281700000 |  878486300000 |  878312000000 |  878363500000 |  878177200000 |  878356500000 |  878205400000 |  878191800000 |  878417300000 |  878403800000 |  878166200000 |  878405200000 |  878462500000 |  878401300000 |  878278700000 |  878247800000 |  878366000000 |  878422100000 |  878461600000 |  878198300000 |  878341600000 |  878369300000 |  878260700000 |  878248000000 |  878175200000 |  878262100000 |  878182900000 |  878221000000 |  878354500000 |  878467900000 |  878195700000 |  878315600000 |  878369500000 |  878367500000 |  878136900000 |  878351400000 |  878310600000 |  878222500000 |  878337100000 |  878329300000 |  878594100000 |  878255800000 |  878211600000 |  878115100000 |  878313400000 |  878456300000 |  878290800000 |  878139400000 |  878342800000 |  878401600000 |  878126400000 |
|     MAX_CPU_CLOCK    |  FIXC2  |  619671500000 |  619307400000 |  619329100000 |  619377800000 |  619344900000 |  619279400000 |  619365200000 |  619308500000 |  619431000000 |  619426200000 |  619427300000 |  619430900000 |  619426200000 |  619447200000 |  619438200000 |  619407400000 |  619385600000 |  619402500000 |  619409200000 |  619403700000 |  619424300000 |  619463500000 |  619419700000 |  619401200000 |  619401900000 |  619408900000 |  619380100000 |  619383000000 |  619360900000 |  619379800000 |  619405600000 |  619406900000 |  619418400000 |  619370400000 |  619414800000 |  619426400000 |  619415100000 |  619352400000 |  619385800000 |  619385000000 |  619408000000 |  619370800000 |  619407100000 |  619374600000 |  619319900000 |  619379100000 |  619381800000 |  619382900000 |  619381600000 |  619411600000 |  619396600000 |  619375000000 |  619384100000 |  619401600000 |  619434900000 |  619393800000 |  619399000000 |  619380700000 |  619450700000 |  619381700000 |  619370300000 |  619377100000 |  619399300000 |  619375200000 |
| RETIRED_INSTRUCTIONS |   PMC0  | 1491839000000 | 1480942000000 | 1482334000000 | 1483998000000 | 1482608000000 | 1481414000000 | 1483046000000 | 1478478000000 | 1505302000000 | 1505720000000 | 1505274000000 | 1504229000000 | 1505456000000 | 1503761000000 | 1505456000000 | 1504593000000 | 1499623000000 | 1498337000000 | 1499844000000 | 1499023000000 | 1498844000000 | 1499783000000 | 1498148000000 | 1498488000000 | 1489270000000 | 1489019000000 | 1488492000000 | 1487536000000 | 1488118000000 | 1488461000000 | 1487244000000 | 1487286000000 | 1498529000000 | 1499680000000 | 1498672000000 | 1499710000000 | 1499020000000 | 1497914000000 | 1499201000000 | 1498231000000 | 1496893000000 | 1499100000000 | 1498424000000 | 1497609000000 | 1498686000000 | 1498380000000 | 1496274000000 | 1495674000000 | 1507450000000 | 1507181000000 | 1507890000000 | 1507378000000 | 1506298000000 | 1507905000000 | 1506031000000 | 1506696000000 | 1507557000000 | 1507797000000 | 1509562000000 | 1506867000000 | 1507196000000 | 1507779000000 | 1508382000000 | 1503209000000 |
|  CPU_CLOCKS_UNHALTED |   PMC1  |  875604800000 |  873495900000 |  874130300000 |  874247000000 |  873966800000 |  873997000000 |  874215000000 |  874082300000 |  874524100000 |  874415200000 |  874532400000 |  874186100000 |  874497900000 |  874281600000 |  874565600000 |  874360000000 |  874174500000 |  874039900000 |  874280600000 |  874138700000 |  874119100000 |  874368800000 |  874362000000 |  874036300000 |  874341700000 |  874377100000 |  874314300000 |  874162200000 |  874172400000 |  874268500000 |  874382000000 |  874335100000 |  874252300000 |  874212100000 |  874432100000 |  874419800000 |  874420900000 |  874278400000 |  874424700000 |  874319800000 |  874069700000 |  874235100000 |  874400800000 |  874145500000 |  874215100000 |  874267600000 |  874184000000 |  874042800000 |  874336000000 |  874448300000 |  874319000000 |  874358300000 |  874323100000 |  874643200000 |  874288700000 |  874258600000 |  874045100000 |  874496700000 |  874570900000 |  874400100000 |  874374300000 |  874573000000 |  874514900000 |  874184600000 |
|      CAS_CMD_RD      |  UMC0C0 |   48958570000 |             0 |             0 |             0 |             0 |             0 |             0 |             0 |             0 |             0 |             0 |             0 |             0 |             0 |             0 |             0 |             0 |             0 |             0 |             0 |             0 |             0 |             0 |             0 |             0 |             0 |             0 |             0 |             0 |             0 |             0 |             0 |             0 |             0 |             0 |             0 |             0 |             0 |             0 |             0 |             0 |             0 |             0 |             0 |             0 |             0 |             0 |             0 |             0 |             0 |             0 |             0 |             0 |             0 |             0 |             0 |             0 |             0 |             0 |             0 |             0 |             0 |             0 |             0 |
|      CAS_CMD_WR      |  UMC0C1 |     197842600 |             0 |             0 |             0 |             0 |             0 |             0 |             0 |             0 |             0 |             0 |             0 |             0 |             0 |             0 |             0 |             0 |             0 |             0 |             0 |             0 |             0 |             0 |             0 |             0 |             0 |             0 |             0 |             0 |             0 |             0 |             0 |             0 |             0 |             0 |             0 |             0 |             0 |             0 |             0 |             0 |             0 |             0 |             0 |             0 |             0 |             0 |             0 |             0 |             0 |             0 |             0 |             0 |             0 |             0 |             0 |             0 |             0 |             0 |             0 |             0 |             0 |             0 |             0 |
|      CAS_CMD_RD      |  UMC1C0 |   49026990000 |             0 |             0 |             0 |             0 |             0 |             0 |             0 |             0 |             0 |             0 |             0 |             0 |             0 |             0 |             0 |             0 |             0 |             0 |             0 |             0 |             0 |             0 |             0 |             0 |             0 |             0 |             0 |             0 |             0 |             0 |             0 |             0 |             0 |             0 |             0 |             0 |             0 |             0 |             0 |             0 |             0 |             0 |             0 |             0 |             0 |             0 |             0 |             0 |             0 |             0 |             0 |             0 |             0 |             0 |             0 |             0 |             0 |             0 |             0 |             0 |             0 |             0 |             0 |
|      CAS_CMD_WR      |  UMC1C1 |     198224000 |             0 |             0 |             0 |             0 |             0 |             0 |             0 |             0 |             0 |             0 |             0 |             0 |             0 |             0 |             0 |             0 |             0 |             0 |             0 |             0 |             0 |             0 |             0 |             0 |             0 |             0 |             0 |             0 |             0 |             0 |             0 |             0 |             0 |             0 |             0 |             0 |             0 |             0 |             0 |             0 |             0 |             0 |             0 |             0 |             0 |             0 |             0 |             0 |             0 |             0 |             0 |             0 |             0 |             0 |             0 |             0 |             0 |             0 |             0 |             0 |             0 |             0 |             0 |
|      CAS_CMD_RD      |  UMC2C0 |   48995900000 |             0 |             0 |             0 |             0 |             0 |             0 |             0 |             0 |             0 |             0 |             0 |             0 |             0 |             0 |             0 |             0 |             0 |             0 |             0 |             0 |             0 |             0 |             0 |             0 |             0 |             0 |             0 |             0 |             0 |             0 |             0 |             0 |             0 |             0 |             0 |             0 |             0 |             0 |             0 |             0 |             0 |             0 |             0 |             0 |             0 |             0 |             0 |             0 |             0 |             0 |             0 |             0 |             0 |             0 |             0 |             0 |             0 |             0 |             0 |             0 |             0 |             0 |             0 |
|      CAS_CMD_WR      |  UMC2C1 |     200541000 |             0 |             0 |             0 |             0 |             0 |             0 |             0 |             0 |             0 |             0 |             0 |             0 |             0 |             0 |             0 |             0 |             0 |             0 |             0 |             0 |             0 |             0 |             0 |             0 |             0 |             0 |             0 |             0 |             0 |             0 |             0 |             0 |             0 |             0 |             0 |             0 |             0 |             0 |             0 |             0 |             0 |             0 |             0 |             0 |             0 |             0 |             0 |             0 |             0 |             0 |             0 |             0 |             0 |             0 |             0 |             0 |             0 |             0 |             0 |             0 |             0 |             0 |             0 |
|      CAS_CMD_RD      |  UMC3C0 |   49073720000 |             0 |             0 |             0 |             0 |             0 |             0 |             0 |             0 |             0 |             0 |             0 |             0 |             0 |             0 |             0 |             0 |             0 |             0 |             0 |             0 |             0 |             0 |             0 |             0 |             0 |             0 |             0 |             0 |             0 |             0 |             0 |             0 |             0 |             0 |             0 |             0 |             0 |             0 |             0 |             0 |             0 |             0 |             0 |             0 |             0 |             0 |             0 |             0 |             0 |             0 |             0 |             0 |             0 |             0 |             0 |             0 |             0 |             0 |             0 |             0 |             0 |             0 |             0 |
|      CAS_CMD_WR      |  UMC3C1 |     198888200 |             0 |             0 |             0 |             0 |             0 |             0 |             0 |             0 |             0 |             0 |             0 |             0 |             0 |             0 |             0 |             0 |             0 |             0 |             0 |             0 |             0 |             0 |             0 |             0 |             0 |             0 |             0 |             0 |             0 |             0 |             0 |             0 |             0 |             0 |             0 |             0 |             0 |             0 |             0 |             0 |             0 |             0 |             0 |             0 |             0 |             0 |             0 |             0 |             0 |             0 |             0 |             0 |             0 |             0 |             0 |             0 |             0 |             0 |             0 |             0 |             0 |             0 |             0 |
|      CAS_CMD_RD      |  UMC4C0 |   49181450000 |             0 |             0 |             0 |             0 |             0 |             0 |             0 |             0 |             0 |             0 |             0 |             0 |             0 |             0 |             0 |             0 |             0 |             0 |             0 |             0 |             0 |             0 |             0 |             0 |             0 |             0 |             0 |             0 |             0 |             0 |             0 |             0 |             0 |             0 |             0 |             0 |             0 |             0 |             0 |             0 |             0 |             0 |             0 |             0 |             0 |             0 |             0 |             0 |             0 |             0 |             0 |             0 |             0 |             0 |             0 |             0 |             0 |             0 |             0 |             0 |             0 |             0 |             0 |
|      CAS_CMD_WR      |  UMC4C1 |     201115000 |             0 |             0 |             0 |             0 |             0 |             0 |             0 |             0 |             0 |             0 |             0 |             0 |             0 |             0 |             0 |             0 |             0 |             0 |             0 |             0 |             0 |             0 |             0 |             0 |             0 |             0 |             0 |             0 |             0 |             0 |             0 |             0 |             0 |             0 |             0 |             0 |             0 |             0 |             0 |             0 |             0 |             0 |             0 |             0 |             0 |             0 |             0 |             0 |             0 |             0 |             0 |             0 |             0 |             0 |             0 |             0 |             0 |             0 |             0 |             0 |             0 |             0 |             0 |
|      CAS_CMD_RD      |  UMC5C0 |   49091410000 |             0 |             0 |             0 |             0 |             0 |             0 |             0 |             0 |             0 |             0 |             0 |             0 |             0 |             0 |             0 |             0 |             0 |             0 |             0 |             0 |             0 |             0 |             0 |             0 |             0 |             0 |             0 |             0 |             0 |             0 |             0 |             0 |             0 |             0 |             0 |             0 |             0 |             0 |             0 |             0 |             0 |             0 |             0 |             0 |             0 |             0 |             0 |             0 |             0 |             0 |             0 |             0 |             0 |             0 |             0 |             0 |             0 |             0 |             0 |             0 |             0 |             0 |             0 |
|      CAS_CMD_WR      |  UMC5C1 |     200668400 |             0 |             0 |             0 |             0 |             0 |             0 |             0 |             0 |             0 |             0 |             0 |             0 |             0 |             0 |             0 |             0 |             0 |             0 |             0 |             0 |             0 |             0 |             0 |             0 |             0 |             0 |             0 |             0 |             0 |             0 |             0 |             0 |             0 |             0 |             0 |             0 |             0 |             0 |             0 |             0 |             0 |             0 |             0 |             0 |             0 |             0 |             0 |             0 |             0 |             0 |             0 |             0 |             0 |             0 |             0 |             0 |             0 |             0 |             0 |             0 |             0 |             0 |             0 |
|      CAS_CMD_RD      |  UMC6C0 |   48894810000 |             0 |             0 |             0 |             0 |             0 |             0 |             0 |             0 |             0 |             0 |             0 |             0 |             0 |             0 |             0 |             0 |             0 |             0 |             0 |             0 |             0 |             0 |             0 |             0 |             0 |             0 |             0 |             0 |             0 |             0 |             0 |             0 |             0 |             0 |             0 |             0 |             0 |             0 |             0 |             0 |             0 |             0 |             0 |             0 |             0 |             0 |             0 |             0 |             0 |             0 |             0 |             0 |             0 |             0 |             0 |             0 |             0 |             0 |             0 |             0 |             0 |             0 |             0 |
|      CAS_CMD_WR      |  UMC6C1 |     196769700 |             0 |             0 |             0 |             0 |             0 |             0 |             0 |             0 |             0 |             0 |             0 |             0 |             0 |             0 |             0 |             0 |             0 |             0 |             0 |             0 |             0 |             0 |             0 |             0 |             0 |             0 |             0 |             0 |             0 |             0 |             0 |             0 |             0 |             0 |             0 |             0 |             0 |             0 |             0 |             0 |             0 |             0 |             0 |             0 |             0 |             0 |             0 |             0 |             0 |             0 |             0 |             0 |             0 |             0 |             0 |             0 |             0 |             0 |             0 |             0 |             0 |             0 |             0 |
|      CAS_CMD_RD      |  UMC7C0 |   49031620000 |             0 |             0 |             0 |             0 |             0 |             0 |             0 |             0 |             0 |             0 |             0 |             0 |             0 |             0 |             0 |             0 |             0 |             0 |             0 |             0 |             0 |             0 |             0 |             0 |             0 |             0 |             0 |             0 |             0 |             0 |             0 |             0 |             0 |             0 |             0 |             0 |             0 |             0 |             0 |             0 |             0 |             0 |             0 |             0 |             0 |             0 |             0 |             0 |             0 |             0 |             0 |             0 |             0 |             0 |             0 |             0 |             0 |             0 |             0 |             0 |             0 |             0 |             0 |
|      CAS_CMD_WR      |  UMC7C1 |     197996500 |             0 |             0 |             0 |             0 |             0 |             0 |             0 |             0 |             0 |             0 |             0 |             0 |             0 |             0 |             0 |             0 |             0 |             0 |             0 |             0 |             0 |             0 |             0 |             0 |             0 |             0 |             0 |             0 |             0 |             0 |             0 |             0 |             0 |             0 |             0 |             0 |             0 |             0 |             0 |             0 |             0 |             0 |             0 |             0 |             0 |             0 |             0 |             0 |             0 |             0 |             0 |             0 |             0 |             0 |             0 |             0 |             0 |             0 |             0 |             0 |             0 |             0 |             0 |
|      CAS_CMD_RD      |  UMC8C0 |   49086640000 |             0 |             0 |             0 |             0 |             0 |             0 |             0 |             0 |             0 |             0 |             0 |             0 |             0 |             0 |             0 |             0 |             0 |             0 |             0 |             0 |             0 |             0 |             0 |             0 |             0 |             0 |             0 |             0 |             0 |             0 |             0 |             0 |             0 |             0 |             0 |             0 |             0 |             0 |             0 |             0 |             0 |             0 |             0 |             0 |             0 |             0 |             0 |             0 |             0 |             0 |             0 |             0 |             0 |             0 |             0 |             0 |             0 |             0 |             0 |             0 |             0 |             0 |             0 |
|      CAS_CMD_WR      |  UMC8C1 |     199560700 |             0 |             0 |             0 |             0 |             0 |             0 |             0 |             0 |             0 |             0 |             0 |             0 |             0 |             0 |             0 |             0 |             0 |             0 |             0 |             0 |             0 |             0 |             0 |             0 |             0 |             0 |             0 |             0 |             0 |             0 |             0 |             0 |             0 |             0 |             0 |             0 |             0 |             0 |             0 |             0 |             0 |             0 |             0 |             0 |             0 |             0 |             0 |             0 |             0 |             0 |             0 |             0 |             0 |             0 |             0 |             0 |             0 |             0 |             0 |             0 |             0 |             0 |             0 |
|      CAS_CMD_RD      |  UMC9C0 |   48927560000 |             0 |             0 |             0 |             0 |             0 |             0 |             0 |             0 |             0 |             0 |             0 |             0 |             0 |             0 |             0 |             0 |             0 |             0 |             0 |             0 |             0 |             0 |             0 |             0 |             0 |             0 |             0 |             0 |             0 |             0 |             0 |             0 |             0 |             0 |             0 |             0 |             0 |             0 |             0 |             0 |             0 |             0 |             0 |             0 |             0 |             0 |             0 |             0 |             0 |             0 |             0 |             0 |             0 |             0 |             0 |             0 |             0 |             0 |             0 |             0 |             0 |             0 |             0 |
|      CAS_CMD_WR      |  UMC9C1 |     196798900 |             0 |             0 |             0 |             0 |             0 |             0 |             0 |             0 |             0 |             0 |             0 |             0 |             0 |             0 |             0 |             0 |             0 |             0 |             0 |             0 |             0 |             0 |             0 |             0 |             0 |             0 |             0 |             0 |             0 |             0 |             0 |             0 |             0 |             0 |             0 |             0 |             0 |             0 |             0 |             0 |             0 |             0 |             0 |             0 |             0 |             0 |             0 |             0 |             0 |             0 |             0 |             0 |             0 |             0 |             0 |             0 |             0 |             0 |             0 |             0 |             0 |             0 |             0 |
|      CAS_CMD_RD      | UMC10C0 |   49150200000 |             0 |             0 |             0 |             0 |             0 |             0 |             0 |             0 |             0 |             0 |             0 |             0 |             0 |             0 |             0 |             0 |             0 |             0 |             0 |             0 |             0 |             0 |             0 |             0 |             0 |             0 |             0 |             0 |             0 |             0 |             0 |             0 |             0 |             0 |             0 |             0 |             0 |             0 |             0 |             0 |             0 |             0 |             0 |             0 |             0 |             0 |             0 |             0 |             0 |             0 |             0 |             0 |             0 |             0 |             0 |             0 |             0 |             0 |             0 |             0 |             0 |             0 |             0 |
|      CAS_CMD_WR      | UMC10C1 |     200139800 |             0 |             0 |             0 |             0 |             0 |             0 |             0 |             0 |             0 |             0 |             0 |             0 |             0 |             0 |             0 |             0 |             0 |             0 |             0 |             0 |             0 |             0 |             0 |             0 |             0 |             0 |             0 |             0 |             0 |             0 |             0 |             0 |             0 |             0 |             0 |             0 |             0 |             0 |             0 |             0 |             0 |             0 |             0 |             0 |             0 |             0 |             0 |             0 |             0 |             0 |             0 |             0 |             0 |             0 |             0 |             0 |             0 |             0 |             0 |             0 |             0 |             0 |             0 |
|      CAS_CMD_RD      | UMC11C0 |   49031050000 |             0 |             0 |             0 |             0 |             0 |             0 |             0 |             0 |             0 |             0 |             0 |             0 |             0 |             0 |             0 |             0 |             0 |             0 |             0 |             0 |             0 |             0 |             0 |             0 |             0 |             0 |             0 |             0 |             0 |             0 |             0 |             0 |             0 |             0 |             0 |             0 |             0 |             0 |             0 |             0 |             0 |             0 |             0 |             0 |             0 |             0 |             0 |             0 |             0 |             0 |             0 |             0 |             0 |             0 |             0 |             0 |             0 |             0 |             0 |             0 |             0 |             0 |             0 |
|      CAS_CMD_WR      | UMC11C1 |     202405100 |             0 |             0 |             0 |             0 |             0 |             0 |             0 |             0 |             0 |             0 |             0 |             0 |             0 |             0 |             0 |             0 |             0 |             0 |             0 |             0 |             0 |             0 |             0 |             0 |             0 |             0 |             0 |             0 |             0 |             0 |             0 |             0 |             0 |             0 |             0 |             0 |             0 |             0 |             0 |             0 |             0 |             0 |             0 |             0 |             0 |             0 |             0 |             0 |             0 |             0 |             0 |             0 |             0 |             0 |             0 |             0 |             0 |             0 |             0 |             0 |             0 |             0 |             0 |
+----------------------+---------+---------------+---------------+---------------+---------------+---------------+---------------+---------------+---------------+---------------+---------------+---------------+---------------+---------------+---------------+---------------+---------------+---------------+---------------+---------------+---------------+---------------+---------------+---------------+---------------+---------------+---------------+---------------+---------------+---------------+---------------+---------------+---------------+---------------+---------------+---------------+---------------+---------------+---------------+---------------+---------------+---------------+---------------+---------------+---------------+---------------+---------------+---------------+---------------+---------------+---------------+---------------+---------------+---------------+---------------+---------------+---------------+---------------+---------------+---------------+---------------+---------------+---------------+---------------+---------------+

+---------------------------+---------+----------------+---------------+---------------+---------------+
|           Event           | Counter |       Sum      |      Min      |      Max      |      Avg      |
+---------------------------+---------+----------------+---------------+---------------+---------------+
|   ACTUAL_CPU_CLOCK STAT   |  FIXC1  | 56214174000000 |  877492500000 |  881301000000 |  878346468750 |
|     MAX_CPU_CLOCK STAT    |  FIXC2  | 39641360700000 |  619279400000 |  619671500000 |  6.193963e+11 |
| RETIRED_INSTRUCTIONS STAT |   PMC0  | 95889141000000 | 1478478000000 | 1509562000000 | 1498267828125 |
|  CPU_CLOCKS_UNHALTED STAT |   PMC1  | 55955430700000 |  873495900000 |  875604800000 |  8.743036e+11 |
|      CAS_CMD_RD STAT      |  UMC0C0 |    48958570000 |             0 |   48958570000 |  7.649777e+08 |
|      CAS_CMD_WR STAT      |  UMC0C1 |      197842600 |             0 |     197842600 |  3.091291e+06 |
|      CAS_CMD_RD STAT      |  UMC1C0 |    49026990000 |             0 |   49026990000 |  7.660467e+08 |
|      CAS_CMD_WR STAT      |  UMC1C1 |      198224000 |             0 |     198224000 |       3097250 |
|      CAS_CMD_RD STAT      |  UMC2C0 |    48995900000 |             0 |   48995900000 |  7.655609e+08 |
|      CAS_CMD_WR STAT      |  UMC2C1 |      200541000 |             0 |     200541000 |  3.133453e+06 |
|      CAS_CMD_RD STAT      |  UMC3C0 |    49073720000 |             0 |   49073720000 |     766776875 |
|      CAS_CMD_WR STAT      |  UMC3C1 |      198888200 |             0 |     198888200 |  3.107628e+06 |
|      CAS_CMD_RD STAT      |  UMC4C0 |    49181450000 |             0 |   49181450000 |  7.684602e+08 |
|      CAS_CMD_WR STAT      |  UMC4C1 |      201115000 |             0 |     201115000 |  3.142422e+06 |
|      CAS_CMD_RD STAT      |  UMC5C0 |    49091410000 |             0 |   49091410000 |  7.670533e+08 |
|      CAS_CMD_WR STAT      |  UMC5C1 |      200668400 |             0 |     200668400 |  3.135444e+06 |
|      CAS_CMD_RD STAT      |  UMC6C0 |    48894810000 |             0 |   48894810000 |  7.639814e+08 |
|      CAS_CMD_WR STAT      |  UMC6C1 |      196769700 |             0 |     196769700 |  3.074527e+06 |
|      CAS_CMD_RD STAT      |  UMC7C0 |    49031620000 |             0 |   49031620000 |  7.661191e+08 |
|      CAS_CMD_WR STAT      |  UMC7C1 |      197996500 |             0 |     197996500 |  3.093695e+06 |
|      CAS_CMD_RD STAT      |  UMC8C0 |    49086640000 |             0 |   49086640000 |     766978750 |
|      CAS_CMD_WR STAT      |  UMC8C1 |      199560700 |             0 |     199560700 |  3.118136e+06 |
|      CAS_CMD_RD STAT      |  UMC9C0 |    48927560000 |             0 |   48927560000 |     764493125 |
|      CAS_CMD_WR STAT      |  UMC9C1 |      196798900 |             0 |     196798900 |  3.074983e+06 |
|      CAS_CMD_RD STAT      | UMC10C0 |    49150200000 |             0 |   49150200000 |     767971875 |
|      CAS_CMD_WR STAT      | UMC10C1 |      200139800 |             0 |     200139800 |  3.127184e+06 |
|      CAS_CMD_RD STAT      | UMC11C0 |    49031050000 |             0 |   49031050000 |  7.661102e+08 |
|      CAS_CMD_WR STAT      | UMC11C1 |      202405100 |             0 |     202405100 |  3.162580e+06 |
+---------------------------+---------+----------------+---------------+---------------+---------------+

+-----------------------------------+-------------+------------+------------+------------+------------+------------+------------+------------+------------+------------+-------------+-------------+-------------+-------------+-------------+-------------+-------------+-------------+-------------+-------------+-------------+-------------+-------------+-------------+-------------+-------------+-------------+-------------+-------------+-------------+-------------+-------------+-------------+-------------+-------------+-------------+-------------+-------------+-------------+-------------+-------------+-------------+-------------+-------------+-------------+-------------+-------------+-------------+-------------+-------------+-------------+-------------+-------------+-------------+-------------+-------------+-------------+-------------+-------------+-------------+-------------+-------------+-------------+-------------+
|               Metric              |  HWThread 0 | HWThread 1 | HWThread 2 | HWThread 3 | HWThread 4 | HWThread 5 | HWThread 6 | HWThread 7 | HWThread 8 | HWThread 9 | HWThread 10 | HWThread 11 | HWThread 12 | HWThread 13 | HWThread 14 | HWThread 15 | HWThread 16 | HWThread 17 | HWThread 18 | HWThread 19 | HWThread 20 | HWThread 21 | HWThread 22 | HWThread 23 | HWThread 24 | HWThread 25 | HWThread 26 | HWThread 27 | HWThread 28 | HWThread 29 | HWThread 30 | HWThread 31 | HWThread 32 | HWThread 33 | HWThread 34 | HWThread 35 | HWThread 36 | HWThread 37 | HWThread 38 | HWThread 39 | HWThread 40 | HWThread 41 | HWThread 42 | HWThread 43 | HWThread 44 | HWThread 45 | HWThread 46 | HWThread 47 | HWThread 48 | HWThread 49 | HWThread 50 | HWThread 51 | HWThread 52 | HWThread 53 | HWThread 54 | HWThread 55 | HWThread 56 | HWThread 57 | HWThread 58 | HWThread 59 | HWThread 60 | HWThread 61 | HWThread 62 | HWThread 63 |
+-----------------------------------+-------------+------------+------------+------------+------------+------------+------------+------------+------------+------------+-------------+-------------+-------------+-------------+-------------+-------------+-------------+-------------+-------------+-------------+-------------+-------------+-------------+-------------+-------------+-------------+-------------+-------------+-------------+-------------+-------------+-------------+-------------+-------------+-------------+-------------+-------------+-------------+-------------+-------------+-------------+-------------+-------------+-------------+-------------+-------------+-------------+-------------+-------------+-------------+-------------+-------------+-------------+-------------+-------------+-------------+-------------+-------------+-------------+-------------+-------------+-------------+-------------+-------------+
|        Runtime (RDTSC) [s]        |    242.5817 |   239.6169 |   242.0806 |   240.1958 |   242.8480 |   238.7596 |   242.6715 |   242.4922 |   242.3163 |   241.6814 |    240.8460 |    241.7619 |    239.2343 |    241.7615 |    242.5846 |    240.3515 |    239.8749 |    240.1337 |    241.3814 |    239.6167 |    241.3819 |    241.6030 |    239.0840 |    239.0840 |    240.5239 |    239.9605 |    242.4042 |    241.0797 |    239.3157 |    238.4922 |    238.6714 |    239.7884 |    242.9401 |    238.8453 |    242.9401 |    239.9605 |    239.9607 |    241.2481 |    238.7590 |    242.9405 |    241.0806 |    240.6988 |    241.1639 |    240.6985 |    240.9321 |    241.4675 |    242.7576 |    240.8462 |    240.6117 |    239.4044 |    241.7616 |    238.5823 |    238.2871 |    241.9904 |    239.4040 |    239.4044 |    242.1660 |    238.3543 |    240.4361 |    243.1558 |    243.1552 |    238.9954 |    242.1663 |    238.3540 |
|        Runtime unhalted [s]       |    338.9627 |   337.4979 |   337.8059 |   337.8481 |   337.7574 |   337.7628 |   337.8625 |   337.8104 |   337.8778 |   337.8401 |    337.8566 |    337.7627 |    337.8658 |    337.8014 |    337.8801 |    337.8131 |    337.8329 |    337.7612 |    337.8302 |    337.7721 |    337.7668 |    337.8536 |    337.8484 |    337.7570 |    337.8489 |    337.8709 |    337.8474 |    337.8002 |    337.7884 |    337.8338 |    337.8554 |    337.8706 |    337.7693 |    337.8244 |    337.8351 |    337.7933 |    337.7884 |    337.7604 |    337.7939 |    337.7634 |    337.7781 |    337.8294 |    337.8730 |    337.7683 |    337.8144 |    337.8352 |    337.8344 |    337.7457 |    337.8282 |    337.8125 |    337.7786 |    337.8227 |    337.8197 |    337.9216 |    337.7914 |    337.7744 |    337.7373 |    337.8136 |    337.8686 |    337.8049 |    337.7467 |    337.8249 |    337.8475 |    337.7417 |
|            Clock [MHz]            |   3697.7295 |  3683.9145 |  3687.1472 |  3687.3178 |  3686.5238 |  3686.9733 |  3687.5506 |  3687.3190 |  3687.3260 |  3686.9428 |   3687.1167 |   3686.0703 |   3687.2232 |   3686.3955 |   3687.3079 |   3686.7596 |   3687.1055 |   3686.2229 |   3686.9357 |   3686.3342 |   3686.1545 |   3686.8677 |   3687.0717 |   3686.1845 |   3687.1835 |   3687.3824 |   3687.2970 |   3686.7650 |   3686.7669 |   3687.1506 |   3687.2325 |   3687.3905 |   3686.2169 |   3687.1041 |   3686.9561 |   3686.4312 |   3686.4451 |   3686.5127 |   3686.6787 |   3686.3510 |   3686.3740 |   3687.1559 |   3687.4158 |   3686.4666 |   3687.2956 |   3687.1694 |   3687.1449 |   3686.1704 |   3687.0786 |   3686.7287 |   3686.4482 |   3687.0578 |   3686.9709 |   3687.9783 |   3686.3600 |   3686.4191 |   3685.9831 |   3686.9244 |   3687.1076 |   3686.8236 |   3686.2559 |   3687.0692 |   3687.1839 |   3686.1722 |
|                CPI                |      0.5869 |     0.5898 |     0.5897 |     0.5891 |     0.5895 |     0.5900 |     0.5895 |     0.5912 |     0.5810 |     0.5807 |      0.5810 |      0.5812 |      0.5809 |      0.5814 |      0.5809 |      0.5811 |      0.5829 |      0.5833 |      0.5829 |      0.5831 |      0.5832 |      0.5830 |      0.5836 |      0.5833 |      0.5871 |      0.5872 |      0.5874 |      0.5877 |      0.5874 |      0.5874 |      0.5879 |      0.5879 |      0.5834 |      0.5829 |      0.5835 |      0.5831 |      0.5833 |      0.5837 |      0.5833 |      0.5836 |      0.5839 |      0.5832 |      0.5835 |      0.5837 |      0.5833 |      0.5835 |      0.5842 |      0.5844 |      0.5800 |      0.5802 |      0.5798 |      0.5801 |      0.5804 |      0.5800 |      0.5805 |      0.5802 |      0.5798 |      0.5800 |      0.5794 |      0.5803 |      0.5801 |      0.5800 |      0.5798 |      0.5815 |
|  Memory read bandwidth [MBytes/s] | 155249.9421 |          0 |          0 |          0 |          0 |          0 |          0 |          0 |          0 |          0 |           0 |           0 |           0 |           0 |           0 |           0 |           0 |           0 |           0 |           0 |           0 |           0 |           0 |           0 |           0 |           0 |           0 |           0 |           0 |           0 |           0 |           0 |           0 |           0 |           0 |           0 |           0 |           0 |           0 |           0 |           0 |           0 |           0 |           0 |           0 |           0 |           0 |           0 |           0 |           0 |           0 |           0 |           0 |           0 |           0 |           0 |           0 |           0 |           0 |           0 |           0 |           0 |           0 |           0 |
|  Memory read data volume [GBytes] |  37660.7949 |          0 |          0 |          0 |          0 |          0 |          0 |          0 |          0 |          0 |           0 |           0 |           0 |           0 |           0 |           0 |           0 |           0 |           0 |           0 |           0 |           0 |           0 |           0 |           0 |           0 |           0 |           0 |           0 |           0 |           0 |           0 |           0 |           0 |           0 |           0 |           0 |           0 |           0 |           0 |           0 |           0 |           0 |           0 |           0 |           0 |           0 |           0 |           0 |           0 |           0 |           0 |           0 |           0 |           0 |           0 |           0 |           0 |           0 |           0 |           0 |           0 |           0 |           0 |
| Memory write bandwidth [MBytes/s] |    630.8011 |          0 |          0 |          0 |          0 |          0 |          0 |          0 |          0 |          0 |           0 |           0 |           0 |           0 |           0 |           0 |           0 |           0 |           0 |           0 |           0 |           0 |           0 |           0 |           0 |           0 |           0 |           0 |           0 |           0 |           0 |           0 |           0 |           0 |           0 |           0 |           0 |           0 |           0 |           0 |           0 |           0 |           0 |           0 |           0 |           0 |           0 |           0 |           0 |           0 |           0 |           0 |           0 |           0 |           0 |           0 |           0 |           0 |           0 |           0 |           0 |           0 |           0 |           0 |
| Memory write data volume [GBytes] |    153.0208 |          0 |          0 |          0 |          0 |          0 |          0 |          0 |          0 |          0 |           0 |           0 |           0 |           0 |           0 |           0 |           0 |           0 |           0 |           0 |           0 |           0 |           0 |           0 |           0 |           0 |           0 |           0 |           0 |           0 |           0 |           0 |           0 |           0 |           0 |           0 |           0 |           0 |           0 |           0 |           0 |           0 |           0 |           0 |           0 |           0 |           0 |           0 |           0 |           0 |           0 |           0 |           0 |           0 |           0 |           0 |           0 |           0 |           0 |           0 |           0 |           0 |           0 |           0 |
|    Memory bandwidth [MBytes/s]    | 155880.7432 |          0 |          0 |          0 |          0 |          0 |          0 |          0 |          0 |          0 |           0 |           0 |           0 |           0 |           0 |           0 |           0 |           0 |           0 |           0 |           0 |           0 |           0 |           0 |           0 |           0 |           0 |           0 |           0 |           0 |           0 |           0 |           0 |           0 |           0 |           0 |           0 |           0 |           0 |           0 |           0 |           0 |           0 |           0 |           0 |           0 |           0 |           0 |           0 |           0 |           0 |           0 |           0 |           0 |           0 |           0 |           0 |           0 |           0 |           0 |           0 |           0 |           0 |           0 |
|    Memory data volume [GBytes]    |  37813.8157 |          0 |          0 |          0 |          0 |          0 |          0 |          0 |          0 |          0 |           0 |           0 |           0 |           0 |           0 |           0 |           0 |           0 |           0 |           0 |           0 |           0 |           0 |           0 |           0 |           0 |           0 |           0 |           0 |           0 |           0 |           0 |           0 |           0 |           0 |           0 |           0 |           0 |           0 |           0 |           0 |           0 |           0 |           0 |           0 |           0 |           0 |           0 |           0 |           0 |           0 |           0 |           0 |           0 |           0 |           0 |           0 |           0 |           0 |           0 |           0 |           0 |           0 |           0 |
+-----------------------------------+-------------+------------+------------+------------+------------+------------+------------+------------+------------+------------+-------------+-------------+-------------+-------------+-------------+-------------+-------------+-------------+-------------+-------------+-------------+-------------+-------------+-------------+-------------+-------------+-------------+-------------+-------------+-------------+-------------+-------------+-------------+-------------+-------------+-------------+-------------+-------------+-------------+-------------+-------------+-------------+-------------+-------------+-------------+-------------+-------------+-------------+-------------+-------------+-------------+-------------+-------------+-------------+-------------+-------------+-------------+-------------+-------------+-------------+-------------+-------------+-------------+-------------+

+----------------------------------------+-------------+-----------+-------------+-----------+
|                 Metric                 |     Sum     |    Min    |     Max     |    Avg    |
+----------------------------------------+-------------+-----------+-------------+-----------+
|        Runtime (RDTSC) [s] STAT        |  15407.6479 |  238.2871 |    243.1558 |  240.7445 |
|        Runtime unhalted [s] STAT       |  21620.8841 |  337.4979 |    338.9627 |  337.8263 |
|            Clock [MHz] STAT            | 235966.1127 | 3683.9145 |   3697.7295 | 3686.9705 |
|                CPI STAT                |     37.3478 |    0.5794 |      0.5912 |    0.5836 |
|  Memory read bandwidth [MBytes/s] STAT | 155249.9421 |         0 | 155249.9421 | 2425.7803 |
|  Memory read data volume [GBytes] STAT |  37660.7949 |         0 |  37660.7949 |  588.4499 |
| Memory write bandwidth [MBytes/s] STAT |    630.8011 |         0 |    630.8011 |    9.8563 |
| Memory write data volume [GBytes] STAT |    153.0208 |         0 |    153.0208 |    2.3910 |
|    Memory bandwidth [MBytes/s] STAT    | 155880.7432 |         0 | 155880.7432 | 2435.6366 |
|    Memory data volume [GBytes] STAT    |  37813.8157 |         0 |  37813.8157 |  590.8409 |
+----------------------------------------+-------------+-----------+-------------+-----------+

