INFO: You are running LIKWID in a cpuset with 80 CPUs. Taking given IDs as logical ID in cpuset
--------------------------------------------------------------------------------
CPU name:	AMD EPYC 9A14 96-Core Processor                
CPU type:	AMD K19 (Zen4) architecture
CPU clock:	2.60 GHz
--------------------------------------------------------------------------------
Sys.CPU_THREADS       192
SLURM_CPUS_PER_TASK   80
OMP_NUM_THREADS       80
OMP_PROC_BIND         close
OMP_PLACES            cores
BLAS_NUM_THREADS      1
Threads.nthreads()    1

Successfully read data from: /public/home/halili/jld2file/6-31g/o2-1.0-6-31g.jld2
  name: o2
  ratio: 1.0
  basis: 6-31g
  nα: 8, nβ: 8, ne: 16, norb: 18, nq: 36

  ngs: 4266
  ncs: 22543

Warming up JIT and Hardware...
Warm-up completed.
  Step 001:  residual: 9.5235e-01,  e: -149.45320229675224
  Step 002:  residual: 7.0900e-01,  e: -149.59391697072718
  Step 003:  residual: 3.4390e-01,  e: -149.71881382605235
  Step 004:  residual: 1.3670e-01,  e: -149.74155494323838
  Step 005:  residual: 5.6781e-02,  e: -149.74486722652466
  Step 006:  residual: 3.0719e-02,  e: -149.74550118255132
  Step 007:  residual: 2.2745e-02,  e: -149.74573279555469
  Step 008:  residual: 2.6203e-02,  e: -149.74592799688372
  Step 009:  residual: 3.4719e-02,  e: -149.74623194412641
  Step 010:  residual: 2.6370e-02,  e: -149.74654741412584
  Step 011:  residual: 1.1805e-02,  e: -149.74665437187369
  Step 012:  residual: 4.6480e-03,  e: -149.74667295626890
  Step 013:  residual: 1.7886e-03,  e: -149.74667552118234
  Step 014:  residual: 6.8126e-04,  e: -149.74667587808511
  Step 015:  residual: 2.5621e-04,  e: -149.74667592692523
  Step 016:  residual: 9.5094e-05,  e: -149.74667593407321
  Step 017:  residual: 3.6656e-05,  e: -149.74667593511251
  Step 018:  residual: 1.4803e-05,  e: -149.74667593526598
  Step 019:  residual: 6.2970e-06,  e: -149.74667593529253

Convergence reached!
220.932288 seconds (7.21 M allocations: 69.917 GiB, 0.17% gc time, 0.88% compilation time)
--------------------------------------------------------------------------------
Region hvec_direct_agg, Group 1: MEM
+-------------------+------------+------------+------------+------------+------------+------------+------------+------------+------------+------------+-------------+-------------+-------------+-------------+-------------+-------------+-------------+-------------+-------------+-------------+-------------+-------------+-------------+-------------+-------------+-------------+-------------+-------------+-------------+-------------+-------------+-------------+-------------+-------------+-------------+-------------+-------------+-------------+-------------+-------------+-------------+-------------+-------------+-------------+-------------+-------------+-------------+-------------+-------------+-------------+-------------+-------------+-------------+-------------+-------------+-------------+-------------+-------------+-------------+-------------+-------------+-------------+-------------+-------------+-------------+-------------+-------------+-------------+-------------+-------------+-------------+-------------+-------------+-------------+-------------+-------------+-------------+-------------+-------------+-------------+
|    Region Info    | HWThread 0 | HWThread 1 | HWThread 2 | HWThread 3 | HWThread 4 | HWThread 5 | HWThread 6 | HWThread 7 | HWThread 8 | HWThread 9 | HWThread 10 | HWThread 11 | HWThread 12 | HWThread 13 | HWThread 14 | HWThread 15 | HWThread 16 | HWThread 17 | HWThread 18 | HWThread 19 | HWThread 20 | HWThread 21 | HWThread 22 | HWThread 23 | HWThread 24 | HWThread 25 | HWThread 26 | HWThread 27 | HWThread 28 | HWThread 29 | HWThread 30 | HWThread 31 | HWThread 32 | HWThread 33 | HWThread 34 | HWThread 35 | HWThread 36 | HWThread 37 | HWThread 38 | HWThread 39 | HWThread 40 | HWThread 41 | HWThread 42 | HWThread 43 | HWThread 44 | HWThread 45 | HWThread 46 | HWThread 47 | HWThread 48 | HWThread 49 | HWThread 50 | HWThread 51 | HWThread 52 | HWThread 53 | HWThread 54 | HWThread 55 | HWThread 56 | HWThread 57 | HWThread 58 | HWThread 59 | HWThread 60 | HWThread 61 | HWThread 62 | HWThread 63 | HWThread 64 | HWThread 65 | HWThread 66 | HWThread 67 | HWThread 68 | HWThread 69 | HWThread 70 | HWThread 71 | HWThread 72 | HWThread 73 | HWThread 74 | HWThread 75 | HWThread 76 | HWThread 77 | HWThread 78 | HWThread 79 |
+-------------------+------------+------------+------------+------------+------------+------------+------------+------------+------------+------------+-------------+-------------+-------------+-------------+-------------+-------------+-------------+-------------+-------------+-------------+-------------+-------------+-------------+-------------+-------------+-------------+-------------+-------------+-------------+-------------+-------------+-------------+-------------+-------------+-------------+-------------+-------------+-------------+-------------+-------------+-------------+-------------+-------------+-------------+-------------+-------------+-------------+-------------+-------------+-------------+-------------+-------------+-------------+-------------+-------------+-------------+-------------+-------------+-------------+-------------+-------------+-------------+-------------+-------------+-------------+-------------+-------------+-------------+-------------+-------------+-------------+-------------+-------------+-------------+-------------+-------------+-------------+-------------+-------------+-------------+
| RDTSC Runtime [s] | 203.294000 | 200.604900 | 199.643100 | 197.726700 | 201.950400 | 201.499200 | 197.877200 | 200.980500 | 201.119700 | 202.975200 |  202.975900 |  202.478900 |  197.435000 |  200.234600 |  201.497300 |  201.062200 |  202.395100 |  200.979300 |  201.259300 |  201.259800 |  199.227900 |  201.687700 |  199.376800 |  198.259600 |  202.038100 |  198.743000 |  197.583000 |  198.743100 |  198.473800 |  198.259900 |  198.474700 |  198.610800 |  202.719000 |  201.402700 |  202.654300 |  201.403300 |  197.581800 |  202.720000 |  202.302900 |  202.564600 |  198.931800 |  199.551000 |  197.434900 |  199.168800 |  199.641300 |  198.610000 |  199.810800 |  198.346900 |  197.874200 |  201.865500 |  200.889400 |  197.724900 |  202.131000 |  202.892600 |  197.874100 |  198.175200 |  200.233700 |  200.603900 |  199.015700 |  200.328800 |  200.328600 |  201.773200 |  199.462900 |  200.028700 |  198.090400 |  202.217500 |  203.210400 |  199.016500 |  199.551100 |  198.347700 |  199.016300 |  197.370600 |  199.957700 |  199.958400 |  200.798800 |  203.126200 |  202.564700 |  200.458600 |  200.458300 |  199.810300 |
|     call count    |         19 |         19 |         19 |         19 |         19 |         19 |         19 |         19 |         19 |         19 |          19 |          19 |          19 |          19 |          19 |          19 |          19 |          19 |          19 |          19 |          19 |          19 |          19 |          19 |          19 |          19 |          19 |          19 |          19 |          19 |          19 |          19 |          19 |          19 |          19 |          19 |          19 |          19 |          19 |          19 |          19 |          19 |          19 |          19 |          19 |          19 |          19 |          19 |          19 |          19 |          19 |          19 |          19 |          19 |          19 |          19 |          19 |          19 |          19 |          19 |          19 |          19 |          19 |          19 |          19 |          19 |          19 |          19 |          19 |          19 |          19 |          19 |          19 |          19 |          19 |          19 |          19 |          19 |          19 |          19 |
+-------------------+------------+------------+------------+------------+------------+------------+------------+------------+------------+------------+-------------+-------------+-------------+-------------+-------------+-------------+-------------+-------------+-------------+-------------+-------------+-------------+-------------+-------------+-------------+-------------+-------------+-------------+-------------+-------------+-------------+-------------+-------------+-------------+-------------+-------------+-------------+-------------+-------------+-------------+-------------+-------------+-------------+-------------+-------------+-------------+-------------+-------------+-------------+-------------+-------------+-------------+-------------+-------------+-------------+-------------+-------------+-------------+-------------+-------------+-------------+-------------+-------------+-------------+-------------+-------------+-------------+-------------+-------------+-------------+-------------+-------------+-------------+-------------+-------------+-------------+-------------+-------------+-------------+-------------+

+----------------------+---------+---------------+---------------+---------------+---------------+---------------+---------------+---------------+---------------+---------------+---------------+---------------+---------------+---------------+---------------+---------------+---------------+---------------+---------------+---------------+---------------+---------------+---------------+---------------+---------------+---------------+---------------+---------------+---------------+---------------+---------------+---------------+---------------+---------------+---------------+---------------+---------------+---------------+---------------+---------------+---------------+---------------+---------------+---------------+---------------+---------------+---------------+---------------+---------------+---------------+---------------+---------------+---------------+---------------+---------------+---------------+---------------+---------------+---------------+---------------+---------------+---------------+---------------+---------------+---------------+---------------+---------------+---------------+---------------+---------------+---------------+---------------+---------------+---------------+---------------+---------------+---------------+---------------+---------------+---------------+---------------+
|         Event        | Counter |   HWThread 0  |   HWThread 1  |   HWThread 2  |   HWThread 3  |   HWThread 4  |   HWThread 5  |   HWThread 6  |   HWThread 7  |   HWThread 8  |   HWThread 9  |  HWThread 10  |  HWThread 11  |  HWThread 12  |  HWThread 13  |  HWThread 14  |  HWThread 15  |  HWThread 16  |  HWThread 17  |  HWThread 18  |  HWThread 19  |  HWThread 20  |  HWThread 21  |  HWThread 22  |  HWThread 23  |  HWThread 24  |  HWThread 25  |  HWThread 26  |  HWThread 27  |  HWThread 28  |  HWThread 29  |  HWThread 30  |  HWThread 31  |  HWThread 32  |  HWThread 33  |  HWThread 34  |  HWThread 35  |  HWThread 36  |  HWThread 37  |  HWThread 38  |  HWThread 39  |  HWThread 40  |  HWThread 41  |  HWThread 42  |  HWThread 43  |  HWThread 44  |  HWThread 45  |  HWThread 46  |  HWThread 47  |  HWThread 48  |  HWThread 49  |  HWThread 50  |  HWThread 51  |  HWThread 52  |  HWThread 53  |  HWThread 54  |  HWThread 55  |  HWThread 56  |  HWThread 57  |  HWThread 58  |  HWThread 59  |  HWThread 60  |  HWThread 61  |  HWThread 62  |  HWThread 63  |  HWThread 64  |  HWThread 65  |  HWThread 66  |  HWThread 67  |  HWThread 68  |  HWThread 69  |  HWThread 70  |  HWThread 71  |  HWThread 72  |  HWThread 73  |  HWThread 74  |  HWThread 75  |  HWThread 76  |  HWThread 77  |  HWThread 78  |  HWThread 79  |
+----------------------+---------+---------------+---------------+---------------+---------------+---------------+---------------+---------------+---------------+---------------+---------------+---------------+---------------+---------------+---------------+---------------+---------------+---------------+---------------+---------------+---------------+---------------+---------------+---------------+---------------+---------------+---------------+---------------+---------------+---------------+---------------+---------------+---------------+---------------+---------------+---------------+---------------+---------------+---------------+---------------+---------------+---------------+---------------+---------------+---------------+---------------+---------------+---------------+---------------+---------------+---------------+---------------+---------------+---------------+---------------+---------------+---------------+---------------+---------------+---------------+---------------+---------------+---------------+---------------+---------------+---------------+---------------+---------------+---------------+---------------+---------------+---------------+---------------+---------------+---------------+---------------+---------------+---------------+---------------+---------------+---------------+
|   ACTUAL_CPU_CLOCK   |  FIXC1  |  724044100000 |  720104700000 |  720988600000 |  720856500000 |  720859000000 |  720866300000 |  721025000000 |  720990000000 |  720966800000 |  720952000000 |  720798200000 |  720821100000 |  720942200000 |  720967900000 |  720821100000 |  720817300000 |  720767400000 |  720685500000 |  720704400000 |  720829800000 |  720909800000 |  720753800000 |  720755200000 |  720989200000 |  721643100000 |  721548200000 |  721597100000 |  721457000000 |  721595500000 |  721430900000 |  721455500000 |  721530800000 |  721527600000 |  721447000000 |  721471300000 |  721453200000 |  721544700000 |  721434000000 |  721491600000 |  721524500000 |  721463900000 |  721347800000 |  721512600000 |  721371200000 |  721453900000 |  721436900000 |  721612300000 |  721414300000 |  720756500000 |  720784700000 |  720832200000 |  720758700000 |  720818600000 |  720810400000 |  720721600000 |  720838000000 |  720890000000 |  720813800000 |  720972600000 |  720853200000 |  720903900000 |  720780000000 |  720929800000 |  720839900000 |  720680500000 |  720791300000 |  720889700000 |  720741700000 |  720773600000 |  720976300000 |  720800500000 |  720922000000 |  721486700000 |  721462800000 |  721637100000 |  721587300000 |  721641000000 |  721406500000 |  721427700000 |  721388300000 |
|     MAX_CPU_CLOCK    |  FIXC2  |  513542000000 |  513083100000 |  513087200000 |  513021700000 |  513077600000 |  513085400000 |  513089200000 |  513082300000 |  513095800000 |  513106000000 |  513086700000 |  513064400000 |  513083800000 |  513084100000 |  513120600000 |  513107200000 |  513066400000 |  513034000000 |  513087500000 |  513034600000 |  513036900000 |  513030100000 |  513084800000 |  513034400000 |  513072800000 |  513030100000 |  513018900000 |  513032900000 |  513054200000 |  513037000000 |  513037400000 |  513049200000 |  513008400000 |  513072100000 |  513105900000 |  513103900000 |  513101800000 |  513059000000 |  513106100000 |  513066000000 |  513068300000 |  513044500000 |  513049500000 |  513075100000 |  513083100000 |  513042400000 |  513051100000 |  513061500000 |  513030000000 |  512973300000 |  513022900000 |  512986300000 |  513029900000 |  513006200000 |  513011800000 |  513007600000 |  513044200000 |  513072800000 |  513065200000 |  513102100000 |  513072600000 |  513056600000 |  513042300000 |  513075200000 |  513008600000 |  513062800000 |  513021300000 |  513025800000 |  513050300000 |  513060900000 |  513075700000 |  513029500000 |  513085900000 |  513070300000 |  513048900000 |  513046000000 |  513047900000 |  513046900000 |  513026000000 |  513015300000 |
| RETIRED_INSTRUCTIONS |   PMC0  | 1199771000000 | 1189136000000 | 1191161000000 | 1191775000000 | 1190792000000 | 1190263000000 | 1189924000000 | 1189942000000 | 1207782000000 | 1207443000000 | 1207529000000 | 1207328000000 | 1207850000000 | 1207847000000 | 1207382000000 | 1206373000000 | 1195456000000 | 1195096000000 | 1193697000000 | 1193785000000 | 1195020000000 | 1194367000000 | 1194193000000 | 1195808000000 | 1192631000000 | 1192087000000 | 1193069000000 | 1192193000000 | 1192358000000 | 1191406000000 | 1191761000000 | 1191193000000 | 1204193000000 | 1203486000000 | 1203434000000 | 1204333000000 | 1203744000000 | 1203588000000 | 1202686000000 | 1204065000000 | 1201062000000 | 1200070000000 | 1201556000000 | 1201282000000 | 1201175000000 | 1201450000000 | 1201203000000 | 1199492000000 | 1190774000000 | 1190691000000 | 1190907000000 | 1189747000000 | 1190525000000 | 1190543000000 | 1189896000000 | 1189211000000 | 1202951000000 | 1203725000000 | 1203945000000 | 1201959000000 | 1203363000000 | 1201715000000 | 1203249000000 | 1200962000000 | 1197967000000 | 1198667000000 | 1199108000000 | 1198004000000 | 1198631000000 | 1199596000000 | 1198027000000 | 1197734000000 | 1204190000000 | 1204310000000 | 1205850000000 | 1204782000000 | 1204739000000 | 1203994000000 | 1203205000000 | 1203760000000 |
|  CPU_CLOCKS_UNHALTED |   PMC1  |  719942100000 |  716868000000 |  717573300000 |  717532400000 |  717506100000 |  717546700000 |  717668900000 |  717599500000 |  717811700000 |  717772700000 |  717695700000 |  717731000000 |  717869900000 |  717842800000 |  717745300000 |  717688000000 |  717481000000 |  717450300000 |  717317600000 |  717554500000 |  717676900000 |  717521900000 |  717456900000 |  717624100000 |  718253100000 |  718270400000 |  718318200000 |  718172600000 |  718255000000 |  718125100000 |  718180100000 |  718204900000 |  718334300000 |  718226500000 |  718325400000 |  718278900000 |  718306300000 |  718281000000 |  718307200000 |  718367700000 |  718118000000 |  718058700000 |  718241800000 |  718098600000 |  718207900000 |  718106500000 |  718257300000 |  718163200000 |  717440000000 |  717508800000 |  717541500000 |  717325400000 |  717460600000 |  717528900000 |  717479200000 |  717506500000 |  717785900000 |  717686900000 |  717802600000 |  717665100000 |  717777300000 |  717590200000 |  717752400000 |  717695300000 |  717398300000 |  717480600000 |  717672200000 |  717438700000 |  717536800000 |  717697300000 |  717587900000 |  717616800000 |  718271000000 |  718294100000 |  718415100000 |  718373100000 |  718480900000 |  718235600000 |  718290800000 |  718169300000 |
|      CAS_CMD_RD      |  UMC0C0 |   50545170000 |             0 |             0 |             0 |             0 |             0 |             0 |             0 |             0 |             0 |             0 |             0 |             0 |             0 |             0 |             0 |             0 |             0 |             0 |             0 |             0 |             0 |             0 |             0 |             0 |             0 |             0 |             0 |             0 |             0 |             0 |             0 |             0 |             0 |             0 |             0 |             0 |             0 |             0 |             0 |             0 |             0 |             0 |             0 |             0 |             0 |             0 |             0 |             0 |             0 |             0 |             0 |             0 |             0 |             0 |             0 |             0 |             0 |             0 |             0 |             0 |             0 |             0 |             0 |             0 |             0 |             0 |             0 |             0 |             0 |             0 |             0 |             0 |             0 |             0 |             0 |             0 |             0 |             0 |             0 |
|      CAS_CMD_WR      |  UMC0C1 |     206572700 |             0 |             0 |             0 |             0 |             0 |             0 |             0 |             0 |             0 |             0 |             0 |             0 |             0 |             0 |             0 |             0 |             0 |             0 |             0 |             0 |             0 |             0 |             0 |             0 |             0 |             0 |             0 |             0 |             0 |             0 |             0 |             0 |             0 |             0 |             0 |             0 |             0 |             0 |             0 |             0 |             0 |             0 |             0 |             0 |             0 |             0 |             0 |             0 |             0 |             0 |             0 |             0 |             0 |             0 |             0 |             0 |             0 |             0 |             0 |             0 |             0 |             0 |             0 |             0 |             0 |             0 |             0 |             0 |             0 |             0 |             0 |             0 |             0 |             0 |             0 |             0 |             0 |             0 |             0 |
|      CAS_CMD_RD      |  UMC1C0 |   50402670000 |             0 |             0 |             0 |             0 |             0 |             0 |             0 |             0 |             0 |             0 |             0 |             0 |             0 |             0 |             0 |             0 |             0 |             0 |             0 |             0 |             0 |             0 |             0 |             0 |             0 |             0 |             0 |             0 |             0 |             0 |             0 |             0 |             0 |             0 |             0 |             0 |             0 |             0 |             0 |             0 |             0 |             0 |             0 |             0 |             0 |             0 |             0 |             0 |             0 |             0 |             0 |             0 |             0 |             0 |             0 |             0 |             0 |             0 |             0 |             0 |             0 |             0 |             0 |             0 |             0 |             0 |             0 |             0 |             0 |             0 |             0 |             0 |             0 |             0 |             0 |             0 |             0 |             0 |             0 |
|      CAS_CMD_WR      |  UMC1C1 |     210043500 |             0 |             0 |             0 |             0 |             0 |             0 |             0 |             0 |             0 |             0 |             0 |             0 |             0 |             0 |             0 |             0 |             0 |             0 |             0 |             0 |             0 |             0 |             0 |             0 |             0 |             0 |             0 |             0 |             0 |             0 |             0 |             0 |             0 |             0 |             0 |             0 |             0 |             0 |             0 |             0 |             0 |             0 |             0 |             0 |             0 |             0 |             0 |             0 |             0 |             0 |             0 |             0 |             0 |             0 |             0 |             0 |             0 |             0 |             0 |             0 |             0 |             0 |             0 |             0 |             0 |             0 |             0 |             0 |             0 |             0 |             0 |             0 |             0 |             0 |             0 |             0 |             0 |             0 |             0 |
|      CAS_CMD_RD      |  UMC2C0 |   50560980000 |             0 |             0 |             0 |             0 |             0 |             0 |             0 |             0 |             0 |             0 |             0 |             0 |             0 |             0 |             0 |             0 |             0 |             0 |             0 |             0 |             0 |             0 |             0 |             0 |             0 |             0 |             0 |             0 |             0 |             0 |             0 |             0 |             0 |             0 |             0 |             0 |             0 |             0 |             0 |             0 |             0 |             0 |             0 |             0 |             0 |             0 |             0 |             0 |             0 |             0 |             0 |             0 |             0 |             0 |             0 |             0 |             0 |             0 |             0 |             0 |             0 |             0 |             0 |             0 |             0 |             0 |             0 |             0 |             0 |             0 |             0 |             0 |             0 |             0 |             0 |             0 |             0 |             0 |             0 |
|      CAS_CMD_WR      |  UMC2C1 |     212303000 |             0 |             0 |             0 |             0 |             0 |             0 |             0 |             0 |             0 |             0 |             0 |             0 |             0 |             0 |             0 |             0 |             0 |             0 |             0 |             0 |             0 |             0 |             0 |             0 |             0 |             0 |             0 |             0 |             0 |             0 |             0 |             0 |             0 |             0 |             0 |             0 |             0 |             0 |             0 |             0 |             0 |             0 |             0 |             0 |             0 |             0 |             0 |             0 |             0 |             0 |             0 |             0 |             0 |             0 |             0 |             0 |             0 |             0 |             0 |             0 |             0 |             0 |             0 |             0 |             0 |             0 |             0 |             0 |             0 |             0 |             0 |             0 |             0 |             0 |             0 |             0 |             0 |             0 |             0 |
|      CAS_CMD_RD      |  UMC3C0 |   50524410000 |             0 |             0 |             0 |             0 |             0 |             0 |             0 |             0 |             0 |             0 |             0 |             0 |             0 |             0 |             0 |             0 |             0 |             0 |             0 |             0 |             0 |             0 |             0 |             0 |             0 |             0 |             0 |             0 |             0 |             0 |             0 |             0 |             0 |             0 |             0 |             0 |             0 |             0 |             0 |             0 |             0 |             0 |             0 |             0 |             0 |             0 |             0 |             0 |             0 |             0 |             0 |             0 |             0 |             0 |             0 |             0 |             0 |             0 |             0 |             0 |             0 |             0 |             0 |             0 |             0 |             0 |             0 |             0 |             0 |             0 |             0 |             0 |             0 |             0 |             0 |             0 |             0 |             0 |             0 |
|      CAS_CMD_WR      |  UMC3C1 |     208381300 |             0 |             0 |             0 |             0 |             0 |             0 |             0 |             0 |             0 |             0 |             0 |             0 |             0 |             0 |             0 |             0 |             0 |             0 |             0 |             0 |             0 |             0 |             0 |             0 |             0 |             0 |             0 |             0 |             0 |             0 |             0 |             0 |             0 |             0 |             0 |             0 |             0 |             0 |             0 |             0 |             0 |             0 |             0 |             0 |             0 |             0 |             0 |             0 |             0 |             0 |             0 |             0 |             0 |             0 |             0 |             0 |             0 |             0 |             0 |             0 |             0 |             0 |             0 |             0 |             0 |             0 |             0 |             0 |             0 |             0 |             0 |             0 |             0 |             0 |             0 |             0 |             0 |             0 |             0 |
|      CAS_CMD_RD      |  UMC4C0 |   50346430000 |             0 |             0 |             0 |             0 |             0 |             0 |             0 |             0 |             0 |             0 |             0 |             0 |             0 |             0 |             0 |             0 |             0 |             0 |             0 |             0 |             0 |             0 |             0 |             0 |             0 |             0 |             0 |             0 |             0 |             0 |             0 |             0 |             0 |             0 |             0 |             0 |             0 |             0 |             0 |             0 |             0 |             0 |             0 |             0 |             0 |             0 |             0 |             0 |             0 |             0 |             0 |             0 |             0 |             0 |             0 |             0 |             0 |             0 |             0 |             0 |             0 |             0 |             0 |             0 |             0 |             0 |             0 |             0 |             0 |             0 |             0 |             0 |             0 |             0 |             0 |             0 |             0 |             0 |             0 |
|      CAS_CMD_WR      |  UMC4C1 |     207825200 |             0 |             0 |             0 |             0 |             0 |             0 |             0 |             0 |             0 |             0 |             0 |             0 |             0 |             0 |             0 |             0 |             0 |             0 |             0 |             0 |             0 |             0 |             0 |             0 |             0 |             0 |             0 |             0 |             0 |             0 |             0 |             0 |             0 |             0 |             0 |             0 |             0 |             0 |             0 |             0 |             0 |             0 |             0 |             0 |             0 |             0 |             0 |             0 |             0 |             0 |             0 |             0 |             0 |             0 |             0 |             0 |             0 |             0 |             0 |             0 |             0 |             0 |             0 |             0 |             0 |             0 |             0 |             0 |             0 |             0 |             0 |             0 |             0 |             0 |             0 |             0 |             0 |             0 |             0 |
|      CAS_CMD_RD      |  UMC5C0 |   50535470000 |             0 |             0 |             0 |             0 |             0 |             0 |             0 |             0 |             0 |             0 |             0 |             0 |             0 |             0 |             0 |             0 |             0 |             0 |             0 |             0 |             0 |             0 |             0 |             0 |             0 |             0 |             0 |             0 |             0 |             0 |             0 |             0 |             0 |             0 |             0 |             0 |             0 |             0 |             0 |             0 |             0 |             0 |             0 |             0 |             0 |             0 |             0 |             0 |             0 |             0 |             0 |             0 |             0 |             0 |             0 |             0 |             0 |             0 |             0 |             0 |             0 |             0 |             0 |             0 |             0 |             0 |             0 |             0 |             0 |             0 |             0 |             0 |             0 |             0 |             0 |             0 |             0 |             0 |             0 |
|      CAS_CMD_WR      |  UMC5C1 |     208140300 |             0 |             0 |             0 |             0 |             0 |             0 |             0 |             0 |             0 |             0 |             0 |             0 |             0 |             0 |             0 |             0 |             0 |             0 |             0 |             0 |             0 |             0 |             0 |             0 |             0 |             0 |             0 |             0 |             0 |             0 |             0 |             0 |             0 |             0 |             0 |             0 |             0 |             0 |             0 |             0 |             0 |             0 |             0 |             0 |             0 |             0 |             0 |             0 |             0 |             0 |             0 |             0 |             0 |             0 |             0 |             0 |             0 |             0 |             0 |             0 |             0 |             0 |             0 |             0 |             0 |             0 |             0 |             0 |             0 |             0 |             0 |             0 |             0 |             0 |             0 |             0 |             0 |             0 |             0 |
|      CAS_CMD_RD      |  UMC6C0 |   50423820000 |             0 |             0 |             0 |             0 |             0 |             0 |             0 |             0 |             0 |             0 |             0 |             0 |             0 |             0 |             0 |             0 |             0 |             0 |             0 |             0 |             0 |             0 |             0 |             0 |             0 |             0 |             0 |             0 |             0 |             0 |             0 |             0 |             0 |             0 |             0 |             0 |             0 |             0 |             0 |             0 |             0 |             0 |             0 |             0 |             0 |             0 |             0 |             0 |             0 |             0 |             0 |             0 |             0 |             0 |             0 |             0 |             0 |             0 |             0 |             0 |             0 |             0 |             0 |             0 |             0 |             0 |             0 |             0 |             0 |             0 |             0 |             0 |             0 |             0 |             0 |             0 |             0 |             0 |             0 |
|      CAS_CMD_WR      |  UMC6C1 |     207982100 |             0 |             0 |             0 |             0 |             0 |             0 |             0 |             0 |             0 |             0 |             0 |             0 |             0 |             0 |             0 |             0 |             0 |             0 |             0 |             0 |             0 |             0 |             0 |             0 |             0 |             0 |             0 |             0 |             0 |             0 |             0 |             0 |             0 |             0 |             0 |             0 |             0 |             0 |             0 |             0 |             0 |             0 |             0 |             0 |             0 |             0 |             0 |             0 |             0 |             0 |             0 |             0 |             0 |             0 |             0 |             0 |             0 |             0 |             0 |             0 |             0 |             0 |             0 |             0 |             0 |             0 |             0 |             0 |             0 |             0 |             0 |             0 |             0 |             0 |             0 |             0 |             0 |             0 |             0 |
|      CAS_CMD_RD      |  UMC7C0 |   50412370000 |             0 |             0 |             0 |             0 |             0 |             0 |             0 |             0 |             0 |             0 |             0 |             0 |             0 |             0 |             0 |             0 |             0 |             0 |             0 |             0 |             0 |             0 |             0 |             0 |             0 |             0 |             0 |             0 |             0 |             0 |             0 |             0 |             0 |             0 |             0 |             0 |             0 |             0 |             0 |             0 |             0 |             0 |             0 |             0 |             0 |             0 |             0 |             0 |             0 |             0 |             0 |             0 |             0 |             0 |             0 |             0 |             0 |             0 |             0 |             0 |             0 |             0 |             0 |             0 |             0 |             0 |             0 |             0 |             0 |             0 |             0 |             0 |             0 |             0 |             0 |             0 |             0 |             0 |             0 |
|      CAS_CMD_WR      |  UMC7C1 |     208152500 |             0 |             0 |             0 |             0 |             0 |             0 |             0 |             0 |             0 |             0 |             0 |             0 |             0 |             0 |             0 |             0 |             0 |             0 |             0 |             0 |             0 |             0 |             0 |             0 |             0 |             0 |             0 |             0 |             0 |             0 |             0 |             0 |             0 |             0 |             0 |             0 |             0 |             0 |             0 |             0 |             0 |             0 |             0 |             0 |             0 |             0 |             0 |             0 |             0 |             0 |             0 |             0 |             0 |             0 |             0 |             0 |             0 |             0 |             0 |             0 |             0 |             0 |             0 |             0 |             0 |             0 |             0 |             0 |             0 |             0 |             0 |             0 |             0 |             0 |             0 |             0 |             0 |             0 |             0 |
|      CAS_CMD_RD      |  UMC8C0 |   50442910000 |             0 |             0 |             0 |             0 |             0 |             0 |             0 |             0 |             0 |             0 |             0 |             0 |             0 |             0 |             0 |             0 |             0 |             0 |             0 |             0 |             0 |             0 |             0 |             0 |             0 |             0 |             0 |             0 |             0 |             0 |             0 |             0 |             0 |             0 |             0 |             0 |             0 |             0 |             0 |             0 |             0 |             0 |             0 |             0 |             0 |             0 |             0 |             0 |             0 |             0 |             0 |             0 |             0 |             0 |             0 |             0 |             0 |             0 |             0 |             0 |             0 |             0 |             0 |             0 |             0 |             0 |             0 |             0 |             0 |             0 |             0 |             0 |             0 |             0 |             0 |             0 |             0 |             0 |             0 |
|      CAS_CMD_WR      |  UMC8C1 |     208322900 |             0 |             0 |             0 |             0 |             0 |             0 |             0 |             0 |             0 |             0 |             0 |             0 |             0 |             0 |             0 |             0 |             0 |             0 |             0 |             0 |             0 |             0 |             0 |             0 |             0 |             0 |             0 |             0 |             0 |             0 |             0 |             0 |             0 |             0 |             0 |             0 |             0 |             0 |             0 |             0 |             0 |             0 |             0 |             0 |             0 |             0 |             0 |             0 |             0 |             0 |             0 |             0 |             0 |             0 |             0 |             0 |             0 |             0 |             0 |             0 |             0 |             0 |             0 |             0 |             0 |             0 |             0 |             0 |             0 |             0 |             0 |             0 |             0 |             0 |             0 |             0 |             0 |             0 |             0 |
|      CAS_CMD_RD      |  UMC9C0 |   50682690000 |             0 |             0 |             0 |             0 |             0 |             0 |             0 |             0 |             0 |             0 |             0 |             0 |             0 |             0 |             0 |             0 |             0 |             0 |             0 |             0 |             0 |             0 |             0 |             0 |             0 |             0 |             0 |             0 |             0 |             0 |             0 |             0 |             0 |             0 |             0 |             0 |             0 |             0 |             0 |             0 |             0 |             0 |             0 |             0 |             0 |             0 |             0 |             0 |             0 |             0 |             0 |             0 |             0 |             0 |             0 |             0 |             0 |             0 |             0 |             0 |             0 |             0 |             0 |             0 |             0 |             0 |             0 |             0 |             0 |             0 |             0 |             0 |             0 |             0 |             0 |             0 |             0 |             0 |             0 |
|      CAS_CMD_WR      |  UMC9C1 |     206774800 |             0 |             0 |             0 |             0 |             0 |             0 |             0 |             0 |             0 |             0 |             0 |             0 |             0 |             0 |             0 |             0 |             0 |             0 |             0 |             0 |             0 |             0 |             0 |             0 |             0 |             0 |             0 |             0 |             0 |             0 |             0 |             0 |             0 |             0 |             0 |             0 |             0 |             0 |             0 |             0 |             0 |             0 |             0 |             0 |             0 |             0 |             0 |             0 |             0 |             0 |             0 |             0 |             0 |             0 |             0 |             0 |             0 |             0 |             0 |             0 |             0 |             0 |             0 |             0 |             0 |             0 |             0 |             0 |             0 |             0 |             0 |             0 |             0 |             0 |             0 |             0 |             0 |             0 |             0 |
|      CAS_CMD_RD      | UMC10C0 |   50653990000 |             0 |             0 |             0 |             0 |             0 |             0 |             0 |             0 |             0 |             0 |             0 |             0 |             0 |             0 |             0 |             0 |             0 |             0 |             0 |             0 |             0 |             0 |             0 |             0 |             0 |             0 |             0 |             0 |             0 |             0 |             0 |             0 |             0 |             0 |             0 |             0 |             0 |             0 |             0 |             0 |             0 |             0 |             0 |             0 |             0 |             0 |             0 |             0 |             0 |             0 |             0 |             0 |             0 |             0 |             0 |             0 |             0 |             0 |             0 |             0 |             0 |             0 |             0 |             0 |             0 |             0 |             0 |             0 |             0 |             0 |             0 |             0 |             0 |             0 |             0 |             0 |             0 |             0 |             0 |
|      CAS_CMD_WR      | UMC10C1 |     206181500 |             0 |             0 |             0 |             0 |             0 |             0 |             0 |             0 |             0 |             0 |             0 |             0 |             0 |             0 |             0 |             0 |             0 |             0 |             0 |             0 |             0 |             0 |             0 |             0 |             0 |             0 |             0 |             0 |             0 |             0 |             0 |             0 |             0 |             0 |             0 |             0 |             0 |             0 |             0 |             0 |             0 |             0 |             0 |             0 |             0 |             0 |             0 |             0 |             0 |             0 |             0 |             0 |             0 |             0 |             0 |             0 |             0 |             0 |             0 |             0 |             0 |             0 |             0 |             0 |             0 |             0 |             0 |             0 |             0 |             0 |             0 |             0 |             0 |             0 |             0 |             0 |             0 |             0 |             0 |
|      CAS_CMD_RD      | UMC11C0 |   50656620000 |             0 |             0 |             0 |             0 |             0 |             0 |             0 |             0 |             0 |             0 |             0 |             0 |             0 |             0 |             0 |             0 |             0 |             0 |             0 |             0 |             0 |             0 |             0 |             0 |             0 |             0 |             0 |             0 |             0 |             0 |             0 |             0 |             0 |             0 |             0 |             0 |             0 |             0 |             0 |             0 |             0 |             0 |             0 |             0 |             0 |             0 |             0 |             0 |             0 |             0 |             0 |             0 |             0 |             0 |             0 |             0 |             0 |             0 |             0 |             0 |             0 |             0 |             0 |             0 |             0 |             0 |             0 |             0 |             0 |             0 |             0 |             0 |             0 |             0 |             0 |             0 |             0 |             0 |             0 |
|      CAS_CMD_WR      | UMC11C1 |     209372000 |             0 |             0 |             0 |             0 |             0 |             0 |             0 |             0 |             0 |             0 |             0 |             0 |             0 |             0 |             0 |             0 |             0 |             0 |             0 |             0 |             0 |             0 |             0 |             0 |             0 |             0 |             0 |             0 |             0 |             0 |             0 |             0 |             0 |             0 |             0 |             0 |             0 |             0 |             0 |             0 |             0 |             0 |             0 |             0 |             0 |             0 |             0 |             0 |             0 |             0 |             0 |             0 |             0 |             0 |             0 |             0 |             0 |             0 |             0 |             0 |             0 |             0 |             0 |             0 |             0 |             0 |             0 |             0 |             0 |             0 |             0 |             0 |             0 |             0 |             0 |             0 |             0 |             0 |             0 |
+----------------------+---------+---------------+---------------+---------------+---------------+---------------+---------------+---------------+---------------+---------------+---------------+---------------+---------------+---------------+---------------+---------------+---------------+---------------+---------------+---------------+---------------+---------------+---------------+---------------+---------------+---------------+---------------+---------------+---------------+---------------+---------------+---------------+---------------+---------------+---------------+---------------+---------------+---------------+---------------+---------------+---------------+---------------+---------------+---------------+---------------+---------------+---------------+---------------+---------------+---------------+---------------+---------------+---------------+---------------+---------------+---------------+---------------+---------------+---------------+---------------+---------------+---------------+---------------+---------------+---------------+---------------+---------------+---------------+---------------+---------------+---------------+---------------+---------------+---------------+---------------+---------------+---------------+---------------+---------------+---------------+---------------+

+---------------------------+---------+----------------+---------------+---------------+---------------+
|           Event           | Counter |       Sum      |      Min      |      Max      |      Avg      |
+---------------------------+---------+----------------+---------------+---------------+---------------+
|   ACTUAL_CPU_CLOCK STAT   |  FIXC1  | 57690897700000 |  720104700000 |  724044100000 |  721136221250 |
|     MAX_CPU_CLOCK STAT    |  FIXC2  | 41044978100000 |  512973300000 |  513542000000 |  513062226250 |
| RETIRED_INSTRUCTIONS STAT |   PMC0  | 95889964000000 | 1189136000000 | 1207850000000 | 1198624550000 |
|  CPU_CLOCKS_UNHALTED STAT |   PMC1  | 57430441100000 |  716868000000 |  719942100000 |  717880513750 |
|      CAS_CMD_RD STAT      |  UMC0C0 |    50545170000 |             0 |   50545170000 |     631814625 |
|      CAS_CMD_WR STAT      |  UMC0C1 |      206572700 |             0 |     206572700 |  2.582159e+06 |
|      CAS_CMD_RD STAT      |  UMC1C0 |    50402670000 |             0 |   50402670000 |     630033375 |
|      CAS_CMD_WR STAT      |  UMC1C1 |      210043500 |             0 |     210043500 |  2.625544e+06 |
|      CAS_CMD_RD STAT      |  UMC2C0 |    50560980000 |             0 |   50560980000 |     632012250 |
|      CAS_CMD_WR STAT      |  UMC2C1 |      212303000 |             0 |     212303000 |  2.653788e+06 |
|      CAS_CMD_RD STAT      |  UMC3C0 |    50524410000 |             0 |   50524410000 |     631555125 |
|      CAS_CMD_WR STAT      |  UMC3C1 |      208381300 |             0 |     208381300 |  2.604766e+06 |
|      CAS_CMD_RD STAT      |  UMC4C0 |    50346430000 |             0 |   50346430000 |     629330375 |
|      CAS_CMD_WR STAT      |  UMC4C1 |      207825200 |             0 |     207825200 |       2597815 |
|      CAS_CMD_RD STAT      |  UMC5C0 |    50535470000 |             0 |   50535470000 |     631693375 |
|      CAS_CMD_WR STAT      |  UMC5C1 |      208140300 |             0 |     208140300 |  2.601754e+06 |
|      CAS_CMD_RD STAT      |  UMC6C0 |    50423820000 |             0 |   50423820000 |     630297750 |
|      CAS_CMD_WR STAT      |  UMC6C1 |      207982100 |             0 |     207982100 |  2.599776e+06 |
|      CAS_CMD_RD STAT      |  UMC7C0 |    50412370000 |             0 |   50412370000 |     630154625 |
|      CAS_CMD_WR STAT      |  UMC7C1 |      208152500 |             0 |     208152500 |  2.601906e+06 |
|      CAS_CMD_RD STAT      |  UMC8C0 |    50442910000 |             0 |   50442910000 |     630536375 |
|      CAS_CMD_WR STAT      |  UMC8C1 |      208322900 |             0 |     208322900 |  2.604036e+06 |
|      CAS_CMD_RD STAT      |  UMC9C0 |    50682690000 |             0 |   50682690000 |     633533625 |
|      CAS_CMD_WR STAT      |  UMC9C1 |      206774800 |             0 |     206774800 |       2584685 |
|      CAS_CMD_RD STAT      | UMC10C0 |    50653990000 |             0 |   50653990000 |     633174875 |
|      CAS_CMD_WR STAT      | UMC10C1 |      206181500 |             0 |     206181500 |  2.577269e+06 |
|      CAS_CMD_RD STAT      | UMC11C0 |    50656620000 |             0 |   50656620000 |     633207750 |
|      CAS_CMD_WR STAT      | UMC11C1 |      209372000 |             0 |     209372000 |       2617150 |
+---------------------------+---------+----------------+---------------+---------------+---------------+

+-----------------------------------+-------------+------------+------------+------------+------------+------------+------------+------------+------------+------------+-------------+-------------+-------------+-------------+-------------+-------------+-------------+-------------+-------------+-------------+-------------+-------------+-------------+-------------+-------------+-------------+-------------+-------------+-------------+-------------+-------------+-------------+-------------+-------------+-------------+-------------+-------------+-------------+-------------+-------------+-------------+-------------+-------------+-------------+-------------+-------------+-------------+-------------+-------------+-------------+-------------+-------------+-------------+-------------+-------------+-------------+-------------+-------------+-------------+-------------+-------------+-------------+-------------+-------------+-------------+-------------+-------------+-------------+-------------+-------------+-------------+-------------+-------------+-------------+-------------+-------------+-------------+-------------+-------------+-------------+
|               Metric              |  HWThread 0 | HWThread 1 | HWThread 2 | HWThread 3 | HWThread 4 | HWThread 5 | HWThread 6 | HWThread 7 | HWThread 8 | HWThread 9 | HWThread 10 | HWThread 11 | HWThread 12 | HWThread 13 | HWThread 14 | HWThread 15 | HWThread 16 | HWThread 17 | HWThread 18 | HWThread 19 | HWThread 20 | HWThread 21 | HWThread 22 | HWThread 23 | HWThread 24 | HWThread 25 | HWThread 26 | HWThread 27 | HWThread 28 | HWThread 29 | HWThread 30 | HWThread 31 | HWThread 32 | HWThread 33 | HWThread 34 | HWThread 35 | HWThread 36 | HWThread 37 | HWThread 38 | HWThread 39 | HWThread 40 | HWThread 41 | HWThread 42 | HWThread 43 | HWThread 44 | HWThread 45 | HWThread 46 | HWThread 47 | HWThread 48 | HWThread 49 | HWThread 50 | HWThread 51 | HWThread 52 | HWThread 53 | HWThread 54 | HWThread 55 | HWThread 56 | HWThread 57 | HWThread 58 | HWThread 59 | HWThread 60 | HWThread 61 | HWThread 62 | HWThread 63 | HWThread 64 | HWThread 65 | HWThread 66 | HWThread 67 | HWThread 68 | HWThread 69 | HWThread 70 | HWThread 71 | HWThread 72 | HWThread 73 | HWThread 74 | HWThread 75 | HWThread 76 | HWThread 77 | HWThread 78 | HWThread 79 |
+-----------------------------------+-------------+------------+------------+------------+------------+------------+------------+------------+------------+------------+-------------+-------------+-------------+-------------+-------------+-------------+-------------+-------------+-------------+-------------+-------------+-------------+-------------+-------------+-------------+-------------+-------------+-------------+-------------+-------------+-------------+-------------+-------------+-------------+-------------+-------------+-------------+-------------+-------------+-------------+-------------+-------------+-------------+-------------+-------------+-------------+-------------+-------------+-------------+-------------+-------------+-------------+-------------+-------------+-------------+-------------+-------------+-------------+-------------+-------------+-------------+-------------+-------------+-------------+-------------+-------------+-------------+-------------+-------------+-------------+-------------+-------------+-------------+-------------+-------------+-------------+-------------+-------------+-------------+-------------+
|        Runtime (RDTSC) [s]        |    203.2940 |   200.6049 |   199.6431 |   197.7267 |   201.9504 |   201.4992 |   197.8772 |   200.9805 |   201.1197 |   202.9752 |    202.9759 |    202.4789 |    197.4350 |    200.2346 |    201.4973 |    201.0622 |    202.3951 |    200.9793 |    201.2593 |    201.2598 |    199.2279 |    201.6877 |    199.3768 |    198.2596 |    202.0381 |    198.7430 |    197.5830 |    198.7431 |    198.4738 |    198.2599 |    198.4747 |    198.6108 |    202.7190 |    201.4027 |    202.6543 |    201.4033 |    197.5818 |    202.7200 |    202.3029 |    202.5646 |    198.9318 |    199.5510 |    197.4349 |    199.1688 |    199.6413 |    198.6100 |    199.8108 |    198.3469 |    197.8742 |    201.8655 |    200.8894 |    197.7249 |    202.1310 |    202.8926 |    197.8741 |    198.1752 |    200.2337 |    200.6039 |    199.0157 |    200.3288 |    200.3286 |    201.7732 |    199.4629 |    200.0287 |    198.0904 |    202.2175 |    203.2104 |    199.0165 |    199.5511 |    198.3477 |    199.0163 |    197.3706 |    199.9577 |    199.9584 |    200.7988 |    203.1262 |    202.5647 |    200.4586 |    200.4583 |    199.8103 |
|        Runtime unhalted [s]       |    278.4840 |   276.9688 |   277.3088 |   277.2580 |   277.2589 |   277.2617 |   277.3228 |   277.3093 |   277.3004 |   277.2947 |    277.2356 |    277.2444 |    277.2909 |    277.3008 |    277.2444 |    277.2429 |    277.2237 |    277.1922 |    277.1995 |    277.2477 |    277.2785 |    277.2185 |    277.2190 |    277.3090 |    277.5605 |    277.5240 |    277.5428 |    277.4889 |    277.5422 |    277.4789 |    277.4884 |    277.5173 |    277.5161 |    277.4851 |    277.4944 |    277.4875 |    277.5227 |    277.4801 |    277.5023 |    277.5149 |    277.4916 |    277.4469 |    277.5103 |    277.4559 |    277.4878 |    277.4812 |    277.5487 |    277.4725 |    277.2195 |    277.2304 |    277.2486 |    277.2204 |    277.2434 |    277.2402 |    277.2061 |    277.2509 |    277.2709 |    277.2416 |    277.3026 |    277.2567 |    277.2762 |    277.2286 |    277.2862 |    277.2516 |    277.1903 |    277.2329 |    277.2707 |    277.2138 |    277.2261 |    277.3041 |    277.2364 |    277.2832 |    277.5004 |    277.4912 |    277.5582 |    277.5391 |    277.5597 |    277.4695 |    277.4777 |    277.4625 |
|            Clock [MHz]            |   3665.6738 |  3648.9903 |  3653.4400 |  3653.2370 |  3652.8517 |  3652.8331 |  3653.6103 |  3653.4820 |  3653.2683 |  3653.1207 |   3652.4788 |   3652.7536 |   3653.2291 |   3653.3572 |   3652.3535 |   3652.4297 |   3652.4672 |   3652.2829 |   3651.9978 |   3653.0099 |   3653.3989 |   3652.6567 |   3652.2744 |   3653.8191 |   3656.8592 |   3656.6826 |   3657.0103 |   3656.2005 |   3656.7506 |   3656.0390 |   3656.1608 |   3656.4583 |   3656.7329 |   3655.8705 |   3655.7528 |   3655.6753 |   3656.1539 |   3655.8979 |   3655.8542 |   3656.3067 |   3655.9832 |   3655.5644 |   3656.3640 |   3655.4650 |   3655.8271 |   3656.0309 |   3656.8578 |   3655.7803 |   3652.6711 |   3653.2178 |   3653.1053 |   3652.9935 |   3652.9866 |   3653.1138 |   3652.6239 |   3653.2437 |   3653.2466 |   3652.6568 |   3653.5156 |   3652.6479 |   3653.1148 |   3652.6009 |   3653.4618 |   3652.7720 |   3652.4383 |   3652.6140 |   3653.4081 |   3652.6260 |   3652.6133 |   3653.5650 |   3652.5688 |   3653.5134 |   3655.9733 |   3655.9634 |   3656.9992 |   3656.7675 |   3657.0260 |   3655.8448 |   3656.1012 |   3655.9778 |
|                CPI                |      0.6001 |     0.6028 |     0.6024 |     0.6021 |     0.6025 |     0.6028 |     0.6031 |     0.6031 |     0.5943 |     0.5945 |      0.5944 |      0.5945 |      0.5943 |      0.5943 |      0.5945 |      0.5949 |      0.6002 |      0.6003 |      0.6009 |      0.6011 |      0.6006 |      0.6008 |      0.6008 |      0.6001 |      0.6022 |      0.6025 |      0.6021 |      0.6024 |      0.6024 |      0.6028 |      0.6026 |      0.6029 |      0.5965 |      0.5968 |      0.5969 |      0.5964 |      0.5967 |      0.5968 |      0.5973 |      0.5966 |      0.5979 |      0.5983 |      0.5978 |      0.5978 |      0.5979 |      0.5977 |      0.5979 |      0.5987 |      0.6025 |      0.6026 |      0.6025 |      0.6029 |      0.6026 |      0.6027 |      0.6030 |      0.6033 |      0.5967 |      0.5962 |      0.5962 |      0.5971 |      0.5965 |      0.5971 |      0.5965 |      0.5976 |      0.5988 |      0.5986 |      0.5985 |      0.5989 |      0.5986 |      0.5983 |      0.5990 |      0.5991 |      0.5965 |      0.5964 |      0.5958 |      0.5963 |      0.5964 |      0.5965 |      0.5970 |      0.5966 |
|  Memory read bandwidth [MBytes/s] | 190836.9254 |          0 |          0 |          0 |          0 |          0 |          0 |          0 |          0 |          0 |           0 |           0 |           0 |           0 |           0 |           0 |           0 |           0 |           0 |           0 |           0 |           0 |           0 |           0 |           0 |           0 |           0 |           0 |           0 |           0 |           0 |           0 |           0 |           0 |           0 |           0 |           0 |           0 |           0 |           0 |           0 |           0 |           0 |           0 |           0 |           0 |           0 |           0 |           0 |           0 |           0 |           0 |           0 |           0 |           0 |           0 |           0 |           0 |           0 |           0 |           0 |           0 |           0 |           0 |           0 |           0 |           0 |           0 |           0 |           0 |           0 |           0 |           0 |           0 |           0 |           0 |           0 |           0 |           0 |           0 |
|  Memory read data volume [GBytes] |  38796.0019 |          0 |          0 |          0 |          0 |          0 |          0 |          0 |          0 |          0 |           0 |           0 |           0 |           0 |           0 |           0 |           0 |           0 |           0 |           0 |           0 |           0 |           0 |           0 |           0 |           0 |           0 |           0 |           0 |           0 |           0 |           0 |           0 |           0 |           0 |           0 |           0 |           0 |           0 |           0 |           0 |           0 |           0 |           0 |           0 |           0 |           0 |           0 |           0 |           0 |           0 |           0 |           0 |           0 |           0 |           0 |           0 |           0 |           0 |           0 |           0 |           0 |           0 |           0 |           0 |           0 |           0 |           0 |           0 |           0 |           0 |           0 |           0 |           0 |           0 |           0 |           0 |           0 |           0 |           0 |
| Memory write bandwidth [MBytes/s] |    787.0538 |          0 |          0 |          0 |          0 |          0 |          0 |          0 |          0 |          0 |           0 |           0 |           0 |           0 |           0 |           0 |           0 |           0 |           0 |           0 |           0 |           0 |           0 |           0 |           0 |           0 |           0 |           0 |           0 |           0 |           0 |           0 |           0 |           0 |           0 |           0 |           0 |           0 |           0 |           0 |           0 |           0 |           0 |           0 |           0 |           0 |           0 |           0 |           0 |           0 |           0 |           0 |           0 |           0 |           0 |           0 |           0 |           0 |           0 |           0 |           0 |           0 |           0 |           0 |           0 |           0 |           0 |           0 |           0 |           0 |           0 |           0 |           0 |           0 |           0 |           0 |           0 |           0 |           0 |           0 |
| Memory write data volume [GBytes] |    160.0033 |          0 |          0 |          0 |          0 |          0 |          0 |          0 |          0 |          0 |           0 |           0 |           0 |           0 |           0 |           0 |           0 |           0 |           0 |           0 |           0 |           0 |           0 |           0 |           0 |           0 |           0 |           0 |           0 |           0 |           0 |           0 |           0 |           0 |           0 |           0 |           0 |           0 |           0 |           0 |           0 |           0 |           0 |           0 |           0 |           0 |           0 |           0 |           0 |           0 |           0 |           0 |           0 |           0 |           0 |           0 |           0 |           0 |           0 |           0 |           0 |           0 |           0 |           0 |           0 |           0 |           0 |           0 |           0 |           0 |           0 |           0 |           0 |           0 |           0 |           0 |           0 |           0 |           0 |           0 |
|    Memory bandwidth [MBytes/s]    | 191623.9792 |          0 |          0 |          0 |          0 |          0 |          0 |          0 |          0 |          0 |           0 |           0 |           0 |           0 |           0 |           0 |           0 |           0 |           0 |           0 |           0 |           0 |           0 |           0 |           0 |           0 |           0 |           0 |           0 |           0 |           0 |           0 |           0 |           0 |           0 |           0 |           0 |           0 |           0 |           0 |           0 |           0 |           0 |           0 |           0 |           0 |           0 |           0 |           0 |           0 |           0 |           0 |           0 |           0 |           0 |           0 |           0 |           0 |           0 |           0 |           0 |           0 |           0 |           0 |           0 |           0 |           0 |           0 |           0 |           0 |           0 |           0 |           0 |           0 |           0 |           0 |           0 |           0 |           0 |           0 |
|    Memory data volume [GBytes]    |  38956.0052 |          0 |          0 |          0 |          0 |          0 |          0 |          0 |          0 |          0 |           0 |           0 |           0 |           0 |           0 |           0 |           0 |           0 |           0 |           0 |           0 |           0 |           0 |           0 |           0 |           0 |           0 |           0 |           0 |           0 |           0 |           0 |           0 |           0 |           0 |           0 |           0 |           0 |           0 |           0 |           0 |           0 |           0 |           0 |           0 |           0 |           0 |           0 |           0 |           0 |           0 |           0 |           0 |           0 |           0 |           0 |           0 |           0 |           0 |           0 |           0 |           0 |           0 |           0 |           0 |           0 |           0 |           0 |           0 |           0 |           0 |           0 |           0 |           0 |           0 |           0 |           0 |           0 |           0 |           0 |
+-----------------------------------+-------------+------------+------------+------------+------------+------------+------------+------------+------------+------------+-------------+-------------+-------------+-------------+-------------+-------------+-------------+-------------+-------------+-------------+-------------+-------------+-------------+-------------+-------------+-------------+-------------+-------------+-------------+-------------+-------------+-------------+-------------+-------------+-------------+-------------+-------------+-------------+-------------+-------------+-------------+-------------+-------------+-------------+-------------+-------------+-------------+-------------+-------------+-------------+-------------+-------------+-------------+-------------+-------------+-------------+-------------+-------------+-------------+-------------+-------------+-------------+-------------+-------------+-------------+-------------+-------------+-------------+-------------+-------------+-------------+-------------+-------------+-------------+-------------+-------------+-------------+-------------+-------------+-------------+

+----------------------------------------+-------------+-----------+-------------+-----------+
|                 Metric                 |     Sum     |    Min    |     Max     |    Avg    |
+----------------------------------------+-------------+-----------+-------------+-----------+
|        Runtime (RDTSC) [s] STAT        |  16018.7267 |  197.3706 |    203.2940 |  200.2341 |
|        Runtime unhalted [s] STAT       |  22189.2452 |  276.9688 |    278.4840 |  277.3656 |
|            Clock [MHz] STAT            | 292349.2664 | 3648.9903 |   3665.6738 | 3654.3658 |
|                CPI STAT                |     47.9146 |    0.5943 |      0.6033 |    0.5989 |
|  Memory read bandwidth [MBytes/s] STAT | 190836.9254 |         0 | 190836.9254 | 2385.4616 |
|  Memory read data volume [GBytes] STAT |  38796.0019 |         0 |  38796.0019 |  484.9500 |
| Memory write bandwidth [MBytes/s] STAT |    787.0538 |         0 |    787.0538 |    9.8382 |
| Memory write data volume [GBytes] STAT |    160.0033 |         0 |    160.0033 |    2.0000 |
|    Memory bandwidth [MBytes/s] STAT    | 191623.9792 |         0 | 191623.9792 | 2395.2997 |
|    Memory data volume [GBytes] STAT    |  38956.0052 |         0 |  38956.0052 |  486.9501 |
+----------------------------------------+-------------+-----------+-------------+-----------+

