INFO: You are running LIKWID in a cpuset with 96 CPUs. Taking given IDs as logical ID in cpuset
--------------------------------------------------------------------------------
CPU name:	AMD EPYC 9A14 96-Core Processor                
CPU type:	AMD K19 (Zen4) architecture
CPU clock:	2.60 GHz
--------------------------------------------------------------------------------
Sys.CPU_THREADS       192
SLURM_CPUS_PER_TASK   96
OMP_NUM_THREADS       96
OMP_PROC_BIND         close
OMP_PLACES            cores
BLAS_NUM_THREADS      1
Threads.nthreads()    1

Successfully read data from: /public/home/halili/jld2file/6-31g/o2-1.0-6-31g.jld2
  name: o2
  ratio: 1.0
  basis: 6-31g
  nα: 8, nβ: 8, ne: 16, norb: 18, nq: 36

  ngs: 4266
  ncs: 22543

Warming up JIT and Hardware...
Warm-up completed.
  Step 001:  residual: 9.5235e-01,  e: -149.45320229675201
  Step 002:  residual: 7.0900e-01,  e: -149.59391697072695
  Step 003:  residual: 3.4390e-01,  e: -149.71881382605213
  Step 004:  residual: 1.3670e-01,  e: -149.74155494323819
  Step 005:  residual: 5.6781e-02,  e: -149.74486722652455
  Step 006:  residual: 3.0719e-02,  e: -149.74550118255127
  Step 007:  residual: 2.2745e-02,  e: -149.74573279555460
  Step 008:  residual: 2.6203e-02,  e: -149.74592799688364
  Step 009:  residual: 3.4719e-02,  e: -149.74623194412649
  Step 010:  residual: 2.6370e-02,  e: -149.74654741412601
  Step 011:  residual: 1.1805e-02,  e: -149.74665437187386
  Step 012:  residual: 4.6480e-03,  e: -149.74667295626901
  Step 013:  residual: 1.7886e-03,  e: -149.74667552118248
  Step 014:  residual: 6.8126e-04,  e: -149.74667587808540
  Step 015:  residual: 2.5621e-04,  e: -149.74667592692546
  Step 016:  residual: 9.5094e-05,  e: -149.74667593407341
  Step 017:  residual: 3.6656e-05,  e: -149.74667593511271
  Step 018:  residual: 1.4803e-05,  e: -149.74667593526630
  Step 019:  residual: 6.2970e-06,  e: -149.74667593529267

Convergence reached!
197.484776 seconds (7.21 M allocations: 69.917 GiB, 0.19% gc time, 0.97% compilation time)
--------------------------------------------------------------------------------
Region hvec_direct_agg, Group 1: MEM
+-------------------+------------+------------+------------+------------+------------+------------+------------+------------+------------+------------+-------------+-------------+-------------+-------------+-------------+-------------+-------------+-------------+-------------+-------------+-------------+-------------+-------------+-------------+-------------+-------------+-------------+-------------+-------------+-------------+-------------+-------------+-------------+-------------+-------------+-------------+-------------+-------------+-------------+-------------+-------------+-------------+-------------+-------------+-------------+-------------+-------------+-------------+-------------+-------------+-------------+-------------+-------------+-------------+-------------+-------------+-------------+-------------+-------------+-------------+-------------+-------------+-------------+-------------+-------------+-------------+-------------+-------------+-------------+-------------+-------------+-------------+-------------+-------------+-------------+-------------+-------------+-------------+-------------+-------------+-------------+-------------+-------------+-------------+-------------+-------------+-------------+-------------+-------------+-------------+-------------+-------------+-------------+-------------+-------------+-------------+
|    Region Info    | HWThread 0 | HWThread 1 | HWThread 2 | HWThread 3 | HWThread 4 | HWThread 5 | HWThread 6 | HWThread 7 | HWThread 8 | HWThread 9 | HWThread 10 | HWThread 11 | HWThread 12 | HWThread 13 | HWThread 14 | HWThread 15 | HWThread 16 | HWThread 17 | HWThread 18 | HWThread 19 | HWThread 20 | HWThread 21 | HWThread 22 | HWThread 23 | HWThread 24 | HWThread 25 | HWThread 26 | HWThread 27 | HWThread 28 | HWThread 29 | HWThread 30 | HWThread 31 | HWThread 32 | HWThread 33 | HWThread 34 | HWThread 35 | HWThread 36 | HWThread 37 | HWThread 38 | HWThread 39 | HWThread 40 | HWThread 41 | HWThread 42 | HWThread 43 | HWThread 44 | HWThread 45 | HWThread 46 | HWThread 47 | HWThread 48 | HWThread 49 | HWThread 50 | HWThread 51 | HWThread 52 | HWThread 53 | HWThread 54 | HWThread 55 | HWThread 56 | HWThread 57 | HWThread 58 | HWThread 59 | HWThread 60 | HWThread 61 | HWThread 62 | HWThread 63 | HWThread 64 | HWThread 65 | HWThread 66 | HWThread 67 | HWThread 68 | HWThread 69 | HWThread 70 | HWThread 71 | HWThread 72 | HWThread 73 | HWThread 74 | HWThread 75 | HWThread 76 | HWThread 77 | HWThread 78 | HWThread 79 | HWThread 80 | HWThread 81 | HWThread 82 | HWThread 83 | HWThread 84 | HWThread 85 | HWThread 86 | HWThread 87 | HWThread 88 | HWThread 89 | HWThread 90 | HWThread 91 | HWThread 92 | HWThread 93 | HWThread 94 | HWThread 95 |
+-------------------+------------+------------+------------+------------+------------+------------+------------+------------+------------+------------+-------------+-------------+-------------+-------------+-------------+-------------+-------------+-------------+-------------+-------------+-------------+-------------+-------------+-------------+-------------+-------------+-------------+-------------+-------------+-------------+-------------+-------------+-------------+-------------+-------------+-------------+-------------+-------------+-------------+-------------+-------------+-------------+-------------+-------------+-------------+-------------+-------------+-------------+-------------+-------------+-------------+-------------+-------------+-------------+-------------+-------------+-------------+-------------+-------------+-------------+-------------+-------------+-------------+-------------+-------------+-------------+-------------+-------------+-------------+-------------+-------------+-------------+-------------+-------------+-------------+-------------+-------------+-------------+-------------+-------------+-------------+-------------+-------------+-------------+-------------+-------------+-------------+-------------+-------------+-------------+-------------+-------------+-------------+-------------+-------------+-------------+
| RDTSC Runtime [s] | 180.332700 | 176.460300 | 173.759300 | 177.380400 | 176.957600 | 176.809300 | 179.674100 | 179.673500 | 178.385400 | 178.542500 |  180.170900 |  173.837600 |  180.171000 |  177.167600 |  175.121600 |  178.918900 |  176.808800 |  177.534900 |  177.089800 |  177.243900 |  177.815700 |  178.252600 |  177.168400 |  178.251900 |  180.027200 |  173.489500 |  173.489100 |  176.808200 |  173.490000 |  178.625500 |  176.381800 |  178.543600 |  175.950600 |  175.280700 |  175.575800 |  179.131000 |  175.720900 |  175.951200 |  175.359700 |  178.837400 |  174.139100 |  179.372600 |  179.946100 |  175.798700 |  176.671400 |  179.213800 |  174.434600 |  176.670700 |  178.465900 |  180.026700 |  178.172000 |  176.088300 |  177.964700 |  179.453000 |  176.087600 |  177.612500 |  179.294800 |  174.631300 |  175.875400 |  175.358300 |  178.756900 |  174.630300 |  174.139900 |  173.682100 |  173.911600 |  177.964800 |  174.631500 |  175.513000 |  174.292400 |  177.965000 |  177.457700 |  174.433900 |  177.815700 |  177.612600 |  174.065500 |  174.139300 |  175.042700 |  177.612000 |  174.826000 |  173.429900 |  176.460700 |  174.826000 |  176.461000 |  173.912000 |  175.358600 |  174.825900 |  178.996600 |  178.997200 |  179.808700 |  176.304500 |  175.201800 |  176.086900 |  174.292900 |  179.453400 |  179.809300 |  179.532900 |
|     call count    |         19 |         19 |         19 |         19 |         19 |         19 |         19 |         19 |         19 |         19 |          19 |          19 |          19 |          19 |          19 |          19 |          19 |          19 |          19 |          19 |          19 |          19 |          19 |          19 |          19 |          19 |          19 |          19 |          19 |          19 |          19 |          19 |          19 |          19 |          19 |          19 |          19 |          19 |          19 |          19 |          19 |          19 |          19 |          19 |          19 |          19 |          19 |          19 |          19 |          19 |          19 |          19 |          19 |          19 |          19 |          19 |          19 |          19 |          19 |          19 |          19 |          19 |          19 |          19 |          19 |          19 |          19 |          19 |          19 |          19 |          19 |          19 |          19 |          19 |          19 |          19 |          19 |          19 |          19 |          19 |          19 |          19 |          19 |          19 |          19 |          19 |          19 |          19 |          19 |          19 |          19 |          19 |          19 |          19 |          19 |          19 |
+-------------------+------------+------------+------------+------------+------------+------------+------------+------------+------------+------------+-------------+-------------+-------------+-------------+-------------+-------------+-------------+-------------+-------------+-------------+-------------+-------------+-------------+-------------+-------------+-------------+-------------+-------------+-------------+-------------+-------------+-------------+-------------+-------------+-------------+-------------+-------------+-------------+-------------+-------------+-------------+-------------+-------------+-------------+-------------+-------------+-------------+-------------+-------------+-------------+-------------+-------------+-------------+-------------+-------------+-------------+-------------+-------------+-------------+-------------+-------------+-------------+-------------+-------------+-------------+-------------+-------------+-------------+-------------+-------------+-------------+-------------+-------------+-------------+-------------+-------------+-------------+-------------+-------------+-------------+-------------+-------------+-------------+-------------+-------------+-------------+-------------+-------------+-------------+-------------+-------------+-------------+-------------+-------------+-------------+-------------+

+----------------------+---------+--------------+--------------+--------------+--------------+--------------+--------------+--------------+--------------+---------------+---------------+---------------+---------------+---------------+---------------+---------------+---------------+--------------+--------------+--------------+--------------+--------------+--------------+--------------+--------------+--------------+--------------+--------------+--------------+--------------+--------------+--------------+--------------+---------------+---------------+---------------+---------------+---------------+---------------+---------------+---------------+--------------+--------------+--------------+--------------+--------------+--------------+--------------+--------------+--------------+--------------+--------------+--------------+--------------+--------------+--------------+--------------+---------------+---------------+---------------+---------------+---------------+---------------+---------------+---------------+--------------+--------------+--------------+--------------+--------------+--------------+--------------+--------------+--------------+--------------+--------------+--------------+--------------+--------------+--------------+--------------+---------------+---------------+---------------+---------------+---------------+---------------+---------------+---------------+---------------+---------------+---------------+---------------+---------------+---------------+---------------+--------------+
|         Event        | Counter |  HWThread 0  |  HWThread 1  |  HWThread 2  |  HWThread 3  |  HWThread 4  |  HWThread 5  |  HWThread 6  |  HWThread 7  |   HWThread 8  |   HWThread 9  |  HWThread 10  |  HWThread 11  |  HWThread 12  |  HWThread 13  |  HWThread 14  |  HWThread 15  |  HWThread 16 |  HWThread 17 |  HWThread 18 |  HWThread 19 |  HWThread 20 |  HWThread 21 |  HWThread 22 |  HWThread 23 |  HWThread 24 |  HWThread 25 |  HWThread 26 |  HWThread 27 |  HWThread 28 |  HWThread 29 |  HWThread 30 |  HWThread 31 |  HWThread 32  |  HWThread 33  |  HWThread 34  |  HWThread 35  |  HWThread 36  |  HWThread 37  |  HWThread 38  |  HWThread 39  |  HWThread 40 |  HWThread 41 |  HWThread 42 |  HWThread 43 |  HWThread 44 |  HWThread 45 |  HWThread 46 |  HWThread 47 |  HWThread 48 |  HWThread 49 |  HWThread 50 |  HWThread 51 |  HWThread 52 |  HWThread 53 |  HWThread 54 |  HWThread 55 |  HWThread 56  |  HWThread 57  |  HWThread 58  |  HWThread 59  |  HWThread 60  |  HWThread 61  |  HWThread 62  |  HWThread 63  |  HWThread 64 |  HWThread 65 |  HWThread 66 |  HWThread 67 |  HWThread 68 |  HWThread 69 |  HWThread 70 |  HWThread 71 |  HWThread 72 |  HWThread 73 |  HWThread 74 |  HWThread 75 |  HWThread 76 |  HWThread 77 |  HWThread 78 |  HWThread 79 |  HWThread 80  |  HWThread 81  |  HWThread 82  |  HWThread 83  |  HWThread 84  |  HWThread 85  |  HWThread 86  |  HWThread 87  |  HWThread 88  |  HWThread 89  |  HWThread 90  |  HWThread 91  |  HWThread 92  |  HWThread 93  |  HWThread 94  |  HWThread 95 |
+----------------------+---------+--------------+--------------+--------------+--------------+--------------+--------------+--------------+--------------+---------------+---------------+---------------+---------------+---------------+---------------+---------------+---------------+--------------+--------------+--------------+--------------+--------------+--------------+--------------+--------------+--------------+--------------+--------------+--------------+--------------+--------------+--------------+--------------+---------------+---------------+---------------+---------------+---------------+---------------+---------------+---------------+--------------+--------------+--------------+--------------+--------------+--------------+--------------+--------------+--------------+--------------+--------------+--------------+--------------+--------------+--------------+--------------+---------------+---------------+---------------+---------------+---------------+---------------+---------------+---------------+--------------+--------------+--------------+--------------+--------------+--------------+--------------+--------------+--------------+--------------+--------------+--------------+--------------+--------------+--------------+--------------+---------------+---------------+---------------+---------------+---------------+---------------+---------------+---------------+---------------+---------------+---------------+---------------+---------------+---------------+---------------+--------------+
|   ACTUAL_CPU_CLOCK   |  FIXC1  | 598462900000 | 594782600000 | 595348200000 | 595401300000 | 595551600000 | 595576300000 | 595508000000 | 595432000000 |  595324500000 |  595425500000 |  595214000000 |  595365100000 |  595509700000 |  595423500000 |  595522600000 |  595430200000 | 595451500000 | 595347800000 | 595418900000 | 595479500000 | 595496100000 | 595266900000 | 595242700000 | 595386200000 | 595404500000 | 595222000000 | 595301000000 | 595413500000 | 595236900000 | 595351000000 | 595395100000 | 595251000000 |  595161200000 |  595415300000 |  595350900000 |  595329700000 |  595312600000 |  595427700000 |  595240200000 |  595210400000 | 595310900000 | 595068700000 | 595160800000 | 595317500000 | 595149600000 | 595194500000 | 595155700000 | 595156300000 | 595268500000 | 595218500000 | 595241500000 | 595258500000 | 595367300000 | 595116100000 | 595172900000 | 595372900000 |  595275700000 |  595117800000 |  595279700000 |  595322800000 |  595102600000 |  595261600000 |  595259300000 |  595309600000 | 595260500000 | 595074000000 | 595308100000 | 595144800000 | 595251600000 | 595388600000 | 595335500000 | 595158100000 | 595149800000 | 595281300000 | 595369500000 | 595073600000 | 595151600000 | 595122700000 | 595111400000 | 595273800000 |  595083600000 |  595410900000 |  595042600000 |  595356300000 |  595068200000 |  595258300000 |  595101100000 |  595282400000 |  595307600000 |  595280300000 |  595252700000 |  595433100000 |  595105200000 |  595280900000 |  595199800000 | 595332900000 |
|     MAX_CPU_CLOCK    |  FIXC2  | 451372900000 | 450839600000 | 450819600000 | 450822100000 | 450781000000 | 450820800000 | 450794100000 | 450786300000 |  450814900000 |  450794100000 |  450844500000 |  450794900000 |  450831800000 |  450763600000 |  450813400000 |  450849700000 | 450864100000 | 450820100000 | 450781100000 | 450816800000 | 450855100000 | 450833700000 | 450814700000 | 450798300000 | 450775800000 | 450766300000 | 450748600000 | 450755600000 | 450777400000 | 450780000000 | 450778600000 | 450817900000 |  450805200000 |  450833700000 |  450788000000 |  450789100000 |  450802300000 |  450828500000 |  450829200000 |  450832000000 | 450771900000 | 450760700000 | 450720900000 | 450785600000 | 450801000000 | 450721500000 | 450798700000 | 450806300000 | 450796700000 | 450815700000 | 450772100000 | 450798400000 | 450793100000 | 450774100000 | 450808700000 | 450794100000 |  450785000000 |  450798600000 |  450807100000 |  450780700000 |  450759300000 |  450793000000 |  450774400000 |  450797200000 | 450758400000 | 450789200000 | 450807200000 | 450765400000 | 450832000000 | 450820900000 | 450784500000 | 450790000000 | 450792400000 | 450752300000 | 450796900000 | 450751600000 | 450773000000 | 450763100000 | 450763800000 | 450776000000 |  450724200000 |  450825700000 |  450753100000 |  450801600000 |  450753700000 |  450802400000 |  450783200000 |  450778600000 |  450805000000 |  450764100000 |  450771700000 |  450780500000 |  450780400000 |  450804500000 |  450722600000 | 450826200000 |
| RETIRED_INSTRUCTIONS |   PMC0  | 999146500000 | 992101400000 | 991848900000 | 993076900000 | 993320100000 | 993425900000 | 992525200000 | 992486100000 | 1003976000000 | 1003936000000 | 1004333000000 | 1004767000000 | 1005413000000 | 1005107000000 | 1005193000000 | 1004952000000 | 998671400000 | 998069100000 | 998890600000 | 998825100000 | 998089800000 | 996707100000 | 996899200000 | 997600100000 | 994202900000 | 993191600000 | 993665300000 | 993842700000 | 993347700000 | 993448700000 | 993336300000 | 994027900000 | 1003425000000 | 1004025000000 | 1004016000000 | 1004996000000 | 1003509000000 | 1004079000000 | 1003417000000 | 1004181000000 | 998314600000 | 998689900000 | 997776200000 | 997776200000 | 998340300000 | 998421400000 | 998104500000 | 997155100000 | 996927100000 | 995861500000 | 995784000000 | 995673100000 | 995849700000 | 995848600000 | 994591800000 | 995820800000 | 1003976000000 | 1003224000000 | 1003666000000 | 1004674000000 | 1003139000000 | 1003299000000 | 1002861000000 | 1003058000000 | 998973500000 | 998337600000 | 999018500000 | 998571500000 | 998388700000 | 999214500000 | 997988800000 | 997145700000 | 992484600000 | 994486000000 | 993665500000 | 993839300000 | 992915200000 | 993183000000 | 992761900000 | 992792300000 | 1003556000000 | 1003180000000 | 1003999000000 | 1003683000000 | 1002859000000 | 1002418000000 | 1002446000000 | 1002887000000 | 1000022000000 | 1000825000000 | 1000678000000 | 1000742000000 | 1000158000000 | 1000620000000 | 1000122000000 | 999737500000 |
|  CPU_CLOCKS_UNHALTED |   PMC1  | 592245600000 | 591973400000 | 592369700000 | 592383200000 | 592555100000 | 592635300000 | 592555800000 | 592475400000 |  592626800000 |  592760100000 |  592576500000 |  592714000000 |  592864400000 |  592817200000 |  592854100000 |  592768100000 | 592600500000 | 592494400000 | 592613200000 | 592693100000 | 592680100000 | 592436500000 | 592384300000 | 592558800000 | 592607800000 | 592410200000 | 592483600000 | 592596700000 | 592463300000 | 592517400000 | 592622700000 | 592503000000 |  592367800000 |  592608900000 |  592684100000 |  592656200000 |  592629200000 |  592705800000 |  592587800000 |  592565500000 | 592478200000 | 592274900000 | 592295700000 | 592463500000 | 592391600000 | 592398900000 | 592374000000 | 592253700000 | 592436100000 | 592416500000 | 592387500000 | 592395400000 | 592587100000 | 592335200000 | 592430700000 | 592555900000 |  592548100000 |  592438200000 |  592637800000 |  592597300000 |  592440700000 |  592655600000 |  592593900000 |  592610200000 | 592385500000 | 592250300000 | 592516300000 | 592323300000 | 592507800000 | 592630700000 | 592488600000 | 592333100000 | 592387100000 | 592522700000 | 592606400000 | 592371400000 | 592350100000 | 592355100000 | 592379800000 | 592542100000 |  592524200000 |  592776200000 |  592498800000 |  592792600000 |  592457800000 |  592603600000 |  592447300000 |  592676800000 |  592529200000 |  592477500000 |  592500800000 |  592626500000 |  592387000000 |  592544600000 |  592418000000 | 592533700000 |
|      CAS_CMD_RD      |  UMC0C0 |  51241170000 |            0 |            0 |            0 |            0 |            0 |            0 |            0 |             0 |             0 |             0 |             0 |             0 |             0 |             0 |             0 |            0 |            0 |            0 |            0 |            0 |            0 |            0 |            0 |            0 |            0 |            0 |            0 |            0 |            0 |            0 |            0 |             0 |             0 |             0 |             0 |             0 |             0 |             0 |             0 |            0 |            0 |            0 |            0 |            0 |            0 |            0 |            0 |            0 |            0 |            0 |            0 |            0 |            0 |            0 |            0 |             0 |             0 |             0 |             0 |             0 |             0 |             0 |             0 |            0 |            0 |            0 |            0 |            0 |            0 |            0 |            0 |            0 |            0 |            0 |            0 |            0 |            0 |            0 |            0 |             0 |             0 |             0 |             0 |             0 |             0 |             0 |             0 |             0 |             0 |             0 |             0 |             0 |             0 |             0 |            0 |
|      CAS_CMD_WR      |  UMC0C1 |    210643700 |            0 |            0 |            0 |            0 |            0 |            0 |            0 |             0 |             0 |             0 |             0 |             0 |             0 |             0 |             0 |            0 |            0 |            0 |            0 |            0 |            0 |            0 |            0 |            0 |            0 |            0 |            0 |            0 |            0 |            0 |            0 |             0 |             0 |             0 |             0 |             0 |             0 |             0 |             0 |            0 |            0 |            0 |            0 |            0 |            0 |            0 |            0 |            0 |            0 |            0 |            0 |            0 |            0 |            0 |            0 |             0 |             0 |             0 |             0 |             0 |             0 |             0 |             0 |            0 |            0 |            0 |            0 |            0 |            0 |            0 |            0 |            0 |            0 |            0 |            0 |            0 |            0 |            0 |            0 |             0 |             0 |             0 |             0 |             0 |             0 |             0 |             0 |             0 |             0 |             0 |             0 |             0 |             0 |             0 |            0 |
|      CAS_CMD_RD      |  UMC1C0 |  51257300000 |            0 |            0 |            0 |            0 |            0 |            0 |            0 |             0 |             0 |             0 |             0 |             0 |             0 |             0 |             0 |            0 |            0 |            0 |            0 |            0 |            0 |            0 |            0 |            0 |            0 |            0 |            0 |            0 |            0 |            0 |            0 |             0 |             0 |             0 |             0 |             0 |             0 |             0 |             0 |            0 |            0 |            0 |            0 |            0 |            0 |            0 |            0 |            0 |            0 |            0 |            0 |            0 |            0 |            0 |            0 |             0 |             0 |             0 |             0 |             0 |             0 |             0 |             0 |            0 |            0 |            0 |            0 |            0 |            0 |            0 |            0 |            0 |            0 |            0 |            0 |            0 |            0 |            0 |            0 |             0 |             0 |             0 |             0 |             0 |             0 |             0 |             0 |             0 |             0 |             0 |             0 |             0 |             0 |             0 |            0 |
|      CAS_CMD_WR      |  UMC1C1 |    212249400 |            0 |            0 |            0 |            0 |            0 |            0 |            0 |             0 |             0 |             0 |             0 |             0 |             0 |             0 |             0 |            0 |            0 |            0 |            0 |            0 |            0 |            0 |            0 |            0 |            0 |            0 |            0 |            0 |            0 |            0 |            0 |             0 |             0 |             0 |             0 |             0 |             0 |             0 |             0 |            0 |            0 |            0 |            0 |            0 |            0 |            0 |            0 |            0 |            0 |            0 |            0 |            0 |            0 |            0 |            0 |             0 |             0 |             0 |             0 |             0 |             0 |             0 |             0 |            0 |            0 |            0 |            0 |            0 |            0 |            0 |            0 |            0 |            0 |            0 |            0 |            0 |            0 |            0 |            0 |             0 |             0 |             0 |             0 |             0 |             0 |             0 |             0 |             0 |             0 |             0 |             0 |             0 |             0 |             0 |            0 |
|      CAS_CMD_RD      |  UMC2C0 |  51299420000 |            0 |            0 |            0 |            0 |            0 |            0 |            0 |             0 |             0 |             0 |             0 |             0 |             0 |             0 |             0 |            0 |            0 |            0 |            0 |            0 |            0 |            0 |            0 |            0 |            0 |            0 |            0 |            0 |            0 |            0 |            0 |             0 |             0 |             0 |             0 |             0 |             0 |             0 |             0 |            0 |            0 |            0 |            0 |            0 |            0 |            0 |            0 |            0 |            0 |            0 |            0 |            0 |            0 |            0 |            0 |             0 |             0 |             0 |             0 |             0 |             0 |             0 |             0 |            0 |            0 |            0 |            0 |            0 |            0 |            0 |            0 |            0 |            0 |            0 |            0 |            0 |            0 |            0 |            0 |             0 |             0 |             0 |             0 |             0 |             0 |             0 |             0 |             0 |             0 |             0 |             0 |             0 |             0 |             0 |            0 |
|      CAS_CMD_WR      |  UMC2C1 |    212083300 |            0 |            0 |            0 |            0 |            0 |            0 |            0 |             0 |             0 |             0 |             0 |             0 |             0 |             0 |             0 |            0 |            0 |            0 |            0 |            0 |            0 |            0 |            0 |            0 |            0 |            0 |            0 |            0 |            0 |            0 |            0 |             0 |             0 |             0 |             0 |             0 |             0 |             0 |             0 |            0 |            0 |            0 |            0 |            0 |            0 |            0 |            0 |            0 |            0 |            0 |            0 |            0 |            0 |            0 |            0 |             0 |             0 |             0 |             0 |             0 |             0 |             0 |             0 |            0 |            0 |            0 |            0 |            0 |            0 |            0 |            0 |            0 |            0 |            0 |            0 |            0 |            0 |            0 |            0 |             0 |             0 |             0 |             0 |             0 |             0 |             0 |             0 |             0 |             0 |             0 |             0 |             0 |             0 |             0 |            0 |
|      CAS_CMD_RD      |  UMC3C0 |  51196330000 |            0 |            0 |            0 |            0 |            0 |            0 |            0 |             0 |             0 |             0 |             0 |             0 |             0 |             0 |             0 |            0 |            0 |            0 |            0 |            0 |            0 |            0 |            0 |            0 |            0 |            0 |            0 |            0 |            0 |            0 |            0 |             0 |             0 |             0 |             0 |             0 |             0 |             0 |             0 |            0 |            0 |            0 |            0 |            0 |            0 |            0 |            0 |            0 |            0 |            0 |            0 |            0 |            0 |            0 |            0 |             0 |             0 |             0 |             0 |             0 |             0 |             0 |             0 |            0 |            0 |            0 |            0 |            0 |            0 |            0 |            0 |            0 |            0 |            0 |            0 |            0 |            0 |            0 |            0 |             0 |             0 |             0 |             0 |             0 |             0 |             0 |             0 |             0 |             0 |             0 |             0 |             0 |             0 |             0 |            0 |
|      CAS_CMD_WR      |  UMC3C1 |    210448500 |            0 |            0 |            0 |            0 |            0 |            0 |            0 |             0 |             0 |             0 |             0 |             0 |             0 |             0 |             0 |            0 |            0 |            0 |            0 |            0 |            0 |            0 |            0 |            0 |            0 |            0 |            0 |            0 |            0 |            0 |            0 |             0 |             0 |             0 |             0 |             0 |             0 |             0 |             0 |            0 |            0 |            0 |            0 |            0 |            0 |            0 |            0 |            0 |            0 |            0 |            0 |            0 |            0 |            0 |            0 |             0 |             0 |             0 |             0 |             0 |             0 |             0 |             0 |            0 |            0 |            0 |            0 |            0 |            0 |            0 |            0 |            0 |            0 |            0 |            0 |            0 |            0 |            0 |            0 |             0 |             0 |             0 |             0 |             0 |             0 |             0 |             0 |             0 |             0 |             0 |             0 |             0 |             0 |             0 |            0 |
|      CAS_CMD_RD      |  UMC4C0 |  51238590000 |            0 |            0 |            0 |            0 |            0 |            0 |            0 |             0 |             0 |             0 |             0 |             0 |             0 |             0 |             0 |            0 |            0 |            0 |            0 |            0 |            0 |            0 |            0 |            0 |            0 |            0 |            0 |            0 |            0 |            0 |            0 |             0 |             0 |             0 |             0 |             0 |             0 |             0 |             0 |            0 |            0 |            0 |            0 |            0 |            0 |            0 |            0 |            0 |            0 |            0 |            0 |            0 |            0 |            0 |            0 |             0 |             0 |             0 |             0 |             0 |             0 |             0 |             0 |            0 |            0 |            0 |            0 |            0 |            0 |            0 |            0 |            0 |            0 |            0 |            0 |            0 |            0 |            0 |            0 |             0 |             0 |             0 |             0 |             0 |             0 |             0 |             0 |             0 |             0 |             0 |             0 |             0 |             0 |             0 |            0 |
|      CAS_CMD_WR      |  UMC4C1 |    212815200 |            0 |            0 |            0 |            0 |            0 |            0 |            0 |             0 |             0 |             0 |             0 |             0 |             0 |             0 |             0 |            0 |            0 |            0 |            0 |            0 |            0 |            0 |            0 |            0 |            0 |            0 |            0 |            0 |            0 |            0 |            0 |             0 |             0 |             0 |             0 |             0 |             0 |             0 |             0 |            0 |            0 |            0 |            0 |            0 |            0 |            0 |            0 |            0 |            0 |            0 |            0 |            0 |            0 |            0 |            0 |             0 |             0 |             0 |             0 |             0 |             0 |             0 |             0 |            0 |            0 |            0 |            0 |            0 |            0 |            0 |            0 |            0 |            0 |            0 |            0 |            0 |            0 |            0 |            0 |             0 |             0 |             0 |             0 |             0 |             0 |             0 |             0 |             0 |             0 |             0 |             0 |             0 |             0 |             0 |            0 |
|      CAS_CMD_RD      |  UMC5C0 |  51226280000 |            0 |            0 |            0 |            0 |            0 |            0 |            0 |             0 |             0 |             0 |             0 |             0 |             0 |             0 |             0 |            0 |            0 |            0 |            0 |            0 |            0 |            0 |            0 |            0 |            0 |            0 |            0 |            0 |            0 |            0 |            0 |             0 |             0 |             0 |             0 |             0 |             0 |             0 |             0 |            0 |            0 |            0 |            0 |            0 |            0 |            0 |            0 |            0 |            0 |            0 |            0 |            0 |            0 |            0 |            0 |             0 |             0 |             0 |             0 |             0 |             0 |             0 |             0 |            0 |            0 |            0 |            0 |            0 |            0 |            0 |            0 |            0 |            0 |            0 |            0 |            0 |            0 |            0 |            0 |             0 |             0 |             0 |             0 |             0 |             0 |             0 |             0 |             0 |             0 |             0 |             0 |             0 |             0 |             0 |            0 |
|      CAS_CMD_WR      |  UMC5C1 |    209723800 |            0 |            0 |            0 |            0 |            0 |            0 |            0 |             0 |             0 |             0 |             0 |             0 |             0 |             0 |             0 |            0 |            0 |            0 |            0 |            0 |            0 |            0 |            0 |            0 |            0 |            0 |            0 |            0 |            0 |            0 |            0 |             0 |             0 |             0 |             0 |             0 |             0 |             0 |             0 |            0 |            0 |            0 |            0 |            0 |            0 |            0 |            0 |            0 |            0 |            0 |            0 |            0 |            0 |            0 |            0 |             0 |             0 |             0 |             0 |             0 |             0 |             0 |             0 |            0 |            0 |            0 |            0 |            0 |            0 |            0 |            0 |            0 |            0 |            0 |            0 |            0 |            0 |            0 |            0 |             0 |             0 |             0 |             0 |             0 |             0 |             0 |             0 |             0 |             0 |             0 |             0 |             0 |             0 |             0 |            0 |
|      CAS_CMD_RD      |  UMC6C0 |  51266190000 |            0 |            0 |            0 |            0 |            0 |            0 |            0 |             0 |             0 |             0 |             0 |             0 |             0 |             0 |             0 |            0 |            0 |            0 |            0 |            0 |            0 |            0 |            0 |            0 |            0 |            0 |            0 |            0 |            0 |            0 |            0 |             0 |             0 |             0 |             0 |             0 |             0 |             0 |             0 |            0 |            0 |            0 |            0 |            0 |            0 |            0 |            0 |            0 |            0 |            0 |            0 |            0 |            0 |            0 |            0 |             0 |             0 |             0 |             0 |             0 |             0 |             0 |             0 |            0 |            0 |            0 |            0 |            0 |            0 |            0 |            0 |            0 |            0 |            0 |            0 |            0 |            0 |            0 |            0 |             0 |             0 |             0 |             0 |             0 |             0 |             0 |             0 |             0 |             0 |             0 |             0 |             0 |             0 |             0 |            0 |
|      CAS_CMD_WR      |  UMC6C1 |    212475000 |            0 |            0 |            0 |            0 |            0 |            0 |            0 |             0 |             0 |             0 |             0 |             0 |             0 |             0 |             0 |            0 |            0 |            0 |            0 |            0 |            0 |            0 |            0 |            0 |            0 |            0 |            0 |            0 |            0 |            0 |            0 |             0 |             0 |             0 |             0 |             0 |             0 |             0 |             0 |            0 |            0 |            0 |            0 |            0 |            0 |            0 |            0 |            0 |            0 |            0 |            0 |            0 |            0 |            0 |            0 |             0 |             0 |             0 |             0 |             0 |             0 |             0 |             0 |            0 |            0 |            0 |            0 |            0 |            0 |            0 |            0 |            0 |            0 |            0 |            0 |            0 |            0 |            0 |            0 |             0 |             0 |             0 |             0 |             0 |             0 |             0 |             0 |             0 |             0 |             0 |             0 |             0 |             0 |             0 |            0 |
|      CAS_CMD_RD      |  UMC7C0 |  51288370000 |            0 |            0 |            0 |            0 |            0 |            0 |            0 |             0 |             0 |             0 |             0 |             0 |             0 |             0 |             0 |            0 |            0 |            0 |            0 |            0 |            0 |            0 |            0 |            0 |            0 |            0 |            0 |            0 |            0 |            0 |            0 |             0 |             0 |             0 |             0 |             0 |             0 |             0 |             0 |            0 |            0 |            0 |            0 |            0 |            0 |            0 |            0 |            0 |            0 |            0 |            0 |            0 |            0 |            0 |            0 |             0 |             0 |             0 |             0 |             0 |             0 |             0 |             0 |            0 |            0 |            0 |            0 |            0 |            0 |            0 |            0 |            0 |            0 |            0 |            0 |            0 |            0 |            0 |            0 |             0 |             0 |             0 |             0 |             0 |             0 |             0 |             0 |             0 |             0 |             0 |             0 |             0 |             0 |             0 |            0 |
|      CAS_CMD_WR      |  UMC7C1 |    212813100 |            0 |            0 |            0 |            0 |            0 |            0 |            0 |             0 |             0 |             0 |             0 |             0 |             0 |             0 |             0 |            0 |            0 |            0 |            0 |            0 |            0 |            0 |            0 |            0 |            0 |            0 |            0 |            0 |            0 |            0 |            0 |             0 |             0 |             0 |             0 |             0 |             0 |             0 |             0 |            0 |            0 |            0 |            0 |            0 |            0 |            0 |            0 |            0 |            0 |            0 |            0 |            0 |            0 |            0 |            0 |             0 |             0 |             0 |             0 |             0 |             0 |             0 |             0 |            0 |            0 |            0 |            0 |            0 |            0 |            0 |            0 |            0 |            0 |            0 |            0 |            0 |            0 |            0 |            0 |             0 |             0 |             0 |             0 |             0 |             0 |             0 |             0 |             0 |             0 |             0 |             0 |             0 |             0 |             0 |            0 |
|      CAS_CMD_RD      |  UMC8C0 |  51254770000 |            0 |            0 |            0 |            0 |            0 |            0 |            0 |             0 |             0 |             0 |             0 |             0 |             0 |             0 |             0 |            0 |            0 |            0 |            0 |            0 |            0 |            0 |            0 |            0 |            0 |            0 |            0 |            0 |            0 |            0 |            0 |             0 |             0 |             0 |             0 |             0 |             0 |             0 |             0 |            0 |            0 |            0 |            0 |            0 |            0 |            0 |            0 |            0 |            0 |            0 |            0 |            0 |            0 |            0 |            0 |             0 |             0 |             0 |             0 |             0 |             0 |             0 |             0 |            0 |            0 |            0 |            0 |            0 |            0 |            0 |            0 |            0 |            0 |            0 |            0 |            0 |            0 |            0 |            0 |             0 |             0 |             0 |             0 |             0 |             0 |             0 |             0 |             0 |             0 |             0 |             0 |             0 |             0 |             0 |            0 |
|      CAS_CMD_WR      |  UMC8C1 |    212991700 |            0 |            0 |            0 |            0 |            0 |            0 |            0 |             0 |             0 |             0 |             0 |             0 |             0 |             0 |             0 |            0 |            0 |            0 |            0 |            0 |            0 |            0 |            0 |            0 |            0 |            0 |            0 |            0 |            0 |            0 |            0 |             0 |             0 |             0 |             0 |             0 |             0 |             0 |             0 |            0 |            0 |            0 |            0 |            0 |            0 |            0 |            0 |            0 |            0 |            0 |            0 |            0 |            0 |            0 |            0 |             0 |             0 |             0 |             0 |             0 |             0 |             0 |             0 |            0 |            0 |            0 |            0 |            0 |            0 |            0 |            0 |            0 |            0 |            0 |            0 |            0 |            0 |            0 |            0 |             0 |             0 |             0 |             0 |             0 |             0 |             0 |             0 |             0 |             0 |             0 |             0 |             0 |             0 |             0 |            0 |
|      CAS_CMD_RD      |  UMC9C0 |  51167780000 |            0 |            0 |            0 |            0 |            0 |            0 |            0 |             0 |             0 |             0 |             0 |             0 |             0 |             0 |             0 |            0 |            0 |            0 |            0 |            0 |            0 |            0 |            0 |            0 |            0 |            0 |            0 |            0 |            0 |            0 |            0 |             0 |             0 |             0 |             0 |             0 |             0 |             0 |             0 |            0 |            0 |            0 |            0 |            0 |            0 |            0 |            0 |            0 |            0 |            0 |            0 |            0 |            0 |            0 |            0 |             0 |             0 |             0 |             0 |             0 |             0 |             0 |             0 |            0 |            0 |            0 |            0 |            0 |            0 |            0 |            0 |            0 |            0 |            0 |            0 |            0 |            0 |            0 |            0 |             0 |             0 |             0 |             0 |             0 |             0 |             0 |             0 |             0 |             0 |             0 |             0 |             0 |             0 |             0 |            0 |
|      CAS_CMD_WR      |  UMC9C1 |    211265700 |            0 |            0 |            0 |            0 |            0 |            0 |            0 |             0 |             0 |             0 |             0 |             0 |             0 |             0 |             0 |            0 |            0 |            0 |            0 |            0 |            0 |            0 |            0 |            0 |            0 |            0 |            0 |            0 |            0 |            0 |            0 |             0 |             0 |             0 |             0 |             0 |             0 |             0 |             0 |            0 |            0 |            0 |            0 |            0 |            0 |            0 |            0 |            0 |            0 |            0 |            0 |            0 |            0 |            0 |            0 |             0 |             0 |             0 |             0 |             0 |             0 |             0 |             0 |            0 |            0 |            0 |            0 |            0 |            0 |            0 |            0 |            0 |            0 |            0 |            0 |            0 |            0 |            0 |            0 |             0 |             0 |             0 |             0 |             0 |             0 |             0 |             0 |             0 |             0 |             0 |             0 |             0 |             0 |             0 |            0 |
|      CAS_CMD_RD      | UMC10C0 |  51187380000 |            0 |            0 |            0 |            0 |            0 |            0 |            0 |             0 |             0 |             0 |             0 |             0 |             0 |             0 |             0 |            0 |            0 |            0 |            0 |            0 |            0 |            0 |            0 |            0 |            0 |            0 |            0 |            0 |            0 |            0 |            0 |             0 |             0 |             0 |             0 |             0 |             0 |             0 |             0 |            0 |            0 |            0 |            0 |            0 |            0 |            0 |            0 |            0 |            0 |            0 |            0 |            0 |            0 |            0 |            0 |             0 |             0 |             0 |             0 |             0 |             0 |             0 |             0 |            0 |            0 |            0 |            0 |            0 |            0 |            0 |            0 |            0 |            0 |            0 |            0 |            0 |            0 |            0 |            0 |             0 |             0 |             0 |             0 |             0 |             0 |             0 |             0 |             0 |             0 |             0 |             0 |             0 |             0 |             0 |            0 |
|      CAS_CMD_WR      | UMC10C1 |    211539200 |            0 |            0 |            0 |            0 |            0 |            0 |            0 |             0 |             0 |             0 |             0 |             0 |             0 |             0 |             0 |            0 |            0 |            0 |            0 |            0 |            0 |            0 |            0 |            0 |            0 |            0 |            0 |            0 |            0 |            0 |            0 |             0 |             0 |             0 |             0 |             0 |             0 |             0 |             0 |            0 |            0 |            0 |            0 |            0 |            0 |            0 |            0 |            0 |            0 |            0 |            0 |            0 |            0 |            0 |            0 |             0 |             0 |             0 |             0 |             0 |             0 |             0 |             0 |            0 |            0 |            0 |            0 |            0 |            0 |            0 |            0 |            0 |            0 |            0 |            0 |            0 |            0 |            0 |            0 |             0 |             0 |             0 |             0 |             0 |             0 |             0 |             0 |             0 |             0 |             0 |             0 |             0 |             0 |             0 |            0 |
|      CAS_CMD_RD      | UMC11C0 |  51255010000 |            0 |            0 |            0 |            0 |            0 |            0 |            0 |             0 |             0 |             0 |             0 |             0 |             0 |             0 |             0 |            0 |            0 |            0 |            0 |            0 |            0 |            0 |            0 |            0 |            0 |            0 |            0 |            0 |            0 |            0 |            0 |             0 |             0 |             0 |             0 |             0 |             0 |             0 |             0 |            0 |            0 |            0 |            0 |            0 |            0 |            0 |            0 |            0 |            0 |            0 |            0 |            0 |            0 |            0 |            0 |             0 |             0 |             0 |             0 |             0 |             0 |             0 |             0 |            0 |            0 |            0 |            0 |            0 |            0 |            0 |            0 |            0 |            0 |            0 |            0 |            0 |            0 |            0 |            0 |             0 |             0 |             0 |             0 |             0 |             0 |             0 |             0 |             0 |             0 |             0 |             0 |             0 |             0 |             0 |            0 |
|      CAS_CMD_WR      | UMC11C1 |    214189300 |            0 |            0 |            0 |            0 |            0 |            0 |            0 |             0 |             0 |             0 |             0 |             0 |             0 |             0 |             0 |            0 |            0 |            0 |            0 |            0 |            0 |            0 |            0 |            0 |            0 |            0 |            0 |            0 |            0 |            0 |            0 |             0 |             0 |             0 |             0 |             0 |             0 |             0 |             0 |            0 |            0 |            0 |            0 |            0 |            0 |            0 |            0 |            0 |            0 |            0 |            0 |            0 |            0 |            0 |            0 |             0 |             0 |             0 |             0 |             0 |             0 |             0 |             0 |            0 |            0 |            0 |            0 |            0 |            0 |            0 |            0 |            0 |            0 |            0 |            0 |            0 |            0 |            0 |            0 |             0 |             0 |             0 |             0 |             0 |             0 |             0 |             0 |             0 |             0 |             0 |             0 |             0 |             0 |             0 |            0 |
+----------------------+---------+--------------+--------------+--------------+--------------+--------------+--------------+--------------+--------------+---------------+---------------+---------------+---------------+---------------+---------------+---------------+---------------+--------------+--------------+--------------+--------------+--------------+--------------+--------------+--------------+--------------+--------------+--------------+--------------+--------------+--------------+--------------+--------------+---------------+---------------+---------------+---------------+---------------+---------------+---------------+---------------+--------------+--------------+--------------+--------------+--------------+--------------+--------------+--------------+--------------+--------------+--------------+--------------+--------------+--------------+--------------+--------------+---------------+---------------+---------------+---------------+---------------+---------------+---------------+---------------+--------------+--------------+--------------+--------------+--------------+--------------+--------------+--------------+--------------+--------------+--------------+--------------+--------------+--------------+--------------+--------------+---------------+---------------+---------------+---------------+---------------+---------------+---------------+---------------+---------------+---------------+---------------+---------------+---------------+---------------+---------------+--------------+

+---------------------------+---------+----------------+--------------+---------------+--------------+
|           Event           | Counter |       Sum      |      Min     |      Max      |      Avg     |
+---------------------------+---------+----------------+--------------+---------------+--------------+
|   ACTUAL_CPU_CLOCK STAT   |  FIXC1  | 57150100700000 | 594782600000 |  598462900000 | 5.953135e+11 |
|     MAX_CPU_CLOCK STAT    |  FIXC2  | 43276644400000 | 450720900000 |  451372900000 | 4.507984e+11 |
| RETIRED_INSTRUCTIONS STAT |   PMC0  | 95890602400000 | 991848900000 | 1005413000000 | 9.988604e+11 |
|  CPU_CLOCKS_UNHALTED STAT |   PMC1  | 56881387200000 | 591973400000 |  592864400000 | 592514450000 |
|      CAS_CMD_RD STAT      |  UMC0C0 |    51241170000 |            0 |   51241170000 | 5.337622e+08 |
|      CAS_CMD_WR STAT      |  UMC0C1 |      210643700 |            0 |     210643700 | 2.194205e+06 |
|      CAS_CMD_RD STAT      |  UMC1C0 |    51257300000 |            0 |   51257300000 | 5.339302e+08 |
|      CAS_CMD_WR STAT      |  UMC1C1 |      212249400 |            0 |     212249400 | 2.210931e+06 |
|      CAS_CMD_RD STAT      |  UMC2C0 |    51299420000 |            0 |   51299420000 | 5.343690e+08 |
|      CAS_CMD_WR STAT      |  UMC2C1 |      212083300 |            0 |     212083300 | 2.209201e+06 |
|      CAS_CMD_RD STAT      |  UMC3C0 |    51196330000 |            0 |   51196330000 | 5.332951e+08 |
|      CAS_CMD_WR STAT      |  UMC3C1 |      210448500 |            0 |     210448500 | 2.192172e+06 |
|      CAS_CMD_RD STAT      |  UMC4C0 |    51238590000 |            0 |   51238590000 | 5.337353e+08 |
|      CAS_CMD_WR STAT      |  UMC4C1 |      212815200 |            0 |     212815200 |      2216825 |
|      CAS_CMD_RD STAT      |  UMC5C0 |    51226280000 |            0 |   51226280000 | 5.336071e+08 |
|      CAS_CMD_WR STAT      |  UMC5C1 |      209723800 |            0 |     209723800 | 2.184623e+06 |
|      CAS_CMD_RD STAT      |  UMC6C0 |    51266190000 |            0 |   51266190000 | 5.340228e+08 |
|      CAS_CMD_WR STAT      |  UMC6C1 |      212475000 |            0 |     212475000 | 2.213281e+06 |
|      CAS_CMD_RD STAT      |  UMC7C0 |    51288370000 |            0 |   51288370000 | 5.342539e+08 |
|      CAS_CMD_WR STAT      |  UMC7C1 |      212813100 |            0 |     212813100 | 2.216803e+06 |
|      CAS_CMD_RD STAT      |  UMC8C0 |    51254770000 |            0 |   51254770000 | 5.339039e+08 |
|      CAS_CMD_WR STAT      |  UMC8C1 |      212991700 |            0 |     212991700 | 2.218664e+06 |
|      CAS_CMD_RD STAT      |  UMC9C0 |    51167780000 |            0 |   51167780000 | 5.329977e+08 |
|      CAS_CMD_WR STAT      |  UMC9C1 |      211265700 |            0 |     211265700 | 2.200684e+06 |
|      CAS_CMD_RD STAT      | UMC10C0 |    51187380000 |            0 |   51187380000 |    533201875 |
|      CAS_CMD_WR STAT      | UMC10C1 |      211539200 |            0 |     211539200 | 2.203533e+06 |
|      CAS_CMD_RD STAT      | UMC11C0 |    51255010000 |            0 |   51255010000 | 5.339064e+08 |
|      CAS_CMD_WR STAT      | UMC11C1 |      214189300 |            0 |     214189300 | 2.231139e+06 |
+---------------------------+---------+----------------+--------------+---------------+--------------+

+-----------------------------------+-------------+------------+------------+------------+------------+------------+------------+------------+------------+------------+-------------+-------------+-------------+-------------+-------------+-------------+-------------+-------------+-------------+-------------+-------------+-------------+-------------+-------------+-------------+-------------+-------------+-------------+-------------+-------------+-------------+-------------+-------------+-------------+-------------+-------------+-------------+-------------+-------------+-------------+-------------+-------------+-------------+-------------+-------------+-------------+-------------+-------------+-------------+-------------+-------------+-------------+-------------+-------------+-------------+-------------+-------------+-------------+-------------+-------------+-------------+-------------+-------------+-------------+-------------+-------------+-------------+-------------+-------------+-------------+-------------+-------------+-------------+-------------+-------------+-------------+-------------+-------------+-------------+-------------+-------------+-------------+-------------+-------------+-------------+-------------+-------------+-------------+-------------+-------------+-------------+-------------+-------------+-------------+-------------+-------------+
|               Metric              |  HWThread 0 | HWThread 1 | HWThread 2 | HWThread 3 | HWThread 4 | HWThread 5 | HWThread 6 | HWThread 7 | HWThread 8 | HWThread 9 | HWThread 10 | HWThread 11 | HWThread 12 | HWThread 13 | HWThread 14 | HWThread 15 | HWThread 16 | HWThread 17 | HWThread 18 | HWThread 19 | HWThread 20 | HWThread 21 | HWThread 22 | HWThread 23 | HWThread 24 | HWThread 25 | HWThread 26 | HWThread 27 | HWThread 28 | HWThread 29 | HWThread 30 | HWThread 31 | HWThread 32 | HWThread 33 | HWThread 34 | HWThread 35 | HWThread 36 | HWThread 37 | HWThread 38 | HWThread 39 | HWThread 40 | HWThread 41 | HWThread 42 | HWThread 43 | HWThread 44 | HWThread 45 | HWThread 46 | HWThread 47 | HWThread 48 | HWThread 49 | HWThread 50 | HWThread 51 | HWThread 52 | HWThread 53 | HWThread 54 | HWThread 55 | HWThread 56 | HWThread 57 | HWThread 58 | HWThread 59 | HWThread 60 | HWThread 61 | HWThread 62 | HWThread 63 | HWThread 64 | HWThread 65 | HWThread 66 | HWThread 67 | HWThread 68 | HWThread 69 | HWThread 70 | HWThread 71 | HWThread 72 | HWThread 73 | HWThread 74 | HWThread 75 | HWThread 76 | HWThread 77 | HWThread 78 | HWThread 79 | HWThread 80 | HWThread 81 | HWThread 82 | HWThread 83 | HWThread 84 | HWThread 85 | HWThread 86 | HWThread 87 | HWThread 88 | HWThread 89 | HWThread 90 | HWThread 91 | HWThread 92 | HWThread 93 | HWThread 94 | HWThread 95 |
+-----------------------------------+-------------+------------+------------+------------+------------+------------+------------+------------+------------+------------+-------------+-------------+-------------+-------------+-------------+-------------+-------------+-------------+-------------+-------------+-------------+-------------+-------------+-------------+-------------+-------------+-------------+-------------+-------------+-------------+-------------+-------------+-------------+-------------+-------------+-------------+-------------+-------------+-------------+-------------+-------------+-------------+-------------+-------------+-------------+-------------+-------------+-------------+-------------+-------------+-------------+-------------+-------------+-------------+-------------+-------------+-------------+-------------+-------------+-------------+-------------+-------------+-------------+-------------+-------------+-------------+-------------+-------------+-------------+-------------+-------------+-------------+-------------+-------------+-------------+-------------+-------------+-------------+-------------+-------------+-------------+-------------+-------------+-------------+-------------+-------------+-------------+-------------+-------------+-------------+-------------+-------------+-------------+-------------+-------------+-------------+
|        Runtime (RDTSC) [s]        |    180.3327 |   176.4603 |   173.7593 |   177.3804 |   176.9576 |   176.8093 |   179.6741 |   179.6735 |   178.3854 |   178.5425 |    180.1709 |    173.8376 |    180.1710 |    177.1676 |    175.1216 |    178.9189 |    176.8088 |    177.5349 |    177.0898 |    177.2439 |    177.8157 |    178.2526 |    177.1684 |    178.2519 |    180.0272 |    173.4895 |    173.4891 |    176.8082 |    173.4900 |    178.6255 |    176.3818 |    178.5436 |    175.9506 |    175.2807 |    175.5758 |    179.1310 |    175.7209 |    175.9512 |    175.3597 |    178.8374 |    174.1391 |    179.3726 |    179.9461 |    175.7987 |    176.6714 |    179.2138 |    174.4346 |    176.6707 |    178.4659 |    180.0267 |    178.1720 |    176.0883 |    177.9647 |    179.4530 |    176.0876 |    177.6125 |    179.2948 |    174.6313 |    175.8754 |    175.3583 |    178.7569 |    174.6303 |    174.1399 |    173.6821 |    173.9116 |    177.9648 |    174.6315 |    175.5130 |    174.2924 |    177.9650 |    177.4577 |    174.4339 |    177.8157 |    177.6126 |    174.0655 |    174.1393 |    175.0427 |    177.6120 |    174.8260 |    173.4299 |    176.4607 |    174.8260 |    176.4610 |    173.9120 |    175.3586 |    174.8259 |    178.9966 |    178.9972 |    179.8087 |    176.3045 |    175.2018 |    176.0869 |    174.2929 |    179.4534 |    179.8093 |    179.5329 |
|        Runtime unhalted [s]       |    230.1920 |   228.7764 |   228.9939 |   229.0144 |   229.0722 |   229.0817 |   229.0554 |   229.0262 |   228.9848 |   229.0237 |    228.9423 |    229.0004 |    229.0561 |    229.0229 |    229.0610 |    229.0255 |    229.0337 |    228.9938 |    229.0211 |    229.0444 |    229.0508 |    228.9627 |    228.9534 |    229.0086 |    229.0156 |    228.9454 |    228.9758 |    229.0191 |    228.9511 |    228.9950 |    229.0120 |    228.9566 |    228.9220 |    229.0197 |    228.9950 |    228.9868 |    228.9802 |    229.0245 |    228.9524 |    228.9409 |    228.9796 |    228.8864 |    228.9219 |    228.9821 |    228.9175 |    228.9348 |    228.9199 |    228.9201 |    228.9633 |    228.9440 |    228.9529 |    228.9594 |    229.0013 |    228.9047 |    228.9265 |    229.0034 |    228.9661 |    228.9053 |    228.9676 |    228.9842 |    228.8995 |    228.9606 |    228.9597 |    228.9791 |    228.9602 |    228.8885 |    228.9785 |    228.9157 |    228.9568 |    229.0095 |    228.9891 |    228.9208 |    228.9176 |    228.9682 |    229.0021 |    228.8883 |    228.9183 |    228.9072 |    228.9029 |    228.9653 |    228.8922 |    229.0181 |    228.8764 |    228.9971 |    228.8862 |    228.9594 |    228.8989 |    228.9686 |    228.9783 |    228.9678 |    228.9572 |    229.0266 |    228.9005 |    228.9681 |    228.9369 |    228.9881 |
|            Clock [MHz]            |   3447.0598 |  3429.9142 |  3433.3282 |  3433.6153 |  3434.7952 |  3434.6345 |  3434.4440 |  3434.0651 |  3433.2273 |  3433.9682 |   3432.3647 |   3433.6137 |   3434.1666 |   3434.1890 |   3434.3811 |   3433.5718 |   3433.5850 |   3433.3220 |   3434.0291 |   3434.1067 |   3433.9107 |   3432.7519 |   3432.7571 |   3433.7095 |   3433.9865 |   3433.0063 |   3433.5967 |   3434.1923 |   3433.0077 |   3433.6459 |   3433.9109 |   3432.7806 |   3432.3594 |   3433.6077 |   3433.5844 |   3433.4538 |   3433.2546 |   3433.7188 |   3432.6322 |   3432.4391 |   3433.4763 |   3432.1647 |   3432.9990 |   3433.4101 |   3432.3245 |   3433.1889 |   3432.3772 |   3432.3227 |   3433.0429 |   3432.6099 |   3433.0746 |   3432.9723 |   3433.6401 |   3432.3361 |   3432.4002 |   3433.6648 |   3433.1736 |   3432.1593 |   3433.0283 |   3433.4779 |   3432.3709 |   3433.0313 |   3433.1597 |   3433.2761 |   3433.2885 |   3431.9783 |   3433.1913 |   3432.5679 |   3432.6767 |   3433.5512 |   3433.5222 |   3432.4572 |   3432.3911 |   3433.4549 |   3433.6239 |   3432.2623 |   3432.5492 |   3432.4579 |   3432.3874 |   3433.2311 |   3432.5286 |   3433.6433 |   3432.0721 |   3433.5120 |   3432.2151 |   3432.9407 |   3432.1803 |   3433.2609 |   3433.2052 |   3433.3593 |   3433.1422 |   3434.1156 |   3432.2252 |   3433.0550 |   3433.2111 |   3433.1897 |
|                CPI                |      0.5928 |     0.5967 |     0.5972 |     0.5965 |     0.5965 |     0.5966 |     0.5970 |     0.5970 |     0.5903 |     0.5904 |      0.5900 |      0.5899 |      0.5897 |      0.5898 |      0.5898 |      0.5898 |      0.5934 |      0.5936 |      0.5933 |      0.5934 |      0.5938 |      0.5944 |      0.5942 |      0.5940 |      0.5961 |      0.5965 |      0.5963 |      0.5963 |      0.5964 |      0.5964 |      0.5966 |      0.5961 |      0.5903 |      0.5902 |      0.5903 |      0.5897 |      0.5906 |      0.5903 |      0.5906 |      0.5901 |      0.5935 |      0.5931 |      0.5936 |      0.5938 |      0.5934 |      0.5933 |      0.5935 |      0.5939 |      0.5943 |      0.5949 |      0.5949 |      0.5950 |      0.5951 |      0.5948 |      0.5957 |      0.5950 |      0.5902 |      0.5905 |      0.5905 |      0.5898 |      0.5906 |      0.5907 |      0.5909 |      0.5908 |      0.5930 |      0.5932 |      0.5931 |      0.5932 |      0.5935 |      0.5931 |      0.5937 |      0.5940 |      0.5969 |      0.5958 |      0.5964 |      0.5960 |      0.5966 |      0.5964 |      0.5967 |      0.5968 |      0.5904 |      0.5909 |      0.5901 |      0.5906 |      0.5908 |      0.5912 |      0.5910 |      0.5910 |      0.5925 |      0.5920 |      0.5921 |      0.5922 |      0.5923 |      0.5922 |      0.5923 |      0.5927 |
|  Memory read bandwidth [MBytes/s] | 218220.1551 |          0 |          0 |          0 |          0 |          0 |          0 |          0 |          0 |          0 |           0 |           0 |           0 |           0 |           0 |           0 |           0 |           0 |           0 |           0 |           0 |           0 |           0 |           0 |           0 |           0 |           0 |           0 |           0 |           0 |           0 |           0 |           0 |           0 |           0 |           0 |           0 |           0 |           0 |           0 |           0 |           0 |           0 |           0 |           0 |           0 |           0 |           0 |           0 |           0 |           0 |           0 |           0 |           0 |           0 |           0 |           0 |           0 |           0 |           0 |           0 |           0 |           0 |           0 |           0 |           0 |           0 |           0 |           0 |           0 |           0 |           0 |           0 |           0 |           0 |           0 |           0 |           0 |           0 |           0 |           0 |           0 |           0 |           0 |           0 |           0 |           0 |           0 |           0 |           0 |           0 |           0 |           0 |           0 |           0 |           0 |
|  Memory read data volume [GBytes] |  39352.2298 |          0 |          0 |          0 |          0 |          0 |          0 |          0 |          0 |          0 |           0 |           0 |           0 |           0 |           0 |           0 |           0 |           0 |           0 |           0 |           0 |           0 |           0 |           0 |           0 |           0 |           0 |           0 |           0 |           0 |           0 |           0 |           0 |           0 |           0 |           0 |           0 |           0 |           0 |           0 |           0 |           0 |           0 |           0 |           0 |           0 |           0 |           0 |           0 |           0 |           0 |           0 |           0 |           0 |           0 |           0 |           0 |           0 |           0 |           0 |           0 |           0 |           0 |           0 |           0 |           0 |           0 |           0 |           0 |           0 |           0 |           0 |           0 |           0 |           0 |           0 |           0 |           0 |           0 |           0 |           0 |           0 |           0 |           0 |           0 |           0 |           0 |           0 |           0 |           0 |           0 |           0 |           0 |           0 |           0 |           0 |
| Memory write bandwidth [MBytes/s] |    902.5941 |          0 |          0 |          0 |          0 |          0 |          0 |          0 |          0 |          0 |           0 |           0 |           0 |           0 |           0 |           0 |           0 |           0 |           0 |           0 |           0 |           0 |           0 |           0 |           0 |           0 |           0 |           0 |           0 |           0 |           0 |           0 |           0 |           0 |           0 |           0 |           0 |           0 |           0 |           0 |           0 |           0 |           0 |           0 |           0 |           0 |           0 |           0 |           0 |           0 |           0 |           0 |           0 |           0 |           0 |           0 |           0 |           0 |           0 |           0 |           0 |           0 |           0 |           0 |           0 |           0 |           0 |           0 |           0 |           0 |           0 |           0 |           0 |           0 |           0 |           0 |           0 |           0 |           0 |           0 |           0 |           0 |           0 |           0 |           0 |           0 |           0 |           0 |           0 |           0 |           0 |           0 |           0 |           0 |           0 |           0 |
| Memory write data volume [GBytes] |    162.7672 |          0 |          0 |          0 |          0 |          0 |          0 |          0 |          0 |          0 |           0 |           0 |           0 |           0 |           0 |           0 |           0 |           0 |           0 |           0 |           0 |           0 |           0 |           0 |           0 |           0 |           0 |           0 |           0 |           0 |           0 |           0 |           0 |           0 |           0 |           0 |           0 |           0 |           0 |           0 |           0 |           0 |           0 |           0 |           0 |           0 |           0 |           0 |           0 |           0 |           0 |           0 |           0 |           0 |           0 |           0 |           0 |           0 |           0 |           0 |           0 |           0 |           0 |           0 |           0 |           0 |           0 |           0 |           0 |           0 |           0 |           0 |           0 |           0 |           0 |           0 |           0 |           0 |           0 |           0 |           0 |           0 |           0 |           0 |           0 |           0 |           0 |           0 |           0 |           0 |           0 |           0 |           0 |           0 |           0 |           0 |
|    Memory bandwidth [MBytes/s]    | 219122.7491 |          0 |          0 |          0 |          0 |          0 |          0 |          0 |          0 |          0 |           0 |           0 |           0 |           0 |           0 |           0 |           0 |           0 |           0 |           0 |           0 |           0 |           0 |           0 |           0 |           0 |           0 |           0 |           0 |           0 |           0 |           0 |           0 |           0 |           0 |           0 |           0 |           0 |           0 |           0 |           0 |           0 |           0 |           0 |           0 |           0 |           0 |           0 |           0 |           0 |           0 |           0 |           0 |           0 |           0 |           0 |           0 |           0 |           0 |           0 |           0 |           0 |           0 |           0 |           0 |           0 |           0 |           0 |           0 |           0 |           0 |           0 |           0 |           0 |           0 |           0 |           0 |           0 |           0 |           0 |           0 |           0 |           0 |           0 |           0 |           0 |           0 |           0 |           0 |           0 |           0 |           0 |           0 |           0 |           0 |           0 |
|    Memory data volume [GBytes]    |  39514.9970 |          0 |          0 |          0 |          0 |          0 |          0 |          0 |          0 |          0 |           0 |           0 |           0 |           0 |           0 |           0 |           0 |           0 |           0 |           0 |           0 |           0 |           0 |           0 |           0 |           0 |           0 |           0 |           0 |           0 |           0 |           0 |           0 |           0 |           0 |           0 |           0 |           0 |           0 |           0 |           0 |           0 |           0 |           0 |           0 |           0 |           0 |           0 |           0 |           0 |           0 |           0 |           0 |           0 |           0 |           0 |           0 |           0 |           0 |           0 |           0 |           0 |           0 |           0 |           0 |           0 |           0 |           0 |           0 |           0 |           0 |           0 |           0 |           0 |           0 |           0 |           0 |           0 |           0 |           0 |           0 |           0 |           0 |           0 |           0 |           0 |           0 |           0 |           0 |           0 |           0 |           0 |           0 |           0 |           0 |           0 |
+-----------------------------------+-------------+------------+------------+------------+------------+------------+------------+------------+------------+------------+-------------+-------------+-------------+-------------+-------------+-------------+-------------+-------------+-------------+-------------+-------------+-------------+-------------+-------------+-------------+-------------+-------------+-------------+-------------+-------------+-------------+-------------+-------------+-------------+-------------+-------------+-------------+-------------+-------------+-------------+-------------+-------------+-------------+-------------+-------------+-------------+-------------+-------------+-------------+-------------+-------------+-------------+-------------+-------------+-------------+-------------+-------------+-------------+-------------+-------------+-------------+-------------+-------------+-------------+-------------+-------------+-------------+-------------+-------------+-------------+-------------+-------------+-------------+-------------+-------------+-------------+-------------+-------------+-------------+-------------+-------------+-------------+-------------+-------------+-------------+-------------+-------------+-------------+-------------+-------------+-------------+-------------+-------------+-------------+-------------+-------------+

+----------------------------------------+-------------+-----------+-------------+-----------+
|                 Metric                 |     Sum     |    Min    |     Max     |    Avg    |
+----------------------------------------+-------------+-----------+-------------+-----------+
|        Runtime (RDTSC) [s] STAT        |  16973.7196 |  173.4299 |    180.3327 |  176.8096 |
|        Runtime unhalted [s] STAT       |  21982.1388 |  228.7764 |    230.1920 |  228.9806 |
|            Clock [MHz] STAT            | 329595.8164 | 3429.9142 |   3447.0598 | 3433.2898 |
|                CPI STAT                |     56.9474 |    0.5897 |      0.5972 |    0.5932 |
|  Memory read bandwidth [MBytes/s] STAT | 218220.1551 |         0 | 218220.1551 | 2273.1266 |
|  Memory read data volume [GBytes] STAT |  39352.2298 |         0 |  39352.2298 |  409.9191 |
| Memory write bandwidth [MBytes/s] STAT |    902.5941 |         0 |    902.5941 |    9.4020 |
| Memory write data volume [GBytes] STAT |    162.7672 |         0 |    162.7672 |    1.6955 |
|    Memory bandwidth [MBytes/s] STAT    | 219122.7491 |         0 | 219122.7491 | 2282.5286 |
|    Memory data volume [GBytes] STAT    |  39514.9970 |         0 |  39514.9970 |  411.6146 |
+----------------------------------------+-------------+-----------+-------------+-----------+

