INFO: You are running LIKWID in a cpuset with 128 CPUs. Taking given IDs as logical ID in cpuset
--------------------------------------------------------------------------------
CPU name:	AMD EPYC 9A14 96-Core Processor                
CPU type:	AMD K19 (Zen4) architecture
CPU clock:	2.60 GHz
--------------------------------------------------------------------------------
Sys.CPU_THREADS       192
SLURM_CPUS_PER_TASK   128
OMP_NUM_THREADS       128
OMP_PROC_BIND         close
OMP_PLACES            cores
BLAS_NUM_THREADS      1
Threads.nthreads()    1

Successfully read data from: /public/home/halili/jld2file/cc-pvdz/h2o-1.0-cc-pvdz.jld2
  name: h2o
  ratio: 1.0
  basis: cc-pvdz
  nα: 5, nβ: 5, ne: 10, norb: 24, nq: 48

  ngs: 25495
  ncs: 128793

Warming up JIT and Hardware...
Warm-up completed.
  Step 001:  residual: 9.9885e-01,  e: -76.02676073376638
  Step 002:  residual: 3.3618e-01,  e: -76.22561643779905
  Step 003:  residual: 9.9286e-02,  e: -76.24222290584433
  Step 004:  residual: 3.2400e-02,  e: -76.24360734427418
  Step 005:  residual: 1.2871e-02,  e: -76.24376885653831
  Step 006:  residual: 4.3599e-03,  e: -76.24379383490472
  Step 007:  residual: 1.6905e-03,  e: -76.24379667642270
  Step 008:  residual: 7.0448e-04,  e: -76.24379712049135
  Step 009:  residual: 3.1828e-04,  e: -76.24379720589901
  Step 010:  residual: 1.2649e-04,  e: -76.24379722155604
  Step 011:  residual: 4.7677e-05,  e: -76.24379722386448
  Step 012:  residual: 1.7064e-05,  e: -76.24379722415711
  Step 013:  residual: 6.0873e-06,  e: -76.24379722419411

Convergence reached!
750.611275 seconds (7.21 M allocations: 91.224 GiB, 0.07% gc time, 0.27% compilation time)
--------------------------------------------------------------------------------
Region hvec_direct_agg, Group 1: L3
+-------------------+------------+------------+------------+------------+------------+------------+------------+------------+------------+------------+-------------+-------------+-------------+-------------+-------------+-------------+-------------+-------------+-------------+-------------+-------------+-------------+-------------+-------------+-------------+-------------+-------------+-------------+-------------+-------------+-------------+-------------+-------------+-------------+-------------+-------------+-------------+-------------+-------------+-------------+-------------+-------------+-------------+-------------+-------------+-------------+-------------+-------------+-------------+-------------+-------------+-------------+-------------+-------------+-------------+-------------+-------------+-------------+-------------+-------------+-------------+-------------+-------------+-------------+-------------+-------------+-------------+-------------+-------------+-------------+-------------+-------------+-------------+-------------+-------------+-------------+-------------+-------------+-------------+-------------+-------------+-------------+-------------+-------------+-------------+-------------+-------------+-------------+-------------+-------------+-------------+-------------+-------------+-------------+-------------+-------------+-------------+-------------+-------------+-------------+--------------+--------------+--------------+--------------+--------------+--------------+--------------+--------------+--------------+--------------+--------------+--------------+--------------+--------------+--------------+--------------+--------------+--------------+--------------+--------------+--------------+--------------+--------------+--------------+--------------+--------------+--------------+--------------+
|    Region Info    | HWThread 0 | HWThread 1 | HWThread 2 | HWThread 3 | HWThread 4 | HWThread 5 | HWThread 6 | HWThread 7 | HWThread 8 | HWThread 9 | HWThread 10 | HWThread 11 | HWThread 12 | HWThread 13 | HWThread 14 | HWThread 15 | HWThread 16 | HWThread 17 | HWThread 18 | HWThread 19 | HWThread 20 | HWThread 21 | HWThread 22 | HWThread 23 | HWThread 24 | HWThread 25 | HWThread 26 | HWThread 27 | HWThread 28 | HWThread 29 | HWThread 30 | HWThread 31 | HWThread 32 | HWThread 33 | HWThread 34 | HWThread 35 | HWThread 36 | HWThread 37 | HWThread 38 | HWThread 39 | HWThread 40 | HWThread 41 | HWThread 42 | HWThread 43 | HWThread 44 | HWThread 45 | HWThread 46 | HWThread 47 | HWThread 48 | HWThread 49 | HWThread 50 | HWThread 51 | HWThread 52 | HWThread 53 | HWThread 54 | HWThread 55 | HWThread 56 | HWThread 57 | HWThread 58 | HWThread 59 | HWThread 60 | HWThread 61 | HWThread 62 | HWThread 63 | HWThread 64 | HWThread 65 | HWThread 66 | HWThread 67 | HWThread 68 | HWThread 69 | HWThread 70 | HWThread 71 | HWThread 72 | HWThread 73 | HWThread 74 | HWThread 75 | HWThread 76 | HWThread 77 | HWThread 78 | HWThread 79 | HWThread 80 | HWThread 81 | HWThread 82 | HWThread 83 | HWThread 84 | HWThread 85 | HWThread 86 | HWThread 87 | HWThread 88 | HWThread 89 | HWThread 90 | HWThread 91 | HWThread 92 | HWThread 93 | HWThread 94 | HWThread 95 | HWThread 96 | HWThread 97 | HWThread 98 | HWThread 99 | HWThread 100 | HWThread 101 | HWThread 102 | HWThread 103 | HWThread 104 | HWThread 105 | HWThread 106 | HWThread 107 | HWThread 108 | HWThread 109 | HWThread 110 | HWThread 111 | HWThread 112 | HWThread 113 | HWThread 114 | HWThread 115 | HWThread 116 | HWThread 117 | HWThread 118 | HWThread 119 | HWThread 120 | HWThread 121 | HWThread 122 | HWThread 123 | HWThread 124 | HWThread 125 | HWThread 126 | HWThread 127 |
+-------------------+------------+------------+------------+------------+------------+------------+------------+------------+------------+------------+-------------+-------------+-------------+-------------+-------------+-------------+-------------+-------------+-------------+-------------+-------------+-------------+-------------+-------------+-------------+-------------+-------------+-------------+-------------+-------------+-------------+-------------+-------------+-------------+-------------+-------------+-------------+-------------+-------------+-------------+-------------+-------------+-------------+-------------+-------------+-------------+-------------+-------------+-------------+-------------+-------------+-------------+-------------+-------------+-------------+-------------+-------------+-------------+-------------+-------------+-------------+-------------+-------------+-------------+-------------+-------------+-------------+-------------+-------------+-------------+-------------+-------------+-------------+-------------+-------------+-------------+-------------+-------------+-------------+-------------+-------------+-------------+-------------+-------------+-------------+-------------+-------------+-------------+-------------+-------------+-------------+-------------+-------------+-------------+-------------+-------------+-------------+-------------+-------------+-------------+--------------+--------------+--------------+--------------+--------------+--------------+--------------+--------------+--------------+--------------+--------------+--------------+--------------+--------------+--------------+--------------+--------------+--------------+--------------+--------------+--------------+--------------+--------------+--------------+--------------+--------------+--------------+--------------+
| RDTSC Runtime [s] | 733.403500 | 714.948700 | 706.462200 | 728.594500 | 723.506000 | 727.056700 | 724.648600 | 728.362900 | 713.191600 | 713.735400 |  714.135400 |  709.099800 |  713.970300 |  707.989700 |  712.984900 |  712.563000 |  726.813100 |  712.151700 |  728.757400 |  707.541400 |  730.681200 |  726.208100 |  707.084500 |  730.678400 |  705.760600 |  730.443700 |  711.495200 |  712.998400 |  712.562500 |  707.540800 |  732.036800 |  709.100500 |  720.409300 |  723.996800 |  720.409500 |  706.212700 |  731.505400 |  729.342500 |  715.787300 |  724.411800 |  725.071200 |  726.812500 |  705.111700 |  726.208800 |  708.675600 |  724.886500 |  718.095500 |  705.761700 |  709.529400 |  728.063300 |  711.290600 |  731.070800 |  727.647900 |  732.746300 |  729.342200 |  726.208300 |  715.371000 |  711.910300 |  714.306700 |  728.986900 |  716.485800 |  706.461600 |  705.297200 |  710.779800 |  718.398700 |  725.666900 |  710.493000 |  718.634400 |  709.992100 |  730.021300 |  717.380400 |  713.735800 |  721.108500 |  717.615600 |  731.070400 |  727.648500 |  708.675400 |  719.295500 |  723.797900 |  716.955100 |  712.151200 |  719.294800 |  712.998100 |  727.229100 |  725.293700 |  716.486300 |  722.052900 |  725.667100 |  708.240200 |  725.293200 |  715.370000 |  730.021300 |  724.649000 |  716.954300 |  714.949200 |  722.350900 |  728.061900 |  729.178800 |  710.779000 |  710.778800 |   714.134600 |   707.826600 |   732.745700 |   715.785500 |   718.094200 |   719.742900 |   705.296600 |   709.352100 |   721.413100 |   709.990600 |   723.004600 |   720.407900 |   722.349800 |   706.921900 |   723.504400 |   723.005000 |   732.036100 |   715.785700 |   722.051000 |   731.504800 |   719.013400 |   718.839400 |   721.107400 |   706.049700 |   721.413800 |   731.504400 |   717.379100 |   719.742300 |
|     call count    |         13 |         13 |         13 |         13 |         13 |         13 |         13 |         13 |         13 |         13 |          13 |          13 |          13 |          13 |          13 |          13 |          13 |          13 |          13 |          13 |          13 |          13 |          13 |          13 |          13 |          13 |          13 |          13 |          13 |          13 |          13 |          13 |          13 |          13 |          13 |          13 |          13 |          13 |          13 |          13 |          13 |          13 |          13 |          13 |          13 |          13 |          13 |          13 |          13 |          13 |          13 |          13 |          13 |          13 |          13 |          13 |          13 |          13 |          13 |          13 |          13 |          13 |          13 |          13 |          13 |          13 |          13 |          13 |          13 |          13 |          13 |          13 |          13 |          13 |          13 |          13 |          13 |          13 |          13 |          13 |          13 |          13 |          13 |          13 |          13 |          13 |          13 |          13 |          13 |          13 |          13 |          13 |          13 |          13 |          13 |          13 |          13 |          13 |          13 |          13 |           13 |           13 |           13 |           13 |           13 |           13 |           13 |           13 |           13 |           13 |           13 |           13 |           13 |           13 |           13 |           13 |           13 |           13 |           13 |           13 |           13 |           13 |           13 |           13 |           13 |           13 |           13 |           13 |
+-------------------+------------+------------+------------+------------+------------+------------+------------+------------+------------+------------+-------------+-------------+-------------+-------------+-------------+-------------+-------------+-------------+-------------+-------------+-------------+-------------+-------------+-------------+-------------+-------------+-------------+-------------+-------------+-------------+-------------+-------------+-------------+-------------+-------------+-------------+-------------+-------------+-------------+-------------+-------------+-------------+-------------+-------------+-------------+-------------+-------------+-------------+-------------+-------------+-------------+-------------+-------------+-------------+-------------+-------------+-------------+-------------+-------------+-------------+-------------+-------------+-------------+-------------+-------------+-------------+-------------+-------------+-------------+-------------+-------------+-------------+-------------+-------------+-------------+-------------+-------------+-------------+-------------+-------------+-------------+-------------+-------------+-------------+-------------+-------------+-------------+-------------+-------------+-------------+-------------+-------------+-------------+-------------+-------------+-------------+-------------+-------------+-------------+-------------+--------------+--------------+--------------+--------------+--------------+--------------+--------------+--------------+--------------+--------------+--------------+--------------+--------------+--------------+--------------+--------------+--------------+--------------+--------------+--------------+--------------+--------------+--------------+--------------+--------------+--------------+--------------+--------------+

+-----------------------------+---------+---------------+---------------+---------------+---------------+---------------+---------------+---------------+---------------+---------------+---------------+---------------+---------------+---------------+---------------+---------------+---------------+---------------+---------------+---------------+---------------+---------------+---------------+---------------+---------------+---------------+---------------+---------------+---------------+---------------+---------------+---------------+---------------+---------------+---------------+---------------+---------------+---------------+---------------+---------------+---------------+---------------+---------------+---------------+---------------+---------------+---------------+---------------+---------------+---------------+---------------+---------------+---------------+---------------+---------------+---------------+---------------+---------------+---------------+---------------+---------------+---------------+---------------+---------------+---------------+---------------+---------------+---------------+---------------+---------------+---------------+---------------+---------------+---------------+---------------+---------------+---------------+---------------+---------------+---------------+---------------+---------------+---------------+---------------+---------------+---------------+---------------+---------------+---------------+---------------+---------------+---------------+---------------+---------------+---------------+---------------+---------------+---------------+---------------+---------------+---------------+---------------+---------------+---------------+---------------+---------------+---------------+---------------+---------------+---------------+---------------+---------------+---------------+---------------+---------------+---------------+---------------+---------------+---------------+---------------+---------------+---------------+---------------+---------------+---------------+---------------+---------------+---------------+---------------+
|            Event            | Counter |   HWThread 0  |   HWThread 1  |   HWThread 2  |   HWThread 3  |   HWThread 4  |   HWThread 5  |   HWThread 6  |   HWThread 7  |   HWThread 8  |   HWThread 9  |  HWThread 10  |  HWThread 11  |  HWThread 12  |  HWThread 13  |  HWThread 14  |  HWThread 15  |  HWThread 16  |  HWThread 17  |  HWThread 18  |  HWThread 19  |  HWThread 20  |  HWThread 21  |  HWThread 22  |  HWThread 23  |  HWThread 24  |  HWThread 25  |  HWThread 26  |  HWThread 27  |  HWThread 28  |  HWThread 29  |  HWThread 30  |  HWThread 31  |  HWThread 32  |  HWThread 33  |  HWThread 34  |  HWThread 35  |  HWThread 36  |  HWThread 37  |  HWThread 38  |  HWThread 39  |  HWThread 40  |  HWThread 41  |  HWThread 42  |  HWThread 43  |  HWThread 44  |  HWThread 45  |  HWThread 46  |  HWThread 47  |  HWThread 48  |  HWThread 49  |  HWThread 50  |  HWThread 51  |  HWThread 52  |  HWThread 53  |  HWThread 54  |  HWThread 55  |  HWThread 56  |  HWThread 57  |  HWThread 58  |  HWThread 59  |  HWThread 60  |  HWThread 61  |  HWThread 62  |  HWThread 63  |  HWThread 64  |  HWThread 65  |  HWThread 66  |  HWThread 67  |  HWThread 68  |  HWThread 69  |  HWThread 70  |  HWThread 71  |  HWThread 72  |  HWThread 73  |  HWThread 74  |  HWThread 75  |  HWThread 76  |  HWThread 77  |  HWThread 78  |  HWThread 79  |  HWThread 80  |  HWThread 81  |  HWThread 82  |  HWThread 83  |  HWThread 84  |  HWThread 85  |  HWThread 86  |  HWThread 87  |  HWThread 88  |  HWThread 89  |  HWThread 90  |  HWThread 91  |  HWThread 92  |  HWThread 93  |  HWThread 94  |  HWThread 95  |  HWThread 96  |  HWThread 97  |  HWThread 98  |  HWThread 99  |  HWThread 100 |  HWThread 101 |  HWThread 102 |  HWThread 103 |  HWThread 104 |  HWThread 105 |  HWThread 106 |  HWThread 107 |  HWThread 108 |  HWThread 109 |  HWThread 110 |  HWThread 111 |  HWThread 112 |  HWThread 113 |  HWThread 114 |  HWThread 115 |  HWThread 116 |  HWThread 117 |  HWThread 118 |  HWThread 119 |  HWThread 120 |  HWThread 121 |  HWThread 122 |  HWThread 123 |  HWThread 124 |  HWThread 125 |  HWThread 126 |  HWThread 127 |
+-----------------------------+---------+---------------+---------------+---------------+---------------+---------------+---------------+---------------+---------------+---------------+---------------+---------------+---------------+---------------+---------------+---------------+---------------+---------------+---------------+---------------+---------------+---------------+---------------+---------------+---------------+---------------+---------------+---------------+---------------+---------------+---------------+---------------+---------------+---------------+---------------+---------------+---------------+---------------+---------------+---------------+---------------+---------------+---------------+---------------+---------------+---------------+---------------+---------------+---------------+---------------+---------------+---------------+---------------+---------------+---------------+---------------+---------------+---------------+---------------+---------------+---------------+---------------+---------------+---------------+---------------+---------------+---------------+---------------+---------------+---------------+---------------+---------------+---------------+---------------+---------------+---------------+---------------+---------------+---------------+---------------+---------------+---------------+---------------+---------------+---------------+---------------+---------------+---------------+---------------+---------------+---------------+---------------+---------------+---------------+---------------+---------------+---------------+---------------+---------------+---------------+---------------+---------------+---------------+---------------+---------------+---------------+---------------+---------------+---------------+---------------+---------------+---------------+---------------+---------------+---------------+---------------+---------------+---------------+---------------+---------------+---------------+---------------+---------------+---------------+---------------+---------------+---------------+---------------+---------------+
|       ACTUAL_CPU_CLOCK      |  FIXC1  | 2596114000000 | 2592184000000 | 2592969000000 | 2592785000000 | 2592869000000 | 2593519000000 | 2592968000000 | 2592823000000 | 2593268000000 | 2593084000000 | 2592439000000 | 2592965000000 | 2593162000000 | 2592738000000 | 2593028000000 | 2592970000000 | 2593678000000 | 2593521000000 | 2593086000000 | 2592835000000 | 2593284000000 | 2593509000000 | 2593157000000 | 2593353000000 | 2592446000000 | 2593560000000 | 2592530000000 | 2592965000000 | 2592934000000 | 2592595000000 | 2592599000000 | 2592563000000 | 2591861000000 | 2592944000000 | 2592800000000 | 2592767000000 | 2592268000000 | 2592549000000 | 2592526000000 | 2592060000000 | 2593092000000 | 2592883000000 | 2593415000000 | 2592950000000 | 2592209000000 | 2592532000000 | 2592777000000 | 2592882000000 | 2593224000000 | 2592799000000 | 2592676000000 | 2592739000000 | 2592363000000 | 2593162000000 | 2592419000000 | 2592208000000 | 2592623000000 | 2592871000000 | 2592829000000 | 2593143000000 | 2592383000000 | 2592849000000 | 2593333000000 | 2592581000000 | 2592797000000 | 2592904000000 | 2592563000000 | 2592979000000 | 2592586000000 | 2593309000000 | 2592951000000 | 2592662000000 | 2592746000000 | 2593144000000 | 2592405000000 | 2593459000000 | 2592407000000 | 2592554000000 | 2593169000000 | 2593195000000 | 2592279000000 | 2592856000000 | 2592046000000 | 2593077000000 | 2592841000000 | 2593037000000 | 2593099000000 | 2592354000000 | 2592325000000 | 2592526000000 | 2593145000000 | 2592421000000 | 2592988000000 | 2593044000000 | 2592853000000 | 2593174000000 | 2604700000000 | 2604946000000 | 2604926000000 | 2604090000000 | 2604382000000 | 2604367000000 | 2603753000000 | 2604006000000 | 2604068000000 | 2603352000000 | 2604170000000 | 2603096000000 | 2603651000000 | 2603914000000 | 2604174000000 | 2603513000000 | 2604442000000 | 2604503000000 | 2604154000000 | 2604233000000 | 2604880000000 | 2604446000000 | 2604006000000 | 2603717000000 | 2603406000000 | 2603486000000 | 2603561000000 | 2603358000000 | 2603493000000 | 2603206000000 | 2603446000000 | 2602960000000 |
|        MAX_CPU_CLOCK        |  FIXC2  | 1832778000000 | 1830837000000 | 1831092000000 | 1830923000000 | 1830965000000 | 1831459000000 | 1831057000000 | 1830939000000 | 1831205000000 | 1831170000000 | 1830741000000 | 1830917000000 | 1831223000000 | 1830824000000 | 1830924000000 | 1831101000000 | 1831415000000 | 1831486000000 | 1830970000000 | 1830902000000 | 1831119000000 | 1831320000000 | 1831064000000 | 1831280000000 | 1830737000000 | 1831342000000 | 1830646000000 | 1831070000000 | 1830897000000 | 1830829000000 | 1830710000000 | 1830843000000 | 1830295000000 | 1830963000000 | 1830976000000 | 1830835000000 | 1830498000000 | 1830840000000 | 1830793000000 | 1830297000000 | 1831052000000 | 1830973000000 | 1831242000000 | 1830932000000 | 1830415000000 | 1830816000000 | 1830951000000 | 1830976000000 | 1831106000000 | 1830850000000 | 1830916000000 | 1830775000000 | 1830674000000 | 1831145000000 | 1830529000000 | 1830560000000 | 1830690000000 | 1830890000000 | 1830804000000 | 1831185000000 | 1830691000000 | 1830973000000 | 1831221000000 | 1830804000000 | 1830833000000 | 1830998000000 | 1830823000000 | 1831139000000 | 1830864000000 | 1831179000000 | 1830908000000 | 1830728000000 | 1830932000000 | 1831088000000 | 1830677000000 | 1831262000000 | 1830647000000 | 1830750000000 | 1831233000000 | 1831091000000 | 1830607000000 | 1830962000000 | 1830475000000 | 1831032000000 | 1831039000000 | 1831028000000 | 1831165000000 | 1830521000000 | 1830646000000 | 1830704000000 | 1831050000000 | 1830479000000 | 1830869000000 | 1831050000000 | 1830731000000 | 1831134000000 | 1831823000000 | 1832115000000 | 1832005000000 | 1831502000000 | 1831746000000 | 1831761000000 | 1831239000000 | 1831523000000 | 1831749000000 | 1831228000000 | 1831548000000 | 1830916000000 | 1831295000000 | 1831382000000 | 1831827000000 | 1831298000000 | 1831781000000 | 1831874000000 | 1831539000000 | 1831641000000 | 1832053000000 | 1831786000000 | 1831386000000 | 1831162000000 | 1831051000000 | 1831149000000 | 1831052000000 | 1830986000000 | 1831128000000 | 1830925000000 | 1831118000000 | 1830716000000 |
|     RETIRED_INSTRUCTIONS    |   PMC0  | 2069678000000 | 2074036000000 | 2079384000000 | 2072526000000 | 2067671000000 | 2064227000000 | 2069600000000 | 2068809000000 | 2341138000000 | 2334498000000 | 2332677000000 | 2328517000000 | 2330251000000 | 2326662000000 | 2332735000000 | 2329077000000 | 2109360000000 | 2113137000000 | 2105106000000 | 2099863000000 | 2093630000000 | 2104802000000 | 2109395000000 | 2103970000000 | 2071678000000 | 2078715000000 | 2072970000000 | 2067419000000 | 2061864000000 | 2065049000000 | 2063573000000 | 2067611000000 | 2325485000000 | 2324909000000 | 2324255000000 | 2315409000000 | 2329275000000 | 2326349000000 | 2318234000000 | 2324381000000 | 2097151000000 | 2101827000000 | 2108601000000 | 2106670000000 | 2101245000000 | 2097343000000 | 2107478000000 | 2100191000000 | 2083344000000 | 2089944000000 | 2091154000000 | 2081861000000 | 2089178000000 | 2079990000000 | 2091455000000 | 2084983000000 | 2337972000000 | 2343349000000 | 2341531000000 | 2334515000000 | 2330101000000 | 2328391000000 | 2329475000000 | 2331108000000 | 2114416000000 | 2109585000000 | 2109088000000 | 2098700000000 | 2109879000000 | 2102067000000 | 2104610000000 | 2101558000000 | 2085148000000 | 2085990000000 | 2066633000000 | 2059956000000 | 2077324000000 | 2070483000000 | 2070331000000 | 2059520000000 | 2346894000000 | 2343535000000 | 2327923000000 | 2332398000000 | 2337465000000 | 2335489000000 | 2334822000000 | 2330194000000 | 2115732000000 | 2112007000000 | 2114436000000 | 2109013000000 | 2111275000000 | 2117235000000 | 2105247000000 | 2095010000000 | 1798815000000 | 1798338000000 | 1801754000000 | 1790889000000 | 1793061000000 | 1799056000000 | 1799791000000 | 1791982000000 | 2148282000000 | 2148634000000 | 2153688000000 | 2153891000000 | 2150561000000 | 2142572000000 | 2150883000000 | 2143886000000 | 1826429000000 | 1832828000000 | 1831041000000 | 1824050000000 | 1837355000000 | 1831392000000 | 1826313000000 | 1818900000000 | 2142549000000 | 2142792000000 | 2152158000000 | 2139337000000 | 2139438000000 | 2143015000000 | 2136062000000 | 2135187000000 |
|     CPU_CLOCKS_UNHALTED     |   PMC1  | 2559060000000 | 2569028000000 | 2570391000000 | 2568197000000 | 2568969000000 | 2569565000000 | 2569483000000 | 2569176000000 | 2564261000000 | 2564636000000 | 2564085000000 | 2563715000000 | 2564062000000 | 2563950000000 | 2564735000000 | 2563466000000 | 2569414000000 | 2569024000000 | 2569253000000 | 2568206000000 | 2569474000000 | 2569905000000 | 2568767000000 | 2569187000000 | 2569939000000 | 2570409000000 | 2568896000000 | 2570151000000 | 2567920000000 | 2569924000000 | 2570782000000 | 2569710000000 | 2565061000000 | 2564343000000 | 2563816000000 | 2563263000000 | 2563610000000 | 2563888000000 | 2565036000000 | 2563240000000 | 2569659000000 | 2570409000000 | 2570643000000 | 2569121000000 | 2568611000000 | 2569741000000 | 2569550000000 | 2570632000000 | 2570163000000 | 2569390000000 | 2569841000000 | 2569247000000 | 2571689000000 | 2570578000000 | 2569202000000 | 2570114000000 | 2563048000000 | 2565540000000 | 2564309000000 | 2564671000000 | 2563911000000 | 2565162000000 | 2564970000000 | 2565738000000 | 2567128000000 | 2569781000000 | 2569692000000 | 2568836000000 | 2569951000000 | 2569141000000 | 2568428000000 | 2569677000000 | 2569829000000 | 2570093000000 | 2569218000000 | 2570870000000 | 2570311000000 | 2570278000000 | 2571866000000 | 2570006000000 | 2563638000000 | 2565534000000 | 2564421000000 | 2564388000000 | 2564328000000 | 2565622000000 | 2565500000000 | 2564762000000 | 2569300000000 | 2567947000000 | 2569437000000 | 2568472000000 | 2569546000000 | 2571085000000 | 2569486000000 | 2569347000000 | 2586848000000 | 2587828000000 | 2587719000000 | 2586374000000 | 2587349000000 | 2587629000000 | 2585983000000 | 2586441000000 | 2581344000000 | 2580543000000 | 2581155000000 | 2580294000000 | 2582376000000 | 2581672000000 | 2582339000000 | 2581123000000 | 2586259000000 | 2585716000000 | 2585896000000 | 2585645000000 | 2586302000000 | 2586132000000 | 2586296000000 | 2585556000000 | 2580473000000 | 2580803000000 | 2581749000000 | 2580694000000 | 2581909000000 | 2581214000000 | 2580757000000 | 2579826000000 |
|       L2_PF_HIT_IN_L3       |   PMC2  |   13959680000 |   14253650000 |   14806540000 |   14356990000 |   14215890000 |   14049900000 |   14545780000 |   14531080000 |   19106010000 |   18575740000 |   18706580000 |   18293520000 |   18773390000 |   18623160000 |   19147170000 |   19130060000 |   14598210000 |   14924190000 |   14778030000 |   14364360000 |   13985340000 |   14796400000 |   15317870000 |   15012960000 |   13984340000 |   14374620000 |   14339410000 |   13966560000 |   13702980000 |   13954910000 |   14003730000 |   14264920000 |   18213140000 |   18102520000 |   18612070000 |   17857060000 |   19364670000 |   19097760000 |   18585100000 |   19248270000 |   14181530000 |   14502870000 |   15167940000 |   15160370000 |   14966090000 |   14708180000 |   15564340000 |   15094210000 |   14059730000 |   14480910000 |   14919730000 |   14311300000 |   14866210000 |   14265480000 |   15305450000 |   14895170000 |   18687540000 |   19202250000 |   19582410000 |   19041940000 |   18740310000 |   18609290000 |   19221900000 |   19223620000 |   15059000000 |   14659080000 |   15007340000 |   14273520000 |   15028540000 |   14550570000 |   15101700000 |   14751510000 |   14879030000 |   15020960000 |   13994440000 |   13402620000 |   14778270000 |   14329290000 |   14463370000 |   13832150000 |   19390300000 |   19111770000 |   18465310000 |   18539900000 |   19473740000 |   19168920000 |   19298800000 |   19162120000 |   15115570000 |   14990160000 |   15185160000 |   15025410000 |   15184380000 |   15571130000 |   15023340000 |   14336300000 |   10578400000 |   10390020000 |   10882430000 |   10246990000 |   10454510000 |   10894480000 |   11151720000 |   10610230000 |   16425080000 |   16549430000 |   17310360000 |   17520620000 |   17221010000 |   16613190000 |   17447530000 |   16935040000 |   10713540000 |   11260120000 |   11209970000 |   10783570000 |   11880680000 |   11409470000 |   11240930000 |   10681210000 |   16760720000 |   16727770000 |   17891400000 |   16781270000 |   16925060000 |   17406880000 |   16980100000 |   16842780000 |
|       L2_PF_MISS_IN_L3      |   PMC3  |   24266180000 |   24239520000 |   23842280000 |   24048640000 |   24069880000 |   24122450000 |   23803340000 |   23767720000 |   28994120000 |   29266360000 |   29127380000 |   29356540000 |   28976030000 |   28992830000 |   28642380000 |   28566710000 |   25098810000 |   24894510000 |   24795600000 |   25038280000 |   25257840000 |   24770740000 |   24399330000 |   24519190000 |   24429290000 |   24220130000 |   24106250000 |   24303630000 |   24407700000 |   24248130000 |   24163800000 |   24003450000 |   29319640000 |   29385890000 |   28910220000 |   29352600000 |   28304920000 |   28456190000 |   28760660000 |   28237780000 |   25140430000 |   24946540000 |   24520870000 |   24429160000 |   24493550000 |   24623140000 |   24092350000 |   24316000000 |   24709890000 |   24472010000 |   24143530000 |   24403970000 |   24119580000 |   24386230000 |   23720760000 |   23924620000 |   29273410000 |   28909740000 |   28488930000 |   28804000000 |   29011600000 |   29041390000 |   28524160000 |   28526590000 |   24765190000 |   25032620000 |   24696310000 |   25086340000 |   24699310000 |   24885080000 |   24440660000 |   24676450000 |   23920780000 |   23770820000 |   24252230000 |   24606820000 |   23801480000 |   24003250000 |   23905240000 |   24164610000 |   28883630000 |   29027110000 |   29253000000 |   29266450000 |   28530090000 |   28711040000 |   28621310000 |   28570500000 |   24796390000 |   24844830000 |   24692510000 |   24647120000 |   24603960000 |   24372580000 |   24568100000 |   24931090000 |   18869840000 |   19031100000 |   18663640000 |   18954160000 |   18839950000 |   18579800000 |   18338740000 |   18651640000 |   25459700000 |   25343120000 |   24778660000 |   24567870000 |   24772120000 |   25111040000 |   24519520000 |   24821900000 |   19730450000 |   19383610000 |   19388220000 |   19586000000 |   18939180000 |   19197870000 |   19219000000 |   19526550000 |   25016760000 |   25052060000 |   24201960000 |   24872110000 |   24754590000 |   24394280000 |   24579300000 |   24669580000 |
| L2_CACHE_MISS_AFTER_L1_MISS |   PMC4  |    8004118000 |    8074061000 |    8113891000 |    8047751000 |    8021917000 |    7981896000 |    8027903000 |    8016356000 |    8125368000 |    8039843000 |    8028585000 |    7982513000 |    8016503000 |    7981004000 |    8033394000 |    8016699000 |    8087138000 |    8108666000 |    8057676000 |    8004482000 |    7951607000 |    8043015000 |    8093177000 |    8026889000 |    8030066000 |    8068241000 |    8051332000 |    7999951000 |    7962505000 |    7962398000 |    7964053000 |    7983929000 |    8040256000 |    8026533000 |    8036909000 |    7949814000 |    8083938000 |    8050588000 |    7981691000 |    8035120000 |    8018086000 |    8044856000 |    8103329000 |    8093040000 |    8053531000 |    8007336000 |    8103068000 |    8039175000 |    8058624000 |    8113632000 |    8129977000 |    8049289000 |    8114321000 |    8029104000 |    8135721000 |    8073584000 |    8066703000 |    8103421000 |    8113398000 |    8049247000 |    8040204000 |    7993207000 |    8029385000 |    8014702000 |    8153245000 |    8098253000 |    8112026000 |    8023084000 |    8106597000 |    8036410000 |    8078529000 |    8031009000 |    8148471000 |    8157681000 |    8013196000 |    7931838000 |    8094267000 |    8022227000 |    8023276000 |    7940467000 |    8104608000 |    8073108000 |    7962445000 |    7972270000 |    8046676000 |    8011794000 |    8008981000 |    7969818000 |    8121039000 |    8097967000 |    8116443000 |    8063911000 |    8099703000 |    8121619000 |    8042459000 |    7937585000 |    5835141000 |    5833770000 |    5867180000 |    5784018000 |    5808182000 |    5847475000 |    5856354000 |    5791741000 |    5926716000 |    5936364000 |    5952534000 |    5983521000 |    5938417000 |    5884318000 |    5936749000 |    5892431000 |    5811519000 |    5867047000 |    5848301000 |    5794856000 |    5906396000 |    5851448000 |    5813797000 |    5753665000 |    5857441000 |    5848538000 |    5920969000 |    5833185000 |    5841789000 |    5855804000 |    5825202000 |    5808335000 |
+-----------------------------+---------+---------------+---------------+---------------+---------------+---------------+---------------+---------------+---------------+---------------+---------------+---------------+---------------+---------------+---------------+---------------+---------------+---------------+---------------+---------------+---------------+---------------+---------------+---------------+---------------+---------------+---------------+---------------+---------------+---------------+---------------+---------------+---------------+---------------+---------------+---------------+---------------+---------------+---------------+---------------+---------------+---------------+---------------+---------------+---------------+---------------+---------------+---------------+---------------+---------------+---------------+---------------+---------------+---------------+---------------+---------------+---------------+---------------+---------------+---------------+---------------+---------------+---------------+---------------+---------------+---------------+---------------+---------------+---------------+---------------+---------------+---------------+---------------+---------------+---------------+---------------+---------------+---------------+---------------+---------------+---------------+---------------+---------------+---------------+---------------+---------------+---------------+---------------+---------------+---------------+---------------+---------------+---------------+---------------+---------------+---------------+---------------+---------------+---------------+---------------+---------------+---------------+---------------+---------------+---------------+---------------+---------------+---------------+---------------+---------------+---------------+---------------+---------------+---------------+---------------+---------------+---------------+---------------+---------------+---------------+---------------+---------------+---------------+---------------+---------------+---------------+---------------+---------------+---------------+

+----------------------------------+---------+-----------------+---------------+---------------+---------------+
|               Event              | Counter |       Sum       |      Min      |      Max      |      Avg      |
+----------------------------------+---------+-----------------+---------------+---------------+---------------+
|       ACTUAL_CPU_CLOCK STAT      |  FIXC1  | 332241517000000 | 2591861000000 | 2604946000000 |  2.595637e+12 |
|        MAX_CPU_CLOCK STAT        |  FIXC2  | 234376400000000 | 1830295000000 | 1832778000000 | 1831065625000 |
|     RETIRED_INSTRUCTIONS STAT    |   PMC0  | 271705674000000 | 1790889000000 | 2346894000000 | 2122700578125 |
|     CPU_CLOCKS_UNHALTED STAT     |   PMC1  | 329186098000000 | 2559060000000 | 2587828000000 | 2571766390625 |
|       L2_PF_HIT_IN_L3 STAT       |   PMC2  |   1986183540000 |   10246990000 |   19582410000 |  1.551706e+10 |
|       L2_PF_MISS_IN_L3 STAT      |   PMC3  |   3189330610000 |   18338740000 |   29385890000 |  2.491665e+10 |
| L2_CACHE_MISS_AFTER_L1_MISS STAT |   PMC4  |    959922921000 |    5753665000 |    8157681000 |  7.499398e+09 |
+----------------------------------+---------+-----------------+---------------+---------------+---------------+

+-------------------------+------------+------------+------------+------------+------------+------------+------------+------------+------------+------------+-------------+-------------+-------------+-------------+-------------+-------------+-------------+-------------+-------------+-------------+-------------+-------------+-------------+-------------+-------------+-------------+-------------+-------------+-------------+-------------+-------------+-------------+-------------+-------------+-------------+-------------+-------------+-------------+-------------+-------------+-------------+-------------+-------------+-------------+-------------+-------------+-------------+-------------+-------------+-------------+-------------+-------------+-------------+-------------+-------------+-------------+-------------+-------------+-------------+-------------+-------------+-------------+-------------+-------------+-------------+-------------+-------------+-------------+-------------+-------------+-------------+-------------+-------------+-------------+-------------+-------------+-------------+-------------+-------------+-------------+-------------+-------------+-------------+-------------+-------------+-------------+-------------+-------------+-------------+-------------+-------------+-------------+-------------+-------------+-------------+-------------+-------------+-------------+-------------+-------------+--------------+--------------+--------------+--------------+--------------+--------------+--------------+--------------+--------------+--------------+--------------+--------------+--------------+--------------+--------------+--------------+--------------+--------------+--------------+--------------+--------------+--------------+--------------+--------------+--------------+--------------+--------------+--------------+
|          Metric         | HWThread 0 | HWThread 1 | HWThread 2 | HWThread 3 | HWThread 4 | HWThread 5 | HWThread 6 | HWThread 7 | HWThread 8 | HWThread 9 | HWThread 10 | HWThread 11 | HWThread 12 | HWThread 13 | HWThread 14 | HWThread 15 | HWThread 16 | HWThread 17 | HWThread 18 | HWThread 19 | HWThread 20 | HWThread 21 | HWThread 22 | HWThread 23 | HWThread 24 | HWThread 25 | HWThread 26 | HWThread 27 | HWThread 28 | HWThread 29 | HWThread 30 | HWThread 31 | HWThread 32 | HWThread 33 | HWThread 34 | HWThread 35 | HWThread 36 | HWThread 37 | HWThread 38 | HWThread 39 | HWThread 40 | HWThread 41 | HWThread 42 | HWThread 43 | HWThread 44 | HWThread 45 | HWThread 46 | HWThread 47 | HWThread 48 | HWThread 49 | HWThread 50 | HWThread 51 | HWThread 52 | HWThread 53 | HWThread 54 | HWThread 55 | HWThread 56 | HWThread 57 | HWThread 58 | HWThread 59 | HWThread 60 | HWThread 61 | HWThread 62 | HWThread 63 | HWThread 64 | HWThread 65 | HWThread 66 | HWThread 67 | HWThread 68 | HWThread 69 | HWThread 70 | HWThread 71 | HWThread 72 | HWThread 73 | HWThread 74 | HWThread 75 | HWThread 76 | HWThread 77 | HWThread 78 | HWThread 79 | HWThread 80 | HWThread 81 | HWThread 82 | HWThread 83 | HWThread 84 | HWThread 85 | HWThread 86 | HWThread 87 | HWThread 88 | HWThread 89 | HWThread 90 | HWThread 91 | HWThread 92 | HWThread 93 | HWThread 94 | HWThread 95 | HWThread 96 | HWThread 97 | HWThread 98 | HWThread 99 | HWThread 100 | HWThread 101 | HWThread 102 | HWThread 103 | HWThread 104 | HWThread 105 | HWThread 106 | HWThread 107 | HWThread 108 | HWThread 109 | HWThread 110 | HWThread 111 | HWThread 112 | HWThread 113 | HWThread 114 | HWThread 115 | HWThread 116 | HWThread 117 | HWThread 118 | HWThread 119 | HWThread 120 | HWThread 121 | HWThread 122 | HWThread 123 | HWThread 124 | HWThread 125 | HWThread 126 | HWThread 127 |
+-------------------------+------------+------------+------------+------------+------------+------------+------------+------------+------------+------------+-------------+-------------+-------------+-------------+-------------+-------------+-------------+-------------+-------------+-------------+-------------+-------------+-------------+-------------+-------------+-------------+-------------+-------------+-------------+-------------+-------------+-------------+-------------+-------------+-------------+-------------+-------------+-------------+-------------+-------------+-------------+-------------+-------------+-------------+-------------+-------------+-------------+-------------+-------------+-------------+-------------+-------------+-------------+-------------+-------------+-------------+-------------+-------------+-------------+-------------+-------------+-------------+-------------+-------------+-------------+-------------+-------------+-------------+-------------+-------------+-------------+-------------+-------------+-------------+-------------+-------------+-------------+-------------+-------------+-------------+-------------+-------------+-------------+-------------+-------------+-------------+-------------+-------------+-------------+-------------+-------------+-------------+-------------+-------------+-------------+-------------+-------------+-------------+-------------+-------------+--------------+--------------+--------------+--------------+--------------+--------------+--------------+--------------+--------------+--------------+--------------+--------------+--------------+--------------+--------------+--------------+--------------+--------------+--------------+--------------+--------------+--------------+--------------+--------------+--------------+--------------+--------------+--------------+
|   Runtime (RDTSC) [s]   |   733.4035 |   714.9487 |   706.4622 |   728.5945 |   723.5060 |   727.0567 |   724.6486 |   728.3629 |   713.1916 |   713.7354 |    714.1354 |    709.0998 |    713.9703 |    707.9897 |    712.9849 |    712.5630 |    726.8131 |    712.1517 |    728.7574 |    707.5414 |    730.6812 |    726.2081 |    707.0845 |    730.6784 |    705.7606 |    730.4437 |    711.4952 |    712.9984 |    712.5625 |    707.5408 |    732.0368 |    709.1005 |    720.4093 |    723.9968 |    720.4095 |    706.2127 |    731.5054 |    729.3425 |    715.7873 |    724.4118 |    725.0712 |    726.8125 |    705.1117 |    726.2088 |    708.6756 |    724.8865 |    718.0955 |    705.7617 |    709.5294 |    728.0633 |    711.2906 |    731.0708 |    727.6479 |    732.7463 |    729.3422 |    726.2083 |    715.3710 |    711.9103 |    714.3067 |    728.9869 |    716.4858 |    706.4616 |    705.2972 |    710.7798 |    718.3987 |    725.6669 |    710.4930 |    718.6344 |    709.9921 |    730.0213 |    717.3804 |    713.7358 |    721.1085 |    717.6156 |    731.0704 |    727.6485 |    708.6754 |    719.2955 |    723.7979 |    716.9551 |    712.1512 |    719.2948 |    712.9981 |    727.2291 |    725.2937 |    716.4863 |    722.0529 |    725.6671 |    708.2402 |    725.2932 |    715.3700 |    730.0213 |    724.6490 |    716.9543 |    714.9492 |    722.3509 |    728.0619 |    729.1788 |    710.7790 |    710.7788 |     714.1346 |     707.8266 |     732.7457 |     715.7855 |     718.0942 |     719.7429 |     705.2966 |     709.3521 |     721.4131 |     709.9906 |     723.0046 |     720.4079 |     722.3498 |     706.9219 |     723.5044 |     723.0050 |     732.0361 |     715.7857 |     722.0510 |     731.5048 |     719.0134 |     718.8394 |     721.1074 |     706.0497 |     721.4138 |     731.5044 |     717.3791 |     719.7423 |
|   Runtime unhalted [s]  |   998.5112 |   996.9996 |   997.3015 |   997.2308 |   997.2631 |   997.5131 |   997.3011 |   997.2454 |   997.4165 |   997.3458 |    997.0977 |    997.3000 |    997.3758 |    997.2127 |    997.3242 |    997.3019 |    997.5742 |    997.5138 |    997.3465 |    997.2500 |    997.4227 |    997.5092 |    997.3738 |    997.4492 |    997.1004 |    997.5288 |    997.1327 |    997.3000 |    997.2881 |    997.1577 |    997.1592 |    997.1454 |    996.8754 |    997.2919 |    997.2365 |    997.2238 |    997.0319 |    997.1400 |    997.1311 |    996.9519 |    997.3488 |    997.2685 |    997.4731 |    997.2942 |    997.0092 |    997.1335 |    997.2277 |    997.2681 |    997.3996 |    997.2361 |    997.1888 |    997.2131 |    997.0685 |    997.3758 |    997.0900 |    997.0088 |    997.1685 |    997.2638 |    997.2477 |    997.3685 |    997.0761 |    997.2554 |    997.4415 |    997.1523 |    997.2354 |    997.2765 |    997.1454 |    997.3054 |    997.1542 |    997.4323 |    997.2946 |    997.1835 |    997.2158 |    997.3688 |    997.0846 |    997.4900 |    997.0854 |    997.1419 |    997.3785 |    997.3885 |    997.0361 |    997.2581 |    996.9465 |    997.3431 |    997.2523 |    997.3277 |    997.3515 |    997.0650 |    997.0538 |    997.1311 |    997.3692 |    997.0908 |    997.3088 |    997.3304 |    997.2569 |    997.3804 |   1001.8135 |   1001.9081 |   1001.9004 |   1001.5789 |    1001.6912 |    1001.6854 |    1001.4492 |    1001.5466 |    1001.5704 |    1001.2950 |    1001.6096 |    1001.1966 |    1001.4100 |    1001.5112 |    1001.6112 |    1001.3569 |    1001.7143 |    1001.7377 |    1001.6035 |    1001.6339 |    1001.8827 |    1001.7158 |    1001.5466 |    1001.4354 |    1001.3158 |    1001.3466 |    1001.3754 |    1001.2973 |    1001.3492 |    1001.2389 |    1001.3312 |    1001.1442 |
|       Clock [MHz]       |  3682.8560 |  3681.1794 |  3681.7814 |  3681.8599 |  3681.8948 |  3681.8244 |  3681.8503 |  3681.8817 |  3681.9787 |  3681.7878 |   3681.7346 |   3682.1276 |   3681.7920 |   3681.9923 |   3682.2030 |   3681.7647 |   3682.1386 |   3681.7730 |   3682.1928 |   3681.9732 |   3682.1744 |   3682.0897 |   3682.1046 |   3681.9486 |   3681.7526 |   3682.1178 |   3682.0549 |   3681.8199 |   3682.1238 |   3681.7792 |   3682.0242 |   3681.7056 |   3681.8107 |   3682.0053 |   3681.7747 |   3682.0113 |   3681.9804 |   3681.6917 |   3681.7536 |   3682.0893 |   3682.0365 |   3681.8986 |   3682.1130 |   3682.0761 |   3682.0636 |   3681.7158 |   3681.7923 |   3681.8911 |   3682.1153 |   3682.0266 |   3681.7192 |   3682.0923 |   3681.7614 |   3681.9489 |   3682.1326 |   3681.7705 |   3682.0985 |   3682.0484 |   3682.1617 |   3681.8414 |   3681.7556 |   3681.8503 |   3682.0388 |   3681.8095 |   3682.0580 |   3681.8781 |   3681.7458 |   3681.7011 |   3681.6960 |   3682.0892 |   3682.1258 |   3682.0774 |   3681.7865 |   3682.0379 |   3681.8150 |   3682.1353 |   3681.8782 |   3681.8798 |   3681.7819 |   3682.1043 |   3681.7768 |   3681.8823 |   3681.7114 |   3682.0554 |   3681.7062 |   3682.0066 |   3681.8192 |   3682.0563 |   3681.7637 |   3681.9325 |   3682.1157 |   3682.2360 |   3682.2568 |   3681.9723 |   3682.3426 |   3681.9880 |   3696.9625 |   3696.7223 |   3696.9159 |   3696.7445 |    3696.6665 |    3696.6149 |    3696.7969 |    3696.5828 |    3696.2147 |    3696.2498 |    3696.7652 |    3696.5161 |    3696.5390 |    3696.7368 |    3696.2078 |    3696.3371 |    3696.6810 |    3696.5799 |    3696.7606 |    3696.6669 |    3696.7538 |    3696.6766 |    3696.8594 |    3696.9012 |    3696.6838 |    3696.5995 |    3696.9018 |    3696.7468 |    3696.6518 |    3696.6541 |    3696.6053 |    3696.7268 |
|           CPI           |     1.2365 |     1.2387 |     1.2361 |     1.2392 |     1.2424 |     1.2448 |     1.2415 |     1.2419 |     1.0953 |     1.0986 |      1.0992 |      1.1010 |      1.1003 |      1.1020 |      1.0995 |      1.1006 |      1.2181 |      1.2157 |      1.2205 |      1.2230 |      1.2273 |      1.2210 |      1.2178 |      1.2211 |      1.2405 |      1.2365 |      1.2392 |      1.2432 |      1.2454 |      1.2445 |      1.2458 |      1.2428 |      1.1030 |      1.1030 |      1.1031 |      1.1070 |      1.1006 |      1.1021 |      1.1065 |      1.1028 |      1.2253 |      1.2229 |      1.2191 |      1.2195 |      1.2224 |      1.2252 |      1.2193 |      1.2240 |      1.2337 |      1.2294 |      1.2289 |      1.2341 |      1.2310 |      1.2359 |      1.2284 |      1.2327 |      1.0963 |      1.0948 |      1.0951 |      1.0986 |      1.1003 |      1.1017 |      1.1011 |      1.1007 |      1.2141 |      1.2181 |      1.2184 |      1.2240 |      1.2181 |      1.2222 |      1.2204 |      1.2227 |      1.2324 |      1.2321 |      1.2432 |      1.2480 |      1.2373 |      1.2414 |      1.2422 |      1.2479 |      1.0924 |      1.0947 |      1.1016 |      1.0995 |      1.0971 |      1.0985 |      1.0988 |      1.1007 |      1.2144 |      1.2159 |      1.2152 |      1.2179 |      1.2171 |      1.2144 |      1.2205 |      1.2264 |      1.4381 |      1.4390 |      1.4362 |      1.4442 |       1.4430 |       1.4383 |       1.4368 |       1.4433 |       1.2016 |       1.2010 |       1.1985 |       1.1980 |       1.2008 |       1.2049 |       1.2006 |       1.2039 |       1.4160 |       1.4108 |       1.4123 |       1.4175 |       1.4076 |       1.4121 |       1.4161 |       1.4215 |       1.2044 |       1.2044 |       1.1996 |       1.2063 |       1.2068 |       1.2045 |       1.2082 |       1.2082 |
| L3 bandwidth [MBytes/s] |  4034.2303 |  4168.5547 |  4236.3392 |  4080.4815 |  4096.2922 |  4062.7804 |  4095.9570 |  4069.6334 |  5045.5332 |  5010.8827 |   5006.3376 |   5021.1334 |   4998.8341 |   5025.7901 |   5010.8613 |   5003.9955 |   4207.6651 |   4307.1602 |   4183.0156 |   4288.1672 |   4133.7677 |   4195.8358 |   4327.4377 |   4165.6883 |   4211.6215 |   4088.5169 |   4182.4702 |   4153.2899 |   4138.1406 |   4175.8553 |   4033.1597 |   4174.5100 |   4937.0189 |   4907.4200 |   4935.7882 |   4998.7863 |   4877.9213 |   4879.3131 |   4946.9401 |   4905.1588 |   4178.5730 |   4182.1419 |   4337.8899 |   4202.2136 |   4290.8814 |   4179.5150 |   4256.5710 |   4302.8130 |   4223.9372 |   4137.3591 |   4246.3195 |   4093.9014 |   4142.6727 |   4077.2258 |   4138.4738 |   4132.6654 |   5012.4618 |   5053.7073 |   5034.0046 |   4907.2102 |   4983.6233 |   5040.9092 |   5061.1692 |   5021.1815 |   4274.1668 |   4214.8222 |   4307.1547 |   4219.8208 |   4311.8855 |   4161.8126 |   4248.4251 |   4255.5999 |   4166.7655 |   4187.1519 |   4049.7214 |   4040.7447 |   4215.0992 |   4124.4594 |   4102.0853 |   4100.6508 |   5066.6578 |   5001.5199 |   4998.0054 |   4908.8130 |   4945.9031 |   4992.5201 |   4957.3401 |   4912.6604 |   4340.4934 |   4229.6126 |   4293.7546 |   4184.9905 |   4229.4059 |   4290.6236 |   4264.0366 |   4182.3419 |   3101.5720 |   3094.3206 |   3188.6817 |   3150.1372 |    3145.8623 |    3193.7092 |    3087.2868 |    3134.2226 |    4261.1899 |    4252.9777 |    4359.3851 |    4337.2096 |    4252.2364 |    4291.5316 |    4240.4200 |    4233.1015 |    3212.2284 |    3305.4426 |    3223.9962 |    3201.2549 |    3210.8804 |    3259.8618 |    3215.1725 |    3146.2968 |    4240.0252 |    4240.4681 |    4261.3861 |    4304.4281 |    4215.8496 |    4169.5521 |    4227.3528 |    4207.7900 |
| L3 data volume [GBytes] |  2958.7186 |  2980.3028 |  2992.8135 |  2973.0164 |  2963.6920 |  2953.8717 |  2968.1295 |  2964.1700 |  3598.4319 |  3576.4444 |   3575.2029 |   3560.4847 |   3569.0191 |   3558.2076 |   3572.6684 |   3565.6620 |   3058.1861 |   3067.3514 |   3048.4036 |   3034.0558 |   3020.4664 |   3047.0499 |   3059.8641 |   3043.7785 |   2972.3965 |   2986.4314 |   2975.8075 |   2961.2890 |   2948.6838 |   2954.5880 |   2952.4213 |   2960.1471 |   3556.6743 |   3552.9564 |   3555.7887 |   3530.2063 |   3568.2258 |   3558.6904 |   3540.9569 |   3553.3549 |   3029.7629 |   3039.6330 |   3058.6969 |   3051.6845 |   3040.8429 |   3029.6740 |   3056.6245 |   3036.7606 |   2997.0076 |   3012.2593 |   3020.3672 |   2992.9318 |   3014.4071 |   2987.5721 |   3018.3636 |   3001.1759 |   3585.7698 |   3597.7863 |   3595.8232 |   3577.2920 |   3570.6953 |   3561.2088 |   3569.6285 |   3568.9544 |   3070.5558 |   3058.5570 |   3060.2033 |   3032.5084 |   3061.4046 |   3038.2118 |   3047.7369 |   3037.3740 |   3004.6900 |   3004.7655 |   2960.6314 |   2940.2418 |   2987.1371 |   2966.7051 |   2969.0807 |   2939.9825 |   3608.2264 |   3597.5672 |   3563.5683 |   3569.8317 |   3587.2324 |   3577.0723 |   3579.4618 |   3564.9560 |   3074.1119 |   3067.7092 |   3071.6232 |   3055.1322 |   3064.8348 |   3076.1811 |   3048.5695 |   3021.1184 |   2258.1364 |   2256.3130 |   2266.4480 |   2239.0508 |    2246.5691 |    2260.5923 |    2262.1961 |    2243.4311 |    3059.9357 |    3061.0505 |    3074.6595 |    3076.6087 |    3067.6190 |    3046.9471 |    3065.8431 |    3049.5597 |    2320.3526 |    2336.6897 |    2332.5754 |    2314.5233 |    2350.4804 |    2333.3624 |    2321.5185 |    2301.5312 |    3048.6349 |    3048.2156 |    3072.9171 |    3039.1402 |    3041.3721 |    3050.0457 |    3032.6145 |    3028.5245 |
+-------------------------+------------+------------+------------+------------+------------+------------+------------+------------+------------+------------+-------------+-------------+-------------+-------------+-------------+-------------+-------------+-------------+-------------+-------------+-------------+-------------+-------------+-------------+-------------+-------------+-------------+-------------+-------------+-------------+-------------+-------------+-------------+-------------+-------------+-------------+-------------+-------------+-------------+-------------+-------------+-------------+-------------+-------------+-------------+-------------+-------------+-------------+-------------+-------------+-------------+-------------+-------------+-------------+-------------+-------------+-------------+-------------+-------------+-------------+-------------+-------------+-------------+-------------+-------------+-------------+-------------+-------------+-------------+-------------+-------------+-------------+-------------+-------------+-------------+-------------+-------------+-------------+-------------+-------------+-------------+-------------+-------------+-------------+-------------+-------------+-------------+-------------+-------------+-------------+-------------+-------------+-------------+-------------+-------------+-------------+-------------+-------------+-------------+-------------+--------------+--------------+--------------+--------------+--------------+--------------+--------------+--------------+--------------+--------------+--------------+--------------+--------------+--------------+--------------+--------------+--------------+--------------+--------------+--------------+--------------+--------------+--------------+--------------+--------------+--------------+--------------+--------------+

+------------------------------+-------------+-----------+-----------+-----------+
|            Metric            |     Sum     |    Min    |    Max    |    Avg    |
+------------------------------+-------------+-----------+-----------+-----------+
|   Runtime (RDTSC) [s] STAT   |  92032.9963 |  705.1117 |  733.4035 |  719.0078 |
|   Runtime unhalted [s] STAT  | 127785.9374 |  996.8754 | 1001.9081 |  998.3276 |
|       Clock [MHz] STAT       | 471759.5907 | 3681.1794 | 3696.9625 | 3685.6218 |
|           CPI STAT           |    155.9606 |    1.0924 |    1.4442 |    1.2184 |
| L3 bandwidth [MBytes/s] STAT | 546304.5803 | 3087.2868 | 5066.6578 | 4268.0045 |
| L3 data volume [GBytes] STAT | 392667.9723 | 2239.0508 | 3608.2264 | 3067.7185 |
+------------------------------+-------------+-----------+-----------+-----------+

