INFO: You are running LIKWID in a cpuset with 144 CPUs. Taking given IDs as logical ID in cpuset
--------------------------------------------------------------------------------
CPU name:	AMD EPYC 9A14 96-Core Processor                
CPU type:	AMD K19 (Zen4) architecture
CPU clock:	2.60 GHz
--------------------------------------------------------------------------------
Sys.CPU_THREADS       192
SLURM_CPUS_PER_TASK   144
OMP_NUM_THREADS       144
OMP_PROC_BIND         close
OMP_PLACES            cores
BLAS_NUM_THREADS      1
Threads.nthreads()    1

Successfully read data from: /public/home/halili/jld2file/cc-pvdz/h2o-1.0-cc-pvdz.jld2
  name: h2o
  ratio: 1.0
  basis: cc-pvdz
  nα: 5, nβ: 5, ne: 10, norb: 24, nq: 48

  ngs: 25495
  ncs: 128793

Warming up JIT and Hardware...
Warm-up completed.
  Step 001:  residual: 9.9885e-01,  e: -76.02676073376622
  Step 002:  residual: 3.3618e-01,  e: -76.22561643779891
  Step 003:  residual: 9.9286e-02,  e: -76.24222290584416
  Step 004:  residual: 3.2400e-02,  e: -76.24360734427401
  Step 005:  residual: 1.2871e-02,  e: -76.24376885653814
  Step 006:  residual: 4.3599e-03,  e: -76.24379383490457
  Step 007:  residual: 1.6905e-03,  e: -76.24379667642252
  Step 008:  residual: 7.0448e-04,  e: -76.24379712049114
  Step 009:  residual: 3.1828e-04,  e: -76.24379720589884
  Step 010:  residual: 1.2649e-04,  e: -76.24379722155587
  Step 011:  residual: 4.7677e-05,  e: -76.24379722386432
  Step 012:  residual: 1.7064e-05,  e: -76.24379722415692
  Step 013:  residual: 6.0873e-06,  e: -76.24379722419387

Convergence reached!
771.298060 seconds (7.21 M allocations: 91.224 GiB, 0.07% gc time, 0.26% compilation time)
--------------------------------------------------------------------------------
Region hvec_direct_agg, Group 1: L3
+-------------------+------------+------------+------------+------------+------------+------------+------------+------------+------------+------------+-------------+-------------+-------------+-------------+-------------+-------------+-------------+-------------+-------------+-------------+-------------+-------------+-------------+-------------+-------------+-------------+-------------+-------------+-------------+-------------+-------------+-------------+-------------+-------------+-------------+-------------+-------------+-------------+-------------+-------------+-------------+-------------+-------------+-------------+-------------+-------------+-------------+-------------+-------------+-------------+-------------+-------------+-------------+-------------+-------------+-------------+-------------+-------------+-------------+-------------+-------------+-------------+-------------+-------------+-------------+-------------+-------------+-------------+-------------+-------------+-------------+-------------+-------------+-------------+-------------+-------------+-------------+-------------+-------------+-------------+-------------+-------------+-------------+-------------+-------------+-------------+-------------+-------------+-------------+-------------+-------------+-------------+-------------+-------------+-------------+-------------+-------------+-------------+-------------+-------------+--------------+--------------+--------------+--------------+--------------+--------------+--------------+--------------+--------------+--------------+--------------+--------------+--------------+--------------+--------------+--------------+--------------+--------------+--------------+--------------+--------------+--------------+--------------+--------------+--------------+--------------+--------------+--------------+--------------+--------------+--------------+--------------+--------------+--------------+--------------+--------------+--------------+--------------+--------------+--------------+--------------+--------------+--------------+--------------+
|    Region Info    | HWThread 0 | HWThread 1 | HWThread 2 | HWThread 3 | HWThread 4 | HWThread 5 | HWThread 6 | HWThread 7 | HWThread 8 | HWThread 9 | HWThread 10 | HWThread 11 | HWThread 12 | HWThread 13 | HWThread 14 | HWThread 15 | HWThread 16 | HWThread 17 | HWThread 18 | HWThread 19 | HWThread 20 | HWThread 21 | HWThread 22 | HWThread 23 | HWThread 24 | HWThread 25 | HWThread 26 | HWThread 27 | HWThread 28 | HWThread 29 | HWThread 30 | HWThread 31 | HWThread 32 | HWThread 33 | HWThread 34 | HWThread 35 | HWThread 36 | HWThread 37 | HWThread 38 | HWThread 39 | HWThread 40 | HWThread 41 | HWThread 42 | HWThread 43 | HWThread 44 | HWThread 45 | HWThread 46 | HWThread 47 | HWThread 48 | HWThread 49 | HWThread 50 | HWThread 51 | HWThread 52 | HWThread 53 | HWThread 54 | HWThread 55 | HWThread 56 | HWThread 57 | HWThread 58 | HWThread 59 | HWThread 60 | HWThread 61 | HWThread 62 | HWThread 63 | HWThread 64 | HWThread 65 | HWThread 66 | HWThread 67 | HWThread 68 | HWThread 69 | HWThread 70 | HWThread 71 | HWThread 72 | HWThread 73 | HWThread 74 | HWThread 75 | HWThread 76 | HWThread 77 | HWThread 78 | HWThread 79 | HWThread 80 | HWThread 81 | HWThread 82 | HWThread 83 | HWThread 84 | HWThread 85 | HWThread 86 | HWThread 87 | HWThread 88 | HWThread 89 | HWThread 90 | HWThread 91 | HWThread 92 | HWThread 93 | HWThread 94 | HWThread 95 | HWThread 96 | HWThread 97 | HWThread 98 | HWThread 99 | HWThread 100 | HWThread 101 | HWThread 102 | HWThread 103 | HWThread 104 | HWThread 105 | HWThread 106 | HWThread 107 | HWThread 108 | HWThread 109 | HWThread 110 | HWThread 111 | HWThread 112 | HWThread 113 | HWThread 114 | HWThread 115 | HWThread 116 | HWThread 117 | HWThread 118 | HWThread 119 | HWThread 120 | HWThread 121 | HWThread 122 | HWThread 123 | HWThread 124 | HWThread 125 | HWThread 126 | HWThread 127 | HWThread 128 | HWThread 129 | HWThread 130 | HWThread 131 | HWThread 132 | HWThread 133 | HWThread 134 | HWThread 135 | HWThread 136 | HWThread 137 | HWThread 138 | HWThread 139 | HWThread 140 | HWThread 141 | HWThread 142 | HWThread 143 |
+-------------------+------------+------------+------------+------------+------------+------------+------------+------------+------------+------------+-------------+-------------+-------------+-------------+-------------+-------------+-------------+-------------+-------------+-------------+-------------+-------------+-------------+-------------+-------------+-------------+-------------+-------------+-------------+-------------+-------------+-------------+-------------+-------------+-------------+-------------+-------------+-------------+-------------+-------------+-------------+-------------+-------------+-------------+-------------+-------------+-------------+-------------+-------------+-------------+-------------+-------------+-------------+-------------+-------------+-------------+-------------+-------------+-------------+-------------+-------------+-------------+-------------+-------------+-------------+-------------+-------------+-------------+-------------+-------------+-------------+-------------+-------------+-------------+-------------+-------------+-------------+-------------+-------------+-------------+-------------+-------------+-------------+-------------+-------------+-------------+-------------+-------------+-------------+-------------+-------------+-------------+-------------+-------------+-------------+-------------+-------------+-------------+-------------+-------------+--------------+--------------+--------------+--------------+--------------+--------------+--------------+--------------+--------------+--------------+--------------+--------------+--------------+--------------+--------------+--------------+--------------+--------------+--------------+--------------+--------------+--------------+--------------+--------------+--------------+--------------+--------------+--------------+--------------+--------------+--------------+--------------+--------------+--------------+--------------+--------------+--------------+--------------+--------------+--------------+--------------+--------------+--------------+--------------+
| RDTSC Runtime [s] | 754.041700 | 742.594600 | 747.849900 | 711.642100 | 742.596200 | 745.634700 | 718.898900 | 754.427400 | 712.751300 | 740.198000 |  753.072900 |  710.134100 |  711.278700 |  741.408100 |  741.183000 |  744.951100 |  734.382400 |  728.585900 |  746.883600 |  717.633100 |  734.381700 |  728.585800 |  731.053200 |  728.586300 |  724.102600 |  721.126400 |  751.172100 |  710.368400 |  724.762500 |  751.172000 |  716.656300 |  714.562200 |  750.572500 |  724.466100 |  748.515900 |  745.995100 |  722.156200 |  740.863300 |  745.995200 |  731.723500 |  713.955100 |  732.029900 |  722.455600 |  733.361300 |  738.870800 |  727.274900 |  750.211400 |  721.790300 |  711.943600 |  753.740800 |  719.797900 |  740.557500 |  713.358500 |  719.797700 |  711.943100 |  710.671600 |  740.862000 |  747.546600 |  736.889700 |  719.503500 |  753.437200 |  748.877900 |  748.878200 |  748.877200 |  725.434500 |  716.358100 |  720.301600 |  713.053900 |  712.458400 |  720.300800 |  719.201500 |  718.594900 |  715.784700 |  718.297300 |  735.207900 |  715.784500 |  731.414300 |  714.868600 |  714.258400 |  729.723100 |  744.588600 |  716.956400 |  736.527000 |  734.017200 |  726.540300 |  717.993100 |  726.243100 |  726.243000 |  749.598600 |  743.488000 |  725.734800 |  747.242300 |  725.734600 |  723.133700 |  715.176900 |  713.653600 |  727.941700 |  729.724300 |  752.054200 |  737.193200 |   734.384600 |   732.330500 |   738.871000 |   720.302700 |   737.864900 |   752.414800 |   735.575800 |   748.152600 |   750.573200 |   743.850500 |   739.546700 |   722.455800 |   737.191600 |   724.763800 |   717.261100 |   729.351700 |   715.176900 |   723.438200 |   727.941400 |   727.275900 |   749.599700 |   730.386100 |   744.226000 |   721.127000 |   710.368500 |   738.512700 |   754.042400 |   742.236800 |   746.512000 |   730.385300 |   751.171900 |   752.415000 |   732.330900 |   745.257500 |   741.408400 |   726.542000 |   739.545300 |   735.949200 |   742.595500 |   735.948900 |   737.864200 |   733.361500 |   723.437900 |   733.002000 |
|     call count    |         13 |         13 |         13 |         13 |         13 |         13 |         13 |         13 |         13 |         13 |          13 |          13 |          13 |          13 |          13 |          13 |          13 |          13 |          13 |          13 |          13 |          13 |          13 |          13 |          13 |          13 |          13 |          13 |          13 |          13 |          13 |          13 |          13 |          13 |          13 |          13 |          13 |          13 |          13 |          13 |          13 |          13 |          13 |          13 |          13 |          13 |          13 |          13 |          13 |          13 |          13 |          13 |          13 |          13 |          13 |          13 |          13 |          13 |          13 |          13 |          13 |          13 |          13 |          13 |          13 |          13 |          13 |          13 |          13 |          13 |          13 |          13 |          13 |          13 |          13 |          13 |          13 |          13 |          13 |          13 |          13 |          13 |          13 |          13 |          13 |          13 |          13 |          13 |          13 |          13 |          13 |          13 |          13 |          13 |          13 |          13 |          13 |          13 |          13 |          13 |           13 |           13 |           13 |           13 |           13 |           13 |           13 |           13 |           13 |           13 |           13 |           13 |           13 |           13 |           13 |           13 |           13 |           13 |           13 |           13 |           13 |           13 |           13 |           13 |           13 |           13 |           13 |           13 |           13 |           13 |           13 |           13 |           13 |           13 |           13 |           13 |           13 |           13 |           13 |           13 |           13 |           13 |           13 |           13 |
+-------------------+------------+------------+------------+------------+------------+------------+------------+------------+------------+------------+-------------+-------------+-------------+-------------+-------------+-------------+-------------+-------------+-------------+-------------+-------------+-------------+-------------+-------------+-------------+-------------+-------------+-------------+-------------+-------------+-------------+-------------+-------------+-------------+-------------+-------------+-------------+-------------+-------------+-------------+-------------+-------------+-------------+-------------+-------------+-------------+-------------+-------------+-------------+-------------+-------------+-------------+-------------+-------------+-------------+-------------+-------------+-------------+-------------+-------------+-------------+-------------+-------------+-------------+-------------+-------------+-------------+-------------+-------------+-------------+-------------+-------------+-------------+-------------+-------------+-------------+-------------+-------------+-------------+-------------+-------------+-------------+-------------+-------------+-------------+-------------+-------------+-------------+-------------+-------------+-------------+-------------+-------------+-------------+-------------+-------------+-------------+-------------+-------------+-------------+--------------+--------------+--------------+--------------+--------------+--------------+--------------+--------------+--------------+--------------+--------------+--------------+--------------+--------------+--------------+--------------+--------------+--------------+--------------+--------------+--------------+--------------+--------------+--------------+--------------+--------------+--------------+--------------+--------------+--------------+--------------+--------------+--------------+--------------+--------------+--------------+--------------+--------------+--------------+--------------+--------------+--------------+--------------+--------------+

+-----------------------------+---------+---------------+---------------+---------------+---------------+---------------+---------------+---------------+---------------+---------------+---------------+---------------+---------------+---------------+---------------+---------------+---------------+---------------+---------------+---------------+---------------+---------------+---------------+---------------+---------------+---------------+---------------+---------------+---------------+---------------+---------------+---------------+---------------+---------------+---------------+---------------+---------------+---------------+---------------+---------------+---------------+---------------+---------------+---------------+---------------+---------------+---------------+---------------+---------------+---------------+---------------+---------------+---------------+---------------+---------------+---------------+---------------+---------------+---------------+---------------+---------------+---------------+---------------+---------------+---------------+---------------+---------------+---------------+---------------+---------------+---------------+---------------+---------------+---------------+---------------+---------------+---------------+---------------+---------------+---------------+---------------+---------------+---------------+---------------+---------------+---------------+---------------+---------------+---------------+---------------+---------------+---------------+---------------+---------------+---------------+---------------+---------------+---------------+---------------+---------------+---------------+---------------+---------------+---------------+---------------+---------------+---------------+---------------+---------------+---------------+---------------+---------------+---------------+---------------+---------------+---------------+---------------+---------------+---------------+---------------+---------------+---------------+---------------+---------------+---------------+---------------+---------------+---------------+---------------+---------------+---------------+---------------+---------------+---------------+---------------+---------------+---------------+---------------+---------------+---------------+---------------+---------------+---------------+---------------+---------------+
|            Event            | Counter |   HWThread 0  |   HWThread 1  |   HWThread 2  |   HWThread 3  |   HWThread 4  |   HWThread 5  |   HWThread 6  |   HWThread 7  |   HWThread 8  |   HWThread 9  |  HWThread 10  |  HWThread 11  |  HWThread 12  |  HWThread 13  |  HWThread 14  |  HWThread 15  |  HWThread 16  |  HWThread 17  |  HWThread 18  |  HWThread 19  |  HWThread 20  |  HWThread 21  |  HWThread 22  |  HWThread 23  |  HWThread 24  |  HWThread 25  |  HWThread 26  |  HWThread 27  |  HWThread 28  |  HWThread 29  |  HWThread 30  |  HWThread 31  |  HWThread 32  |  HWThread 33  |  HWThread 34  |  HWThread 35  |  HWThread 36  |  HWThread 37  |  HWThread 38  |  HWThread 39  |  HWThread 40  |  HWThread 41  |  HWThread 42  |  HWThread 43  |  HWThread 44  |  HWThread 45  |  HWThread 46  |  HWThread 47  |  HWThread 48  |  HWThread 49  |  HWThread 50  |  HWThread 51  |  HWThread 52  |  HWThread 53  |  HWThread 54  |  HWThread 55  |  HWThread 56  |  HWThread 57  |  HWThread 58  |  HWThread 59  |  HWThread 60  |  HWThread 61  |  HWThread 62  |  HWThread 63  |  HWThread 64  |  HWThread 65  |  HWThread 66  |  HWThread 67  |  HWThread 68  |  HWThread 69  |  HWThread 70  |  HWThread 71  |  HWThread 72  |  HWThread 73  |  HWThread 74  |  HWThread 75  |  HWThread 76  |  HWThread 77  |  HWThread 78  |  HWThread 79  |  HWThread 80  |  HWThread 81  |  HWThread 82  |  HWThread 83  |  HWThread 84  |  HWThread 85  |  HWThread 86  |  HWThread 87  |  HWThread 88  |  HWThread 89  |  HWThread 90  |  HWThread 91  |  HWThread 92  |  HWThread 93  |  HWThread 94  |  HWThread 95  |  HWThread 96  |  HWThread 97  |  HWThread 98  |  HWThread 99  |  HWThread 100 |  HWThread 101 |  HWThread 102 |  HWThread 103 |  HWThread 104 |  HWThread 105 |  HWThread 106 |  HWThread 107 |  HWThread 108 |  HWThread 109 |  HWThread 110 |  HWThread 111 |  HWThread 112 |  HWThread 113 |  HWThread 114 |  HWThread 115 |  HWThread 116 |  HWThread 117 |  HWThread 118 |  HWThread 119 |  HWThread 120 |  HWThread 121 |  HWThread 122 |  HWThread 123 |  HWThread 124 |  HWThread 125 |  HWThread 126 |  HWThread 127 |  HWThread 128 |  HWThread 129 |  HWThread 130 |  HWThread 131 |  HWThread 132 |  HWThread 133 |  HWThread 134 |  HWThread 135 |  HWThread 136 |  HWThread 137 |  HWThread 138 |  HWThread 139 |  HWThread 140 |  HWThread 141 |  HWThread 142 |  HWThread 143 |
+-----------------------------+---------+---------------+---------------+---------------+---------------+---------------+---------------+---------------+---------------+---------------+---------------+---------------+---------------+---------------+---------------+---------------+---------------+---------------+---------------+---------------+---------------+---------------+---------------+---------------+---------------+---------------+---------------+---------------+---------------+---------------+---------------+---------------+---------------+---------------+---------------+---------------+---------------+---------------+---------------+---------------+---------------+---------------+---------------+---------------+---------------+---------------+---------------+---------------+---------------+---------------+---------------+---------------+---------------+---------------+---------------+---------------+---------------+---------------+---------------+---------------+---------------+---------------+---------------+---------------+---------------+---------------+---------------+---------------+---------------+---------------+---------------+---------------+---------------+---------------+---------------+---------------+---------------+---------------+---------------+---------------+---------------+---------------+---------------+---------------+---------------+---------------+---------------+---------------+---------------+---------------+---------------+---------------+---------------+---------------+---------------+---------------+---------------+---------------+---------------+---------------+---------------+---------------+---------------+---------------+---------------+---------------+---------------+---------------+---------------+---------------+---------------+---------------+---------------+---------------+---------------+---------------+---------------+---------------+---------------+---------------+---------------+---------------+---------------+---------------+---------------+---------------+---------------+---------------+---------------+---------------+---------------+---------------+---------------+---------------+---------------+---------------+---------------+---------------+---------------+---------------+---------------+---------------+---------------+---------------+---------------+
|       ACTUAL_CPU_CLOCK      |  FIXC1  | 2614683000000 | 2611042000000 | 2611113000000 | 2610657000000 | 2610950000000 | 2611325000000 | 2610378000000 | 2610984000000 | 2610618000000 | 2610941000000 | 2610953000000 | 2611080000000 | 2610584000000 | 2610944000000 | 2611323000000 | 2610986000000 | 2611573000000 | 2611326000000 | 2611043000000 | 2610645000000 | 2611773000000 | 2611821000000 | 2610272000000 | 2611607000000 | 2610804000000 | 2609890000000 | 2610802000000 | 2610905000000 | 2610531000000 | 2611202000000 | 2610905000000 | 2611187000000 | 2610741000000 | 2611269000000 | 2611055000000 | 2611215000000 | 2610417000000 | 2610589000000 | 2611390000000 | 2610895000000 | 2610806000000 | 2610817000000 | 2610560000000 | 2610651000000 | 2611018000000 | 2611177000000 | 2611262000000 | 2610942000000 | 2610932000000 | 2610968000000 | 2611177000000 | 2610900000000 | 2610700000000 | 2611107000000 | 2611333000000 | 2611272000000 | 2610688000000 | 2611068000000 | 2610793000000 | 2610853000000 | 2610589000000 | 2610841000000 | 2610488000000 | 2611282000000 | 2611034000000 | 2610995000000 | 2611486000000 | 2611720000000 | 2611554000000 | 2611171000000 | 2611000000000 | 2610930000000 | 2610961000000 | 2610531000000 | 2611137000000 | 2610234000000 | 2611443000000 | 2610855000000 | 2610579000000 | 2611020000000 | 2611388000000 | 2611050000000 | 2610423000000 | 2610630000000 | 2611433000000 | 2610934000000 | 2611318000000 | 2610789000000 | 2611191000000 | 2610865000000 | 2610861000000 | 2610163000000 | 2611031000000 | 2610727000000 | 2610175000000 | 2611450000000 | 2622752000000 | 2622624000000 | 2622986000000 | 2622156000000 | 2622702000000 | 2622666000000 | 2621630000000 | 2622295000000 | 2621241000000 | 2621323000000 | 2620725000000 | 2621687000000 | 2621375000000 | 2622588000000 | 2621371000000 | 2622026000000 | 2623122000000 | 2622929000000 | 2622050000000 | 2622416000000 | 2622970000000 | 2622321000000 | 2623388000000 | 2622829000000 | 2623044000000 | 2622532000000 | 2622643000000 | 2623189000000 | 2622521000000 | 2622927000000 | 2622932000000 | 2622546000000 | 2621925000000 | 2622259000000 | 2621916000000 | 2622628000000 | 2621639000000 | 2621853000000 | 2622767000000 | 2621772000000 | 2623229000000 | 2622751000000 | 2622885000000 | 2622554000000 | 2622619000000 | 2622572000000 | 2622079000000 | 2622342000000 |
|        MAX_CPU_CLOCK        |  FIXC2  | 1846860000000 | 1844404000000 | 1843995000000 | 1843566000000 | 1843741000000 | 1844047000000 | 1843448000000 | 1843851000000 | 1843675000000 | 1843911000000 | 1843855000000 | 1843824000000 | 1843619000000 | 1843853000000 | 1844182000000 | 1843919000000 | 1844859000000 | 1844255000000 | 1844289000000 | 1843680000000 | 1845230000000 | 1845295000000 | 1843485000000 | 1845000000000 | 1843748000000 | 1843160000000 | 1843795000000 | 1843709000000 | 1843603000000 | 1844053000000 | 1843731000000 | 1843793000000 | 1843650000000 | 1843964000000 | 1843950000000 | 1843965000000 | 1843527000000 | 1843657000000 | 1844212000000 | 1843826000000 | 1843783000000 | 1843796000000 | 1843656000000 | 1843586000000 | 1843779000000 | 1843957000000 | 1843975000000 | 1843862000000 | 1843846000000 | 1843691000000 | 1844050000000 | 1843850000000 | 1843710000000 | 1844000000000 | 1844018000000 | 1844036000000 | 1843719000000 | 1843742000000 | 1843758000000 | 1843796000000 | 1843495000000 | 1843794000000 | 1843567000000 | 1843966000000 | 1843856000000 | 1843887000000 | 1844276000000 | 1844412000000 | 1844171000000 | 1844000000000 | 1843840000000 | 1843865000000 | 1843859000000 | 1843568000000 | 1843911000000 | 1843361000000 | 1844105000000 | 1843676000000 | 1843611000000 | 1843933000000 | 1844201000000 | 1843894000000 | 1843506000000 | 1843636000000 | 1844161000000 | 1843862000000 | 1844054000000 | 1843776000000 | 1843970000000 | 1843795000000 | 1843546000000 | 1843344000000 | 1843817000000 | 1843620000000 | 1843205000000 | 1844111000000 | 1844541000000 | 1844442000000 | 1844672000000 | 1844177000000 | 1844579000000 | 1844514000000 | 1843806000000 | 1844290000000 | 1843531000000 | 1843562000000 | 1843153000000 | 1843818000000 | 1843659000000 | 1844472000000 | 1843649000000 | 1844093000000 | 1844872000000 | 1844601000000 | 1844122000000 | 1844372000000 | 1844617000000 | 1844329000000 | 1845010000000 | 1844510000000 | 1844748000000 | 1844450000000 | 1844388000000 | 1844749000000 | 1844429000000 | 1844640000000 | 1844547000000 | 1844456000000 | 1843941000000 | 1844018000000 | 1843988000000 | 1844366000000 | 1843743000000 | 1843871000000 | 1844605000000 | 1843915000000 | 1844999000000 | 1844397000000 | 1844596000000 | 1844493000000 | 1844579000000 | 1844444000000 | 1844153000000 | 1844318000000 |
|     RETIRED_INSTRUCTIONS    |   PMC0  | 1923289000000 | 1905341000000 | 1910852000000 | 1921192000000 | 1914849000000 | 1915793000000 | 1909717000000 | 1912659000000 | 2056091000000 | 2061594000000 | 2064741000000 | 2056203000000 | 2072723000000 | 2053571000000 | 2058663000000 | 2062438000000 | 1950278000000 | 1939138000000 | 1944300000000 | 1948081000000 | 1938333000000 | 1939950000000 | 1937704000000 | 1936487000000 | 1928790000000 | 1925350000000 | 1943873000000 | 1932702000000 | 1932833000000 | 1921045000000 | 1920972000000 | 1921880000000 | 2046340000000 | 2056409000000 | 2048581000000 | 2045523000000 | 2043126000000 | 2034377000000 | 2048209000000 | 2042182000000 | 1932148000000 | 1955959000000 | 1949036000000 | 1949385000000 | 1943345000000 | 1952640000000 | 1940234000000 | 1939639000000 | 1916869000000 | 1919595000000 | 1916344000000 | 1921601000000 | 1930812000000 | 1915185000000 | 1906862000000 | 1909990000000 | 2056707000000 | 2059717000000 | 2065567000000 | 2064282000000 | 2056991000000 | 2058419000000 | 2056236000000 | 2058299000000 | 1951079000000 | 1949137000000 | 1949131000000 | 1944788000000 | 1951185000000 | 1941850000000 | 1937823000000 | 1936453000000 | 1928158000000 | 1924150000000 | 1930193000000 | 1910027000000 | 1924482000000 | 1921090000000 | 1914583000000 | 1913483000000 | 2060412000000 | 2064412000000 | 2060221000000 | 2057376000000 | 2063648000000 | 2062208000000 | 2069379000000 | 2054170000000 | 1945833000000 | 1950445000000 | 1947252000000 | 1937361000000 | 1943376000000 | 1936623000000 | 1940765000000 | 1945292000000 | 1598483000000 | 1601251000000 | 1595151000000 | 1593639000000 | 1592872000000 | 1590367000000 | 1592034000000 | 1585246000000 | 1959748000000 | 1955092000000 | 1952893000000 | 1950540000000 | 1957127000000 | 1952944000000 | 1948739000000 | 1941695000000 | 1623749000000 | 1616796000000 | 1617853000000 | 1611154000000 | 1619107000000 | 1608159000000 | 1608211000000 | 1605850000000 | 1602103000000 | 1588488000000 | 1584261000000 | 1597406000000 | 1592288000000 | 1591436000000 | 1588352000000 | 1581670000000 | 1937522000000 | 1937733000000 | 1933753000000 | 1936100000000 | 1933228000000 | 1928793000000 | 1930044000000 | 1921930000000 | 1593614000000 | 1597538000000 | 1603737000000 | 1603082000000 | 1597777000000 | 1592690000000 | 1596308000000 | 1593032000000 |
|     CPU_CLOCKS_UNHALTED     |   PMC1  | 2576221000000 | 2575300000000 | 2575477000000 | 2575005000000 | 2574698000000 | 2575497000000 | 2575934000000 | 2575815000000 | 2571164000000 | 2571633000000 | 2571068000000 | 2571621000000 | 2571639000000 | 2571605000000 | 2571967000000 | 2572546000000 | 2573164000000 | 2572876000000 | 2573330000000 | 2571637000000 | 2572979000000 | 2573977000000 | 2571671000000 | 2572678000000 | 2573461000000 | 2572143000000 | 2574075000000 | 2574906000000 | 2572999000000 | 2574490000000 | 2573850000000 | 2572764000000 | 2569932000000 | 2573916000000 | 2571228000000 | 2572436000000 | 2571647000000 | 2571317000000 | 2573231000000 | 2571012000000 | 2574738000000 | 2574582000000 | 2574880000000 | 2573721000000 | 2574262000000 | 2575153000000 | 2573206000000 | 2574460000000 | 2571709000000 | 2573347000000 | 2574016000000 | 2572282000000 | 2574316000000 | 2572982000000 | 2573902000000 | 2574143000000 | 2570358000000 | 2572617000000 | 2572482000000 | 2571504000000 | 2571565000000 | 2571901000000 | 2571255000000 | 2572269000000 | 2572741000000 | 2573732000000 | 2575165000000 | 2574802000000 | 2574135000000 | 2574417000000 | 2573836000000 | 2574168000000 | 2572966000000 | 2574178000000 | 2574844000000 | 2573405000000 | 2575953000000 | 2574614000000 | 2574465000000 | 2574774000000 | 2572181000000 | 2571584000000 | 2571297000000 | 2572540000000 | 2573299000000 | 2573642000000 | 2572790000000 | 2571410000000 | 2575395000000 | 2575475000000 | 2574209000000 | 2573500000000 | 2573944000000 | 2574739000000 | 2574946000000 | 2574519000000 | 2596252000000 | 2595998000000 | 2597169000000 | 2597291000000 | 2596656000000 | 2597202000000 | 2595261000000 | 2596735000000 | 2586675000000 | 2587345000000 | 2586001000000 | 2588228000000 | 2586685000000 | 2587617000000 | 2586629000000 | 2587387000000 | 2597737000000 | 2595697000000 | 2596656000000 | 2597178000000 | 2595964000000 | 2597633000000 | 2597408000000 | 2597262000000 | 2598628000000 | 2595294000000 | 2595388000000 | 2598100000000 | 2595360000000 | 2597739000000 | 2597339000000 | 2597304000000 | 2587045000000 | 2588573000000 | 2586129000000 | 2589964000000 | 2587702000000 | 2588395000000 | 2587786000000 | 2585918000000 | 2597188000000 | 2596337000000 | 2595085000000 | 2595951000000 | 2597310000000 | 2595971000000 | 2596237000000 | 2596593000000 |
|       L2_PF_HIT_IN_L3       |   PMC2  |   12566830000 |   11957350000 |   12495750000 |   13101520000 |   13007720000 |   12906910000 |   12775770000 |   13015900000 |   14495710000 |   14849750000 |   15368730000 |   14771710000 |   16133750000 |   14911710000 |   15441130000 |   15642320000 |   13353110000 |   12731280000 |   13246260000 |   13547590000 |   13138120000 |   13094610000 |   13398200000 |   13166970000 |   12920520000 |   12759200000 |   14102110000 |   13335700000 |   13677520000 |   12949670000 |   13149870000 |   13156870000 |   14461550000 |   14835730000 |   14880090000 |   14588040000 |   14762540000 |   14341660000 |   15226770000 |   14882000000 |   12542930000 |   13716050000 |   13578070000 |   13585320000 |   13415120000 |   13913320000 |   13491820000 |   13449650000 |   12378570000 |   12595100000 |   12495400000 |   12787130000 |   13544330000 |   12711640000 |   12357650000 |   12554870000 |   14582750000 |   14683160000 |   15335000000 |   15377560000 |   15192140000 |   15202140000 |   15441310000 |   15491440000 |   13346350000 |   13144700000 |   13371070000 |   13064200000 |   13762880000 |   13212580000 |   13194910000 |   13181850000 |   13260090000 |   12987100000 |   13519710000 |   12358230000 |   13364590000 |   13192960000 |   13050400000 |   12892620000 |   14581940000 |   14909590000 |   15137210000 |   14744490000 |   15514760000 |   15459960000 |   16132550000 |   15080950000 |   13020470000 |   13290200000 |   13427680000 |   12912360000 |   13403970000 |   13085260000 |   13372630000 |   13644660000 |    9376984000 |    9534928000 |    9206128000 |    9095950000 |    9192499000 |    9016042000 |    9195316000 |    8857948000 |   15535390000 |   15109920000 |   15200640000 |   14780730000 |   15579550000 |   15091670000 |   15119770000 |   14460060000 |   10012420000 |    9667113000 |    9869947000 |    9482156000 |   10040930000 |    9272576000 |    9365142000 |    9160018000 |    9637379000 |    8990482000 |    8907614000 |    9591774000 |    9415291000 |    9292012000 |    9234099000 |    8825054000 |   15070990000 |   14772650000 |   14786820000 |   14830450000 |   14792670000 |   14391580000 |   14697970000 |   13930930000 |    9116031000 |    9180631000 |    9755254000 |    9785610000 |    9419934000 |    9105693000 |    9556398000 |    9180481000 |
|       L2_PF_MISS_IN_L3      |   PMC3  |   22943810000 |   23219760000 |   22825680000 |   22516200000 |   22436870000 |   22527780000 |   22513440000 |   22331810000 |   25559230000 |   25368640000 |   24956710000 |   25261170000 |   24447520000 |   25062100000 |   24728630000 |   24605800000 |   23197320000 |   23475080000 |   23130300000 |   22930810000 |   23072380000 |   23085900000 |   22810680000 |   22950470000 |   22953750000 |   22992430000 |   22248680000 |   22639510000 |   22351830000 |   22687110000 |   22569700000 |   22490180000 |   25233880000 |   25152910000 |   24938000000 |   25078050000 |   24894660000 |   25066050000 |   24572770000 |   24702240000 |   23598350000 |   23025040000 |   22986860000 |   22950900000 |   22965490000 |   22709510000 |   22796070000 |   22805170000 |   23094000000 |   22962010000 |   22979860000 |   22806350000 |   22350060000 |   22705810000 |   22807350000 |   22693180000 |   25483140000 |   25416770000 |   24993470000 |   24893860000 |   24889700000 |   24901120000 |   24616030000 |   24604380000 |   23223730000 |   23359180000 |   23166670000 |   23311160000 |   22830000000 |   23063700000 |   22982440000 |   22933660000 |   22547220000 |   22696390000 |   22343230000 |   22883960000 |   22344540000 |   22386490000 |   22374400000 |   22471850000 |   25609050000 |   25373250000 |   25078690000 |   25347820000 |   24783170000 |   24855180000 |   24356440000 |   24924680000 |   23390370000 |   23254400000 |   23019130000 |   23260820000 |   22944200000 |   23108200000 |   22892630000 |   22721980000 |   16471640000 |   16410830000 |   16558470000 |   16613010000 |   16529140000 |   16601040000 |   16478980000 |   16625640000 |   23402560000 |   23701500000 |   23540540000 |   23856530000 |   23283700000 |   23623950000 |   23456300000 |   23916380000 |   16706210000 |   16830670000 |   16695250000 |   16864700000 |   16547100000 |   16967400000 |   16886810000 |   16975140000 |   16317170000 |   16581600000 |   16524820000 |   16251240000 |   16284960000 |   16366480000 |   16331680000 |   16546710000 |   23159660000 |   23412990000 |   23263610000 |   23289360000 |   23276860000 |   23490260000 |   23227840000 |   23739510000 |   16735700000 |   16657270000 |   16309460000 |   16284680000 |   16506010000 |   16613940000 |   16317360000 |   16541940000 |
| L2_CACHE_MISS_AFTER_L1_MISS |   PMC4  |    8449835000 |    8353358000 |    8404519000 |    8460317000 |    8432077000 |    8423222000 |    8391727000 |    8402297000 |    8858673000 |    8884056000 |    8927781000 |    8835967000 |    8983334000 |    8826704000 |    8864084000 |    8879651000 |    8574016000 |    8478703000 |    8535636000 |    8543384000 |    8489316000 |    8476366000 |    8496016000 |    8459039000 |    8487656000 |    8456496000 |    8602404000 |    8499805000 |    8515510000 |    8412914000 |    8437306000 |    8417965000 |    8827540000 |    8874643000 |    8850713000 |    8806348000 |    8808033000 |    8743104000 |    8848422000 |    8796000000 |    8406706000 |    8593047000 |    8548726000 |    8540881000 |    8503802000 |    8560272000 |    8481474000 |    8467069000 |    8432269000 |    8443683000 |    8425076000 |    8448237000 |    8536274000 |    8409931000 |    8347782000 |    8369743000 |    8884521000 |    8871122000 |    8941944000 |    8925429000 |    8879583000 |    8881478000 |    8884683000 |    8880007000 |    8585026000 |    8556469000 |    8557487000 |    8520586000 |    8571896000 |    8495705000 |    8476412000 |    8462136000 |    8521130000 |    8493005000 |    8526907000 |    8376321000 |    8482150000 |    8452838000 |    8420979000 |    8393333000 |    8861000000 |    8880583000 |    8866848000 |    8822795000 |    8885260000 |    8871331000 |    8932400000 |    8798670000 |    8516576000 |    8548819000 |    8527897000 |    8455317000 |    8506416000 |    8458299000 |    8484633000 |    8514051000 |    5465168000 |    5489781000 |    5445899000 |    5422214000 |    5435115000 |    5402750000 |    5419632000 |    5375306000 |    5302271000 |    5278744000 |    5267103000 |    5237792000 |    5297989000 |    5261069000 |    5241032000 |    5163798000 |    5523252000 |    5476945000 |    5488506000 |    5439522000 |    5503337000 |    5412243000 |    5417500000 |    5381673000 |    5484593000 |    5392547000 |    5359981000 |    5453353000 |    5423514000 |    5408432000 |    5389675000 |    5339508000 |    5260484000 |    5238387000 |    5232057000 |    5228487000 |    5226649000 |    5179471000 |    5208367000 |    5142058000 |    5387657000 |    5397548000 |    5460989000 |    5457632000 |    5413634000 |    5370636000 |    5401087000 |    5367736000 |
+-----------------------------+---------+---------------+---------------+---------------+---------------+---------------+---------------+---------------+---------------+---------------+---------------+---------------+---------------+---------------+---------------+---------------+---------------+---------------+---------------+---------------+---------------+---------------+---------------+---------------+---------------+---------------+---------------+---------------+---------------+---------------+---------------+---------------+---------------+---------------+---------------+---------------+---------------+---------------+---------------+---------------+---------------+---------------+---------------+---------------+---------------+---------------+---------------+---------------+---------------+---------------+---------------+---------------+---------------+---------------+---------------+---------------+---------------+---------------+---------------+---------------+---------------+---------------+---------------+---------------+---------------+---------------+---------------+---------------+---------------+---------------+---------------+---------------+---------------+---------------+---------------+---------------+---------------+---------------+---------------+---------------+---------------+---------------+---------------+---------------+---------------+---------------+---------------+---------------+---------------+---------------+---------------+---------------+---------------+---------------+---------------+---------------+---------------+---------------+---------------+---------------+---------------+---------------+---------------+---------------+---------------+---------------+---------------+---------------+---------------+---------------+---------------+---------------+---------------+---------------+---------------+---------------+---------------+---------------+---------------+---------------+---------------+---------------+---------------+---------------+---------------+---------------+---------------+---------------+---------------+---------------+---------------+---------------+---------------+---------------+---------------+---------------+---------------+---------------+---------------+---------------+---------------+---------------+---------------+---------------+---------------+

+----------------------------------+---------+-----------------+---------------+---------------+--------------+
|               Event              | Counter |       Sum       |      Min      |      Max      |      Avg     |
+----------------------------------+---------+-----------------+---------------+---------------+--------------+
|       ACTUAL_CPU_CLOCK STAT      |  FIXC1  | 376530016000000 | 2609890000000 | 2623388000000 | 2.614792e+12 |
|        MAX_CPU_CLOCK STAT        |  FIXC2  | 265541671000000 | 1843153000000 | 1846860000000 | 1.844039e+12 |
|     RETIRED_INSTRUCTIONS STAT    |   PMC0  | 271710011000000 | 1581670000000 | 2072723000000 | 1.886875e+12 |
|     CPU_CLOCKS_UNHALTED STAT     |   PMC1  | 371534226000000 | 2569932000000 | 2598628000000 | 2.580099e+12 |
|       L2_PF_HIT_IN_L3 STAT       |   PMC2  |   1859685554000 |    8825054000 |   16133750000 | 1.291448e+10 |
|       L2_PF_MISS_IN_L3 STAT      |   PMC3  |   3167977550000 |   16251240000 |   25609050000 | 2.199984e+10 |
| L2_CACHE_MISS_AFTER_L1_MISS STAT |   PMC4  |   1083675074000 |    5142058000 |    8983334000 | 7.525521e+09 |
+----------------------------------+---------+-----------------+---------------+---------------+--------------+

+-------------------------+------------+------------+------------+------------+------------+------------+------------+------------+------------+------------+-------------+-------------+-------------+-------------+-------------+-------------+-------------+-------------+-------------+-------------+-------------+-------------+-------------+-------------+-------------+-------------+-------------+-------------+-------------+-------------+-------------+-------------+-------------+-------------+-------------+-------------+-------------+-------------+-------------+-------------+-------------+-------------+-------------+-------------+-------------+-------------+-------------+-------------+-------------+-------------+-------------+-------------+-------------+-------------+-------------+-------------+-------------+-------------+-------------+-------------+-------------+-------------+-------------+-------------+-------------+-------------+-------------+-------------+-------------+-------------+-------------+-------------+-------------+-------------+-------------+-------------+-------------+-------------+-------------+-------------+-------------+-------------+-------------+-------------+-------------+-------------+-------------+-------------+-------------+-------------+-------------+-------------+-------------+-------------+-------------+-------------+-------------+-------------+-------------+-------------+--------------+--------------+--------------+--------------+--------------+--------------+--------------+--------------+--------------+--------------+--------------+--------------+--------------+--------------+--------------+--------------+--------------+--------------+--------------+--------------+--------------+--------------+--------------+--------------+--------------+--------------+--------------+--------------+--------------+--------------+--------------+--------------+--------------+--------------+--------------+--------------+--------------+--------------+--------------+--------------+--------------+--------------+--------------+--------------+
|          Metric         | HWThread 0 | HWThread 1 | HWThread 2 | HWThread 3 | HWThread 4 | HWThread 5 | HWThread 6 | HWThread 7 | HWThread 8 | HWThread 9 | HWThread 10 | HWThread 11 | HWThread 12 | HWThread 13 | HWThread 14 | HWThread 15 | HWThread 16 | HWThread 17 | HWThread 18 | HWThread 19 | HWThread 20 | HWThread 21 | HWThread 22 | HWThread 23 | HWThread 24 | HWThread 25 | HWThread 26 | HWThread 27 | HWThread 28 | HWThread 29 | HWThread 30 | HWThread 31 | HWThread 32 | HWThread 33 | HWThread 34 | HWThread 35 | HWThread 36 | HWThread 37 | HWThread 38 | HWThread 39 | HWThread 40 | HWThread 41 | HWThread 42 | HWThread 43 | HWThread 44 | HWThread 45 | HWThread 46 | HWThread 47 | HWThread 48 | HWThread 49 | HWThread 50 | HWThread 51 | HWThread 52 | HWThread 53 | HWThread 54 | HWThread 55 | HWThread 56 | HWThread 57 | HWThread 58 | HWThread 59 | HWThread 60 | HWThread 61 | HWThread 62 | HWThread 63 | HWThread 64 | HWThread 65 | HWThread 66 | HWThread 67 | HWThread 68 | HWThread 69 | HWThread 70 | HWThread 71 | HWThread 72 | HWThread 73 | HWThread 74 | HWThread 75 | HWThread 76 | HWThread 77 | HWThread 78 | HWThread 79 | HWThread 80 | HWThread 81 | HWThread 82 | HWThread 83 | HWThread 84 | HWThread 85 | HWThread 86 | HWThread 87 | HWThread 88 | HWThread 89 | HWThread 90 | HWThread 91 | HWThread 92 | HWThread 93 | HWThread 94 | HWThread 95 | HWThread 96 | HWThread 97 | HWThread 98 | HWThread 99 | HWThread 100 | HWThread 101 | HWThread 102 | HWThread 103 | HWThread 104 | HWThread 105 | HWThread 106 | HWThread 107 | HWThread 108 | HWThread 109 | HWThread 110 | HWThread 111 | HWThread 112 | HWThread 113 | HWThread 114 | HWThread 115 | HWThread 116 | HWThread 117 | HWThread 118 | HWThread 119 | HWThread 120 | HWThread 121 | HWThread 122 | HWThread 123 | HWThread 124 | HWThread 125 | HWThread 126 | HWThread 127 | HWThread 128 | HWThread 129 | HWThread 130 | HWThread 131 | HWThread 132 | HWThread 133 | HWThread 134 | HWThread 135 | HWThread 136 | HWThread 137 | HWThread 138 | HWThread 139 | HWThread 140 | HWThread 141 | HWThread 142 | HWThread 143 |
+-------------------------+------------+------------+------------+------------+------------+------------+------------+------------+------------+------------+-------------+-------------+-------------+-------------+-------------+-------------+-------------+-------------+-------------+-------------+-------------+-------------+-------------+-------------+-------------+-------------+-------------+-------------+-------------+-------------+-------------+-------------+-------------+-------------+-------------+-------------+-------------+-------------+-------------+-------------+-------------+-------------+-------------+-------------+-------------+-------------+-------------+-------------+-------------+-------------+-------------+-------------+-------------+-------------+-------------+-------------+-------------+-------------+-------------+-------------+-------------+-------------+-------------+-------------+-------------+-------------+-------------+-------------+-------------+-------------+-------------+-------------+-------------+-------------+-------------+-------------+-------------+-------------+-------------+-------------+-------------+-------------+-------------+-------------+-------------+-------------+-------------+-------------+-------------+-------------+-------------+-------------+-------------+-------------+-------------+-------------+-------------+-------------+-------------+-------------+--------------+--------------+--------------+--------------+--------------+--------------+--------------+--------------+--------------+--------------+--------------+--------------+--------------+--------------+--------------+--------------+--------------+--------------+--------------+--------------+--------------+--------------+--------------+--------------+--------------+--------------+--------------+--------------+--------------+--------------+--------------+--------------+--------------+--------------+--------------+--------------+--------------+--------------+--------------+--------------+--------------+--------------+--------------+--------------+
|   Runtime (RDTSC) [s]   |   754.0417 |   742.5946 |   747.8499 |   711.6421 |   742.5962 |   745.6347 |   718.8989 |   754.4274 |   712.7513 |   740.1980 |    753.0729 |    710.1341 |    711.2787 |    741.4081 |    741.1830 |    744.9511 |    734.3824 |    728.5859 |    746.8836 |    717.6331 |    734.3817 |    728.5858 |    731.0532 |    728.5863 |    724.1026 |    721.1264 |    751.1721 |    710.3684 |    724.7625 |    751.1720 |    716.6563 |    714.5622 |    750.5725 |    724.4661 |    748.5159 |    745.9951 |    722.1562 |    740.8633 |    745.9952 |    731.7235 |    713.9551 |    732.0299 |    722.4556 |    733.3613 |    738.8708 |    727.2749 |    750.2114 |    721.7903 |    711.9436 |    753.7408 |    719.7979 |    740.5575 |    713.3585 |    719.7977 |    711.9431 |    710.6716 |    740.8620 |    747.5466 |    736.8897 |    719.5035 |    753.4372 |    748.8779 |    748.8782 |    748.8772 |    725.4345 |    716.3581 |    720.3016 |    713.0539 |    712.4584 |    720.3008 |    719.2015 |    718.5949 |    715.7847 |    718.2973 |    735.2079 |    715.7845 |    731.4143 |    714.8686 |    714.2584 |    729.7231 |    744.5886 |    716.9564 |    736.5270 |    734.0172 |    726.5403 |    717.9931 |    726.2431 |    726.2430 |    749.5986 |    743.4880 |    725.7348 |    747.2423 |    725.7346 |    723.1337 |    715.1769 |    713.6536 |    727.9417 |    729.7243 |    752.0542 |    737.1932 |     734.3846 |     732.3305 |     738.8710 |     720.3027 |     737.8649 |     752.4148 |     735.5758 |     748.1526 |     750.5732 |     743.8505 |     739.5467 |     722.4558 |     737.1916 |     724.7638 |     717.2611 |     729.3517 |     715.1769 |     723.4382 |     727.9414 |     727.2759 |     749.5997 |     730.3861 |     744.2260 |     721.1270 |     710.3685 |     738.5127 |     754.0424 |     742.2368 |     746.5120 |     730.3853 |     751.1719 |     752.4150 |     732.3309 |     745.2575 |     741.4084 |     726.5420 |     739.5453 |     735.9492 |     742.5955 |     735.9489 |     737.8642 |     733.3615 |     723.4379 |     733.0020 |
|   Runtime unhalted [s]  |  1005.6819 |  1004.2814 |  1004.3088 |  1004.1334 |  1004.2461 |  1004.3903 |  1004.0261 |  1004.2591 |  1004.1184 |  1004.2426 |   1004.2472 |   1004.2961 |   1004.1053 |   1004.2438 |   1004.3895 |   1004.2599 |   1004.4857 |   1004.3907 |   1004.2818 |   1004.1287 |   1004.5626 |   1004.5811 |   1003.9853 |   1004.4988 |   1004.1899 |   1003.8384 |   1004.1891 |   1004.2287 |   1004.0849 |   1004.3430 |   1004.2287 |   1004.3372 |   1004.1657 |   1004.3688 |   1004.2864 |   1004.3480 |   1004.0411 |   1004.1072 |   1004.4153 |   1004.2249 |   1004.1907 |   1004.1949 |   1004.0961 |   1004.1311 |   1004.2722 |   1004.3334 |   1004.3661 |   1004.2430 |   1004.2391 |   1004.2530 |   1004.3334 |   1004.2268 |   1004.1499 |   1004.3064 |   1004.3934 |   1004.3699 |   1004.1453 |   1004.2914 |   1004.1857 |   1004.2087 |   1004.1072 |   1004.2041 |   1004.0684 |   1004.3738 |   1004.2784 |   1004.2634 |   1004.4522 |   1004.5422 |   1004.4784 |   1004.3311 |   1004.2653 |   1004.2384 |   1004.2503 |   1004.0849 |   1004.3180 |   1003.9707 |   1004.4357 |   1004.2095 |   1004.1034 |   1004.2730 |   1004.4145 |   1004.2845 |   1004.0434 |   1004.1230 |   1004.4318 |   1004.2399 |   1004.3876 |   1004.1841 |   1004.3388 |   1004.2134 |   1004.2118 |   1003.9434 |   1004.2772 |   1004.1603 |   1003.9480 |   1004.4384 |   1008.7854 |   1008.7362 |   1008.8754 |   1008.5562 |    1008.7662 |    1008.7524 |    1008.3539 |    1008.6097 |    1008.2043 |    1008.2358 |    1008.0058 |    1008.3758 |    1008.2558 |    1008.7224 |    1008.2543 |    1008.5062 |    1008.9278 |    1008.8535 |    1008.5154 |    1008.6562 |    1008.8693 |    1008.6197 |    1009.0301 |    1008.8151 |    1008.8978 |    1008.7008 |    1008.7435 |    1008.9535 |    1008.6966 |    1008.8528 |    1008.8547 |    1008.7062 |    1008.4674 |    1008.5958 |    1008.4639 |    1008.7378 |    1008.3574 |    1008.4397 |    1008.7912 |    1008.4085 |    1008.9689 |    1008.7851 |    1008.8366 |    1008.7093 |    1008.7343 |    1008.7162 |    1008.5266 |    1008.6277 |
|       Clock [MHz]       |  3680.8107 |  3680.5797 |  3681.4961 |  3681.7097 |  3681.7734 |  3681.6912 |  3681.5519 |  3681.6017 |  3681.4371 |  3681.4213 |   3681.5500 |   3681.7910 |   3681.5009 |   3681.5413 |   3681.4189 |   3681.4688 |   3680.4202 |   3681.2774 |   3680.8106 |   3681.4652 |   3679.9621 |   3679.9001 |   3681.3285 |   3680.1869 |   3681.5536 |   3681.4388 |   3681.4569 |   3681.7739 |   3681.4582 |   3681.5058 |   3681.7300 |   3682.0038 |   3681.6604 |   3681.7780 |   3681.5042 |   3681.6998 |   3681.4491 |   3681.4321 |   3681.4534 |   3681.5262 |   3681.4865 |   3681.4761 |   3681.3932 |   3681.6613 |   3681.7935 |   3681.6622 |   3681.7461 |   3681.5206 |   3681.5384 |   3681.8987 |   3681.4766 |   3681.4853 |   3681.4828 |   3681.4777 |   3681.7604 |   3681.6384 |   3681.4479 |   3681.9378 |   3681.5181 |   3681.5268 |   3681.7556 |   3681.5139 |   3681.4694 |   3681.7923 |   3681.6623 |   3681.5454 |   3681.4610 |   3681.5194 |   3681.7665 |   3681.5679 |   3681.6463 |   3681.4976 |   3681.5533 |   3681.5280 |   3681.6977 |   3681.5226 |   3681.7418 |   3681.7693 |   3681.5099 |   3681.4888 |   3681.4726 |   3681.6089 |   3681.4995 |   3681.5319 |   3681.6159 |   3681.5093 |   3681.6674 |   3681.4765 |   3681.6560 |   3681.5458 |   3682.0374 |   3681.4564 |   3681.7359 |   3681.7006 |   3681.7509 |   3681.7397 |   3696.8117 |   3696.8297 |   3696.8790 |   3696.7012 |    3696.6651 |    3696.7446 |    3696.7033 |    3696.6706 |    3696.7061 |    3696.7596 |    3696.7364 |    3696.7596 |    3696.6384 |    3696.7189 |    3696.6528 |    3696.6863 |    3696.6699 |    3696.9410 |    3696.6620 |    3696.6768 |    3696.9667 |    3696.6291 |    3696.7682 |    3696.9824 |    3696.8084 |    3696.6840 |    3696.9647 |    3697.0108 |    3696.7106 |    3696.8600 |    3697.0534 |    3696.6917 |    3696.8486 |    3697.1651 |    3696.7417 |    3696.9877 |    3696.8423 |    3696.8874 |    3696.7046 |    3696.6850 |    3696.5662 |    3697.0989 |    3696.8890 |    3696.6288 |    3696.5481 |    3696.7524 |    3696.6407 |    3696.6807 |
|           CPI           |     1.3395 |     1.3516 |     1.3478 |     1.3403 |     1.3446 |     1.3444 |     1.3489 |     1.3467 |     1.2505 |     1.2474 |      1.2452 |      1.2507 |      1.2407 |      1.2523 |      1.2493 |      1.2473 |      1.3194 |      1.3268 |      1.3235 |      1.3201 |      1.3274 |      1.3268 |      1.3272 |      1.3285 |      1.3342 |      1.3359 |      1.3242 |      1.3323 |      1.3312 |      1.3402 |      1.3399 |      1.3387 |      1.2559 |      1.2517 |      1.2551 |      1.2576 |      1.2587 |      1.2639 |      1.2563 |      1.2590 |      1.3326 |      1.3163 |      1.3211 |      1.3203 |      1.3247 |      1.3188 |      1.3262 |      1.3273 |      1.3416 |      1.3406 |      1.3432 |      1.3386 |      1.3333 |      1.3435 |      1.3498 |      1.3477 |      1.2497 |      1.2490 |      1.2454 |      1.2457 |      1.2502 |      1.2495 |      1.2505 |      1.2497 |      1.3186 |      1.3204 |      1.3212 |      1.3239 |      1.3193 |      1.3258 |      1.3282 |      1.3293 |      1.3344 |      1.3378 |      1.3340 |      1.3473 |      1.3385 |      1.3402 |      1.3447 |      1.3456 |      1.2484 |      1.2457 |      1.2481 |      1.2504 |      1.2470 |      1.2480 |      1.2433 |      1.2518 |      1.3235 |      1.3205 |      1.3220 |      1.3284 |      1.3245 |      1.3295 |      1.3268 |      1.3235 |      1.6242 |      1.6212 |      1.6282 |      1.6298 |       1.6302 |       1.6331 |       1.6302 |       1.6381 |       1.3199 |       1.3234 |       1.3242 |       1.3269 |       1.3217 |       1.3250 |       1.3273 |       1.3325 |       1.5998 |       1.6055 |       1.6050 |       1.6120 |       1.6033 |       1.6153 |       1.6151 |       1.6174 |       1.6220 |       1.6338 |       1.6382 |       1.6264 |       1.6300 |       1.6323 |       1.6352 |       1.6421 |       1.3352 |       1.3359 |       1.3374 |       1.3377 |       1.3385 |       1.3420 |       1.3408 |       1.3455 |       1.6297 |       1.6252 |       1.6181 |       1.6194 |       1.6256 |       1.6299 |       1.6264 |       1.6300 |
| L3 bandwidth [MBytes/s] |  3731.1868 |  3751.6432 |  3742.0086 |  3964.0634 |  3781.4719 |  3764.4524 |  3888.6970 |  3711.4246 |  4392.0947 |  4245.5621 |   4185.7915 |   4404.2473 |   4459.7633 |   4212.5692 |   4233.9962 |   4220.6493 |   3932.5078 |   3925.1982 |   3848.4987 |   4015.1356 |   3895.5059 |   3922.7227 |   3913.6869 |   3915.6578 |   3920.9406 |   3923.4731 |   3830.0203 |   4006.9363 |   3933.5245 |   3753.0425 |   3943.3688 |   3946.6977 |   4137.4685 |   4316.6273 |   4161.3056 |   4158.5207 |   4295.1579 |   4159.5421 |   4173.5786 |   4231.5647 |   3993.3479 |   3963.4785 |   3996.4726 |   3933.8515 |   3887.8277 |   3976.1011 |   3819.2425 |   3965.4189 |   3946.8150 |   3736.0997 |   3903.3477 |   3806.1459 |   3986.1619 |   3896.8621 |   3911.5739 |   3928.0291 |   4228.6233 |   4192.5779 |   4279.2110 |   4376.0709 |   4158.9811 |   4186.2942 |   4182.6421 |   4185.5366 |   3983.7184 |   4025.7273 |   4006.7862 |   4029.6260 |   4057.1431 |   3978.0701 |   3973.6302 |   3970.2054 |   3963.5105 |   3936.1079 |   3864.1454 |   3900.0351 |   3866.8124 |   3942.0761 |   3928.7320 |   3837.7563 |   4216.1905 |   4388.6338 |   4265.0112 |   4264.9773 |   4332.4839 |   4384.3515 |   4355.2482 |   4300.8679 |   3835.8591 |   3881.6750 |   3966.1613 |   3822.3529 |   3955.5693 |   3951.8454 |   4004.5940 |   4024.8718 |   2753.0813 |   2757.0337 |   2656.0211 |   2702.6770 |    2715.2425 |    2710.8925 |    2693.3137 |    2741.8601 |    3837.2528 |    3750.2857 |    3829.0141 |    3753.2494 |    3765.5478 |    3783.7013 |    3791.9100 |    3857.0875 |    2799.1101 |    2823.5166 |    2860.0979 |    2789.2280 |    2871.8034 |    2800.1590 |    2784.3518 |    2773.4690 |    2684.2395 |    2713.2721 |    2648.0055 |    2777.5516 |    2804.0671 |    2692.2802 |    2627.3709 |    2648.1056 |    3728.5838 |    3805.0297 |    3687.6768 |    3687.1820 |    3783.7478 |    3697.9486 |    3723.4368 |    3771.2890 |    2703.4461 |    2716.3135 |    2717.0175 |    2741.7488 |    2718.2956 |    2713.2284 |    2766.7753 |    2714.5493 |
| L3 data volume [GBytes] |  2813.4704 |  2785.9500 |  2798.4607 |  2820.9944 |  2808.1067 |  2806.9064 |  2795.5800 |  2800.0004 |  3130.4712 |  3142.5565 |   3152.2061 |   3127.6062 |   3172.1347 |   3123.2329 |   3138.1660 |   3144.1773 |   2887.9645 |   2859.8440 |   2874.3805 |   2881.3942 |   2860.7882 |   2858.0401 |   2861.1133 |   2852.8947 |   2839.1633 |   2829.3201 |   2877.0044 |   2846.4010 |   2850.8710 |   2819.1804 |   2826.0401 |   2820.1610 |   3105.4701 |   3127.2501 |   3114.8034 |   3102.2360 |   3101.7749 |   3081.6521 |   3113.4696 |   3096.3354 |   2851.0711 |   2901.3848 |   2887.2740 |   2884.9345 |   2872.6024 |   2891.7185 |   2865.2393 |   2862.2009 |   2809.9097 |   2816.0508 |   2809.6215 |   2818.6699 |   2843.5625 |   2804.9524 |   2784.8180 |   2791.5388 |   3132.8263 |   3134.1473 |   3153.3065 |   3148.5983 |   3133.5311 |   3135.0232 |   3132.2895 |   3134.4529 |   2889.9268 |   2883.8623 |   2886.0945 |   2873.3405 |   2890.5457 |   2865.4070 |   2857.8408 |   2852.9693 |   2837.0202 |   2827.2957 |   2840.9502 |   2791.5847 |   2828.2419 |   2818.0664 |   2806.1299 |   2800.4994 |   3139.3274 |   3146.4591 |   3141.2959 |   3130.5667 |   3147.7242 |   3147.9341 |   3162.9690 |   3123.4752 |   2875.3546 |   2885.9788 |   2878.3812 |   2856.2238 |   2870.6935 |   2857.7126 |   2863.9932 |   2872.3642 |   2004.0827 |   2011.8745 |   1997.4718 |   1992.3951 |    1994.0323 |    1985.2692 |    1990.0114 |    1974.9692 |    2831.3741 |    2821.7705 |    2816.5301 |    2808.0033 |    2826.3193 |    2814.5081 |    2804.2945 |    2786.5752 |    2063.4804 |    2046.3826 |    2051.4370 |    2034.3282 |    2053.8475 |    2025.7420 |    2026.8449 |    2017.0772 |    2012.1051 |    1981.7363 |    1970.7146 |    2002.9675 |    1991.9210 |    1988.2831 |    1981.1491 |    1965.5214 |    2783.4326 |    2779.1377 |    2770.0792 |    2774.2910 |    2770.9555 |    2755.9239 |    2760.5873 |    2739.9999 |    1999.3208 |    1999.0687 |    2017.6450 |    2017.7870 |    2005.7330 |    1989.7772 |    2001.5901 |    1989.7700 |
+-------------------------+------------+------------+------------+------------+------------+------------+------------+------------+------------+------------+-------------+-------------+-------------+-------------+-------------+-------------+-------------+-------------+-------------+-------------+-------------+-------------+-------------+-------------+-------------+-------------+-------------+-------------+-------------+-------------+-------------+-------------+-------------+-------------+-------------+-------------+-------------+-------------+-------------+-------------+-------------+-------------+-------------+-------------+-------------+-------------+-------------+-------------+-------------+-------------+-------------+-------------+-------------+-------------+-------------+-------------+-------------+-------------+-------------+-------------+-------------+-------------+-------------+-------------+-------------+-------------+-------------+-------------+-------------+-------------+-------------+-------------+-------------+-------------+-------------+-------------+-------------+-------------+-------------+-------------+-------------+-------------+-------------+-------------+-------------+-------------+-------------+-------------+-------------+-------------+-------------+-------------+-------------+-------------+-------------+-------------+-------------+-------------+-------------+-------------+--------------+--------------+--------------+--------------+--------------+--------------+--------------+--------------+--------------+--------------+--------------+--------------+--------------+--------------+--------------+--------------+--------------+--------------+--------------+--------------+--------------+--------------+--------------+--------------+--------------+--------------+--------------+--------------+--------------+--------------+--------------+--------------+--------------+--------------+--------------+--------------+--------------+--------------+--------------+--------------+--------------+--------------+--------------+--------------+

+------------------------------+-------------+-----------+-----------+-----------+
|            Metric            |     Sum     |    Min    |    Max    |    Avg    |
+------------------------------+-------------+-----------+-----------+-----------+
|   Runtime (RDTSC) [s] STAT   | 105411.3748 |  710.1341 |  754.4274 |  732.0234 |
|   Runtime unhalted [s] STAT  | 144824.2161 | 1003.8384 | 1009.0301 | 1005.7237 |
|       Clock [MHz] STAT       | 530869.4712 | 3679.9001 | 3697.1651 | 3686.5935 |
|           CPI STAT           |    198.5742 |    1.2407 |    1.6421 |    1.3790 |
| L3 bandwidth [MBytes/s] STAT | 534476.8607 | 2627.3709 | 4459.7633 | 3711.6449 |
| L3 data volume [GBytes] STAT | 391125.6434 | 1965.5214 | 3172.1347 | 2716.1503 |
+------------------------------+-------------+-----------+-----------+-----------+

