INFO: You are running LIKWID in a cpuset with 160 CPUs. Taking given IDs as logical ID in cpuset
--------------------------------------------------------------------------------
CPU name:	AMD EPYC 9A14 96-Core Processor                
CPU type:	AMD K19 (Zen4) architecture
CPU clock:	2.60 GHz
--------------------------------------------------------------------------------
Sys.CPU_THREADS       192
SLURM_CPUS_PER_TASK   160
OMP_NUM_THREADS       160
OMP_PROC_BIND         close
OMP_PLACES            cores
BLAS_NUM_THREADS      1
Threads.nthreads()    1

Successfully read data from: /public/home/halili/jld2file/cc-pvdz/h2o-1.0-cc-pvdz.jld2
  name: h2o
  ratio: 1.0
  basis: cc-pvdz
  nα: 5, nβ: 5, ne: 10, norb: 24, nq: 48

  ngs: 25495
  ncs: 128793

Warming up JIT and Hardware...
Warm-up completed.
  Step 001:  residual: 9.9885e-01,  e: -76.02676073376648
  Step 002:  residual: 3.3618e-01,  e: -76.22561643779915
  Step 003:  residual: 9.9286e-02,  e: -76.24222290584441
  Step 004:  residual: 3.2400e-02,  e: -76.24360734427425
  Step 005:  residual: 1.2871e-02,  e: -76.24376885653838
  Step 006:  residual: 4.3599e-03,  e: -76.24379383490481
  Step 007:  residual: 1.6905e-03,  e: -76.24379667642276
  Step 008:  residual: 7.0448e-04,  e: -76.24379712049142
  Step 009:  residual: 3.1828e-04,  e: -76.24379720589909
  Step 010:  residual: 1.2649e-04,  e: -76.24379722155615
  Step 011:  residual: 4.7677e-05,  e: -76.24379722386456
  Step 012:  residual: 1.7064e-05,  e: -76.24379722415715
  Step 013:  residual: 6.0873e-06,  e: -76.24379722419422

Convergence reached!
749.664521 seconds (7.21 M allocations: 91.224 GiB, 0.07% gc time, 0.27% compilation time)
--------------------------------------------------------------------------------
Region hvec_direct_agg, Group 1: L3
+-------------------+------------+------------+------------+------------+------------+------------+------------+------------+------------+------------+-------------+-------------+-------------+-------------+-------------+-------------+-------------+-------------+-------------+-------------+-------------+-------------+-------------+-------------+-------------+-------------+-------------+-------------+-------------+-------------+-------------+-------------+-------------+-------------+-------------+-------------+-------------+-------------+-------------+-------------+-------------+-------------+-------------+-------------+-------------+-------------+-------------+-------------+-------------+-------------+-------------+-------------+-------------+-------------+-------------+-------------+-------------+-------------+-------------+-------------+-------------+-------------+-------------+-------------+-------------+-------------+-------------+-------------+-------------+-------------+-------------+-------------+-------------+-------------+-------------+-------------+-------------+-------------+-------------+-------------+-------------+-------------+-------------+-------------+-------------+-------------+-------------+-------------+-------------+-------------+-------------+-------------+-------------+-------------+-------------+-------------+-------------+-------------+-------------+-------------+--------------+--------------+--------------+--------------+--------------+--------------+--------------+--------------+--------------+--------------+--------------+--------------+--------------+--------------+--------------+--------------+--------------+--------------+--------------+--------------+--------------+--------------+--------------+--------------+--------------+--------------+--------------+--------------+--------------+--------------+--------------+--------------+--------------+--------------+--------------+--------------+--------------+--------------+--------------+--------------+--------------+--------------+--------------+--------------+--------------+--------------+--------------+--------------+--------------+--------------+--------------+--------------+--------------+--------------+--------------+--------------+--------------+--------------+--------------+--------------+
|    Region Info    | HWThread 0 | HWThread 1 | HWThread 2 | HWThread 3 | HWThread 4 | HWThread 5 | HWThread 6 | HWThread 7 | HWThread 8 | HWThread 9 | HWThread 10 | HWThread 11 | HWThread 12 | HWThread 13 | HWThread 14 | HWThread 15 | HWThread 16 | HWThread 17 | HWThread 18 | HWThread 19 | HWThread 20 | HWThread 21 | HWThread 22 | HWThread 23 | HWThread 24 | HWThread 25 | HWThread 26 | HWThread 27 | HWThread 28 | HWThread 29 | HWThread 30 | HWThread 31 | HWThread 32 | HWThread 33 | HWThread 34 | HWThread 35 | HWThread 36 | HWThread 37 | HWThread 38 | HWThread 39 | HWThread 40 | HWThread 41 | HWThread 42 | HWThread 43 | HWThread 44 | HWThread 45 | HWThread 46 | HWThread 47 | HWThread 48 | HWThread 49 | HWThread 50 | HWThread 51 | HWThread 52 | HWThread 53 | HWThread 54 | HWThread 55 | HWThread 56 | HWThread 57 | HWThread 58 | HWThread 59 | HWThread 60 | HWThread 61 | HWThread 62 | HWThread 63 | HWThread 64 | HWThread 65 | HWThread 66 | HWThread 67 | HWThread 68 | HWThread 69 | HWThread 70 | HWThread 71 | HWThread 72 | HWThread 73 | HWThread 74 | HWThread 75 | HWThread 76 | HWThread 77 | HWThread 78 | HWThread 79 | HWThread 80 | HWThread 81 | HWThread 82 | HWThread 83 | HWThread 84 | HWThread 85 | HWThread 86 | HWThread 87 | HWThread 88 | HWThread 89 | HWThread 90 | HWThread 91 | HWThread 92 | HWThread 93 | HWThread 94 | HWThread 95 | HWThread 96 | HWThread 97 | HWThread 98 | HWThread 99 | HWThread 100 | HWThread 101 | HWThread 102 | HWThread 103 | HWThread 104 | HWThread 105 | HWThread 106 | HWThread 107 | HWThread 108 | HWThread 109 | HWThread 110 | HWThread 111 | HWThread 112 | HWThread 113 | HWThread 114 | HWThread 115 | HWThread 116 | HWThread 117 | HWThread 118 | HWThread 119 | HWThread 120 | HWThread 121 | HWThread 122 | HWThread 123 | HWThread 124 | HWThread 125 | HWThread 126 | HWThread 127 | HWThread 128 | HWThread 129 | HWThread 130 | HWThread 131 | HWThread 132 | HWThread 133 | HWThread 134 | HWThread 135 | HWThread 136 | HWThread 137 | HWThread 138 | HWThread 139 | HWThread 140 | HWThread 141 | HWThread 142 | HWThread 143 | HWThread 144 | HWThread 145 | HWThread 146 | HWThread 147 | HWThread 148 | HWThread 149 | HWThread 150 | HWThread 151 | HWThread 152 | HWThread 153 | HWThread 154 | HWThread 155 | HWThread 156 | HWThread 157 | HWThread 158 | HWThread 159 |
+-------------------+------------+------------+------------+------------+------------+------------+------------+------------+------------+------------+-------------+-------------+-------------+-------------+-------------+-------------+-------------+-------------+-------------+-------------+-------------+-------------+-------------+-------------+-------------+-------------+-------------+-------------+-------------+-------------+-------------+-------------+-------------+-------------+-------------+-------------+-------------+-------------+-------------+-------------+-------------+-------------+-------------+-------------+-------------+-------------+-------------+-------------+-------------+-------------+-------------+-------------+-------------+-------------+-------------+-------------+-------------+-------------+-------------+-------------+-------------+-------------+-------------+-------------+-------------+-------------+-------------+-------------+-------------+-------------+-------------+-------------+-------------+-------------+-------------+-------------+-------------+-------------+-------------+-------------+-------------+-------------+-------------+-------------+-------------+-------------+-------------+-------------+-------------+-------------+-------------+-------------+-------------+-------------+-------------+-------------+-------------+-------------+-------------+-------------+--------------+--------------+--------------+--------------+--------------+--------------+--------------+--------------+--------------+--------------+--------------+--------------+--------------+--------------+--------------+--------------+--------------+--------------+--------------+--------------+--------------+--------------+--------------+--------------+--------------+--------------+--------------+--------------+--------------+--------------+--------------+--------------+--------------+--------------+--------------+--------------+--------------+--------------+--------------+--------------+--------------+--------------+--------------+--------------+--------------+--------------+--------------+--------------+--------------+--------------+--------------+--------------+--------------+--------------+--------------+--------------+--------------+--------------+--------------+--------------+
| RDTSC Runtime [s] | 732.877500 | 729.815200 | 730.820500 | 723.695200 | 711.312500 | 700.278600 | 731.382000 | 720.768400 | 724.707000 | 729.349200 |  714.749000 |  703.870400 |  702.787600 |  721.575300 |  710.754300 |  726.070000 |  713.518500 |  693.654400 |  698.724000 |  715.259600 |  729.046400 |  691.951900 |  698.162600 |  719.314600 |  723.132700 |  703.299100 |  729.347400 |  704.990200 |  712.592400 |  696.885200 |  732.457900 |  694.108000 |  721.070000 |  713.776700 |  694.852000 |  693.654500 |  714.491500 |  701.507600 |  698.467000 |  693.345400 |  714.030500 |  708.907900 |  695.159400 |  706.059500 |  692.254100 |  732.150400 |  706.057300 |  717.638400 |  711.824300 |  696.442700 |  694.109900 |  699.766600 |  700.574800 |  709.450400 |  717.077900 |  696.443200 |  708.115900 |  696.887700 |  695.622200 |  714.032100 |  720.215400 |  701.506200 |  718.376500 |  701.979100 |  702.536800 |  719.073900 |  709.991800 |  718.635100 |  718.635200 |  692.824800 |  695.159400 |  701.045700 |  718.105800 |  727.901100 |  712.337500 |  723.954400 |  725.254000 |  712.337300 |  697.353500 |  699.766100 |  715.002400 |  726.870600 |  705.542300 |  712.082300 |  726.675700 |  713.263300 |  717.638800 |  704.431700 |  713.004500 |  696.136800 |  707.089600 |  701.044900 |  725.557900 |  710.246600 |  723.435000 |  711.311300 |  707.557900 |  708.907800 |  706.056800 |  720.213900 |   708.415100 |   715.517300 |   708.416400 |   716.546600 |   730.073600 |   699.240700 |   716.262800 |   730.407200 |   704.431300 |   705.542100 |   730.819900 |   697.614600 |   721.069500 |   719.570300 |   710.245100 |   722.620600 |   719.085400 |   719.788600 |   722.117900 |   722.117300 |   715.518300 |   710.752000 |   724.212400 |   715.517200 |   723.953900 |   717.076800 |   722.619600 |   701.977800 |   728.242600 |   728.241900 |   727.901600 |   691.725200 |   728.657800 |   702.787100 |   697.614700 |   725.557600 |   704.990800 |   703.299000 |   706.584200 |   706.801900 |   730.074500 |   703.869300 |   699.238800 |   709.449900 |   700.278600 |   731.380900 |   707.559800 |   692.822900 |   692.255900 |   731.719200 |   727.357400 |   698.721500 |   716.546000 |   726.373800 |   694.110500 |   726.374500 |   727.356000 |   695.620000 |   724.708500 |   721.577900 |
|     call count    |         13 |         13 |         13 |         13 |         13 |         13 |         13 |         13 |         13 |         13 |          13 |          13 |          13 |          13 |          13 |          13 |          13 |          13 |          13 |          13 |          13 |          13 |          13 |          13 |          13 |          13 |          13 |          13 |          13 |          13 |          13 |          13 |          13 |          13 |          13 |          13 |          13 |          13 |          13 |          13 |          13 |          13 |          13 |          13 |          13 |          13 |          13 |          13 |          13 |          13 |          13 |          13 |          13 |          13 |          13 |          13 |          13 |          13 |          13 |          13 |          13 |          13 |          13 |          13 |          13 |          13 |          13 |          13 |          13 |          13 |          13 |          13 |          13 |          13 |          13 |          13 |          13 |          13 |          13 |          13 |          13 |          13 |          13 |          13 |          13 |          13 |          13 |          13 |          13 |          13 |          13 |          13 |          13 |          13 |          13 |          13 |          13 |          13 |          13 |          13 |           13 |           13 |           13 |           13 |           13 |           13 |           13 |           13 |           13 |           13 |           13 |           13 |           13 |           13 |           13 |           13 |           13 |           13 |           13 |           13 |           13 |           13 |           13 |           13 |           13 |           13 |           13 |           13 |           13 |           13 |           13 |           13 |           13 |           13 |           13 |           13 |           13 |           13 |           13 |           13 |           13 |           13 |           13 |           13 |           13 |           13 |           13 |           13 |           13 |           13 |           13 |           13 |           13 |           13 |           13 |           13 |           13 |           13 |           13 |           13 |
+-------------------+------------+------------+------------+------------+------------+------------+------------+------------+------------+------------+-------------+-------------+-------------+-------------+-------------+-------------+-------------+-------------+-------------+-------------+-------------+-------------+-------------+-------------+-------------+-------------+-------------+-------------+-------------+-------------+-------------+-------------+-------------+-------------+-------------+-------------+-------------+-------------+-------------+-------------+-------------+-------------+-------------+-------------+-------------+-------------+-------------+-------------+-------------+-------------+-------------+-------------+-------------+-------------+-------------+-------------+-------------+-------------+-------------+-------------+-------------+-------------+-------------+-------------+-------------+-------------+-------------+-------------+-------------+-------------+-------------+-------------+-------------+-------------+-------------+-------------+-------------+-------------+-------------+-------------+-------------+-------------+-------------+-------------+-------------+-------------+-------------+-------------+-------------+-------------+-------------+-------------+-------------+-------------+-------------+-------------+-------------+-------------+-------------+-------------+--------------+--------------+--------------+--------------+--------------+--------------+--------------+--------------+--------------+--------------+--------------+--------------+--------------+--------------+--------------+--------------+--------------+--------------+--------------+--------------+--------------+--------------+--------------+--------------+--------------+--------------+--------------+--------------+--------------+--------------+--------------+--------------+--------------+--------------+--------------+--------------+--------------+--------------+--------------+--------------+--------------+--------------+--------------+--------------+--------------+--------------+--------------+--------------+--------------+--------------+--------------+--------------+--------------+--------------+--------------+--------------+--------------+--------------+--------------+--------------+

+-----------------------------+---------+---------------+---------------+---------------+---------------+---------------+---------------+---------------+---------------+---------------+---------------+---------------+---------------+---------------+---------------+---------------+---------------+---------------+---------------+---------------+---------------+---------------+---------------+---------------+---------------+---------------+---------------+---------------+---------------+---------------+---------------+---------------+---------------+---------------+---------------+---------------+---------------+---------------+---------------+---------------+---------------+---------------+---------------+---------------+---------------+---------------+---------------+---------------+---------------+---------------+---------------+---------------+---------------+---------------+---------------+---------------+---------------+---------------+---------------+---------------+---------------+---------------+---------------+---------------+---------------+---------------+---------------+---------------+---------------+---------------+---------------+---------------+---------------+---------------+---------------+---------------+---------------+---------------+---------------+---------------+---------------+---------------+---------------+---------------+---------------+---------------+---------------+---------------+---------------+---------------+---------------+---------------+---------------+---------------+---------------+---------------+---------------+---------------+---------------+---------------+---------------+---------------+---------------+---------------+---------------+---------------+---------------+---------------+---------------+---------------+---------------+---------------+---------------+---------------+---------------+---------------+---------------+---------------+---------------+---------------+---------------+---------------+---------------+---------------+---------------+---------------+---------------+---------------+---------------+---------------+---------------+---------------+---------------+---------------+---------------+---------------+---------------+---------------+---------------+---------------+---------------+---------------+---------------+---------------+---------------+---------------+---------------+---------------+---------------+---------------+---------------+---------------+---------------+---------------+---------------+---------------+---------------+---------------+---------------+---------------+---------------+
|            Event            | Counter |   HWThread 0  |   HWThread 1  |   HWThread 2  |   HWThread 3  |   HWThread 4  |   HWThread 5  |   HWThread 6  |   HWThread 7  |   HWThread 8  |   HWThread 9  |  HWThread 10  |  HWThread 11  |  HWThread 12  |  HWThread 13  |  HWThread 14  |  HWThread 15  |  HWThread 16  |  HWThread 17  |  HWThread 18  |  HWThread 19  |  HWThread 20  |  HWThread 21  |  HWThread 22  |  HWThread 23  |  HWThread 24  |  HWThread 25  |  HWThread 26  |  HWThread 27  |  HWThread 28  |  HWThread 29  |  HWThread 30  |  HWThread 31  |  HWThread 32  |  HWThread 33  |  HWThread 34  |  HWThread 35  |  HWThread 36  |  HWThread 37  |  HWThread 38  |  HWThread 39  |  HWThread 40  |  HWThread 41  |  HWThread 42  |  HWThread 43  |  HWThread 44  |  HWThread 45  |  HWThread 46  |  HWThread 47  |  HWThread 48  |  HWThread 49  |  HWThread 50  |  HWThread 51  |  HWThread 52  |  HWThread 53  |  HWThread 54  |  HWThread 55  |  HWThread 56  |  HWThread 57  |  HWThread 58  |  HWThread 59  |  HWThread 60  |  HWThread 61  |  HWThread 62  |  HWThread 63  |  HWThread 64  |  HWThread 65  |  HWThread 66  |  HWThread 67  |  HWThread 68  |  HWThread 69  |  HWThread 70  |  HWThread 71  |  HWThread 72  |  HWThread 73  |  HWThread 74  |  HWThread 75  |  HWThread 76  |  HWThread 77  |  HWThread 78  |  HWThread 79  |  HWThread 80  |  HWThread 81  |  HWThread 82  |  HWThread 83  |  HWThread 84  |  HWThread 85  |  HWThread 86  |  HWThread 87  |  HWThread 88  |  HWThread 89  |  HWThread 90  |  HWThread 91  |  HWThread 92  |  HWThread 93  |  HWThread 94  |  HWThread 95  |  HWThread 96  |  HWThread 97  |  HWThread 98  |  HWThread 99  |  HWThread 100 |  HWThread 101 |  HWThread 102 |  HWThread 103 |  HWThread 104 |  HWThread 105 |  HWThread 106 |  HWThread 107 |  HWThread 108 |  HWThread 109 |  HWThread 110 |  HWThread 111 |  HWThread 112 |  HWThread 113 |  HWThread 114 |  HWThread 115 |  HWThread 116 |  HWThread 117 |  HWThread 118 |  HWThread 119 |  HWThread 120 |  HWThread 121 |  HWThread 122 |  HWThread 123 |  HWThread 124 |  HWThread 125 |  HWThread 126 |  HWThread 127 |  HWThread 128 |  HWThread 129 |  HWThread 130 |  HWThread 131 |  HWThread 132 |  HWThread 133 |  HWThread 134 |  HWThread 135 |  HWThread 136 |  HWThread 137 |  HWThread 138 |  HWThread 139 |  HWThread 140 |  HWThread 141 |  HWThread 142 |  HWThread 143 |  HWThread 144 |  HWThread 145 |  HWThread 146 |  HWThread 147 |  HWThread 148 |  HWThread 149 |  HWThread 150 |  HWThread 151 |  HWThread 152 |  HWThread 153 |  HWThread 154 |  HWThread 155 |  HWThread 156 |  HWThread 157 |  HWThread 158 |  HWThread 159 |
+-----------------------------+---------+---------------+---------------+---------------+---------------+---------------+---------------+---------------+---------------+---------------+---------------+---------------+---------------+---------------+---------------+---------------+---------------+---------------+---------------+---------------+---------------+---------------+---------------+---------------+---------------+---------------+---------------+---------------+---------------+---------------+---------------+---------------+---------------+---------------+---------------+---------------+---------------+---------------+---------------+---------------+---------------+---------------+---------------+---------------+---------------+---------------+---------------+---------------+---------------+---------------+---------------+---------------+---------------+---------------+---------------+---------------+---------------+---------------+---------------+---------------+---------------+---------------+---------------+---------------+---------------+---------------+---------------+---------------+---------------+---------------+---------------+---------------+---------------+---------------+---------------+---------------+---------------+---------------+---------------+---------------+---------------+---------------+---------------+---------------+---------------+---------------+---------------+---------------+---------------+---------------+---------------+---------------+---------------+---------------+---------------+---------------+---------------+---------------+---------------+---------------+---------------+---------------+---------------+---------------+---------------+---------------+---------------+---------------+---------------+---------------+---------------+---------------+---------------+---------------+---------------+---------------+---------------+---------------+---------------+---------------+---------------+---------------+---------------+---------------+---------------+---------------+---------------+---------------+---------------+---------------+---------------+---------------+---------------+---------------+---------------+---------------+---------------+---------------+---------------+---------------+---------------+---------------+---------------+---------------+---------------+---------------+---------------+---------------+---------------+---------------+---------------+---------------+---------------+---------------+---------------+---------------+---------------+---------------+---------------+---------------+---------------+
|       ACTUAL_CPU_CLOCK      |  FIXC1  | 2549609000000 | 2545634000000 | 2546224000000 | 2546339000000 | 2545983000000 | 2546623000000 | 2546566000000 | 2546692000000 | 2545195000000 | 2545547000000 | 2545626000000 | 2546236000000 | 2545063000000 | 2545936000000 | 2545463000000 | 2545777000000 | 2546283000000 | 2545635000000 | 2546455000000 | 2546349000000 | 2545868000000 | 2545597000000 | 2546110000000 | 2546455000000 | 2546173000000 | 2546422000000 | 2545649000000 | 2546025000000 | 2546031000000 | 2545395000000 | 2546265000000 | 2546379000000 | 2546151000000 | 2545598000000 | 2545000000000 | 2545419000000 | 2544938000000 | 2545565000000 | 2544768000000 | 2545696000000 | 2545209000000 | 2545671000000 | 2546329000000 | 2546540000000 | 2546039000000 | 2545931000000 | 2546191000000 | 2546058000000 | 2546081000000 | 2545658000000 | 2545963000000 | 2546020000000 | 2545092000000 | 2546621000000 | 2545595000000 | 2546608000000 | 2545729000000 | 2546180000000 | 2545763000000 | 2545919000000 | 2546402000000 | 2545372000000 | 2545411000000 | 2545439000000 | 2546327000000 | 2545878000000 | 2546425000000 | 2546316000000 | 2546171000000 | 2546903000000 | 2546210000000 | 2545535000000 | 2546595000000 | 2546794000000 | 2545253000000 | 2546692000000 | 2546718000000 | 2546138000000 | 2546326000000 | 2546410000000 | 2546635000000 | 2545221000000 | 2545372000000 | 2545580000000 | 2544985000000 | 2545271000000 | 2545992000000 | 2545298000000 | 2546110000000 | 2545925000000 | 2545430000000 | 2546010000000 | 2546076000000 | 2546095000000 | 2545800000000 | 2546545000000 | 2554146000000 | 2554485000000 | 2553748000000 | 2554997000000 | 2554610000000 | 2553937000000 | 2554101000000 | 2554222000000 | 2553590000000 | 2553648000000 | 2554234000000 | 2554334000000 | 2553784000000 | 2553976000000 | 2553629000000 | 2552834000000 | 2554611000000 | 2554037000000 | 2554014000000 | 2554017000000 | 2553900000000 | 2553879000000 | 2554148000000 | 2554418000000 | 2554842000000 | 2554342000000 | 2554158000000 | 2554356000000 | 2554200000000 | 2554322000000 | 2554106000000 | 2553754000000 | 2553058000000 | 2554516000000 | 2553699000000 | 2554212000000 | 2553638000000 | 2552853000000 | 2554517000000 | 2553875000000 | 2554195000000 | 2553729000000 | 2553989000000 | 2553984000000 | 2553139000000 | 2554181000000 | 2554606000000 | 2553814000000 | 2553606000000 | 2553438000000 | 2554146000000 | 2552949000000 | 2553575000000 | 2554097000000 | 2554165000000 | 2553897000000 | 2553917000000 | 2553626000000 | 2553528000000 | 2554263000000 | 2553966000000 | 2553326000000 | 2553467000000 | 2553692000000 |
|        MAX_CPU_CLOCK        |  FIXC2  | 1799163000000 | 1796634000000 | 1796741000000 | 1796823000000 | 1796692000000 | 1796970000000 | 1796949000000 | 1797098000000 | 1796057000000 | 1796304000000 | 1796433000000 | 1796678000000 | 1795856000000 | 1796584000000 | 1796327000000 | 1796559000000 | 1796716000000 | 1796231000000 | 1796874000000 | 1796730000000 | 1796554000000 | 1796446000000 | 1796763000000 | 1797039000000 | 1796896000000 | 1796956000000 | 1796295000000 | 1796677000000 | 1796698000000 | 1796295000000 | 1796766000000 | 1796966000000 | 1796664000000 | 1796298000000 | 1795956000000 | 1796228000000 | 1795781000000 | 1796254000000 | 1795701000000 | 1796492000000 | 1795969000000 | 1796510000000 | 1796803000000 | 1797077000000 | 1796759000000 | 1796591000000 | 1796850000000 | 1796735000000 | 1796649000000 | 1796475000000 | 1796623000000 | 1796735000000 | 1796111000000 | 1797281000000 | 1796373000000 | 1797036000000 | 1796569000000 | 1796695000000 | 1796404000000 | 1796654000000 | 1796869000000 | 1796302000000 | 1796138000000 | 1796300000000 | 1796832000000 | 1796509000000 | 1796886000000 | 1796744000000 | 1796812000000 | 1797194000000 | 1796841000000 | 1796210000000 | 1796998000000 | 1797164000000 | 1796245000000 | 1797077000000 | 1797221000000 | 1796704000000 | 1796779000000 | 1797023000000 | 1797018000000 | 1796197000000 | 1796149000000 | 1796274000000 | 1796063000000 | 1796057000000 | 1796563000000 | 1796235000000 | 1796671000000 | 1796717000000 | 1796352000000 | 1796738000000 | 1796676000000 | 1796657000000 | 1796420000000 | 1796962000000 | 1796401000000 | 1796622000000 | 1796115000000 | 1796763000000 | 1796717000000 | 1796229000000 | 1796211000000 | 1796452000000 | 1795836000000 | 1796012000000 | 1796425000000 | 1796508000000 | 1796134000000 | 1796256000000 | 1795995000000 | 1795467000000 | 1796751000000 | 1796317000000 | 1796173000000 | 1796223000000 | 1796238000000 | 1796214000000 | 1796382000000 | 1796429000000 | 1796911000000 | 1796506000000 | 1796216000000 | 1796544000000 | 1796355000000 | 1796500000000 | 1796263000000 | 1795976000000 | 1795949000000 | 1796857000000 | 1796109000000 | 1796299000000 | 1796196000000 | 1795388000000 | 1796523000000 | 1796298000000 | 1796413000000 | 1796081000000 | 1796233000000 | 1796238000000 | 1795531000000 | 1796370000000 | 1796674000000 | 1795994000000 | 1795818000000 | 1795754000000 | 1796210000000 | 1795595000000 | 1795997000000 | 1796293000000 | 1796404000000 | 1796202000000 | 1796220000000 | 1796179000000 | 1795799000000 | 1796534000000 | 1796142000000 | 1795823000000 | 1795911000000 | 1796077000000 |
|     RETIRED_INSTRUCTIONS    |   PMC0  | 1595737000000 | 1594970000000 | 1605092000000 | 1608736000000 | 1605459000000 | 1602677000000 | 1601336000000 | 1591225000000 | 1890816000000 | 1897097000000 | 1887917000000 | 1891591000000 | 1878657000000 | 1881885000000 | 1886871000000 | 1881686000000 | 1620306000000 | 1624349000000 | 1629164000000 | 1621372000000 | 1619066000000 | 1611835000000 | 1617276000000 | 1620558000000 | 1605724000000 | 1605664000000 | 1606527000000 | 1596754000000 | 1600749000000 | 1598654000000 | 1603421000000 | 1601287000000 | 1880488000000 | 1881221000000 | 1875121000000 | 1872409000000 | 1867799000000 | 1873442000000 | 1875046000000 | 1874596000000 | 1624591000000 | 1616541000000 | 1623375000000 | 1625880000000 | 1618950000000 | 1610630000000 | 1616173000000 | 1611669000000 | 1631827000000 | 1617062000000 | 1617806000000 | 1613623000000 | 1619925000000 | 1622286000000 | 1617442000000 | 1604994000000 | 1880507000000 | 1881818000000 | 1888266000000 | 1889466000000 | 1894813000000 | 1880312000000 | 1882470000000 | 1883193000000 | 1628189000000 | 1631642000000 | 1637058000000 | 1625870000000 | 1633625000000 | 1628782000000 | 1630032000000 | 1622541000000 | 1596350000000 | 1590816000000 | 1596643000000 | 1592922000000 | 1599498000000 | 1591482000000 | 1596192000000 | 1594790000000 | 1889023000000 | 1880303000000 | 1889905000000 | 1883732000000 | 1895128000000 | 1888775000000 | 1884397000000 | 1878022000000 | 1619522000000 | 1615113000000 | 1608853000000 | 1618122000000 | 1626065000000 | 1608673000000 | 1611310000000 | 1615584000000 | 1507866000000 | 1501526000000 | 1505696000000 | 1499852000000 | 1514365000000 | 1508748000000 | 1504795000000 | 1504045000000 | 1867291000000 | 1856938000000 | 1868858000000 | 1864816000000 | 1864957000000 | 1857510000000 | 1863949000000 | 1856351000000 | 1517735000000 | 1518893000000 | 1525127000000 | 1529147000000 | 1520844000000 | 1514300000000 | 1525958000000 | 1528537000000 | 1501223000000 | 1504548000000 | 1509589000000 | 1502796000000 | 1506882000000 | 1505218000000 | 1505629000000 | 1503476000000 | 1860803000000 | 1854280000000 | 1860560000000 | 1853956000000 | 1863826000000 | 1850203000000 | 1854360000000 | 1852897000000 | 1522950000000 | 1516209000000 | 1519509000000 | 1525668000000 | 1516057000000 | 1521618000000 | 1514755000000 | 1515153000000 | 1873628000000 | 1866773000000 | 1877148000000 | 1872014000000 | 1866014000000 | 1869334000000 | 1867651000000 | 1871739000000 | 1883080000000 | 1888793000000 | 1892053000000 | 1894183000000 | 1893062000000 | 1880501000000 | 1888849000000 | 1885920000000 |
|     CPU_CLOCKS_UNHALTED     |   PMC1  | 2504814000000 | 2513451000000 | 2513398000000 | 2513835000000 | 2514662000000 | 2515047000000 | 2515206000000 | 2515038000000 | 2507936000000 | 2508426000000 | 2509084000000 | 2509819000000 | 2508755000000 | 2510534000000 | 2508150000000 | 2509528000000 | 2513216000000 | 2510748000000 | 2514038000000 | 2513592000000 | 2513196000000 | 2514067000000 | 2513579000000 | 2513490000000 | 2512882000000 | 2514030000000 | 2513744000000 | 2513497000000 | 2514466000000 | 2511973000000 | 2512950000000 | 2514737000000 | 2509570000000 | 2509500000000 | 2509621000000 | 2510144000000 | 2510218000000 | 2509110000000 | 2508389000000 | 2509293000000 | 2511614000000 | 2513681000000 | 2514101000000 | 2514917000000 | 2513011000000 | 2513163000000 | 2513802000000 | 2514896000000 | 2515370000000 | 2514548000000 | 2513401000000 | 2513695000000 | 2513691000000 | 2514909000000 | 2513279000000 | 2514462000000 | 2510059000000 | 2510209000000 | 2508897000000 | 2508626000000 | 2511078000000 | 2508591000000 | 2509362000000 | 2508228000000 | 2514422000000 | 2512800000000 | 2513943000000 | 2513853000000 | 2514833000000 | 2512698000000 | 2513830000000 | 2512597000000 | 2514681000000 | 2514131000000 | 2512696000000 | 2513939000000 | 2513961000000 | 2513153000000 | 2514456000000 | 2514262000000 | 2510441000000 | 2508100000000 | 2508736000000 | 2508507000000 | 2508898000000 | 2508615000000 | 2508849000000 | 2508956000000 | 2513532000000 | 2513481000000 | 2511512000000 | 2512921000000 | 2513858000000 | 2512991000000 | 2513266000000 | 2514349000000 | 2523124000000 | 2523630000000 | 2523686000000 | 2524591000000 | 2524491000000 | 2523018000000 | 2524309000000 | 2522773000000 | 2517748000000 | 2516286000000 | 2518894000000 | 2518135000000 | 2519330000000 | 2518507000000 | 2517397000000 | 2517734000000 | 2522859000000 | 2524047000000 | 2523022000000 | 2523885000000 | 2522819000000 | 2521946000000 | 2522782000000 | 2523313000000 | 2522828000000 | 2523035000000 | 2523787000000 | 2524200000000 | 2522771000000 | 2524664000000 | 2523716000000 | 2522888000000 | 2517318000000 | 2519400000000 | 2518540000000 | 2517826000000 | 2517597000000 | 2517389000000 | 2519549000000 | 2518239000000 | 2522116000000 | 2521414000000 | 2522022000000 | 2521724000000 | 2521159000000 | 2523668000000 | 2523106000000 | 2521967000000 | 2516729000000 | 2516831000000 | 2518545000000 | 2516310000000 | 2518107000000 | 2516635000000 | 2517969000000 | 2517442000000 | 2517590000000 | 2515909000000 | 2516426000000 | 2517120000000 | 2517671000000 | 2517141000000 | 2517419000000 | 2517564000000 |
|       L2_PF_HIT_IN_L3       |   PMC2  |    9238020000 |    9456407000 |   10164870000 |   10308030000 |   10204000000 |   10043610000 |   10148240000 |    9491208000 |   14173630000 |   14582420000 |   14293440000 |   14498590000 |   13752160000 |   13978630000 |   14590500000 |   14068370000 |    9935643000 |   10409510000 |   10606370000 |   10179990000 |   10246120000 |    9814805000 |   10262540000 |   10459530000 |   10051570000 |    9943640000 |   10146860000 |    9662531000 |    9992799000 |    9971010000 |   10280380000 |   10126300000 |   14002690000 |   14024790000 |   13828430000 |   13683910000 |   13624630000 |   14011090000 |   14469890000 |   14320060000 |   10492150000 |   10015670000 |   10540740000 |   10593160000 |   10420170000 |    9976486000 |   10400090000 |   10087090000 |   10908380000 |   10124630000 |   10412140000 |   10057640000 |   10588260000 |   10625790000 |   10595380000 |    9821601000 |   13433060000 |   13491340000 |   14357860000 |   14360470000 |   14901180000 |   13928960000 |   14343130000 |   14414960000 |   10094790000 |   10368540000 |   10896880000 |   10131350000 |   10762640000 |   10515730000 |   10692860000 |   10316640000 |    9673308000 |    9306648000 |    9941429000 |    9623036000 |   10143900000 |    9661718000 |   10107720000 |   10029230000 |   14040050000 |   13708480000 |   14514850000 |   14067490000 |   15141060000 |   14556130000 |   14628060000 |   14117210000 |   10073590000 |    9796917000 |    9750694000 |   10126090000 |   10693310000 |    9791826000 |   10032580000 |   10262180000 |    8445794000 |    8079961000 |    8425223000 |    8034554000 |    9014639000 |    8762482000 |    8592415000 |    8592874000 |   14112040000 |   13348430000 |   14592460000 |   14095700000 |   14175790000 |   13689940000 |   14625420000 |   13782790000 |    8316657000 |    8327281000 |    8890154000 |    9076526000 |    8731743000 |    8427402000 |    9157820000 |    9291473000 |    8293011000 |    8512398000 |    8893751000 |    8432762000 |    8834547000 |    8760425000 |    8860441000 |    8841474000 |   14186390000 |   13387540000 |   14268990000 |   13912510000 |   14751120000 |   13868460000 |   14194510000 |   14202130000 |    9024393000 |    8641283000 |    8903205000 |    9283179000 |    8758043000 |    9062685000 |    8719476000 |    8813113000 |   14323120000 |   13604980000 |   14568630000 |   14465300000 |   13940910000 |   14252930000 |   14272050000 |   14690190000 |   13856230000 |   14478200000 |   14911460000 |   15136820000 |   15160470000 |   14353930000 |   15045530000 |   14770500000 |
|       L2_PF_MISS_IN_L3      |   PMC3  |   18953170000 |   18851320000 |   18474130000 |   18390480000 |   18412910000 |   18481280000 |   18346490000 |   18683320000 |   24041960000 |   23823530000 |   23852550000 |   23726400000 |   24125950000 |   23958730000 |   23533860000 |   23880180000 |   19141890000 |   18784890000 |   18740510000 |   18928420000 |   18826660000 |   19039910000 |   18780130000 |   18653320000 |   18597720000 |   18670430000 |   18508700000 |   18707560000 |   18511560000 |   18455640000 |   18280900000 |   18380110000 |   23867230000 |   23863170000 |   23902890000 |   23929740000 |   23891610000 |   23646140000 |   23256790000 |   23379300000 |   18732940000 |   18980600000 |   18650560000 |   18664960000 |   18662930000 |   18835340000 |   18603670000 |   18775190000 |   18508980000 |   18845940000 |   18601790000 |   18815480000 |   18494590000 |   18491920000 |   18419800000 |   18791820000 |   24483440000 |   24421250000 |   23778570000 |   23793460000 |   23438470000 |   23961330000 |   23615860000 |   23561530000 |   19261820000 |   19046140000 |   18734180000 |   19112610000 |   18772670000 |   18848400000 |   18723390000 |   18834500000 |   18635190000 |   18823560000 |   18421120000 |   18595130000 |   18302200000 |   18497430000 |   18205510000 |   18277380000 |   24146450000 |   24259560000 |   23726070000 |   23926140000 |   23271140000 |   23603950000 |   23427050000 |   23735850000 |   19006380000 |   19149030000 |   19035640000 |   18898140000 |   18598310000 |   18956710000 |   18795200000 |   18682510000 |   16547220000 |   16739000000 |   16514540000 |   16702230000 |   16199060000 |   16276420000 |   16313280000 |   16302590000 |   23120070000 |   23571860000 |   22741120000 |   23055350000 |   23000030000 |   23244610000 |   22543260000 |   23126890000 |   17031280000 |   17033350000 |   16672280000 |   16613430000 |   16717190000 |   16809470000 |   16432640000 |   16357140000 |   16513050000 |   16389860000 |   16167740000 |   16419160000 |   16152240000 |   16190530000 |   16085940000 |   16032470000 |   22851350000 |   23453670000 |   22781670000 |   22909890000 |   22404440000 |   22848660000 |   22663920000 |   22598220000 |   16497920000 |   16666740000 |   16525110000 |   16308010000 |   16543840000 |   16417640000 |   16551870000 |   16453760000 |   23192290000 |   23630990000 |   23008960000 |   22963150000 |   23323150000 |   23068310000 |   23028320000 |   22719450000 |   24000000000 |   23554690000 |   23240500000 |   23067340000 |   23022130000 |   23418620000 |   23014960000 |   23170190000 |
| L2_CACHE_MISS_AFTER_L1_MISS |   PMC4  |    6623052000 |    6645573000 |    6734348000 |    6735215000 |    6723571000 |    6686139000 |    6682867000 |    6601322000 |    7302829000 |    7339792000 |    7284098000 |    7299142000 |    7210304000 |    7226042000 |    7278646000 |    7234577000 |    6751040000 |    6774428000 |    6815675000 |    6744251000 |    6742961000 |    6674093000 |    6735758000 |    6746249000 |    6715616000 |    6700122000 |    6710845000 |    6637056000 |    6667408000 |    6650821000 |    6690289000 |    6663609000 |    7278649000 |    7273398000 |    7235531000 |    7205104000 |    7196955000 |    7218411000 |    7250033000 |    7217476000 |    6787652000 |    6714265000 |    6783388000 |    6777626000 |    6740229000 |    6673456000 |    6718412000 |    6691943000 |    6879945000 |    6760050000 |    6782342000 |    6738936000 |    6806197000 |    6805416000 |    6785017000 |    6672472000 |    7250557000 |    7251930000 |    7305031000 |    7304527000 |    7357753000 |    7240515000 |    7263984000 |    7263570000 |    6782684000 |    6807088000 |    6848327000 |    6760591000 |    6821539000 |    6783150000 |    6796697000 |    6735787000 |    6662478000 |    6609197000 |    6678794000 |    6632379000 |    6693932000 |    6622107000 |    6664286000 |    6645003000 |    7271651000 |    7227398000 |    7288334000 |    7233592000 |    7342252000 |    7276632000 |    7258598000 |    7196332000 |    6734138000 |    6696634000 |    6665683000 |    6724069000 |    6787395000 |    6655999000 |    6671300000 |    6693611000 |    5739984000 |    5686641000 |    5723384000 |    5656287000 |    5786659000 |    5744087000 |    5712687000 |    5700967000 |    6291824000 |    6209288000 |    6293567000 |    6261695000 |    6275724000 |    6201774000 |    6267117000 |    6199553000 |    5727895000 |    5729878000 |    5784309000 |    5801386000 |    5751873000 |    5700958000 |    5787489000 |    5794640000 |    5692092000 |    5710349000 |    5754737000 |    5693361000 |    5736103000 |    5711854000 |    5714068000 |    5689631000 |    6250040000 |    6187554000 |    6254074000 |    6197368000 |    6279138000 |    6183223000 |    6208990000 |    6189401000 |    5774743000 |    5720557000 |    5750299000 |    5792780000 |    5719795000 |    5758028000 |    5708690000 |    5707059000 |    6287090000 |    6220354000 |    6298738000 |    6271709000 |    6225407000 |    6246619000 |    6238504000 |    6265943000 |    6213857000 |    6265814000 |    6288548000 |    6300154000 |    6305776000 |    6195555000 |    6262793000 |    6234863000 |
+-----------------------------+---------+---------------+---------------+---------------+---------------+---------------+---------------+---------------+---------------+---------------+---------------+---------------+---------------+---------------+---------------+---------------+---------------+---------------+---------------+---------------+---------------+---------------+---------------+---------------+---------------+---------------+---------------+---------------+---------------+---------------+---------------+---------------+---------------+---------------+---------------+---------------+---------------+---------------+---------------+---------------+---------------+---------------+---------------+---------------+---------------+---------------+---------------+---------------+---------------+---------------+---------------+---------------+---------------+---------------+---------------+---------------+---------------+---------------+---------------+---------------+---------------+---------------+---------------+---------------+---------------+---------------+---------------+---------------+---------------+---------------+---------------+---------------+---------------+---------------+---------------+---------------+---------------+---------------+---------------+---------------+---------------+---------------+---------------+---------------+---------------+---------------+---------------+---------------+---------------+---------------+---------------+---------------+---------------+---------------+---------------+---------------+---------------+---------------+---------------+---------------+---------------+---------------+---------------+---------------+---------------+---------------+---------------+---------------+---------------+---------------+---------------+---------------+---------------+---------------+---------------+---------------+---------------+---------------+---------------+---------------+---------------+---------------+---------------+---------------+---------------+---------------+---------------+---------------+---------------+---------------+---------------+---------------+---------------+---------------+---------------+---------------+---------------+---------------+---------------+---------------+---------------+---------------+---------------+---------------+---------------+---------------+---------------+---------------+---------------+---------------+---------------+---------------+---------------+---------------+---------------+---------------+---------------+---------------+---------------+---------------+---------------+

+----------------------------------+---------+-----------------+---------------+---------------+---------------+
|               Event              | Counter |       Sum       |      Min      |      Max      |      Avg      |
+----------------------------------+---------+-----------------+---------------+---------------+---------------+
|       ACTUAL_CPU_CLOCK STAT      |  FIXC1  | 407866638000000 | 2544768000000 | 2554997000000 | 2549166487500 |
|        MAX_CPU_CLOCK STAT        |  FIXC2  | 287433892000000 | 1795388000000 | 1799163000000 | 1796461825000 |
|     RETIRED_INSTRUCTIONS STAT    |   PMC0  | 271708169000000 | 1499852000000 | 1897097000000 | 1698176056250 |
|     CPU_CLOCKS_UNHALTED STAT     |   PMC1  | 402467247000000 | 2504814000000 | 2524664000000 | 2515420293750 |
|       L2_PF_HIT_IN_L3 STAT       |   PMC2  |   1839331140000 |    8034554000 |   15160470000 |   11495819625 |
|       L2_PF_MISS_IN_L3 STAT      |   PMC3  |   3224036320000 |   16032470000 |   24483440000 |   20150227000 |
| L2_CACHE_MISS_AFTER_L1_MISS STAT |   PMC4  |   1045861489000 |    5656287000 |    7357753000 |  6.536634e+09 |
+----------------------------------+---------+-----------------+---------------+---------------+---------------+

+-------------------------+------------+------------+------------+------------+------------+------------+------------+------------+------------+------------+-------------+-------------+-------------+-------------+-------------+-------------+-------------+-------------+-------------+-------------+-------------+-------------+-------------+-------------+-------------+-------------+-------------+-------------+-------------+-------------+-------------+-------------+-------------+-------------+-------------+-------------+-------------+-------------+-------------+-------------+-------------+-------------+-------------+-------------+-------------+-------------+-------------+-------------+-------------+-------------+-------------+-------------+-------------+-------------+-------------+-------------+-------------+-------------+-------------+-------------+-------------+-------------+-------------+-------------+-------------+-------------+-------------+-------------+-------------+-------------+-------------+-------------+-------------+-------------+-------------+-------------+-------------+-------------+-------------+-------------+-------------+-------------+-------------+-------------+-------------+-------------+-------------+-------------+-------------+-------------+-------------+-------------+-------------+-------------+-------------+-------------+-------------+-------------+-------------+-------------+--------------+--------------+--------------+--------------+--------------+--------------+--------------+--------------+--------------+--------------+--------------+--------------+--------------+--------------+--------------+--------------+--------------+--------------+--------------+--------------+--------------+--------------+--------------+--------------+--------------+--------------+--------------+--------------+--------------+--------------+--------------+--------------+--------------+--------------+--------------+--------------+--------------+--------------+--------------+--------------+--------------+--------------+--------------+--------------+--------------+--------------+--------------+--------------+--------------+--------------+--------------+--------------+--------------+--------------+--------------+--------------+--------------+--------------+--------------+--------------+
|          Metric         | HWThread 0 | HWThread 1 | HWThread 2 | HWThread 3 | HWThread 4 | HWThread 5 | HWThread 6 | HWThread 7 | HWThread 8 | HWThread 9 | HWThread 10 | HWThread 11 | HWThread 12 | HWThread 13 | HWThread 14 | HWThread 15 | HWThread 16 | HWThread 17 | HWThread 18 | HWThread 19 | HWThread 20 | HWThread 21 | HWThread 22 | HWThread 23 | HWThread 24 | HWThread 25 | HWThread 26 | HWThread 27 | HWThread 28 | HWThread 29 | HWThread 30 | HWThread 31 | HWThread 32 | HWThread 33 | HWThread 34 | HWThread 35 | HWThread 36 | HWThread 37 | HWThread 38 | HWThread 39 | HWThread 40 | HWThread 41 | HWThread 42 | HWThread 43 | HWThread 44 | HWThread 45 | HWThread 46 | HWThread 47 | HWThread 48 | HWThread 49 | HWThread 50 | HWThread 51 | HWThread 52 | HWThread 53 | HWThread 54 | HWThread 55 | HWThread 56 | HWThread 57 | HWThread 58 | HWThread 59 | HWThread 60 | HWThread 61 | HWThread 62 | HWThread 63 | HWThread 64 | HWThread 65 | HWThread 66 | HWThread 67 | HWThread 68 | HWThread 69 | HWThread 70 | HWThread 71 | HWThread 72 | HWThread 73 | HWThread 74 | HWThread 75 | HWThread 76 | HWThread 77 | HWThread 78 | HWThread 79 | HWThread 80 | HWThread 81 | HWThread 82 | HWThread 83 | HWThread 84 | HWThread 85 | HWThread 86 | HWThread 87 | HWThread 88 | HWThread 89 | HWThread 90 | HWThread 91 | HWThread 92 | HWThread 93 | HWThread 94 | HWThread 95 | HWThread 96 | HWThread 97 | HWThread 98 | HWThread 99 | HWThread 100 | HWThread 101 | HWThread 102 | HWThread 103 | HWThread 104 | HWThread 105 | HWThread 106 | HWThread 107 | HWThread 108 | HWThread 109 | HWThread 110 | HWThread 111 | HWThread 112 | HWThread 113 | HWThread 114 | HWThread 115 | HWThread 116 | HWThread 117 | HWThread 118 | HWThread 119 | HWThread 120 | HWThread 121 | HWThread 122 | HWThread 123 | HWThread 124 | HWThread 125 | HWThread 126 | HWThread 127 | HWThread 128 | HWThread 129 | HWThread 130 | HWThread 131 | HWThread 132 | HWThread 133 | HWThread 134 | HWThread 135 | HWThread 136 | HWThread 137 | HWThread 138 | HWThread 139 | HWThread 140 | HWThread 141 | HWThread 142 | HWThread 143 | HWThread 144 | HWThread 145 | HWThread 146 | HWThread 147 | HWThread 148 | HWThread 149 | HWThread 150 | HWThread 151 | HWThread 152 | HWThread 153 | HWThread 154 | HWThread 155 | HWThread 156 | HWThread 157 | HWThread 158 | HWThread 159 |
+-------------------------+------------+------------+------------+------------+------------+------------+------------+------------+------------+------------+-------------+-------------+-------------+-------------+-------------+-------------+-------------+-------------+-------------+-------------+-------------+-------------+-------------+-------------+-------------+-------------+-------------+-------------+-------------+-------------+-------------+-------------+-------------+-------------+-------------+-------------+-------------+-------------+-------------+-------------+-------------+-------------+-------------+-------------+-------------+-------------+-------------+-------------+-------------+-------------+-------------+-------------+-------------+-------------+-------------+-------------+-------------+-------------+-------------+-------------+-------------+-------------+-------------+-------------+-------------+-------------+-------------+-------------+-------------+-------------+-------------+-------------+-------------+-------------+-------------+-------------+-------------+-------------+-------------+-------------+-------------+-------------+-------------+-------------+-------------+-------------+-------------+-------------+-------------+-------------+-------------+-------------+-------------+-------------+-------------+-------------+-------------+-------------+-------------+-------------+--------------+--------------+--------------+--------------+--------------+--------------+--------------+--------------+--------------+--------------+--------------+--------------+--------------+--------------+--------------+--------------+--------------+--------------+--------------+--------------+--------------+--------------+--------------+--------------+--------------+--------------+--------------+--------------+--------------+--------------+--------------+--------------+--------------+--------------+--------------+--------------+--------------+--------------+--------------+--------------+--------------+--------------+--------------+--------------+--------------+--------------+--------------+--------------+--------------+--------------+--------------+--------------+--------------+--------------+--------------+--------------+--------------+--------------+--------------+--------------+
|   Runtime (RDTSC) [s]   |   732.8775 |   729.8152 |   730.8205 |   723.6952 |   711.3125 |   700.2786 |   731.3820 |   720.7684 |   724.7070 |   729.3492 |    714.7490 |    703.8704 |    702.7876 |    721.5753 |    710.7543 |    726.0700 |    713.5185 |    693.6544 |    698.7240 |    715.2596 |    729.0464 |    691.9519 |    698.1626 |    719.3146 |    723.1327 |    703.2991 |    729.3474 |    704.9902 |    712.5924 |    696.8852 |    732.4579 |    694.1080 |    721.0700 |    713.7767 |    694.8520 |    693.6545 |    714.4915 |    701.5076 |    698.4670 |    693.3454 |    714.0305 |    708.9079 |    695.1594 |    706.0595 |    692.2541 |    732.1504 |    706.0573 |    717.6384 |    711.8243 |    696.4427 |    694.1099 |    699.7666 |    700.5748 |    709.4504 |    717.0779 |    696.4432 |    708.1159 |    696.8877 |    695.6222 |    714.0321 |    720.2154 |    701.5062 |    718.3765 |    701.9791 |    702.5368 |    719.0739 |    709.9918 |    718.6351 |    718.6352 |    692.8248 |    695.1594 |    701.0457 |    718.1058 |    727.9011 |    712.3375 |    723.9544 |    725.2540 |    712.3373 |    697.3535 |    699.7661 |    715.0024 |    726.8706 |    705.5423 |    712.0823 |    726.6757 |    713.2633 |    717.6388 |    704.4317 |    713.0045 |    696.1368 |    707.0896 |    701.0449 |    725.5579 |    710.2466 |    723.4350 |    711.3113 |    707.5579 |    708.9078 |    706.0568 |    720.2139 |     708.4151 |     715.5173 |     708.4164 |     716.5466 |     730.0736 |     699.2407 |     716.2628 |     730.4072 |     704.4313 |     705.5421 |     730.8199 |     697.6146 |     721.0695 |     719.5703 |     710.2451 |     722.6206 |     719.0854 |     719.7886 |     722.1179 |     722.1173 |     715.5183 |     710.7520 |     724.2124 |     715.5172 |     723.9539 |     717.0768 |     722.6196 |     701.9778 |     728.2426 |     728.2419 |     727.9016 |     691.7252 |     728.6578 |     702.7871 |     697.6147 |     725.5576 |     704.9908 |     703.2990 |     706.5842 |     706.8019 |     730.0745 |     703.8693 |     699.2388 |     709.4499 |     700.2786 |     731.3809 |     707.5598 |     692.8229 |     692.2559 |     731.7192 |     727.3574 |     698.7215 |     716.5460 |     726.3738 |     694.1105 |     726.3745 |     727.3560 |     695.6200 |     724.7085 |     721.5779 |
|   Runtime unhalted [s]  |   980.6191 |   979.0903 |   979.3172 |   979.3614 |   979.2245 |   979.4707 |   979.4488 |   979.4972 |   978.9214 |   979.0568 |    979.0872 |    979.3218 |    978.8707 |    979.2064 |    979.0245 |    979.1453 |    979.3399 |    979.0907 |    979.4061 |    979.3653 |    979.1803 |    979.0761 |    979.2734 |    979.4061 |    979.2976 |    979.3934 |    979.0961 |    979.2407 |    979.2430 |    978.9984 |    979.3330 |    979.3768 |    979.2891 |    979.0764 |    978.8464 |    979.0076 |    978.8226 |    979.0638 |    978.7572 |    979.1141 |    978.9268 |    979.1045 |    979.3576 |    979.4388 |    979.2461 |    979.2045 |    979.3045 |    979.2534 |    979.2622 |    979.0995 |    979.2168 |    979.2388 |    978.8818 |    979.4699 |    979.0753 |    979.4649 |    979.1268 |    979.3003 |    979.1399 |    979.1999 |    979.3857 |    978.9895 |    979.0045 |    979.0153 |    979.3568 |    979.1841 |    979.3945 |    979.3526 |    979.2968 |    979.5784 |    979.3118 |    979.0522 |    979.4599 |    979.5364 |    978.9438 |    979.4972 |    979.5072 |    979.2841 |    979.3564 |    979.3888 |    979.4753 |    978.9314 |    978.9895 |    979.0695 |    978.8407 |    978.9507 |    979.2280 |    978.9611 |    979.2734 |    979.2022 |    979.0118 |    979.2349 |    979.2603 |    979.2676 |    979.1541 |    979.4407 |    982.3641 |    982.4945 |    982.2111 |    982.6914 |     982.5426 |     982.2838 |     982.3468 |     982.3934 |     982.1503 |     982.1726 |     982.3980 |     982.4364 |     982.2249 |     982.2988 |     982.1653 |     981.8595 |     982.5430 |     982.3222 |     982.3134 |     982.3145 |     982.2695 |     982.2614 |     982.3649 |     982.4688 |     982.6318 |     982.4395 |     982.3688 |     982.4449 |     982.3849 |     982.4318 |     982.3488 |     982.2134 |     981.9457 |     982.5064 |     982.1922 |     982.3895 |     982.1688 |     981.8668 |     982.5068 |     982.2599 |     982.3830 |     982.2038 |     982.3038 |     982.3018 |     981.9768 |     982.3776 |     982.5411 |     982.2364 |     982.1564 |     982.0918 |     982.3641 |     981.9038 |     982.1445 |     982.3453 |     982.3714 |     982.2684 |     982.2761 |     982.1641 |     982.1264 |     982.4091 |     982.2949 |     982.0488 |     982.1030 |     982.1895 |
|       Clock [MHz]       |  3684.4807 |  3683.9147 |  3684.5491 |  3684.5473 |  3684.3008 |  3684.6568 |  3684.6174 |  3684.4942 |  3684.4627 |  3684.4656 |   3684.3153 |   3684.6957 |   3684.6840 |   3684.4543 |   3684.2968 |   3684.2754 |   3684.6857 |   3684.7427 |   3684.6106 |   3684.7525 |   3684.4174 |   3684.2467 |   3684.3390 |   3684.2723 |   3684.1575 |   3684.3947 |   3684.6317 |   3684.3924 |   3684.3580 |   3684.2640 |   3684.5572 |   3684.3120 |   3684.6014 |   3684.5517 |   3684.3876 |   3684.4362 |   3684.6569 |   3684.5942 |   3684.5749 |   3684.2956 |   3684.6635 |   3684.2225 |   3684.5739 |   3684.3174 |   3684.2445 |   3684.4327 |   3684.2778 |   3684.3212 |   3684.5308 |   3684.2755 |   3684.4134 |   3684.2662 |   3684.2028 |   3684.0164 |   3684.3935 |   3684.4998 |   3684.1855 |   3684.5798 |   3684.5731 |   3684.2861 |   3684.5442 |   3684.2164 |   3684.6092 |   3684.3174 |   3684.5115 |   3684.5242 |   3684.5426 |   3684.6761 |   3684.3268 |   3684.6027 |   3684.3238 |   3684.6410 |   3684.5589 |   3684.5065 |   3684.1610 |   3684.5373 |   3684.2797 |   3684.5005 |   3684.6188 |   3684.2400 |   3684.5758 |   3684.2132 |   3684.5302 |   3684.5749 |   3684.1464 |   3684.5727 |   3684.5784 |   3684.2467 |   3684.5277 |   3684.1656 |   3684.1978 |   3684.2456 |   3684.4682 |   3684.5347 |   3684.5938 |   3684.5604 |   3696.7123 |   3696.7481 |   3696.7248 |   3697.1989 |    3696.7335 |    3696.7637 |    3697.0382 |    3696.7173 |    3697.0703 |    3696.7920 |    3696.7902 |    3696.7642 |    3696.7378 |    3696.7646 |    3696.7995 |    3696.7354 |    3696.6650 |    3696.7274 |    3696.9904 |    3696.8919 |    3696.6916 |    3696.7106 |    3696.7543 |    3697.0483 |    3696.6701 |    3696.7799 |    3697.1104 |    3696.7219 |    3696.8851 |    3696.7633 |    3696.9384 |    3697.0196 |    3696.0675 |    3696.3095 |    3696.6662 |    3697.0177 |    3696.3988 |    3696.9256 |    3696.9982 |    3696.5320 |    3696.7585 |    3696.7672 |    3696.8308 |    3696.8132 |    3697.0453 |    3696.8267 |    3696.8162 |    3697.0694 |    3697.1306 |    3697.0191 |    3697.1054 |    3696.6384 |    3696.7172 |    3696.8636 |    3696.7336 |    3696.7614 |    3696.7533 |    3696.4165 |    3697.0567 |    3696.6079 |    3696.9848 |    3696.7149 |    3696.7379 |    3696.7219 |
|           CPI           |     1.5697 |     1.5759 |     1.5659 |     1.5626 |     1.5663 |     1.5693 |     1.5707 |     1.5806 |     1.3264 |     1.3222 |      1.3290 |      1.3268 |      1.3354 |      1.3341 |      1.3293 |      1.3337 |      1.5511 |      1.5457 |      1.5431 |      1.5503 |      1.5523 |      1.5598 |      1.5542 |      1.5510 |      1.5650 |      1.5657 |      1.5647 |      1.5741 |      1.5708 |      1.5713 |      1.5672 |      1.5704 |      1.3345 |      1.3340 |      1.3384 |      1.3406 |      1.3439 |      1.3393 |      1.3378 |      1.3386 |      1.5460 |      1.5550 |      1.5487 |      1.5468 |      1.5522 |      1.5604 |      1.5554 |      1.5604 |      1.5414 |      1.5550 |      1.5536 |      1.5578 |      1.5517 |      1.5502 |      1.5539 |      1.5666 |      1.3348 |      1.3339 |      1.3287 |      1.3277 |      1.3252 |      1.3341 |      1.3330 |      1.3319 |      1.5443 |      1.5400 |      1.5356 |      1.5462 |      1.5394 |      1.5427 |      1.5422 |      1.5486 |      1.5753 |      1.5804 |      1.5737 |      1.5782 |      1.5717 |      1.5791 |      1.5753 |      1.5765 |      1.3290 |      1.3339 |      1.3274 |      1.3317 |      1.3239 |      1.3282 |      1.3314 |      1.3360 |      1.5520 |      1.5562 |      1.5611 |      1.5530 |      1.5460 |      1.5622 |      1.5598 |      1.5563 |      1.6733 |      1.6807 |      1.6761 |      1.6832 |       1.6670 |       1.6723 |       1.6775 |       1.6773 |       1.3483 |       1.3551 |       1.3478 |       1.3503 |       1.3509 |       1.3559 |       1.3506 |       1.3563 |       1.6623 |       1.6618 |       1.6543 |       1.6505 |       1.6588 |       1.6654 |       1.6532 |       1.6508 |       1.6805 |       1.6769 |       1.6718 |       1.6797 |       1.6742 |       1.6773 |       1.6762 |       1.6780 |       1.3528 |       1.3587 |       1.3536 |       1.3581 |       1.3508 |       1.3606 |       1.3587 |       1.3591 |       1.6561 |       1.6630 |       1.6598 |       1.6529 |       1.6630 |       1.6585 |       1.6657 |       1.6645 |       1.3432 |       1.3482 |       1.3417 |       1.3442 |       1.3495 |       1.3463 |       1.3482 |       1.3450 |       1.3370 |       1.3320 |       1.3300 |       1.3289 |       1.3299 |       1.3385 |       1.3328 |       1.3349 |
| L3 bandwidth [MBytes/s] |  3040.2236 |  3065.1749 |  3097.7433 |  3133.5822 |  3179.7428 |  3218.0133 |  3078.2357 |  3087.8912 |  4019.8022 |  4014.1643 |   4067.8974 |   4139.3195 |   4106.0179 |   4005.7604 |   4088.3219 |   3982.7016 |   3213.6920 |   3318.6627 |   3312.3286 |   3208.0245 |   3144.1173 |   3286.1297 |   3279.7795 |   3190.5127 |   3129.9290 |   3213.5805 |   3103.3907 |   3177.9979 |   3158.8789 |   3221.4175 |   3080.1776 |   3242.8400 |   4007.2509 |   4049.3433 |   4141.7143 |   4135.2002 |   4005.1484 |   4094.0982 |   4121.1820 |   4146.0973 |   3227.8950 |   3223.9368 |   3312.0174 |   3266.4212 |   3311.9241 |   3101.9010 |   3238.0077 |   3170.7755 |   3263.4844 |   3283.4857 |   3300.5745 |   3257.0454 |   3278.5921 |   3240.6495 |   3195.2074 |   3242.6150 |   4082.2295 |   4147.7691 |   4180.7946 |   4074.5244 |   4060.7765 |   4117.3856 |   4028.9045 |   4124.5727 |   3292.2330 |   3223.8594 |   3288.3207 |   3206.4830 |   3237.8574 |   3339.1211 |   3333.9528 |   3276.1963 |   3116.7308 |   3054.4286 |   3148.2913 |   3080.9052 |   3100.9302 |   3124.9246 |   3210.0807 |   3196.6442 |   4068.9677 |   3979.3989 |   4129.9753 |   4064.8984 |   4029.6998 |   4076.9651 |   4041.1378 |   4092.8895 |   3214.7103 |   3276.8346 |   3208.8283 |   3263.5444 |   3182.4572 |   3190.2866 |   3140.4910 |   3206.5444 |   2779.8600 |   2754.0373 |   2779.4384 |   2700.8039 |    2800.6502 |    2753.4083 |    2766.1365 |    2732.7903 |    3815.4123 |    3947.5577 |    3898.2025 |    3803.9270 |    3947.7218 |    3912.9128 |    3803.7976 |    3954.8927 |    2758.1991 |    2765.2511 |    2824.6468 |    2789.0789 |    2776.9325 |    2750.8370 |    2780.9707 |    2786.7608 |    2727.9271 |    2756.5267 |    2723.2875 |    2732.1469 |    2716.0085 |    2736.6940 |    2715.4934 |    2786.5109 |    3804.2514 |    3781.4920 |    3807.5242 |    3980.2875 |    3814.9879 |    3906.7620 |    3951.0562 |    3792.0409 |    2841.1883 |    2823.5916 |    2824.0531 |    2841.7779 |    2719.4312 |    2840.3776 |    2835.5439 |    2794.1813 |    4003.2067 |    3802.6762 |    3968.6893 |    4036.8328 |    4020.6604 |    3810.6735 |    3830.9749 |    4000.5028 |    3936.2240 |    3903.1103 |    4097.6077 |    3921.2226 |    3914.5289 |    4045.2528 |    3914.2498 |    3918.1291 |
| L3 data volume [GBytes] |  2228.1115 |  2237.0112 |  2263.8943 |  2267.7584 |  2261.7908 |  2253.5059 |  2251.3662 |  2225.6544 |  2913.1788 |  2927.7275 |   2907.5256 |   2913.5444 |   2885.6585 |   2890.4577 |   2905.7924 |   2891.7201 |   2293.0287 |   2302.0050 |   2314.4035 |   2294.5703 |   2292.2074 |   2273.8437 |   2289.8194 |   2294.9823 |   2263.3540 |   2260.1083 |   2263.4499 |   2240.4574 |   2250.9931 |   2244.9581 |   2256.1004 |   2250.8812 |   2889.5084 |   2890.3269 |   2877.8785 |   2868.4003 |   2861.6445 |   2872.0410 |   2878.5096 |   2874.6775 |   2304.8155 |   2285.4742 |   2302.3800 |   2306.2877 |   2292.6931 |   2271.0580 |   2286.2190 |   2275.4703 |   2323.0275 |   2286.7597 |   2290.9614 |   2279.1716 |   2296.8990 |   2299.0801 |   2291.2126 |   2258.2972 |   2890.6916 |   2890.5293 |   2908.2535 |   2909.3412 |   2924.6338 |   2888.3715 |   2894.2703 |   2895.3638 |   2312.9148 |   2318.1932 |   2334.6808 |   2304.2913 |   2326.8383 |   2313.4259 |   2317.6286 |   2296.7633 |   2238.1425 |   2223.3219 |   2242.6460 |   2230.4349 |   2248.9620 |   2226.0003 |   2238.5610 |   2236.9032 |   2909.3217 |   2892.5080 |   2913.8723 |   2894.5422 |   2928.2849 |   2907.9496 |   2900.0773 |   2883.1611 |   2292.1029 |   2281.1252 |   2268.9291 |   2287.8911 |   2309.0570 |   2265.8902 |   2271.9411 |   2280.8513 |   1966.9119 |   1952.3585 |   1962.4414 |   1945.1565 |    1984.0229 |    1970.1113 |    1959.5764 |    1958.1716 |    2785.5318 |    2760.2930 |    2792.1374 |    2778.4157 |    2780.8988 |    2760.7247 |    2779.8910 |    2758.9909 |    1988.8532 |    1989.7926 |    2006.1916 |    2015.4459 |    1996.8516 |    1980.0211 |    2008.1887 |    2012.3682 |    1951.8818 |    1959.2068 |    1972.2386 |    1954.8981 |    1966.2650 |    1962.4198 |    1962.2687 |    1956.0688 |    2770.4179 |    2753.8409 |    2771.5030 |    2753.2652 |    2779.8207 |    2745.6220 |    2756.3149 |    2751.3441 |    2003.0116 |    1985.8291 |    1995.4313 |    2008.5740 |    1985.3874 |    1999.2546 |    1982.7223 |    1982.3316 |    2803.3600 |    2781.2047 |    2808.0850 |    2796.8102 |    2783.3259 |    2788.3430 |    2786.4879 |    2795.2373 |    2820.4856 |    2835.1171 |    2844.1925 |    2848.2761 |    2847.2561 |    2813.9587 |    2836.6901 |    2827.2354 |
+-------------------------+------------+------------+------------+------------+------------+------------+------------+------------+------------+------------+-------------+-------------+-------------+-------------+-------------+-------------+-------------+-------------+-------------+-------------+-------------+-------------+-------------+-------------+-------------+-------------+-------------+-------------+-------------+-------------+-------------+-------------+-------------+-------------+-------------+-------------+-------------+-------------+-------------+-------------+-------------+-------------+-------------+-------------+-------------+-------------+-------------+-------------+-------------+-------------+-------------+-------------+-------------+-------------+-------------+-------------+-------------+-------------+-------------+-------------+-------------+-------------+-------------+-------------+-------------+-------------+-------------+-------------+-------------+-------------+-------------+-------------+-------------+-------------+-------------+-------------+-------------+-------------+-------------+-------------+-------------+-------------+-------------+-------------+-------------+-------------+-------------+-------------+-------------+-------------+-------------+-------------+-------------+-------------+-------------+-------------+-------------+-------------+-------------+-------------+--------------+--------------+--------------+--------------+--------------+--------------+--------------+--------------+--------------+--------------+--------------+--------------+--------------+--------------+--------------+--------------+--------------+--------------+--------------+--------------+--------------+--------------+--------------+--------------+--------------+--------------+--------------+--------------+--------------+--------------+--------------+--------------+--------------+--------------+--------------+--------------+--------------+--------------+--------------+--------------+--------------+--------------+--------------+--------------+--------------+--------------+--------------+--------------+--------------+--------------+--------------+--------------+--------------+--------------+--------------+--------------+--------------+--------------+--------------+--------------+

+------------------------------+-------------+-----------+-----------+-----------+
|            Metric            |     Sum     |    Min    |    Max    |    Avg    |
+------------------------------+-------------+-----------+-----------+-----------+
|   Runtime (RDTSC) [s] STAT   | 113945.4178 |  691.7252 |  732.8775 |  712.1589 |
|   Runtime unhalted [s] STAT  | 156871.8300 |  978.7572 |  982.6914 |  980.4489 |
|       Clock [MHz] STAT       | 590300.9558 | 3683.9147 | 3697.1989 | 3689.3810 |
|           CPI STAT           |    238.8639 |    1.3222 |    1.6832 |    1.4929 |
| L3 bandwidth [MBytes/s] STAT | 549198.0741 | 2700.8039 | 4180.7946 | 3432.4880 |
| L3 data volume [GBytes] STAT | 390990.6525 | 1945.1565 | 2928.2849 | 2443.6916 |
+------------------------------+-------------+-----------+-----------+-----------+

