INFO: You are running LIKWID in a cpuset with 176 CPUs. Taking given IDs as logical ID in cpuset
--------------------------------------------------------------------------------
CPU name:	AMD EPYC 9A14 96-Core Processor                
CPU type:	AMD K19 (Zen4) architecture
CPU clock:	2.60 GHz
--------------------------------------------------------------------------------
Sys.CPU_THREADS       192
SLURM_CPUS_PER_TASK   176
OMP_NUM_THREADS       176
OMP_PROC_BIND         close
OMP_PLACES            cores
BLAS_NUM_THREADS      1
Threads.nthreads()    1

Successfully read data from: /public/home/halili/jld2file/cc-pvdz/h2o-1.0-cc-pvdz.jld2
  name: h2o
  ratio: 1.0
  basis: cc-pvdz
  nα: 5, nβ: 5, ne: 10, norb: 24, nq: 48

  ngs: 25495
  ncs: 128793

Warming up JIT and Hardware...
Warm-up completed.
  Step 001:  residual: 9.9885e-01,  e: -76.02676073376631
  Step 002:  residual: 3.3618e-01,  e: -76.22561643779899
  Step 003:  residual: 9.9286e-02,  e: -76.24222290584424
  Step 004:  residual: 3.2400e-02,  e: -76.24360734427410
  Step 005:  residual: 1.2871e-02,  e: -76.24376885653822
  Step 006:  residual: 4.3599e-03,  e: -76.24379383490465
  Step 007:  residual: 1.6905e-03,  e: -76.24379667642260
  Step 008:  residual: 7.0448e-04,  e: -76.24379712049127
  Step 009:  residual: 3.1828e-04,  e: -76.24379720589893
  Step 010:  residual: 1.2649e-04,  e: -76.24379722155598
  Step 011:  residual: 4.7677e-05,  e: -76.24379722386441
  Step 012:  residual: 1.7064e-05,  e: -76.24379722415699
  Step 013:  residual: 6.0873e-06,  e: -76.24379722419403

Convergence reached!
752.567167 seconds (7.21 M allocations: 91.224 GiB, 0.07% gc time, 0.27% compilation time)
--------------------------------------------------------------------------------
Region hvec_direct_agg, Group 1: L3
+-------------------+------------+------------+------------+------------+------------+------------+------------+------------+------------+------------+-------------+-------------+-------------+-------------+-------------+-------------+-------------+-------------+-------------+-------------+-------------+-------------+-------------+-------------+-------------+-------------+-------------+-------------+-------------+-------------+-------------+-------------+-------------+-------------+-------------+-------------+-------------+-------------+-------------+-------------+-------------+-------------+-------------+-------------+-------------+-------------+-------------+-------------+-------------+-------------+-------------+-------------+-------------+-------------+-------------+-------------+-------------+-------------+-------------+-------------+-------------+-------------+-------------+-------------+-------------+-------------+-------------+-------------+-------------+-------------+-------------+-------------+-------------+-------------+-------------+-------------+-------------+-------------+-------------+-------------+-------------+-------------+-------------+-------------+-------------+-------------+-------------+-------------+-------------+-------------+-------------+-------------+-------------+-------------+-------------+-------------+-------------+-------------+-------------+-------------+--------------+--------------+--------------+--------------+--------------+--------------+--------------+--------------+--------------+--------------+--------------+--------------+--------------+--------------+--------------+--------------+--------------+--------------+--------------+--------------+--------------+--------------+--------------+--------------+--------------+--------------+--------------+--------------+--------------+--------------+--------------+--------------+--------------+--------------+--------------+--------------+--------------+--------------+--------------+--------------+--------------+--------------+--------------+--------------+--------------+--------------+--------------+--------------+--------------+--------------+--------------+--------------+--------------+--------------+--------------+--------------+--------------+--------------+--------------+--------------+--------------+--------------+--------------+--------------+--------------+--------------+--------------+--------------+--------------+--------------+--------------+--------------+--------------+--------------+--------------+--------------+
|    Region Info    | HWThread 0 | HWThread 1 | HWThread 2 | HWThread 3 | HWThread 4 | HWThread 5 | HWThread 6 | HWThread 7 | HWThread 8 | HWThread 9 | HWThread 10 | HWThread 11 | HWThread 12 | HWThread 13 | HWThread 14 | HWThread 15 | HWThread 16 | HWThread 17 | HWThread 18 | HWThread 19 | HWThread 20 | HWThread 21 | HWThread 22 | HWThread 23 | HWThread 24 | HWThread 25 | HWThread 26 | HWThread 27 | HWThread 28 | HWThread 29 | HWThread 30 | HWThread 31 | HWThread 32 | HWThread 33 | HWThread 34 | HWThread 35 | HWThread 36 | HWThread 37 | HWThread 38 | HWThread 39 | HWThread 40 | HWThread 41 | HWThread 42 | HWThread 43 | HWThread 44 | HWThread 45 | HWThread 46 | HWThread 47 | HWThread 48 | HWThread 49 | HWThread 50 | HWThread 51 | HWThread 52 | HWThread 53 | HWThread 54 | HWThread 55 | HWThread 56 | HWThread 57 | HWThread 58 | HWThread 59 | HWThread 60 | HWThread 61 | HWThread 62 | HWThread 63 | HWThread 64 | HWThread 65 | HWThread 66 | HWThread 67 | HWThread 68 | HWThread 69 | HWThread 70 | HWThread 71 | HWThread 72 | HWThread 73 | HWThread 74 | HWThread 75 | HWThread 76 | HWThread 77 | HWThread 78 | HWThread 79 | HWThread 80 | HWThread 81 | HWThread 82 | HWThread 83 | HWThread 84 | HWThread 85 | HWThread 86 | HWThread 87 | HWThread 88 | HWThread 89 | HWThread 90 | HWThread 91 | HWThread 92 | HWThread 93 | HWThread 94 | HWThread 95 | HWThread 96 | HWThread 97 | HWThread 98 | HWThread 99 | HWThread 100 | HWThread 101 | HWThread 102 | HWThread 103 | HWThread 104 | HWThread 105 | HWThread 106 | HWThread 107 | HWThread 108 | HWThread 109 | HWThread 110 | HWThread 111 | HWThread 112 | HWThread 113 | HWThread 114 | HWThread 115 | HWThread 116 | HWThread 117 | HWThread 118 | HWThread 119 | HWThread 120 | HWThread 121 | HWThread 122 | HWThread 123 | HWThread 124 | HWThread 125 | HWThread 126 | HWThread 127 | HWThread 128 | HWThread 129 | HWThread 130 | HWThread 131 | HWThread 132 | HWThread 133 | HWThread 134 | HWThread 135 | HWThread 136 | HWThread 137 | HWThread 138 | HWThread 139 | HWThread 140 | HWThread 141 | HWThread 142 | HWThread 143 | HWThread 144 | HWThread 145 | HWThread 146 | HWThread 147 | HWThread 148 | HWThread 149 | HWThread 150 | HWThread 151 | HWThread 152 | HWThread 153 | HWThread 154 | HWThread 155 | HWThread 156 | HWThread 157 | HWThread 158 | HWThread 159 | HWThread 160 | HWThread 161 | HWThread 162 | HWThread 163 | HWThread 164 | HWThread 165 | HWThread 166 | HWThread 167 | HWThread 168 | HWThread 169 | HWThread 170 | HWThread 171 | HWThread 172 | HWThread 173 | HWThread 174 | HWThread 175 |
+-------------------+------------+------------+------------+------------+------------+------------+------------+------------+------------+------------+-------------+-------------+-------------+-------------+-------------+-------------+-------------+-------------+-------------+-------------+-------------+-------------+-------------+-------------+-------------+-------------+-------------+-------------+-------------+-------------+-------------+-------------+-------------+-------------+-------------+-------------+-------------+-------------+-------------+-------------+-------------+-------------+-------------+-------------+-------------+-------------+-------------+-------------+-------------+-------------+-------------+-------------+-------------+-------------+-------------+-------------+-------------+-------------+-------------+-------------+-------------+-------------+-------------+-------------+-------------+-------------+-------------+-------------+-------------+-------------+-------------+-------------+-------------+-------------+-------------+-------------+-------------+-------------+-------------+-------------+-------------+-------------+-------------+-------------+-------------+-------------+-------------+-------------+-------------+-------------+-------------+-------------+-------------+-------------+-------------+-------------+-------------+-------------+-------------+-------------+--------------+--------------+--------------+--------------+--------------+--------------+--------------+--------------+--------------+--------------+--------------+--------------+--------------+--------------+--------------+--------------+--------------+--------------+--------------+--------------+--------------+--------------+--------------+--------------+--------------+--------------+--------------+--------------+--------------+--------------+--------------+--------------+--------------+--------------+--------------+--------------+--------------+--------------+--------------+--------------+--------------+--------------+--------------+--------------+--------------+--------------+--------------+--------------+--------------+--------------+--------------+--------------+--------------+--------------+--------------+--------------+--------------+--------------+--------------+--------------+--------------+--------------+--------------+--------------+--------------+--------------+--------------+--------------+--------------+--------------+--------------+--------------+--------------+--------------+--------------+--------------+
| RDTSC Runtime [s] | 736.890700 | 730.587600 | 690.563300 | 707.041300 | 723.091700 | 729.131700 | 732.090900 | 730.588200 | 714.975400 | 715.739000 |  695.206500 |  704.170300 |  691.957800 |  697.576300 |  718.390300 |  732.386900 |  710.397900 |  725.124500 |  720.511200 |  701.908500 |  712.505900 |  695.757600 |  731.323200 |  703.158600 |  698.079300 |  727.283100 |  736.462100 |  699.170300 |  719.160800 |  718.124400 |  700.530500 |  722.082500 |  713.354900 |  702.720600 |  702.720200 |  726.434600 |  735.281100 |  702.208000 |  704.425100 |  703.660100 |  720.801100 |  724.421900 |  724.421700 |  697.322700 |  691.420800 |  694.773400 |  694.772800 |  714.140000 |  696.838900 |  694.473500 |  717.351900 |  698.582700 |  728.398700 |  696.838900 |  700.230800 |  731.066700 |  693.608500 |  726.985600 |  711.246300 |  716.031100 |  697.827600 |  728.100000 |  721.303800 |  714.682100 |  692.852100 |  704.937800 |  709.662400 |  702.464100 |  708.290400 |  709.663000 |  708.844500 |  707.780900 |  722.383700 |  727.538900 |  722.384600 |  707.337800 |  708.589300 |  713.053600 |  725.650300 |  707.338600 |  723.685200 |  690.860500 |  734.525800 |  700.791400 |  729.989800 |  705.741700 |  723.686800 |  717.866400 |  719.699500 |  706.042400 |  724.173100 |  733.353600 |  734.227000 |  710.696500 |  692.552100 |  736.159400 |  721.600200 |  721.600200 |  699.470600 |  726.434100 |   691.120500 |   691.421400 |   712.505100 |   699.470500 |   729.424100 |   716.800000 |   706.566500 |   706.351400 |   706.042900 |   732.934800 |   701.051500 |   692.256600 |   730.289400 |   698.873500 |   729.716900 |   715.467500 |   725.124200 |   716.030400 |   699.956900 |   724.422100 |   705.233300 |   733.946900 |   702.974700 |   734.783000 |   734.784300 |   717.350800 |   719.159800 |   713.353600 |   690.352700 |   705.232100 |   718.888100 |   704.424900 |   723.391100 |   725.950700 |   727.797700 |   725.648300 |   693.112800 |   711.771900 |   694.194900 |   696.560400 |   720.799100 |   711.772700 |   707.595500 |   693.112600 |   695.757200 |   732.640600 |   735.582500 |   732.640400 |   731.321500 |   733.650500 |   719.698500 |   716.524700 |   714.139900 |   728.651200 |   698.079700 |   728.651600 |   731.821200 |   710.950300 |   709.393500 |   714.973500 |   709.104500 |   701.351000 |   703.660200 |   693.906300 |   720.238800 |   696.293400 |   718.389300 |   711.245500 |   722.384100 |   712.227700 |   717.073400 |   735.879600 |   713.860400 |   695.458800 |   701.629200 |   709.663300 |
|     call count    |         13 |         13 |         13 |         13 |         13 |         13 |         13 |         13 |         13 |         13 |          13 |          13 |          13 |          13 |          13 |          13 |          13 |          13 |          13 |          13 |          13 |          13 |          13 |          13 |          13 |          13 |          13 |          13 |          13 |          13 |          13 |          13 |          13 |          13 |          13 |          13 |          13 |          13 |          13 |          13 |          13 |          13 |          13 |          13 |          13 |          13 |          13 |          13 |          13 |          13 |          13 |          13 |          13 |          13 |          13 |          13 |          13 |          13 |          13 |          13 |          13 |          13 |          13 |          13 |          13 |          13 |          13 |          13 |          13 |          13 |          13 |          13 |          13 |          13 |          13 |          13 |          13 |          13 |          13 |          13 |          13 |          13 |          13 |          13 |          13 |          13 |          13 |          13 |          13 |          13 |          13 |          13 |          13 |          13 |          13 |          13 |          13 |          13 |          13 |          13 |           13 |           13 |           13 |           13 |           13 |           13 |           13 |           13 |           13 |           13 |           13 |           13 |           13 |           13 |           13 |           13 |           13 |           13 |           13 |           13 |           13 |           13 |           13 |           13 |           13 |           13 |           13 |           13 |           13 |           13 |           13 |           13 |           13 |           13 |           13 |           13 |           13 |           13 |           13 |           13 |           13 |           13 |           13 |           13 |           13 |           13 |           13 |           13 |           13 |           13 |           13 |           13 |           13 |           13 |           13 |           13 |           13 |           13 |           13 |           13 |           13 |           13 |           13 |           13 |           13 |           13 |           13 |           13 |           13 |           13 |           13 |           13 |           13 |           13 |           13 |           13 |
+-------------------+------------+------------+------------+------------+------------+------------+------------+------------+------------+------------+-------------+-------------+-------------+-------------+-------------+-------------+-------------+-------------+-------------+-------------+-------------+-------------+-------------+-------------+-------------+-------------+-------------+-------------+-------------+-------------+-------------+-------------+-------------+-------------+-------------+-------------+-------------+-------------+-------------+-------------+-------------+-------------+-------------+-------------+-------------+-------------+-------------+-------------+-------------+-------------+-------------+-------------+-------------+-------------+-------------+-------------+-------------+-------------+-------------+-------------+-------------+-------------+-------------+-------------+-------------+-------------+-------------+-------------+-------------+-------------+-------------+-------------+-------------+-------------+-------------+-------------+-------------+-------------+-------------+-------------+-------------+-------------+-------------+-------------+-------------+-------------+-------------+-------------+-------------+-------------+-------------+-------------+-------------+-------------+-------------+-------------+-------------+-------------+-------------+-------------+--------------+--------------+--------------+--------------+--------------+--------------+--------------+--------------+--------------+--------------+--------------+--------------+--------------+--------------+--------------+--------------+--------------+--------------+--------------+--------------+--------------+--------------+--------------+--------------+--------------+--------------+--------------+--------------+--------------+--------------+--------------+--------------+--------------+--------------+--------------+--------------+--------------+--------------+--------------+--------------+--------------+--------------+--------------+--------------+--------------+--------------+--------------+--------------+--------------+--------------+--------------+--------------+--------------+--------------+--------------+--------------+--------------+--------------+--------------+--------------+--------------+--------------+--------------+--------------+--------------+--------------+--------------+--------------+--------------+--------------+--------------+--------------+--------------+--------------+--------------+--------------+

+-----------------------------+---------+---------------+---------------+---------------+---------------+---------------+---------------+---------------+---------------+---------------+---------------+---------------+---------------+---------------+---------------+---------------+---------------+---------------+---------------+---------------+---------------+---------------+---------------+---------------+---------------+---------------+---------------+---------------+---------------+---------------+---------------+---------------+---------------+---------------+---------------+---------------+---------------+---------------+---------------+---------------+---------------+---------------+---------------+---------------+---------------+---------------+---------------+---------------+---------------+---------------+---------------+---------------+---------------+---------------+---------------+---------------+---------------+---------------+---------------+---------------+---------------+---------------+---------------+---------------+---------------+---------------+---------------+---------------+---------------+---------------+---------------+---------------+---------------+---------------+---------------+---------------+---------------+---------------+---------------+---------------+---------------+---------------+---------------+---------------+---------------+---------------+---------------+---------------+---------------+---------------+---------------+---------------+---------------+---------------+---------------+---------------+---------------+---------------+---------------+---------------+---------------+---------------+---------------+---------------+---------------+---------------+---------------+---------------+---------------+---------------+---------------+---------------+---------------+---------------+---------------+---------------+---------------+---------------+---------------+---------------+---------------+---------------+---------------+---------------+---------------+---------------+---------------+---------------+---------------+---------------+---------------+---------------+---------------+---------------+---------------+---------------+---------------+---------------+---------------+---------------+---------------+---------------+---------------+---------------+---------------+---------------+---------------+---------------+---------------+---------------+---------------+---------------+---------------+---------------+---------------+---------------+---------------+---------------+---------------+---------------+---------------+---------------+---------------+---------------+---------------+---------------+---------------+---------------+---------------+---------------+---------------+---------------+---------------+---------------+---------------+---------------+---------------+
|            Event            | Counter |   HWThread 0  |   HWThread 1  |   HWThread 2  |   HWThread 3  |   HWThread 4  |   HWThread 5  |   HWThread 6  |   HWThread 7  |   HWThread 8  |   HWThread 9  |  HWThread 10  |  HWThread 11  |  HWThread 12  |  HWThread 13  |  HWThread 14  |  HWThread 15  |  HWThread 16  |  HWThread 17  |  HWThread 18  |  HWThread 19  |  HWThread 20  |  HWThread 21  |  HWThread 22  |  HWThread 23  |  HWThread 24  |  HWThread 25  |  HWThread 26  |  HWThread 27  |  HWThread 28  |  HWThread 29  |  HWThread 30  |  HWThread 31  |  HWThread 32  |  HWThread 33  |  HWThread 34  |  HWThread 35  |  HWThread 36  |  HWThread 37  |  HWThread 38  |  HWThread 39  |  HWThread 40  |  HWThread 41  |  HWThread 42  |  HWThread 43  |  HWThread 44  |  HWThread 45  |  HWThread 46  |  HWThread 47  |  HWThread 48  |  HWThread 49  |  HWThread 50  |  HWThread 51  |  HWThread 52  |  HWThread 53  |  HWThread 54  |  HWThread 55  |  HWThread 56  |  HWThread 57  |  HWThread 58  |  HWThread 59  |  HWThread 60  |  HWThread 61  |  HWThread 62  |  HWThread 63  |  HWThread 64  |  HWThread 65  |  HWThread 66  |  HWThread 67  |  HWThread 68  |  HWThread 69  |  HWThread 70  |  HWThread 71  |  HWThread 72  |  HWThread 73  |  HWThread 74  |  HWThread 75  |  HWThread 76  |  HWThread 77  |  HWThread 78  |  HWThread 79  |  HWThread 80  |  HWThread 81  |  HWThread 82  |  HWThread 83  |  HWThread 84  |  HWThread 85  |  HWThread 86  |  HWThread 87  |  HWThread 88  |  HWThread 89  |  HWThread 90  |  HWThread 91  |  HWThread 92  |  HWThread 93  |  HWThread 94  |  HWThread 95  |  HWThread 96  |  HWThread 97  |  HWThread 98  |  HWThread 99  |  HWThread 100 |  HWThread 101 |  HWThread 102 |  HWThread 103 |  HWThread 104 |  HWThread 105 |  HWThread 106 |  HWThread 107 |  HWThread 108 |  HWThread 109 |  HWThread 110 |  HWThread 111 |  HWThread 112 |  HWThread 113 |  HWThread 114 |  HWThread 115 |  HWThread 116 |  HWThread 117 |  HWThread 118 |  HWThread 119 |  HWThread 120 |  HWThread 121 |  HWThread 122 |  HWThread 123 |  HWThread 124 |  HWThread 125 |  HWThread 126 |  HWThread 127 |  HWThread 128 |  HWThread 129 |  HWThread 130 |  HWThread 131 |  HWThread 132 |  HWThread 133 |  HWThread 134 |  HWThread 135 |  HWThread 136 |  HWThread 137 |  HWThread 138 |  HWThread 139 |  HWThread 140 |  HWThread 141 |  HWThread 142 |  HWThread 143 |  HWThread 144 |  HWThread 145 |  HWThread 146 |  HWThread 147 |  HWThread 148 |  HWThread 149 |  HWThread 150 |  HWThread 151 |  HWThread 152 |  HWThread 153 |  HWThread 154 |  HWThread 155 |  HWThread 156 |  HWThread 157 |  HWThread 158 |  HWThread 159 |  HWThread 160 |  HWThread 161 |  HWThread 162 |  HWThread 163 |  HWThread 164 |  HWThread 165 |  HWThread 166 |  HWThread 167 |  HWThread 168 |  HWThread 169 |  HWThread 170 |  HWThread 171 |  HWThread 172 |  HWThread 173 |  HWThread 174 |  HWThread 175 |
+-----------------------------+---------+---------------+---------------+---------------+---------------+---------------+---------------+---------------+---------------+---------------+---------------+---------------+---------------+---------------+---------------+---------------+---------------+---------------+---------------+---------------+---------------+---------------+---------------+---------------+---------------+---------------+---------------+---------------+---------------+---------------+---------------+---------------+---------------+---------------+---------------+---------------+---------------+---------------+---------------+---------------+---------------+---------------+---------------+---------------+---------------+---------------+---------------+---------------+---------------+---------------+---------------+---------------+---------------+---------------+---------------+---------------+---------------+---------------+---------------+---------------+---------------+---------------+---------------+---------------+---------------+---------------+---------------+---------------+---------------+---------------+---------------+---------------+---------------+---------------+---------------+---------------+---------------+---------------+---------------+---------------+---------------+---------------+---------------+---------------+---------------+---------------+---------------+---------------+---------------+---------------+---------------+---------------+---------------+---------------+---------------+---------------+---------------+---------------+---------------+---------------+---------------+---------------+---------------+---------------+---------------+---------------+---------------+---------------+---------------+---------------+---------------+---------------+---------------+---------------+---------------+---------------+---------------+---------------+---------------+---------------+---------------+---------------+---------------+---------------+---------------+---------------+---------------+---------------+---------------+---------------+---------------+---------------+---------------+---------------+---------------+---------------+---------------+---------------+---------------+---------------+---------------+---------------+---------------+---------------+---------------+---------------+---------------+---------------+---------------+---------------+---------------+---------------+---------------+---------------+---------------+---------------+---------------+---------------+---------------+---------------+---------------+---------------+---------------+---------------+---------------+---------------+---------------+---------------+---------------+---------------+---------------+---------------+---------------+---------------+---------------+---------------+---------------+
|       ACTUAL_CPU_CLOCK      |  FIXC1  | 2546606000000 | 2542826000000 | 2543934000000 | 2543889000000 | 2543764000000 | 2543231000000 | 2543117000000 | 2543265000000 | 2542955000000 | 2543611000000 | 2543117000000 | 2542611000000 | 2543060000000 | 2542767000000 | 2542526000000 | 2542550000000 | 2544031000000 | 2544186000000 | 2543330000000 | 2543942000000 | 2543383000000 | 2543324000000 | 2543403000000 | 2543765000000 | 2543452000000 | 2542655000000 | 2543469000000 | 2544168000000 | 2543154000000 | 2543018000000 | 2543099000000 | 2542912000000 | 2543537000000 | 2543420000000 | 2542974000000 | 2543832000000 | 2543158000000 | 2542888000000 | 2542902000000 | 2542626000000 | 2543865000000 | 2543467000000 | 2543045000000 | 2543048000000 | 2542975000000 | 2543290000000 | 2543054000000 | 2543156000000 | 2543646000000 | 2543688000000 | 2543675000000 | 2542664000000 | 2543650000000 | 2542986000000 | 2544052000000 | 2543545000000 | 2543071000000 | 2542691000000 | 2543117000000 | 2543023000000 | 2543146000000 | 2543267000000 | 2543098000000 | 2542950000000 | 2543802000000 | 2543252000000 | 2543858000000 | 2543384000000 | 2543449000000 | 2543745000000 | 2543172000000 | 2543052000000 | 2543028000000 | 2543613000000 | 2543170000000 | 2543509000000 | 2543562000000 | 2542978000000 | 2543114000000 | 2543528000000 | 2542672000000 | 2542968000000 | 2543439000000 | 2542799000000 | 2543129000000 | 2543457000000 | 2543464000000 | 2543521000000 | 2543147000000 | 2543048000000 | 2543031000000 | 2542501000000 | 2542586000000 | 2544045000000 | 2543414000000 | 2543461000000 | 2549447000000 | 2550142000000 | 2549706000000 | 2548985000000 | 2549665000000 | 2549387000000 | 2550018000000 | 2549126000000 | 2548929000000 | 2548461000000 | 2549337000000 | 2549652000000 | 2548843000000 | 2549803000000 | 2548777000000 | 2548899000000 | 2550522000000 | 2548591000000 | 2548682000000 | 2548478000000 | 2549888000000 | 2549430000000 | 2549919000000 | 2549751000000 | 2550150000000 | 2550523000000 | 2549592000000 | 2549261000000 | 2549696000000 | 2549204000000 | 2549618000000 | 2549646000000 | 2548743000000 | 2549269000000 | 2549193000000 | 2548424000000 | 2549070000000 | 2549409000000 | 2548252000000 | 2548273000000 | 2549196000000 | 2549476000000 | 2549016000000 | 2549088000000 | 2549886000000 | 2548829000000 | 2549629000000 | 2549601000000 | 2549395000000 | 2549150000000 | 2549621000000 | 2549588000000 | 2549555000000 | 2549698000000 | 2549698000000 | 2549792000000 | 2548606000000 | 2548900000000 | 2548253000000 | 2548598000000 | 2548400000000 | 2548518000000 | 2548318000000 | 2548497000000 | 2549222000000 | 2550085000000 | 2549873000000 | 2550613000000 | 2549964000000 | 2549438000000 | 2550400000000 | 2549553000000 | 2549325000000 | 2549252000000 | 2549322000000 | 2549227000000 | 2548916000000 | 2549217000000 | 2549469000000 | 2549526000000 |
|        MAX_CPU_CLOCK        |  FIXC2  | 1794574000000 | 1792390000000 | 1792658000000 | 1792624000000 | 1792632000000 | 1792378000000 | 1792086000000 | 1792141000000 | 1792026000000 | 1792491000000 | 1792132000000 | 1791832000000 | 1792160000000 | 1791942000000 | 1791827000000 | 1791707000000 | 1792819000000 | 1792954000000 | 1792445000000 | 1792784000000 | 1792381000000 | 1792363000000 | 1792391000000 | 1792660000000 | 1792407000000 | 1791860000000 | 1792370000000 | 1792910000000 | 1792206000000 | 1792113000000 | 1792069000000 | 1792118000000 | 1792554000000 | 1792381000000 | 1792125000000 | 1792710000000 | 1792127000000 | 1791919000000 | 1792061000000 | 1791840000000 | 1792734000000 | 1792430000000 | 1792156000000 | 1792008000000 | 1792094000000 | 1792199000000 | 1792169000000 | 1792237000000 | 1792582000000 | 1792607000000 | 1792458000000 | 1791866000000 | 1792565000000 | 1792088000000 | 1792829000000 | 1792377000000 | 1792205000000 | 1791873000000 | 1792182000000 | 1792133000000 | 1792342000000 | 1792160000000 | 1792198000000 | 1792047000000 | 1792657000000 | 1792329000000 | 1792711000000 | 1792419000000 | 1792419000000 | 1792506000000 | 1792080000000 | 1792133000000 | 1792129000000 | 1792439000000 | 1792150000000 | 1792488000000 | 1792359000000 | 1792124000000 | 1792201000000 | 1792331000000 | 1791897000000 | 1792118000000 | 1792414000000 | 1791954000000 | 1792246000000 | 1792422000000 | 1792439000000 | 1792478000000 | 1792235000000 | 1792183000000 | 1792140000000 | 1791748000000 | 1791872000000 | 1792781000000 | 1792416000000 | 1792347000000 | 1793326000000 | 1793514000000 | 1793206000000 | 1792758000000 | 1793206000000 | 1792952000000 | 1793363000000 | 1792731000000 | 1792649000000 | 1792222000000 | 1792856000000 | 1793186000000 | 1792540000000 | 1793158000000 | 1792599000000 | 1792687000000 | 1794076000000 | 1792466000000 | 1792632000000 | 1792468000000 | 1793566000000 | 1793159000000 | 1793466000000 | 1793479000000 | 1793514000000 | 1793839000000 | 1793183000000 | 1792983000000 | 1793379000000 | 1792914000000 | 1793252000000 | 1793248000000 | 1792467000000 | 1793010000000 | 1792953000000 | 1792395000000 | 1792831000000 | 1793086000000 | 1792125000000 | 1792312000000 | 1792911000000 | 1793114000000 | 1792798000000 | 1792835000000 | 1793387000000 | 1792667000000 | 1793081000000 | 1793203000000 | 1793034000000 | 1792861000000 | 1793023000000 | 1793081000000 | 1793142000000 | 1793222000000 | 1793097000000 | 1793180000000 | 1792522000000 | 1792667000000 | 1792242000000 | 1792376000000 | 1792183000000 | 1792306000000 | 1792258000000 | 1792402000000 | 1792903000000 | 1793490000000 | 1793365000000 | 1793891000000 | 1793319000000 | 1793047000000 | 1793562000000 | 1793125000000 | 1793051000000 | 1792980000000 | 1792888000000 | 1792818000000 | 1792745000000 | 1792792000000 | 1793122000000 | 1793126000000 |
|     RETIRED_INSTRUCTIONS    |   PMC0  | 1629366000000 | 1636570000000 | 1641572000000 | 1632967000000 | 1632715000000 | 1633020000000 | 1633262000000 | 1627319000000 | 1802626000000 | 1796005000000 | 1796952000000 | 1791703000000 | 1798333000000 | 1776198000000 | 1786825000000 | 1789997000000 | 1653389000000 | 1656134000000 | 1659076000000 | 1648371000000 | 1642329000000 | 1650429000000 | 1644734000000 | 1652446000000 | 1643678000000 | 1634701000000 | 1638845000000 | 1642871000000 | 1631163000000 | 1636404000000 | 1634600000000 | 1635782000000 | 1803254000000 | 1791779000000 | 1789772000000 | 1789500000000 | 1794388000000 | 1781391000000 | 1790976000000 | 1783331000000 | 1657797000000 | 1647144000000 | 1642944000000 | 1651978000000 | 1649129000000 | 1651595000000 | 1649651000000 | 1646032000000 | 1647423000000 | 1634055000000 | 1634964000000 | 1637346000000 | 1636313000000 | 1629548000000 | 1625243000000 | 1630532000000 | 1800017000000 | 1798265000000 | 1789134000000 | 1792698000000 | 1791201000000 | 1778260000000 | 1784355000000 | 1789714000000 | 1655247000000 | 1647261000000 | 1657777000000 | 1653376000000 | 1657210000000 | 1636212000000 | 1640709000000 | 1657767000000 | 1630809000000 | 1628817000000 | 1629254000000 | 1629337000000 | 1624188000000 | 1623401000000 | 1627601000000 | 1624311000000 | 1788903000000 | 1797133000000 | 1797741000000 | 1792165000000 | 1791605000000 | 1785024000000 | 1798078000000 | 1783972000000 | 1658472000000 | 1639177000000 | 1649475000000 | 1654233000000 | 1649315000000 | 1643028000000 | 1647357000000 | 1640298000000 | 1215896000000 | 1217777000000 | 1213913000000 | 1211819000000 | 1215139000000 | 1214085000000 | 1215088000000 | 1210880000000 | 1578172000000 | 1575020000000 | 1582301000000 | 1574573000000 | 1578198000000 | 1576706000000 | 1574821000000 | 1567483000000 | 1230145000000 | 1231700000000 | 1230761000000 | 1228958000000 | 1227844000000 | 1225156000000 | 1232358000000 | 1229822000000 | 1215644000000 | 1223007000000 | 1216313000000 | 1221758000000 | 1227417000000 | 1207436000000 | 1209186000000 | 1204449000000 | 1563341000000 | 1558104000000 | 1568568000000 | 1561201000000 | 1564000000000 | 1558154000000 | 1553774000000 | 1544654000000 | 1211160000000 | 1222975000000 | 1223685000000 | 1217725000000 | 1221957000000 | 1216292000000 | 1220961000000 | 1220424000000 | 1232061000000 | 1233905000000 | 1228342000000 | 1227501000000 | 1235246000000 | 1230870000000 | 1219999000000 | 1234980000000 | 1590567000000 | 1592390000000 | 1595026000000 | 1589712000000 | 1593042000000 | 1585622000000 | 1586058000000 | 1588418000000 | 1244153000000 | 1229101000000 | 1238784000000 | 1238157000000 | 1250989000000 | 1236112000000 | 1237884000000 | 1238305000000 | 1597657000000 | 1592713000000 | 1593680000000 | 1594330000000 | 1594921000000 | 1591745000000 | 1590523000000 | 1596084000000 |
|     CPU_CLOCKS_UNHALTED     |   PMC1  | 2491149000000 | 2497988000000 | 2499995000000 | 2499959000000 | 2499311000000 | 2499877000000 | 2499986000000 | 2498556000000 | 2493432000000 | 2493937000000 | 2493674000000 | 2492686000000 | 2493789000000 | 2492848000000 | 2494380000000 | 2493593000000 | 2498165000000 | 2499597000000 | 2498527000000 | 2499626000000 | 2498869000000 | 2499711000000 | 2498960000000 | 2500975000000 | 2497405000000 | 2495749000000 | 2499982000000 | 2498924000000 | 2496972000000 | 2498728000000 | 2498174000000 | 2497482000000 | 2494166000000 | 2496088000000 | 2492615000000 | 2493391000000 | 2495499000000 | 2493310000000 | 2494782000000 | 2492746000000 | 2499056000000 | 2500064000000 | 2498275000000 | 2497551000000 | 2499362000000 | 2500780000000 | 2500752000000 | 2499049000000 | 2500521000000 | 2498980000000 | 2499894000000 | 2498998000000 | 2502273000000 | 2498933000000 | 2501289000000 | 2499303000000 | 2491518000000 | 2492048000000 | 2492318000000 | 2492868000000 | 2491916000000 | 2490456000000 | 2490825000000 | 2491386000000 | 2496968000000 | 2495596000000 | 2498847000000 | 2495802000000 | 2498385000000 | 2499138000000 | 2498039000000 | 2498041000000 | 2499979000000 | 2501692000000 | 2498610000000 | 2500655000000 | 2501138000000 | 2499003000000 | 2500009000000 | 2500223000000 | 2492797000000 | 2493218000000 | 2493658000000 | 2492722000000 | 2495258000000 | 2493504000000 | 2493837000000 | 2494572000000 | 2496931000000 | 2499092000000 | 2496688000000 | 2496988000000 | 2498131000000 | 2499203000000 | 2499175000000 | 2499094000000 | 2514036000000 | 2516055000000 | 2515987000000 | 2516520000000 | 2516323000000 | 2514840000000 | 2515228000000 | 2515740000000 | 2505766000000 | 2505363000000 | 2507406000000 | 2507180000000 | 2507143000000 | 2507172000000 | 2505363000000 | 2507387000000 | 2513750000000 | 2514738000000 | 2514864000000 | 2514047000000 | 2515557000000 | 2515328000000 | 2516297000000 | 2516101000000 | 2516970000000 | 2516241000000 | 2514809000000 | 2515692000000 | 2516097000000 | 2514409000000 | 2516063000000 | 2516307000000 | 2502762000000 | 2501935000000 | 2504918000000 | 2505534000000 | 2507473000000 | 2505178000000 | 2506018000000 | 2504060000000 | 2515424000000 | 2515513000000 | 2514713000000 | 2515448000000 | 2517060000000 | 2515394000000 | 2515766000000 | 2516344000000 | 2516492000000 | 2517543000000 | 2517497000000 | 2516929000000 | 2516813000000 | 2518586000000 | 2518181000000 | 2516148000000 | 2503678000000 | 2503737000000 | 2504579000000 | 2504617000000 | 2505440000000 | 2506203000000 | 2504866000000 | 2503130000000 | 2513994000000 | 2516816000000 | 2516354000000 | 2518000000000 | 2516715000000 | 2516216000000 | 2515673000000 | 2516402000000 | 2504442000000 | 2505399000000 | 2505647000000 | 2506706000000 | 2506676000000 | 2505373000000 | 2508233000000 | 2505491000000 |
|       L2_PF_HIT_IN_L3       |   PMC2  |   10205110000 |   10728340000 |   11111470000 |   10559110000 |   10764640000 |   10787960000 |   10881940000 |   10653920000 |   13138420000 |   12751480000 |   13020260000 |   12805060000 |   13434760000 |   12058210000 |   12889700000 |   13184990000 |   10855490000 |   11022650000 |   11401670000 |   10762600000 |   10675330000 |   11099500000 |   10959670000 |   11356630000 |   10923170000 |   10552770000 |   10738700000 |   11088320000 |   10630970000 |   10841470000 |   10983310000 |   11020490000 |   13397870000 |   12588000000 |   12980490000 |   12899690000 |   13290610000 |   12569740000 |   13348530000 |   12877130000 |   11188980000 |   10546390000 |   10586430000 |   11188310000 |   11120450000 |   11163950000 |   11283240000 |   11134950000 |   11026670000 |   10339310000 |   10570620000 |   10710410000 |   10734590000 |   10369430000 |   10305470000 |   10585170000 |   13029550000 |   12954720000 |   12658340000 |   12979510000 |   13079760000 |   12278050000 |   12889100000 |   13079070000 |   10935660000 |   10557010000 |   11312190000 |   11114260000 |   11374140000 |   10171760000 |   10526020000 |   11572340000 |   10458260000 |   10203100000 |   10567390000 |   10571050000 |   10318000000 |   10367960000 |   10818690000 |   10509260000 |   12418840000 |   12939840000 |   13123230000 |   12816420000 |   12937780000 |   12653310000 |   13654000000 |   12734890000 |   11304640000 |   10192200000 |   11008160000 |   11303340000 |   11133090000 |   10654300000 |   11108870000 |   10722120000 |    6092504000 |    6135071000 |    6056857000 |    5912338000 |    6169943000 |    6120749000 |    6178799000 |    5909997000 |   11555990000 |   11212300000 |   11959990000 |   11522780000 |   11770070000 |   11790400000 |   11700420000 |   11075860000 |    6284958000 |    6318914000 |    6390453000 |    6340956000 |    6266610000 |    6162510000 |    6546729000 |    6418583000 |    6008549000 |    6449849000 |    6229686000 |    6449880000 |    6773873000 |    5795660000 |    5836137000 |    5566845000 |   11347490000 |   11022130000 |   11877460000 |   11233450000 |   11434330000 |   11010540000 |   10930780000 |   10291970000 |    5720894000 |    6311561000 |    6472287000 |    6148210000 |    6331448000 |    6094519000 |    6351101000 |    6326302000 |    6259624000 |    6347281000 |    6088777000 |    6088152000 |    6534301000 |    6251980000 |    5683328000 |    6586003000 |   11541560000 |   11622840000 |   12080360000 |   11576910000 |   11842770000 |   11454930000 |   11633240000 |   11842190000 |    6808195000 |    5851348000 |    6489206000 |    6357818000 |    7123199000 |    6333155000 |    6631841000 |    6508626000 |   11920380000 |   11398450000 |   11607230000 |   11710930000 |   11852550000 |   11710010000 |   11536740000 |   11965690000 |
|       L2_PF_MISS_IN_L3      |   PMC3  |   20070710000 |   19882860000 |   19631930000 |   19896710000 |   19706170000 |   19689010000 |   19587630000 |   19621400000 |   22526600000 |   22688890000 |   22486240000 |   22510010000 |   22126560000 |   22810450000 |   22327560000 |   22096210000 |   20236200000 |   20132500000 |   19874810000 |   20163950000 |   20103450000 |   19903790000 |   19892260000 |   19709560000 |   19878580000 |   19968710000 |   19922000000 |   19698460000 |   19814650000 |   19736270000 |   19547590000 |   19553080000 |   22300710000 |   22744530000 |   22324150000 |   22362260000 |   22116520000 |   22424670000 |   21991870000 |   22202850000 |   20053310000 |   20372610000 |   20214740000 |   19880000000 |   19867460000 |   19868510000 |   19729170000 |   19758870000 |   19890440000 |   20146270000 |   19955810000 |   19882580000 |   19831430000 |   19977670000 |   19920810000 |   19796630000 |   22550240000 |   22545160000 |   22613220000 |   22369810000 |   22263910000 |   22631820000 |   22234690000 |   22199060000 |   20208720000 |   20337190000 |   19922620000 |   19962520000 |   19856900000 |   20395440000 |   20170160000 |   19627410000 |   19953120000 |   20111680000 |   19777770000 |   19773590000 |   19877680000 |   19810900000 |   19519730000 |   19665850000 |   22835150000 |   22552330000 |   22418200000 |   22517460000 |   22435820000 |   22468180000 |   21890000000 |   22359920000 |   19940070000 |   20486830000 |   19981420000 |   19806080000 |   19853660000 |   20101970000 |   19820640000 |   19964280000 |   12222230000 |   12234840000 |   12221760000 |   12322440000 |   12152670000 |   12151890000 |   12107760000 |   12254560000 |   19101130000 |   19333630000 |   18832510000 |   19020350000 |   18896070000 |   18850730000 |   18865050000 |   19281310000 |   12462710000 |   12468040000 |   12401650000 |   12380120000 |   12427760000 |   12477330000 |   12284460000 |   12331520000 |   12297770000 |   12096520000 |   12145590000 |   12063550000 |   11904200000 |   12297220000 |   12316260000 |   12426150000 |   18788170000 |   18981730000 |   18452340000 |   18849190000 |   18758160000 |   18981160000 |   18945580000 |   19281460000 |   12487100000 |   12229160000 |   12108370000 |   12241020000 |   12201730000 |   12260950000 |   12144530000 |   12165360000 |   12560410000 |   12520580000 |   12616210000 |   12594970000 |   12379530000 |   12530590000 |   12760110000 |   12323300000 |   19595680000 |   19558560000 |   19205370000 |   19493940000 |   19335140000 |   19501950000 |   19364120000 |   19202400000 |   12404140000 |   12882820000 |   12560780000 |   12672120000 |   12275550000 |   12608680000 |   12375990000 |   12509250000 |   19494020000 |   19863020000 |   19681110000 |   19581190000 |   19492980000 |   19501700000 |   19668480000 |   19365060000 |
| L2_CACHE_MISS_AFTER_L1_MISS |   PMC4  |    7482851000 |    7579065000 |    7608801000 |    7536696000 |    7555358000 |    7542606000 |    7542508000 |    7494799000 |    8421121000 |    8362314000 |    8379547000 |    8332291000 |    8386855000 |    8210294000 |    8299876000 |    8308699000 |    7666059000 |    7681745000 |    7711988000 |    7627021000 |    7583663000 |    7627878000 |    7595533000 |    7629929000 |    7617785000 |    7547664000 |    7573531000 |    7607628000 |    7534881000 |    7548742000 |    7550736000 |    7550121000 |    8434535000 |    8324403000 |    8333971000 |    8308239000 |    8370280000 |    8257706000 |    8331204000 |    8279392000 |    7685456000 |    7595965000 |    7583060000 |    7627162000 |    7621168000 |    7626103000 |    7624423000 |    7589816000 |    7645403000 |    7550108000 |    7558131000 |    7568360000 |    7572377000 |    7505167000 |    7482001000 |    7502447000 |    8402718000 |    8380322000 |    8328615000 |    8339485000 |    8352994000 |    8231310000 |    8306008000 |    8325627000 |    7678009000 |    7616171000 |    7692366000 |    7664327000 |    7689763000 |    7521713000 |    7563212000 |    7681381000 |    7530191000 |    7504824000 |    7520475000 |    7515407000 |    7480973000 |    7462262000 |    7519375000 |    7465105000 |    8318501000 |    8355370000 |    8373533000 |    8330964000 |    8316363000 |    8268622000 |    8370056000 |    8256623000 |    7704248000 |    7547731000 |    7638270000 |    7664047000 |    7634840000 |    7573244000 |    7612814000 |    7539715000 |    4433723000 |    4448803000 |    4425740000 |    4404471000 |    4438288000 |    4427919000 |    4427592000 |    4395217000 |    4921507000 |    4909542000 |    4953889000 |    4908181000 |    4934349000 |    4925899000 |    4906998000 |    4839821000 |    4484651000 |    4487220000 |    4496461000 |    4476810000 |    4475183000 |    4452333000 |    4503409000 |    4486652000 |    4420606000 |    4479150000 |    4441916000 |    4476688000 |    4519731000 |    4367220000 |    4377279000 |    4331813000 |    4912821000 |    4882319000 |    4961714000 |    4887451000 |    4922645000 |    4870455000 |    4819709000 |    4759970000 |    4371615000 |    4464227000 |    4476924000 |    4419495000 |    4457821000 |    4419559000 |    4451559000 |    4448767000 |    4495502000 |    4495423000 |    4463564000 |    4453896000 |    4514955000 |    4473749000 |    4398874000 |    4519251000 |    4901137000 |    4905900000 |    4936111000 |    4880477000 |    4908866000 |    4864995000 |    4862930000 |    4897031000 |    4568285000 |    4431494000 |    4521868000 |    4512964000 |    4602338000 |    4500378000 |    4518157000 |    4504982000 |    4874745000 |    4839049000 |    4842023000 |    4846310000 |    4853681000 |    4833530000 |    4811365000 |    4855158000 |
+-----------------------------+---------+---------------+---------------+---------------+---------------+---------------+---------------+---------------+---------------+---------------+---------------+---------------+---------------+---------------+---------------+---------------+---------------+---------------+---------------+---------------+---------------+---------------+---------------+---------------+---------------+---------------+---------------+---------------+---------------+---------------+---------------+---------------+---------------+---------------+---------------+---------------+---------------+---------------+---------------+---------------+---------------+---------------+---------------+---------------+---------------+---------------+---------------+---------------+---------------+---------------+---------------+---------------+---------------+---------------+---------------+---------------+---------------+---------------+---------------+---------------+---------------+---------------+---------------+---------------+---------------+---------------+---------------+---------------+---------------+---------------+---------------+---------------+---------------+---------------+---------------+---------------+---------------+---------------+---------------+---------------+---------------+---------------+---------------+---------------+---------------+---------------+---------------+---------------+---------------+---------------+---------------+---------------+---------------+---------------+---------------+---------------+---------------+---------------+---------------+---------------+---------------+---------------+---------------+---------------+---------------+---------------+---------------+---------------+---------------+---------------+---------------+---------------+---------------+---------------+---------------+---------------+---------------+---------------+---------------+---------------+---------------+---------------+---------------+---------------+---------------+---------------+---------------+---------------+---------------+---------------+---------------+---------------+---------------+---------------+---------------+---------------+---------------+---------------+---------------+---------------+---------------+---------------+---------------+---------------+---------------+---------------+---------------+---------------+---------------+---------------+---------------+---------------+---------------+---------------+---------------+---------------+---------------+---------------+---------------+---------------+---------------+---------------+---------------+---------------+---------------+---------------+---------------+---------------+---------------+---------------+---------------+---------------+---------------+---------------+---------------+---------------+---------------+

+----------------------------------+---------+-----------------+---------------+---------------+--------------+
|               Event              | Counter |       Sum       |      Min      |      Max      |      Avg     |
+----------------------------------+---------+-----------------+---------------+---------------+--------------+
|       ACTUAL_CPU_CLOCK STAT      |  FIXC1  | 448102995000000 | 2542501000000 | 2550613000000 | 2.546040e+12 |
|        MAX_CPU_CLOCK STAT        |  FIXC2  | 315499443000000 | 1791707000000 | 1794574000000 | 1.792610e+12 |
|     RETIRED_INSTRUCTIONS STAT    |   PMC0  | 271709041000000 | 1204449000000 | 1803254000000 | 1.543801e+12 |
|     CPU_CLOCKS_UNHALTED STAT     |   PMC1  | 440651906000000 | 2490456000000 | 2518586000000 | 2.503704e+12 |
|       L2_PF_HIT_IN_L3 STAT       |   PMC2  |   1774873106000 |    5566845000 |   13654000000 | 1.008451e+10 |
|       L2_PF_MISS_IN_L3 STAT      |   PMC3  |   3199205410000 |   11904200000 |   22835150000 | 1.817730e+10 |
| L2_CACHE_MISS_AFTER_L1_MISS STAT |   PMC4  |   1122348136000 |    4331813000 |    8434535000 | 6.376978e+09 |
+----------------------------------+---------+-----------------+---------------+---------------+--------------+

+-------------------------+------------+------------+------------+------------+------------+------------+------------+------------+------------+------------+-------------+-------------+-------------+-------------+-------------+-------------+-------------+-------------+-------------+-------------+-------------+-------------+-------------+-------------+-------------+-------------+-------------+-------------+-------------+-------------+-------------+-------------+-------------+-------------+-------------+-------------+-------------+-------------+-------------+-------------+-------------+-------------+-------------+-------------+-------------+-------------+-------------+-------------+-------------+-------------+-------------+-------------+-------------+-------------+-------------+-------------+-------------+-------------+-------------+-------------+-------------+-------------+-------------+-------------+-------------+-------------+-------------+-------------+-------------+-------------+-------------+-------------+-------------+-------------+-------------+-------------+-------------+-------------+-------------+-------------+-------------+-------------+-------------+-------------+-------------+-------------+-------------+-------------+-------------+-------------+-------------+-------------+-------------+-------------+-------------+-------------+-------------+-------------+-------------+-------------+--------------+--------------+--------------+--------------+--------------+--------------+--------------+--------------+--------------+--------------+--------------+--------------+--------------+--------------+--------------+--------------+--------------+--------------+--------------+--------------+--------------+--------------+--------------+--------------+--------------+--------------+--------------+--------------+--------------+--------------+--------------+--------------+--------------+--------------+--------------+--------------+--------------+--------------+--------------+--------------+--------------+--------------+--------------+--------------+--------------+--------------+--------------+--------------+--------------+--------------+--------------+--------------+--------------+--------------+--------------+--------------+--------------+--------------+--------------+--------------+--------------+--------------+--------------+--------------+--------------+--------------+--------------+--------------+--------------+--------------+--------------+--------------+--------------+--------------+--------------+--------------+
|          Metric         | HWThread 0 | HWThread 1 | HWThread 2 | HWThread 3 | HWThread 4 | HWThread 5 | HWThread 6 | HWThread 7 | HWThread 8 | HWThread 9 | HWThread 10 | HWThread 11 | HWThread 12 | HWThread 13 | HWThread 14 | HWThread 15 | HWThread 16 | HWThread 17 | HWThread 18 | HWThread 19 | HWThread 20 | HWThread 21 | HWThread 22 | HWThread 23 | HWThread 24 | HWThread 25 | HWThread 26 | HWThread 27 | HWThread 28 | HWThread 29 | HWThread 30 | HWThread 31 | HWThread 32 | HWThread 33 | HWThread 34 | HWThread 35 | HWThread 36 | HWThread 37 | HWThread 38 | HWThread 39 | HWThread 40 | HWThread 41 | HWThread 42 | HWThread 43 | HWThread 44 | HWThread 45 | HWThread 46 | HWThread 47 | HWThread 48 | HWThread 49 | HWThread 50 | HWThread 51 | HWThread 52 | HWThread 53 | HWThread 54 | HWThread 55 | HWThread 56 | HWThread 57 | HWThread 58 | HWThread 59 | HWThread 60 | HWThread 61 | HWThread 62 | HWThread 63 | HWThread 64 | HWThread 65 | HWThread 66 | HWThread 67 | HWThread 68 | HWThread 69 | HWThread 70 | HWThread 71 | HWThread 72 | HWThread 73 | HWThread 74 | HWThread 75 | HWThread 76 | HWThread 77 | HWThread 78 | HWThread 79 | HWThread 80 | HWThread 81 | HWThread 82 | HWThread 83 | HWThread 84 | HWThread 85 | HWThread 86 | HWThread 87 | HWThread 88 | HWThread 89 | HWThread 90 | HWThread 91 | HWThread 92 | HWThread 93 | HWThread 94 | HWThread 95 | HWThread 96 | HWThread 97 | HWThread 98 | HWThread 99 | HWThread 100 | HWThread 101 | HWThread 102 | HWThread 103 | HWThread 104 | HWThread 105 | HWThread 106 | HWThread 107 | HWThread 108 | HWThread 109 | HWThread 110 | HWThread 111 | HWThread 112 | HWThread 113 | HWThread 114 | HWThread 115 | HWThread 116 | HWThread 117 | HWThread 118 | HWThread 119 | HWThread 120 | HWThread 121 | HWThread 122 | HWThread 123 | HWThread 124 | HWThread 125 | HWThread 126 | HWThread 127 | HWThread 128 | HWThread 129 | HWThread 130 | HWThread 131 | HWThread 132 | HWThread 133 | HWThread 134 | HWThread 135 | HWThread 136 | HWThread 137 | HWThread 138 | HWThread 139 | HWThread 140 | HWThread 141 | HWThread 142 | HWThread 143 | HWThread 144 | HWThread 145 | HWThread 146 | HWThread 147 | HWThread 148 | HWThread 149 | HWThread 150 | HWThread 151 | HWThread 152 | HWThread 153 | HWThread 154 | HWThread 155 | HWThread 156 | HWThread 157 | HWThread 158 | HWThread 159 | HWThread 160 | HWThread 161 | HWThread 162 | HWThread 163 | HWThread 164 | HWThread 165 | HWThread 166 | HWThread 167 | HWThread 168 | HWThread 169 | HWThread 170 | HWThread 171 | HWThread 172 | HWThread 173 | HWThread 174 | HWThread 175 |
+-------------------------+------------+------------+------------+------------+------------+------------+------------+------------+------------+------------+-------------+-------------+-------------+-------------+-------------+-------------+-------------+-------------+-------------+-------------+-------------+-------------+-------------+-------------+-------------+-------------+-------------+-------------+-------------+-------------+-------------+-------------+-------------+-------------+-------------+-------------+-------------+-------------+-------------+-------------+-------------+-------------+-------------+-------------+-------------+-------------+-------------+-------------+-------------+-------------+-------------+-------------+-------------+-------------+-------------+-------------+-------------+-------------+-------------+-------------+-------------+-------------+-------------+-------------+-------------+-------------+-------------+-------------+-------------+-------------+-------------+-------------+-------------+-------------+-------------+-------------+-------------+-------------+-------------+-------------+-------------+-------------+-------------+-------------+-------------+-------------+-------------+-------------+-------------+-------------+-------------+-------------+-------------+-------------+-------------+-------------+-------------+-------------+-------------+-------------+--------------+--------------+--------------+--------------+--------------+--------------+--------------+--------------+--------------+--------------+--------------+--------------+--------------+--------------+--------------+--------------+--------------+--------------+--------------+--------------+--------------+--------------+--------------+--------------+--------------+--------------+--------------+--------------+--------------+--------------+--------------+--------------+--------------+--------------+--------------+--------------+--------------+--------------+--------------+--------------+--------------+--------------+--------------+--------------+--------------+--------------+--------------+--------------+--------------+--------------+--------------+--------------+--------------+--------------+--------------+--------------+--------------+--------------+--------------+--------------+--------------+--------------+--------------+--------------+--------------+--------------+--------------+--------------+--------------+--------------+--------------+--------------+--------------+--------------+--------------+--------------+
|   Runtime (RDTSC) [s]   |   736.8907 |   730.5876 |   690.5633 |   707.0413 |   723.0917 |   729.1317 |   732.0909 |   730.5882 |   714.9754 |   715.7390 |    695.2065 |    704.1703 |    691.9578 |    697.5763 |    718.3903 |    732.3869 |    710.3979 |    725.1245 |    720.5112 |    701.9085 |    712.5059 |    695.7576 |    731.3232 |    703.1586 |    698.0793 |    727.2831 |    736.4621 |    699.1703 |    719.1608 |    718.1244 |    700.5305 |    722.0825 |    713.3549 |    702.7206 |    702.7202 |    726.4346 |    735.2811 |    702.2080 |    704.4251 |    703.6601 |    720.8011 |    724.4219 |    724.4217 |    697.3227 |    691.4208 |    694.7734 |    694.7728 |    714.1400 |    696.8389 |    694.4735 |    717.3519 |    698.5827 |    728.3987 |    696.8389 |    700.2308 |    731.0667 |    693.6085 |    726.9856 |    711.2463 |    716.0311 |    697.8276 |    728.1000 |    721.3038 |    714.6821 |    692.8521 |    704.9378 |    709.6624 |    702.4641 |    708.2904 |    709.6630 |    708.8445 |    707.7809 |    722.3837 |    727.5389 |    722.3846 |    707.3378 |    708.5893 |    713.0536 |    725.6503 |    707.3386 |    723.6852 |    690.8605 |    734.5258 |    700.7914 |    729.9898 |    705.7417 |    723.6868 |    717.8664 |    719.6995 |    706.0424 |    724.1731 |    733.3536 |    734.2270 |    710.6965 |    692.5521 |    736.1594 |    721.6002 |    721.6002 |    699.4706 |    726.4341 |     691.1205 |     691.4214 |     712.5051 |     699.4705 |     729.4241 |     716.8000 |     706.5665 |     706.3514 |     706.0429 |     732.9348 |     701.0515 |     692.2566 |     730.2894 |     698.8735 |     729.7169 |     715.4675 |     725.1242 |     716.0304 |     699.9569 |     724.4221 |     705.2333 |     733.9469 |     702.9747 |     734.7830 |     734.7843 |     717.3508 |     719.1598 |     713.3536 |     690.3527 |     705.2321 |     718.8881 |     704.4249 |     723.3911 |     725.9507 |     727.7977 |     725.6483 |     693.1128 |     711.7719 |     694.1949 |     696.5604 |     720.7991 |     711.7727 |     707.5955 |     693.1126 |     695.7572 |     732.6406 |     735.5825 |     732.6404 |     731.3215 |     733.6505 |     719.6985 |     716.5247 |     714.1399 |     728.6512 |     698.0797 |     728.6516 |     731.8212 |     710.9503 |     709.3935 |     714.9735 |     709.1045 |     701.3510 |     703.6602 |     693.9063 |     720.2388 |     696.2934 |     718.3893 |     711.2455 |     722.3841 |     712.2277 |     717.0734 |     735.8796 |     713.8604 |     695.4588 |     701.6292 |     709.6633 |
|   Runtime unhalted [s]  |   979.4678 |   978.0139 |   978.4401 |   978.4228 |   978.3747 |   978.1697 |   978.1258 |   978.1828 |   978.0635 |   978.3158 |    978.1258 |    977.9312 |    978.1039 |    977.9912 |    977.8985 |    977.9078 |    978.4774 |    978.5370 |    978.2078 |    978.4431 |    978.2281 |    978.2055 |    978.2358 |    978.3751 |    978.2547 |    977.9481 |    978.2612 |    978.5301 |    978.1401 |    978.0878 |    978.1189 |    978.0470 |    978.2874 |    978.2424 |    978.0708 |    978.4008 |    978.1416 |    978.0378 |    978.0431 |    977.9370 |    978.4135 |    978.2605 |    978.0981 |    978.0993 |    978.0712 |    978.1924 |    978.1016 |    978.1408 |    978.3293 |    978.3455 |    978.3405 |    977.9516 |    978.3308 |    978.0755 |    978.4855 |    978.2905 |    978.1081 |    977.9620 |    978.1258 |    978.0897 |    978.1370 |    978.1835 |    978.1185 |    978.0616 |    978.3893 |    978.1778 |    978.4108 |    978.2285 |    978.2535 |    978.3674 |    978.1470 |    978.1008 |    978.0916 |    978.3166 |    978.1462 |    978.2766 |    978.2970 |    978.0724 |    978.1247 |    978.2839 |    977.9547 |    978.0685 |    978.2497 |    978.0035 |    978.1305 |    978.2566 |    978.2593 |    978.2812 |    978.1374 |    978.0993 |    978.0928 |    977.8889 |    977.9216 |    978.4828 |    978.2401 |    978.2581 |    980.5605 |    980.8278 |    980.6601 |    980.3828 |     980.6443 |     980.5374 |     980.7801 |     980.4370 |     980.3612 |     980.1812 |     980.5182 |     980.6393 |     980.3282 |     980.6974 |     980.3028 |     980.3497 |     980.9739 |     980.2312 |     980.2662 |     980.1878 |     980.7301 |     980.5539 |     980.7420 |     980.6774 |     980.8308 |     980.9743 |     980.6162 |     980.4889 |     980.6562 |     980.4670 |     980.6262 |     980.6370 |     980.2897 |     980.4920 |     980.4628 |     980.1670 |     980.4155 |     980.5458 |     980.1008 |     980.1089 |     980.4639 |     980.5716 |     980.3947 |     980.4224 |     980.7293 |     980.3228 |     980.6305 |     980.6197 |     980.5405 |     980.4462 |     980.6274 |     980.6147 |     980.6020 |     980.6570 |     980.6570 |     980.6932 |     980.2370 |     980.3501 |     980.1012 |     980.2339 |     980.1578 |     980.2032 |     980.1262 |     980.1951 |     980.4739 |     980.8058 |     980.7243 |     981.0089 |     980.7593 |     980.5570 |     980.9270 |     980.6012 |     980.5135 |     980.4855 |     980.5124 |     980.4758 |     980.3562 |     980.4720 |     980.5689 |     980.5908 |
|       Clock [MHz]       |  3689.5381 |  3688.5506 |  3689.6061 |  3689.6108 |  3689.4131 |  3689.1628 |  3689.5985 |  3689.6999 |  3689.4870 |  3689.4814 |   3689.5038 |   3689.3873 |   3689.3634 |   3689.3871 |   3689.2742 |   3689.5561 |   3689.4155 |   3689.3624 |   3689.1685 |   3689.3584 |   3689.3771 |   3689.3285 |   3689.3855 |   3689.3569 |   3689.4236 |   3689.3935 |   3689.5245 |   3689.4269 |   3689.4051 |   3689.3992 |   3689.6074 |   3689.2352 |   3689.2444 |   3689.4307 |   3689.3107 |   3689.3512 |   3689.5735 |   3689.6101 |   3689.3380 |   3689.3926 |   3689.3496 |   3689.3981 |   3689.3499 |   3689.6589 |   3689.3760 |   3689.6168 |   3689.3362 |   3689.3442 |   3689.3448 |   3689.3543 |   3689.6421 |   3689.3942 |   3689.3856 |   3689.4043 |   3689.4253 |   3689.6203 |   3689.2867 |   3689.4189 |   3689.4008 |   3689.3653 |   3689.1135 |   3689.6637 |   3689.3403 |   3689.4365 |   3689.4167 |   3689.2941 |   3689.3868 |   3689.3003 |   3689.3946 |   3689.6449 |   3689.6906 |   3689.4074 |   3689.3808 |   3689.5913 |   3689.5436 |   3689.3396 |   3689.6820 |   3689.3186 |   3689.3574 |   3689.6903 |   3689.3419 |   3689.3164 |   3689.3904 |   3689.4089 |   3689.2865 |   3689.4000 |   3689.3752 |   3689.3776 |   3689.3352 |   3689.2987 |   3689.3625 |   3689.4006 |   3689.2686 |   3689.5140 |   3689.3500 |   3689.5602 |   3696.2246 |   3696.8447 |   3696.8475 |   3696.7257 |    3696.7880 |    3696.9086 |    3696.9762 |    3696.9858 |    3696.8692 |    3697.0711 |    3697.0341 |    3696.8104 |    3696.9693 |    3697.0871 |    3696.7519 |    3696.7473 |    3696.2373 |    3696.7564 |    3696.5460 |    3696.5883 |    3696.3693 |    3696.5442 |    3696.6203 |    3696.3500 |    3696.8563 |    3696.7271 |    3696.7296 |    3696.6620 |    3696.4764 |    3696.7216 |    3696.6251 |    3696.6739 |    3696.9748 |    3696.6179 |    3696.6252 |    3696.6606 |    3696.6984 |    3696.6642 |    3696.9680 |    3696.6127 |    3696.7162 |    3696.7037 |    3696.6881 |    3696.7163 |    3696.7353 |    3696.6871 |    3696.9935 |    3696.7014 |    3696.7511 |    3696.7526 |    3697.1015 |    3696.9341 |    3696.7605 |    3696.8029 |    3697.0606 |    3697.0258 |    3696.6626 |    3696.7900 |    3696.7281 |    3696.9521 |    3697.0630 |    3696.9805 |    3696.7894 |    3696.7520 |    3696.7704 |    3696.8115 |    3696.7618 |    3696.7504 |    3696.9886 |    3696.7867 |    3697.1197 |    3696.7926 |    3696.6146 |    3696.6551 |    3696.9463 |    3696.9529 |    3696.6524 |    3696.9920 |    3696.6770 |    3696.7514 |
|           CPI           |     1.5289 |     1.5264 |     1.5229 |     1.5309 |     1.5308 |     1.5308 |     1.5307 |     1.5354 |     1.3832 |     1.3886 |      1.3877 |      1.3912 |      1.3867 |      1.4035 |      1.3960 |      1.3931 |      1.5109 |      1.5093 |      1.5060 |      1.5164 |      1.5215 |      1.5146 |      1.5194 |      1.5135 |      1.5194 |      1.5267 |      1.5255 |      1.5211 |      1.5308 |      1.5270 |      1.5283 |      1.5268 |      1.3831 |      1.3931 |      1.3927 |      1.3933 |      1.3907 |      1.3996 |      1.3930 |      1.3978 |      1.5075 |      1.5178 |      1.5206 |      1.5119 |      1.5156 |      1.5142 |      1.5159 |      1.5182 |      1.5178 |      1.5293 |      1.5290 |      1.5262 |      1.5292 |      1.5335 |      1.5390 |      1.5328 |      1.3842 |      1.3858 |      1.3930 |      1.3906 |      1.3912 |      1.4005 |      1.3959 |      1.3921 |      1.5085 |      1.5150 |      1.5073 |      1.5095 |      1.5076 |      1.5274 |      1.5225 |      1.5069 |      1.5330 |      1.5359 |      1.5336 |      1.5348 |      1.5399 |      1.5394 |      1.5360 |      1.5393 |      1.3935 |      1.3873 |      1.3871 |      1.3909 |      1.3928 |      1.3969 |      1.3869 |      1.3983 |      1.5056 |      1.5246 |      1.5136 |      1.5095 |      1.5146 |      1.5211 |      1.5171 |      1.5236 |      2.0676 |      2.0661 |      2.0726 |      2.0766 |       2.0708 |       2.0714 |       2.0700 |       2.0776 |       1.5878 |       1.5907 |       1.5847 |       1.5923 |       1.5886 |       1.5901 |       1.5909 |       1.5996 |       2.0435 |       2.0417 |       2.0433 |       2.0457 |       2.0488 |       2.0531 |       2.0419 |       2.0459 |       2.0705 |       2.0574 |       2.0676 |       2.0591 |       2.0499 |       2.0824 |       2.0808 |       2.0892 |       1.6009 |       1.6058 |       1.5969 |       1.6049 |       1.6032 |       1.6078 |       1.6129 |       1.6211 |       2.0769 |       2.0569 |       2.0550 |       2.0657 |       2.0599 |       2.0681 |       2.0605 |       2.0619 |       2.0425 |       2.0403 |       2.0495 |       2.0504 |       2.0375 |       2.0462 |       2.0641 |       2.0374 |       1.5741 |       1.5723 |       1.5702 |       1.5755 |       1.5727 |       1.5806 |       1.5793 |       1.5759 |       2.0206 |       2.0477 |       2.0313 |       2.0337 |       2.0118 |       2.0356 |       2.0322 |       2.0321 |       1.5676 |       1.5730 |       1.5722 |       1.5723 |       1.5717 |       1.5740 |       1.5770 |       1.5698 |
| L3 bandwidth [MBytes/s] |  3279.3940 |  3345.4947 |  3554.4039 |  3439.0085 |  3365.6516 |  3337.1925 |  3323.0477 |  3308.6869 |  3946.3078 |  3916.7515 |   4040.1046 |   3966.9823 |   4064.8190 |   3952.3319 |   3876.8573 |   3809.1254 |   3491.6994 |   3427.7718 |   3463.1827 |   3515.3137 |   3445.8611 |   3553.5289 |   3364.6377 |   3522.0384 |   3522.3079 |   3350.0369 |   3322.6296 |   3514.5116 |   3379.9841 |   3397.8721 |   3479.1129 |   3378.9992 |   3959.4869 |   3976.0379 |   3974.3715 |   3838.6003 |   3810.4532 |   3942.0448 |   3967.7500 |   3943.6651 |   3456.3984 |   3402.6549 |   3391.1059 |   3551.4550 |   3573.7730 |   3561.0863 |   3559.0877 |   3448.8373 |   3541.7093 |   3505.2223 |   3397.7911 |   3496.1164 |   3350.9909 |   3476.4780 |   3446.4779 |   3316.5124 |   4058.3132 |   3862.9829 |   3923.2699 |   3904.9750 |   4007.5607 |   3792.1103 |   3853.4485 |   3904.7297 |   3586.0942 |   3496.2854 |   3510.5978 |   3529.6193 |   3516.8222 |   3434.9972 |   3454.3558 |   3515.7665 |   3361.4553 |   3326.9075 |   3354.7236 |   3425.5811 |   3402.9667 |   3378.4723 |   3338.9346 |   3405.6868 |   3853.3874 |   4061.9525 |   3826.3566 |   3987.7059 |   3830.4064 |   3934.8209 |   3883.5855 |   3864.9137 |   3463.5752 |   3465.1073 |   3413.8004 |   3383.7727 |   3366.5089 |   3451.6687 |   3561.7663 |   3323.2903 |   2017.6009 |   2023.8322 |   2077.3980 |   1994.5539 |    2107.7333 |    2101.2305 |    2040.2740 |    2064.1693 |    3121.6848 |    3165.6671 |    3237.8678 |    3212.1178 |    3227.0437 |    3105.7194 |    3238.3326 |    3254.0064 |    2035.9989 |    2131.3544 |    2042.5292 |    2075.0973 |    2044.9619 |    2064.0172 |    2133.5803 |    2052.8809 |    2062.4710 |    2007.8199 |    2077.3156 |    2002.4518 |    2020.5378 |    2003.8263 |    2004.9776 |    2002.9165 |    3249.2127 |    3165.9300 |    3141.8755 |    3177.1816 |    3106.7131 |    3073.4565 |    3051.0517 |    3028.1027 |    2084.9348 |    2068.5232 |    2125.7505 |    2095.6667 |    2041.3787 |    2047.8473 |    2075.5081 |    2118.2524 |    2144.7055 |    2040.9054 |    2015.8001 |    2021.1405 |    2050.3189 |    2028.7649 |    2031.2783 |    2092.6389 |    3229.6979 |    3169.6746 |    3320.8211 |    3157.7299 |    3155.8988 |    3224.6980 |    3235.2405 |    3217.2713 |    2146.3123 |    2113.9235 |    2143.9306 |    2171.3965 |    2132.7226 |    2154.6975 |    2095.8876 |    2116.6572 |    3215.0559 |    3243.9530 |    3224.6953 |    3142.9863 |    3245.3817 |    3317.0841 |    3285.2986 |    3263.3759 |
| L3 data volume [GBytes] |  2416.5549 |  2444.1770 |  2454.5409 |  2431.5210 |  2433.6748 |  2433.2529 |  2432.7730 |  2417.2876 |  2821.5130 |  2803.3718 |   2808.7070 |   2793.4311 |   2812.6832 |   2757.0531 |   2785.0967 |   2789.7535 |   2480.4959 |   2485.5613 |   2495.2620 |   2467.4285 |   2455.1964 |   2472.3948 |   2460.6376 |   2476.5516 |   2458.8502 |   2436.4252 |   2446.9908 |   2457.2421 |   2430.7521 |   2440.0948 |   2437.2247 |   2439.9162 |   2824.5194 |   2794.0437 |   2792.8711 |   2788.4921 |   2801.7542 |   2768.1354 |   2794.9827 |   2774.9998 |   2491.3757 |   2464.9578 |   2456.5907 |   2476.5102 |   2470.9810 |   2474.1480 |   2472.7573 |   2462.9527 |   2468.0008 |   2434.2840 |   2437.4119 |   2442.3264 |   2440.8574 |   2422.5451 |   2413.3300 |   2424.5918 |   2814.8805 |   2808.3329 |   2790.4112 |   2796.0835 |   2796.5865 |   2761.0355 |   2779.5071 |   2790.6404 |   2484.6329 |   2464.6637 |   2491.3393 |   2479.4308 |   2490.9314 |   2437.6904 |   2448.6011 |   2488.3924 |   2428.2605 |   2420.4547 |   2423.4006 |   2423.0430 |   2411.3058 |   2409.0318 |   2422.8989 |   2408.9738 |   2788.6394 |   2806.2426 |   2810.5576 |   2794.5500 |   2796.1576 |   2776.9672 |   2810.4996 |   2774.4917 |   2492.7333 |   2446.5127 |   2472.1824 |   2481.5019 |   2471.7818 |   2453.0889 |   2466.7087 |   2446.4714 |   1455.9012 |   1460.3977 |   1453.0788 |   1448.9119 |    1456.6977 |    1452.8357 |    1453.7057 |    1443.8255 |    2277.0321 |    2269.1502 |    2287.7689 |    2268.8839 |    2278.4313 |    2276.2899 |    2270.2380 |    2252.6074 |    1486.8684 |    1489.5471 |    1490.4681 |    1484.6647 |    1482.8514 |    1477.8991 |    1493.4143 |    1487.1523 |    1454.5232 |    1473.6332 |    1460.3003 |    1471.3676 |    1484.6595 |    1437.4464 |    1441.8993 |    1428.7877 |    2243.1028 |    2232.7155 |    2258.6569 |    2238.0858 |    2247.3686 |    2231.1779 |    2220.5484 |    2197.3376 |    1445.0950 |    1472.3167 |    1475.6852 |    1459.7584 |    1471.4239 |    1457.6018 |    1468.6202 |    1468.1875 |    1492.1943 |    1495.2502 |    1482.7873 |    1480.7692 |    1499.4423 |    1488.4044 |    1461.9080 |    1499.4275 |    2306.4561 |    2309.5872 |    2318.1978 |    2300.8849 |    2309.5537 |    2292.6000 |    2295.0586 |    2300.2637 |    1521.9597 |    1482.6024 |    1508.5987 |    1506.7457 |    1536.0696 |    1500.3016 |    1505.6632 |    1505.4629 |    2322.5053 |    2310.4332 |    2312.3432 |    2312.8595 |    2316.7495 |    2306.8954 |    2305.0614 |    2315.8981 |
+-------------------------+------------+------------+------------+------------+------------+------------+------------+------------+------------+------------+-------------+-------------+-------------+-------------+-------------+-------------+-------------+-------------+-------------+-------------+-------------+-------------+-------------+-------------+-------------+-------------+-------------+-------------+-------------+-------------+-------------+-------------+-------------+-------------+-------------+-------------+-------------+-------------+-------------+-------------+-------------+-------------+-------------+-------------+-------------+-------------+-------------+-------------+-------------+-------------+-------------+-------------+-------------+-------------+-------------+-------------+-------------+-------------+-------------+-------------+-------------+-------------+-------------+-------------+-------------+-------------+-------------+-------------+-------------+-------------+-------------+-------------+-------------+-------------+-------------+-------------+-------------+-------------+-------------+-------------+-------------+-------------+-------------+-------------+-------------+-------------+-------------+-------------+-------------+-------------+-------------+-------------+-------------+-------------+-------------+-------------+-------------+-------------+-------------+-------------+--------------+--------------+--------------+--------------+--------------+--------------+--------------+--------------+--------------+--------------+--------------+--------------+--------------+--------------+--------------+--------------+--------------+--------------+--------------+--------------+--------------+--------------+--------------+--------------+--------------+--------------+--------------+--------------+--------------+--------------+--------------+--------------+--------------+--------------+--------------+--------------+--------------+--------------+--------------+--------------+--------------+--------------+--------------+--------------+--------------+--------------+--------------+--------------+--------------+--------------+--------------+--------------+--------------+--------------+--------------+--------------+--------------+--------------+--------------+--------------+--------------+--------------+--------------+--------------+--------------+--------------+--------------+--------------+--------------+--------------+--------------+--------------+--------------+--------------+--------------+--------------+

+------------------------------+-------------+-----------+-----------+-----------+
|            Metric            |     Sum     |    Min    |    Max    |    Avg    |
+------------------------------+-------------+-----------+-----------+-----------+
|   Runtime (RDTSC) [s] STAT   | 125565.2031 |  690.3527 |  736.8907 |  713.4387 |
|   Runtime unhalted [s] STAT  | 172347.9953 |  977.8889 |  981.0089 |  979.2500 |
|       Clock [MHz] STAT       | 649925.3105 | 3688.5506 | 3697.1197 | 3692.7574 |
|           CPI STAT           |    291.3468 |    1.3831 |    2.0892 |    1.6554 |
| L3 bandwidth [MBytes/s] STAT | 547116.3263 | 1994.5539 | 4064.8190 | 3108.6155 |
| L3 data volume [GBytes] STAT | 390171.3057 | 1428.7877 | 2824.5194 | 2216.8824 |
+------------------------------+-------------+-----------+-----------+-----------+

