--------------------------------------------------------------------------------
CPU name:	AMD EPYC 9A14 96-Core Processor                
CPU type:	AMD K19 (Zen4) architecture
CPU clock:	2.60 GHz
--------------------------------------------------------------------------------
Sys.CPU_THREADS       192
SLURM_CPUS_PER_TASK   192
OMP_NUM_THREADS       192
OMP_PROC_BIND         close
OMP_PLACES            cores
BLAS_NUM_THREADS      1
Threads.nthreads()    1

Successfully read data from: /public/home/halili/jld2file/cc-pvdz/h2o-1.0-cc-pvdz.jld2
  name: h2o
  ratio: 1.0
  basis: cc-pvdz
  nα: 5, nβ: 5, ne: 10, norb: 24, nq: 48

  ngs: 25495
  ncs: 128793

Warming up JIT and Hardware...
Warm-up completed.
  Step 001:  residual: 9.9885e-01,  e: -76.02676073376620
  Step 002:  residual: 3.3618e-01,  e: -76.22561643779886
  Step 003:  residual: 9.9286e-02,  e: -76.24222290584414
  Step 004:  residual: 3.2400e-02,  e: -76.24360734427398
  Step 005:  residual: 1.2871e-02,  e: -76.24376885653813
  Step 006:  residual: 4.3599e-03,  e: -76.24379383490451
  Step 007:  residual: 1.6905e-03,  e: -76.24379667642252
  Step 008:  residual: 7.0448e-04,  e: -76.24379712049114
  Step 009:  residual: 3.1828e-04,  e: -76.24379720589879
  Step 010:  residual: 1.2649e-04,  e: -76.24379722155585
  Step 011:  residual: 4.7677e-05,  e: -76.24379722386428
  Step 012:  residual: 1.7064e-05,  e: -76.24379722415689
  Step 013:  residual: 6.0873e-06,  e: -76.24379722419391

Convergence reached!
780.487078 seconds (7.21 M allocations: 91.224 GiB, 0.07% gc time, 0.25% compilation time)
--------------------------------------------------------------------------------
Region hvec_direct_agg, Group 1: L3
+-------------------+------------+------------+------------+------------+------------+------------+------------+------------+------------+------------+-------------+-------------+-------------+-------------+-------------+-------------+-------------+-------------+-------------+-------------+-------------+-------------+-------------+-------------+-------------+-------------+-------------+-------------+-------------+-------------+-------------+-------------+-------------+-------------+-------------+-------------+-------------+-------------+-------------+-------------+-------------+-------------+-------------+-------------+-------------+-------------+-------------+-------------+-------------+-------------+-------------+-------------+-------------+-------------+-------------+-------------+-------------+-------------+-------------+-------------+-------------+-------------+-------------+-------------+-------------+-------------+-------------+-------------+-------------+-------------+-------------+-------------+-------------+-------------+-------------+-------------+-------------+-------------+-------------+-------------+-------------+-------------+-------------+-------------+-------------+-------------+-------------+-------------+-------------+-------------+-------------+-------------+-------------+-------------+-------------+-------------+-------------+-------------+-------------+-------------+--------------+--------------+--------------+--------------+--------------+--------------+--------------+--------------+--------------+--------------+--------------+--------------+--------------+--------------+--------------+--------------+--------------+--------------+--------------+--------------+--------------+--------------+--------------+--------------+--------------+--------------+--------------+--------------+--------------+--------------+--------------+--------------+--------------+--------------+--------------+--------------+--------------+--------------+--------------+--------------+--------------+--------------+--------------+--------------+--------------+--------------+--------------+--------------+--------------+--------------+--------------+--------------+--------------+--------------+--------------+--------------+--------------+--------------+--------------+--------------+--------------+--------------+--------------+--------------+--------------+--------------+--------------+--------------+--------------+--------------+--------------+--------------+--------------+--------------+--------------+--------------+--------------+--------------+--------------+--------------+--------------+--------------+--------------+--------------+--------------+--------------+--------------+--------------+--------------+--------------+--------------+--------------+
|    Region Info    | HWThread 0 | HWThread 1 | HWThread 2 | HWThread 3 | HWThread 4 | HWThread 5 | HWThread 6 | HWThread 7 | HWThread 8 | HWThread 9 | HWThread 10 | HWThread 11 | HWThread 12 | HWThread 13 | HWThread 14 | HWThread 15 | HWThread 16 | HWThread 17 | HWThread 18 | HWThread 19 | HWThread 20 | HWThread 21 | HWThread 22 | HWThread 23 | HWThread 24 | HWThread 25 | HWThread 26 | HWThread 27 | HWThread 28 | HWThread 29 | HWThread 30 | HWThread 31 | HWThread 32 | HWThread 33 | HWThread 34 | HWThread 35 | HWThread 36 | HWThread 37 | HWThread 38 | HWThread 39 | HWThread 40 | HWThread 41 | HWThread 42 | HWThread 43 | HWThread 44 | HWThread 45 | HWThread 46 | HWThread 47 | HWThread 48 | HWThread 49 | HWThread 50 | HWThread 51 | HWThread 52 | HWThread 53 | HWThread 54 | HWThread 55 | HWThread 56 | HWThread 57 | HWThread 58 | HWThread 59 | HWThread 60 | HWThread 61 | HWThread 62 | HWThread 63 | HWThread 64 | HWThread 65 | HWThread 66 | HWThread 67 | HWThread 68 | HWThread 69 | HWThread 70 | HWThread 71 | HWThread 72 | HWThread 73 | HWThread 74 | HWThread 75 | HWThread 76 | HWThread 77 | HWThread 78 | HWThread 79 | HWThread 80 | HWThread 81 | HWThread 82 | HWThread 83 | HWThread 84 | HWThread 85 | HWThread 86 | HWThread 87 | HWThread 88 | HWThread 89 | HWThread 90 | HWThread 91 | HWThread 92 | HWThread 93 | HWThread 94 | HWThread 95 | HWThread 96 | HWThread 97 | HWThread 98 | HWThread 99 | HWThread 100 | HWThread 101 | HWThread 102 | HWThread 103 | HWThread 104 | HWThread 105 | HWThread 106 | HWThread 107 | HWThread 108 | HWThread 109 | HWThread 110 | HWThread 111 | HWThread 112 | HWThread 113 | HWThread 114 | HWThread 115 | HWThread 116 | HWThread 117 | HWThread 118 | HWThread 119 | HWThread 120 | HWThread 121 | HWThread 122 | HWThread 123 | HWThread 124 | HWThread 125 | HWThread 126 | HWThread 127 | HWThread 128 | HWThread 129 | HWThread 130 | HWThread 131 | HWThread 132 | HWThread 133 | HWThread 134 | HWThread 135 | HWThread 136 | HWThread 137 | HWThread 138 | HWThread 139 | HWThread 140 | HWThread 141 | HWThread 142 | HWThread 143 | HWThread 144 | HWThread 145 | HWThread 146 | HWThread 147 | HWThread 148 | HWThread 149 | HWThread 150 | HWThread 151 | HWThread 152 | HWThread 153 | HWThread 154 | HWThread 155 | HWThread 156 | HWThread 157 | HWThread 158 | HWThread 159 | HWThread 160 | HWThread 161 | HWThread 162 | HWThread 163 | HWThread 164 | HWThread 165 | HWThread 166 | HWThread 167 | HWThread 168 | HWThread 169 | HWThread 170 | HWThread 171 | HWThread 172 | HWThread 173 | HWThread 174 | HWThread 175 | HWThread 176 | HWThread 177 | HWThread 178 | HWThread 179 | HWThread 180 | HWThread 181 | HWThread 182 | HWThread 183 | HWThread 184 | HWThread 185 | HWThread 186 | HWThread 187 | HWThread 188 | HWThread 189 | HWThread 190 | HWThread 191 |
+-------------------+------------+------------+------------+------------+------------+------------+------------+------------+------------+------------+-------------+-------------+-------------+-------------+-------------+-------------+-------------+-------------+-------------+-------------+-------------+-------------+-------------+-------------+-------------+-------------+-------------+-------------+-------------+-------------+-------------+-------------+-------------+-------------+-------------+-------------+-------------+-------------+-------------+-------------+-------------+-------------+-------------+-------------+-------------+-------------+-------------+-------------+-------------+-------------+-------------+-------------+-------------+-------------+-------------+-------------+-------------+-------------+-------------+-------------+-------------+-------------+-------------+-------------+-------------+-------------+-------------+-------------+-------------+-------------+-------------+-------------+-------------+-------------+-------------+-------------+-------------+-------------+-------------+-------------+-------------+-------------+-------------+-------------+-------------+-------------+-------------+-------------+-------------+-------------+-------------+-------------+-------------+-------------+-------------+-------------+-------------+-------------+-------------+-------------+--------------+--------------+--------------+--------------+--------------+--------------+--------------+--------------+--------------+--------------+--------------+--------------+--------------+--------------+--------------+--------------+--------------+--------------+--------------+--------------+--------------+--------------+--------------+--------------+--------------+--------------+--------------+--------------+--------------+--------------+--------------+--------------+--------------+--------------+--------------+--------------+--------------+--------------+--------------+--------------+--------------+--------------+--------------+--------------+--------------+--------------+--------------+--------------+--------------+--------------+--------------+--------------+--------------+--------------+--------------+--------------+--------------+--------------+--------------+--------------+--------------+--------------+--------------+--------------+--------------+--------------+--------------+--------------+--------------+--------------+--------------+--------------+--------------+--------------+--------------+--------------+--------------+--------------+--------------+--------------+--------------+--------------+--------------+--------------+--------------+--------------+--------------+--------------+--------------+--------------+--------------+--------------+
| RDTSC Runtime [s] | 757.791100 | 708.826000 | 735.379300 | 723.606200 | 710.699600 | 718.522500 | 713.228900 | 712.572700 | 710.049300 | 724.311300 |  716.113100 |  716.112800 |  731.755800 |  718.194800 |  716.989000 |  751.626900 |  710.372600 |  712.022800 |  712.022900 |  716.664700 |  749.237500 |  715.453600 |  717.316500 |  717.316100 |  733.141500 |  720.390800 |  750.595200 |  747.270300 |  722.444800 |  719.179400 |  719.178500 |  759.871400 |  747.937800 |  762.898000 |  733.470800 |  723.975200 |  732.126500 |  734.872800 |  732.764800 |  707.910300 |  711.362300 |  717.868100 |  714.778400 |  724.947200 |  719.736600 |  712.902200 |  713.557100 |  758.372600 |  762.300000 |  752.001500 |  703.953800 |  727.240100 |  728.522500 |  750.929200 |  762.300700 |  720.722700 |  708.279900 |  708.279600 |  754.246700 |  730.464600 |  752.694200 |  733.801300 |  750.268000 |  746.896700 |  715.785500 |  721.054900 |  720.061700 |  735.709700 |  715.111100 |  749.939400 |  756.769800 |  704.214900 |  704.539700 |  747.939100 |  705.897500 |  705.897500 |  734.498000 |  754.868000 |  748.538700 |  734.499100 |  749.610000 |  713.895800 |  711.021800 |  744.380000 |  718.847800 |  713.894400 |  760.407400 |  721.377600 |  709.458200 |  763.597700 |  709.458000 |  722.071400 |  714.441700 |  740.676400 |  711.684800 |  730.087100 |  723.146600 |  741.670200 |  745.036300 |  708.828000 |   742.003700 |   722.780100 |   722.779800 |   704.864800 |   758.915600 |   734.137800 |   742.601800 |   751.261200 |   724.310700 |   721.706000 |   738.497000 |   727.610300 |   705.569400 |   755.525600 |   754.867500 |   748.873800 |   740.021200 |   737.833300 |   763.597700 |   744.378800 |   731.095600 |   746.019100 |   746.020100 |   758.042600 |   726.125000 |   726.454500 |   758.042100 |   726.125300 |   760.743200 |   729.525400 |   736.041400 |   742.929000 |   729.526300 |   727.974800 |   758.916000 |   727.973900 |   742.004500 |   759.553100 |   756.174000 |   759.553900 |   761.703200 |   745.361300 |   737.000500 |   736.999800 |   757.439800 |   739.156800 |   707.132800 |   740.677100 |   736.677500 |   761.372500 |   707.133200 |   707.132700 |   756.175200 |   761.702900 |   754.247400 |   730.464500 |   706.490700 |   729.204300 |   738.826700 |   741.348100 |   726.921400 |   739.476300 |   752.333800 |   757.440800 |   753.917100 |   760.742500 |   739.476800 |   728.523400 |   756.770500 |   747.271800 |   744.047800 |   725.318500 |   705.232600 |   725.318300 |   763.229300 |   725.319100 |   738.167500 |   745.691100 |   746.566600 |   736.042500 |   753.420500 |   706.491600 |   755.526700 |   740.347600 |   743.258600 |   732.127100 |   737.322000 |   743.594000 |   753.061600 |   743.258900 |   753.060800 |   731.423200 |
|     call count    |         13 |         13 |         13 |         13 |         13 |         13 |         13 |         13 |         13 |         13 |          13 |          13 |          13 |          13 |          13 |          13 |          13 |          13 |          13 |          13 |          13 |          13 |          13 |          13 |          13 |          13 |          13 |          13 |          13 |          13 |          13 |          13 |          13 |          13 |          13 |          13 |          13 |          13 |          13 |          13 |          13 |          13 |          13 |          13 |          13 |          13 |          13 |          13 |          13 |          13 |          13 |          13 |          13 |          13 |          13 |          13 |          13 |          13 |          13 |          13 |          13 |          13 |          13 |          13 |          13 |          13 |          13 |          13 |          13 |          13 |          13 |          13 |          13 |          13 |          13 |          13 |          13 |          13 |          13 |          13 |          13 |          13 |          13 |          13 |          13 |          13 |          13 |          13 |          13 |          13 |          13 |          13 |          13 |          13 |          13 |          13 |          13 |          13 |          13 |          13 |           13 |           13 |           13 |           13 |           13 |           13 |           13 |           13 |           13 |           13 |           13 |           13 |           13 |           13 |           13 |           13 |           13 |           13 |           13 |           13 |           13 |           13 |           13 |           13 |           13 |           13 |           13 |           13 |           13 |           13 |           13 |           13 |           13 |           13 |           13 |           13 |           13 |           13 |           13 |           13 |           13 |           13 |           13 |           13 |           13 |           13 |           13 |           13 |           13 |           13 |           13 |           13 |           13 |           13 |           13 |           13 |           13 |           13 |           13 |           13 |           13 |           13 |           13 |           13 |           13 |           13 |           13 |           13 |           13 |           13 |           13 |           13 |           13 |           13 |           13 |           13 |           13 |           13 |           13 |           13 |           13 |           13 |           13 |           13 |           13 |           13 |           13 |           13 |           13 |           13 |           13 |           13 |
+-------------------+------------+------------+------------+------------+------------+------------+------------+------------+------------+------------+-------------+-------------+-------------+-------------+-------------+-------------+-------------+-------------+-------------+-------------+-------------+-------------+-------------+-------------+-------------+-------------+-------------+-------------+-------------+-------------+-------------+-------------+-------------+-------------+-------------+-------------+-------------+-------------+-------------+-------------+-------------+-------------+-------------+-------------+-------------+-------------+-------------+-------------+-------------+-------------+-------------+-------------+-------------+-------------+-------------+-------------+-------------+-------------+-------------+-------------+-------------+-------------+-------------+-------------+-------------+-------------+-------------+-------------+-------------+-------------+-------------+-------------+-------------+-------------+-------------+-------------+-------------+-------------+-------------+-------------+-------------+-------------+-------------+-------------+-------------+-------------+-------------+-------------+-------------+-------------+-------------+-------------+-------------+-------------+-------------+-------------+-------------+-------------+-------------+-------------+--------------+--------------+--------------+--------------+--------------+--------------+--------------+--------------+--------------+--------------+--------------+--------------+--------------+--------------+--------------+--------------+--------------+--------------+--------------+--------------+--------------+--------------+--------------+--------------+--------------+--------------+--------------+--------------+--------------+--------------+--------------+--------------+--------------+--------------+--------------+--------------+--------------+--------------+--------------+--------------+--------------+--------------+--------------+--------------+--------------+--------------+--------------+--------------+--------------+--------------+--------------+--------------+--------------+--------------+--------------+--------------+--------------+--------------+--------------+--------------+--------------+--------------+--------------+--------------+--------------+--------------+--------------+--------------+--------------+--------------+--------------+--------------+--------------+--------------+--------------+--------------+--------------+--------------+--------------+--------------+--------------+--------------+--------------+--------------+--------------+--------------+--------------+--------------+--------------+--------------+--------------+--------------+

+-----------------------------+---------+---------------+---------------+---------------+---------------+---------------+---------------+---------------+---------------+---------------+---------------+---------------+---------------+---------------+---------------+---------------+---------------+---------------+---------------+---------------+---------------+---------------+---------------+---------------+---------------+---------------+---------------+---------------+---------------+---------------+---------------+---------------+---------------+---------------+---------------+---------------+---------------+---------------+---------------+---------------+---------------+---------------+---------------+---------------+---------------+---------------+---------------+---------------+---------------+---------------+---------------+---------------+---------------+---------------+---------------+---------------+---------------+---------------+---------------+---------------+---------------+---------------+---------------+---------------+---------------+---------------+---------------+---------------+---------------+---------------+---------------+---------------+---------------+---------------+---------------+---------------+---------------+---------------+---------------+---------------+---------------+---------------+---------------+---------------+---------------+---------------+---------------+---------------+---------------+---------------+---------------+---------------+---------------+---------------+---------------+---------------+---------------+---------------+---------------+---------------+---------------+---------------+---------------+---------------+---------------+---------------+---------------+---------------+---------------+---------------+---------------+---------------+---------------+---------------+---------------+---------------+---------------+---------------+---------------+---------------+---------------+---------------+---------------+---------------+---------------+---------------+---------------+---------------+---------------+---------------+---------------+---------------+---------------+---------------+---------------+---------------+---------------+---------------+---------------+---------------+---------------+---------------+---------------+---------------+---------------+---------------+---------------+---------------+---------------+---------------+---------------+---------------+---------------+---------------+---------------+---------------+---------------+---------------+---------------+---------------+---------------+---------------+---------------+---------------+---------------+---------------+---------------+---------------+---------------+---------------+---------------+---------------+---------------+---------------+---------------+---------------+---------------+---------------+---------------+---------------+---------------+---------------+---------------+---------------+---------------+---------------+---------------+---------------+---------------+---------------+---------------+---------------+---------------+
|            Event            | Counter |   HWThread 0  |   HWThread 1  |   HWThread 2  |   HWThread 3  |   HWThread 4  |   HWThread 5  |   HWThread 6  |   HWThread 7  |   HWThread 8  |   HWThread 9  |  HWThread 10  |  HWThread 11  |  HWThread 12  |  HWThread 13  |  HWThread 14  |  HWThread 15  |  HWThread 16  |  HWThread 17  |  HWThread 18  |  HWThread 19  |  HWThread 20  |  HWThread 21  |  HWThread 22  |  HWThread 23  |  HWThread 24  |  HWThread 25  |  HWThread 26  |  HWThread 27  |  HWThread 28  |  HWThread 29  |  HWThread 30  |  HWThread 31  |  HWThread 32  |  HWThread 33  |  HWThread 34  |  HWThread 35  |  HWThread 36  |  HWThread 37  |  HWThread 38  |  HWThread 39  |  HWThread 40  |  HWThread 41  |  HWThread 42  |  HWThread 43  |  HWThread 44  |  HWThread 45  |  HWThread 46  |  HWThread 47  |  HWThread 48  |  HWThread 49  |  HWThread 50  |  HWThread 51  |  HWThread 52  |  HWThread 53  |  HWThread 54  |  HWThread 55  |  HWThread 56  |  HWThread 57  |  HWThread 58  |  HWThread 59  |  HWThread 60  |  HWThread 61  |  HWThread 62  |  HWThread 63  |  HWThread 64  |  HWThread 65  |  HWThread 66  |  HWThread 67  |  HWThread 68  |  HWThread 69  |  HWThread 70  |  HWThread 71  |  HWThread 72  |  HWThread 73  |  HWThread 74  |  HWThread 75  |  HWThread 76  |  HWThread 77  |  HWThread 78  |  HWThread 79  |  HWThread 80  |  HWThread 81  |  HWThread 82  |  HWThread 83  |  HWThread 84  |  HWThread 85  |  HWThread 86  |  HWThread 87  |  HWThread 88  |  HWThread 89  |  HWThread 90  |  HWThread 91  |  HWThread 92  |  HWThread 93  |  HWThread 94  |  HWThread 95  |  HWThread 96  |  HWThread 97  |  HWThread 98  |  HWThread 99  |  HWThread 100 |  HWThread 101 |  HWThread 102 |  HWThread 103 |  HWThread 104 |  HWThread 105 |  HWThread 106 |  HWThread 107 |  HWThread 108 |  HWThread 109 |  HWThread 110 |  HWThread 111 |  HWThread 112 |  HWThread 113 |  HWThread 114 |  HWThread 115 |  HWThread 116 |  HWThread 117 |  HWThread 118 |  HWThread 119 |  HWThread 120 |  HWThread 121 |  HWThread 122 |  HWThread 123 |  HWThread 124 |  HWThread 125 |  HWThread 126 |  HWThread 127 |  HWThread 128 |  HWThread 129 |  HWThread 130 |  HWThread 131 |  HWThread 132 |  HWThread 133 |  HWThread 134 |  HWThread 135 |  HWThread 136 |  HWThread 137 |  HWThread 138 |  HWThread 139 |  HWThread 140 |  HWThread 141 |  HWThread 142 |  HWThread 143 |  HWThread 144 |  HWThread 145 |  HWThread 146 |  HWThread 147 |  HWThread 148 |  HWThread 149 |  HWThread 150 |  HWThread 151 |  HWThread 152 |  HWThread 153 |  HWThread 154 |  HWThread 155 |  HWThread 156 |  HWThread 157 |  HWThread 158 |  HWThread 159 |  HWThread 160 |  HWThread 161 |  HWThread 162 |  HWThread 163 |  HWThread 164 |  HWThread 165 |  HWThread 166 |  HWThread 167 |  HWThread 168 |  HWThread 169 |  HWThread 170 |  HWThread 171 |  HWThread 172 |  HWThread 173 |  HWThread 174 |  HWThread 175 |  HWThread 176 |  HWThread 177 |  HWThread 178 |  HWThread 179 |  HWThread 180 |  HWThread 181 |  HWThread 182 |  HWThread 183 |  HWThread 184 |  HWThread 185 |  HWThread 186 |  HWThread 187 |  HWThread 188 |  HWThread 189 |  HWThread 190 |  HWThread 191 |
+-----------------------------+---------+---------------+---------------+---------------+---------------+---------------+---------------+---------------+---------------+---------------+---------------+---------------+---------------+---------------+---------------+---------------+---------------+---------------+---------------+---------------+---------------+---------------+---------------+---------------+---------------+---------------+---------------+---------------+---------------+---------------+---------------+---------------+---------------+---------------+---------------+---------------+---------------+---------------+---------------+---------------+---------------+---------------+---------------+---------------+---------------+---------------+---------------+---------------+---------------+---------------+---------------+---------------+---------------+---------------+---------------+---------------+---------------+---------------+---------------+---------------+---------------+---------------+---------------+---------------+---------------+---------------+---------------+---------------+---------------+---------------+---------------+---------------+---------------+---------------+---------------+---------------+---------------+---------------+---------------+---------------+---------------+---------------+---------------+---------------+---------------+---------------+---------------+---------------+---------------+---------------+---------------+---------------+---------------+---------------+---------------+---------------+---------------+---------------+---------------+---------------+---------------+---------------+---------------+---------------+---------------+---------------+---------------+---------------+---------------+---------------+---------------+---------------+---------------+---------------+---------------+---------------+---------------+---------------+---------------+---------------+---------------+---------------+---------------+---------------+---------------+---------------+---------------+---------------+---------------+---------------+---------------+---------------+---------------+---------------+---------------+---------------+---------------+---------------+---------------+---------------+---------------+---------------+---------------+---------------+---------------+---------------+---------------+---------------+---------------+---------------+---------------+---------------+---------------+---------------+---------------+---------------+---------------+---------------+---------------+---------------+---------------+---------------+---------------+---------------+---------------+---------------+---------------+---------------+---------------+---------------+---------------+---------------+---------------+---------------+---------------+---------------+---------------+---------------+---------------+---------------+---------------+---------------+---------------+---------------+---------------+---------------+---------------+---------------+---------------+---------------+---------------+---------------+---------------+
|       ACTUAL_CPU_CLOCK      |  FIXC1  | 2598188000000 | 2592654000000 | 2593962000000 | 2593317000000 | 2594734000000 | 2593599000000 | 2593052000000 | 2593621000000 | 2592701000000 | 2593005000000 | 2593333000000 | 2593470000000 | 2592995000000 | 2593015000000 | 2592634000000 | 2592938000000 | 2594308000000 | 2593539000000 | 2593808000000 | 2594013000000 | 2593351000000 | 2593587000000 | 2594326000000 | 2594428000000 | 2594232000000 | 2593980000000 | 2594422000000 | 2594177000000 | 2594038000000 | 2593671000000 | 2592679000000 | 2592839000000 | 2592924000000 | 2592434000000 | 2592240000000 | 2593419000000 | 2592792000000 | 2593091000000 | 2593235000000 | 2592898000000 | 2594369000000 | 2593619000000 | 2593647000000 | 2594186000000 | 2595257000000 | 2593960000000 | 2594119000000 | 2593780000000 | 2594078000000 | 2594462000000 | 2594436000000 | 2594075000000 | 2594474000000 | 2594355000000 | 2593426000000 | 2594377000000 | 2592623000000 | 2592603000000 | 2591980000000 | 2592378000000 | 2591967000000 | 2592485000000 | 2592405000000 | 2592025000000 | 2593253000000 | 2594251000000 | 2593205000000 | 2594166000000 | 2593897000000 | 2593000000000 | 2593687000000 | 2593500000000 | 2593151000000 | 2594129000000 | 2593612000000 | 2593533000000 | 2593659000000 | 2593576000000 | 2593991000000 | 2593818000000 | 2592759000000 | 2593013000000 | 2593455000000 | 2592714000000 | 2593415000000 | 2593202000000 | 2592813000000 | 2592742000000 | 2593818000000 | 2594247000000 | 2593801000000 | 2593901000000 | 2593810000000 | 2593775000000 | 2594880000000 | 2594719000000 | 2596313000000 | 2596864000000 | 2596634000000 | 2596453000000 | 2595402000000 | 2596191000000 | 2596101000000 | 2595697000000 | 2596132000000 | 2595707000000 | 2595734000000 | 2596102000000 | 2596268000000 | 2596159000000 | 2596254000000 | 2596125000000 | 2596043000000 | 2596558000000 | 2595606000000 | 2595557000000 | 2595592000000 | 2596135000000 | 2596441000000 | 2596008000000 | 2596611000000 | 2597578000000 | 2597925000000 | 2598199000000 | 2596215000000 | 2595766000000 | 2596727000000 | 2596571000000 | 2595974000000 | 2595208000000 | 2595485000000 | 2595423000000 | 2595427000000 | 2595205000000 | 2595446000000 | 2596318000000 | 2595636000000 | 2596081000000 | 2596026000000 | 2596085000000 | 2595528000000 | 2595740000000 | 2596130000000 | 2595682000000 | 2596250000000 | 2595920000000 | 2595815000000 | 2595857000000 | 2595882000000 | 2596490000000 | 2596641000000 | 2596289000000 | 2595889000000 | 2595985000000 | 2595663000000 | 2595577000000 | 2595689000000 | 2595753000000 | 2595693000000 | 2596616000000 | 2594998000000 | 2596130000000 | 2595708000000 | 2596115000000 | 2596249000000 | 2595952000000 | 2596293000000 | 2595576000000 | 2596567000000 | 2596453000000 | 2596494000000 | 2596412000000 | 2596270000000 | 2596359000000 | 2596946000000 | 2596436000000 | 2595623000000 | 2596023000000 | 2596031000000 | 2595666000000 | 2596234000000 | 2595674000000 | 2595275000000 | 2595245000000 | 2596474000000 | 2596747000000 | 2597080000000 | 2596404000000 | 2596505000000 | 2596727000000 | 2596803000000 | 2596628000000 |
|        MAX_CPU_CLOCK        |  FIXC2  | 1832336000000 | 1827838000000 | 1828798000000 | 1828271000000 | 1828712000000 | 1828350000000 | 1827890000000 | 1828162000000 | 1827429000000 | 1827499000000 | 1827876000000 | 1827868000000 | 1827495000000 | 1827452000000 | 1827208000000 | 1827503000000 | 1828463000000 | 1828004000000 | 1828290000000 | 1828352000000 | 1827980000000 | 1828116000000 | 1828504000000 | 1828723000000 | 1828437000000 | 1828370000000 | 1828767000000 | 1828383000000 | 1828369000000 | 1828246000000 | 1827501000000 | 1827653000000 | 1827667000000 | 1827324000000 | 1827164000000 | 1827827000000 | 1827589000000 | 1827738000000 | 1827737000000 | 1827681000000 | 1828639000000 | 1827996000000 | 1828103000000 | 1828522000000 | 1829139000000 | 1828357000000 | 1828260000000 | 1828241000000 | 1828484000000 | 1828735000000 | 1828543000000 | 1828377000000 | 1828747000000 | 1828651000000 | 1827898000000 | 1828661000000 | 1827207000000 | 1827374000000 | 1826917000000 | 1827255000000 | 1826908000000 | 1827319000000 | 1827306000000 | 1827037000000 | 1827770000000 | 1828583000000 | 1827850000000 | 1828504000000 | 1828288000000 | 1827674000000 | 1828109000000 | 1827924000000 | 1827792000000 | 1828485000000 | 1828137000000 | 1828045000000 | 1828226000000 | 1828056000000 | 1828397000000 | 1828301000000 | 1827510000000 | 1827676000000 | 1828048000000 | 1827421000000 | 1827983000000 | 1827689000000 | 1827540000000 | 1827481000000 | 1828176000000 | 1828498000000 | 1828251000000 | 1828344000000 | 1828241000000 | 1828237000000 | 1828925000000 | 1828796000000 | 1827243000000 | 1827634000000 | 1827531000000 | 1827457000000 | 1826789000000 | 1827246000000 | 1827161000000 | 1826917000000 | 1827813000000 | 1826932000000 | 1827061000000 | 1827999000000 | 1827806000000 | 1827332000000 | 1827500000000 | 1827538000000 | 1827151000000 | 1827476000000 | 1826852000000 | 1826812000000 | 1826828000000 | 1827209000000 | 1827641000000 | 1826975000000 | 1827960000000 | 1830240000000 | 1830136000000 | 1830710000000 | 1827740000000 | 1827252000000 | 1828854000000 | 1827582000000 | 1826918000000 | 1826459000000 | 1826667000000 | 1826570000000 | 1826639000000 | 1826559000000 | 1826516000000 | 1827248000000 | 1826833000000 | 1827211000000 | 1827073000000 | 1827169000000 | 1826725000000 | 1826912000000 | 1827144000000 | 1826819000000 | 1827529000000 | 1827054000000 | 1827001000000 | 1827021000000 | 1827022000000 | 1827315000000 | 1827387000000 | 1827290000000 | 1826954000000 | 1826844000000 | 1826844000000 | 1826850000000 | 1826916000000 | 1826995000000 | 1826883000000 | 1827356000000 | 1826405000000 | 1827269000000 | 1826914000000 | 1827180000000 | 1827177000000 | 1827093000000 | 1827284000000 | 1826814000000 | 1827466000000 | 1827406000000 | 1827382000000 | 1827372000000 | 1827224000000 | 1827172000000 | 1827613000000 | 1827289000000 | 1826752000000 | 1827069000000 | 1827050000000 | 1826728000000 | 1827286000000 | 1826791000000 | 1826641000000 | 1826489000000 | 1827507000000 | 1827623000000 | 1827917000000 | 1827604000000 | 1827577000000 | 1827558000000 | 1827739000000 | 1827611000000 |
|     RETIRED_INSTRUCTIONS    |   PMC0  | 1413529000000 | 1407811000000 | 1403620000000 | 1408298000000 | 1400300000000 | 1404314000000 | 1397796000000 | 1396760000000 | 1665715000000 | 1652472000000 | 1660821000000 | 1653573000000 | 1669499000000 | 1659220000000 | 1666906000000 | 1655825000000 | 1427328000000 | 1412716000000 | 1424872000000 | 1423741000000 | 1418548000000 | 1429041000000 | 1418115000000 | 1424856000000 | 1400960000000 | 1399715000000 | 1401050000000 | 1396395000000 | 1402512000000 | 1395346000000 | 1398004000000 | 1395325000000 | 1652164000000 | 1652067000000 | 1662123000000 | 1654733000000 | 1661242000000 | 1660868000000 | 1654029000000 | 1649938000000 | 1407529000000 | 1412998000000 | 1417109000000 | 1403636000000 | 1416770000000 | 1414448000000 | 1415965000000 | 1408062000000 | 1402640000000 | 1404430000000 | 1416441000000 | 1412585000000 | 1414322000000 | 1406320000000 | 1405409000000 | 1402113000000 | 1654360000000 | 1663430000000 | 1669747000000 | 1659983000000 | 1666848000000 | 1653676000000 | 1653097000000 | 1655004000000 | 1405621000000 | 1412558000000 | 1431539000000 | 1421019000000 | 1415028000000 | 1412958000000 | 1420555000000 | 1416735000000 | 1384987000000 | 1395924000000 | 1401976000000 | 1407618000000 | 1399732000000 | 1403713000000 | 1394527000000 | 1401155000000 | 1659578000000 | 1647299000000 | 1658736000000 | 1652497000000 | 1662061000000 | 1639786000000 | 1659966000000 | 1651315000000 | 1411066000000 | 1414541000000 | 1410063000000 | 1403143000000 | 1412939000000 | 1405147000000 | 1412185000000 | 1411978000000 | 1230344000000 | 1236720000000 | 1240161000000 | 1234298000000 | 1235022000000 | 1234619000000 | 1234924000000 | 1228873000000 | 1543867000000 | 1551062000000 | 1553934000000 | 1540796000000 | 1555100000000 | 1541324000000 | 1550687000000 | 1539641000000 | 1235339000000 | 1240908000000 | 1235733000000 | 1241583000000 | 1256698000000 | 1240028000000 | 1245452000000 | 1236019000000 | 1225821000000 | 1235496000000 | 1230377000000 | 1229505000000 | 1236786000000 | 1224457000000 | 1223385000000 | 1228509000000 | 1541064000000 | 1545919000000 | 1542269000000 | 1541822000000 | 1545420000000 | 1544922000000 | 1543963000000 | 1533069000000 | 1244182000000 | 1243950000000 | 1248201000000 | 1249538000000 | 1244423000000 | 1249167000000 | 1244567000000 | 1243952000000 | 1236218000000 | 1230967000000 | 1241515000000 | 1233484000000 | 1240790000000 | 1229839000000 | 1233152000000 | 1237496000000 | 1545430000000 | 1545935000000 | 1546980000000 | 1542560000000 | 1541775000000 | 1541471000000 | 1544866000000 | 1543150000000 | 1243586000000 | 1240782000000 | 1243541000000 | 1236746000000 | 1249109000000 | 1231009000000 | 1246608000000 | 1237198000000 | 1230375000000 | 1232722000000 | 1234630000000 | 1240145000000 | 1234242000000 | 1235458000000 | 1239922000000 | 1236133000000 | 1543215000000 | 1550309000000 | 1559714000000 | 1554385000000 | 1546200000000 | 1542923000000 | 1548147000000 | 1546693000000 | 1244163000000 | 1247658000000 | 1250251000000 | 1233967000000 | 1239403000000 | 1241742000000 | 1238471000000 | 1244844000000 |
|     CPU_CLOCKS_UNHALTED     |   PMC1  | 2552562000000 | 2550917000000 | 2554683000000 | 2554879000000 | 2557134000000 | 2556060000000 | 2553759000000 | 2555414000000 | 2542149000000 | 2545222000000 | 2545647000000 | 2547422000000 | 2548632000000 | 2548118000000 | 2546973000000 | 2548760000000 | 2550107000000 | 2550803000000 | 2552622000000 | 2553937000000 | 2555944000000 | 2554446000000 | 2555177000000 | 2556159000000 | 2551553000000 | 2552643000000 | 2556764000000 | 2554599000000 | 2553063000000 | 2553878000000 | 2552797000000 | 2555108000000 | 2542338000000 | 2545275000000 | 2544835000000 | 2546661000000 | 2547615000000 | 2546873000000 | 2548878000000 | 2548093000000 | 2546407000000 | 2553160000000 | 2553763000000 | 2554592000000 | 2554529000000 | 2551283000000 | 2554734000000 | 2554203000000 | 2550239000000 | 2553161000000 | 2554545000000 | 2555631000000 | 2554824000000 | 2556608000000 | 2554804000000 | 2555083000000 | 2543522000000 | 2545445000000 | 2546990000000 | 2547125000000 | 2546380000000 | 2546539000000 | 2547815000000 | 2547183000000 | 2547535000000 | 2551941000000 | 2554599000000 | 2557003000000 | 2555645000000 | 2553397000000 | 2556183000000 | 2555311000000 | 2552097000000 | 2553760000000 | 2552898000000 | 2553271000000 | 2554485000000 | 2555337000000 | 2554690000000 | 2555209000000 | 2544615000000 | 2546211000000 | 2548870000000 | 2549100000000 | 2548317000000 | 2549150000000 | 2550561000000 | 2546802000000 | 2551118000000 | 2553380000000 | 2553308000000 | 2553481000000 | 2554615000000 | 2554335000000 | 2555348000000 | 2557204000000 | 2554527000000 | 2557526000000 | 2559161000000 | 2558319000000 | 2557016000000 | 2559007000000 | 2559590000000 | 2559924000000 | 2551543000000 | 2552346000000 | 2547498000000 | 2551265000000 | 2547097000000 | 2553790000000 | 2554632000000 | 2552952000000 | 2557748000000 | 2559127000000 | 2555775000000 | 2560826000000 | 2559781000000 | 2560125000000 | 2560345000000 | 2560321000000 | 2555680000000 | 2560772000000 | 2558713000000 | 2560436000000 | 2558319000000 | 2559249000000 | 2559784000000 | 2559028000000 | 2551003000000 | 2551840000000 | 2550987000000 | 2552777000000 | 2553229000000 | 2551371000000 | 2552749000000 | 2553357000000 | 2560072000000 | 2558155000000 | 2560242000000 | 2561461000000 | 2560129000000 | 2559842000000 | 2560984000000 | 2560571000000 | 2555235000000 | 2557461000000 | 2558886000000 | 2560211000000 | 2561137000000 | 2557767000000 | 2560894000000 | 2561858000000 | 2550295000000 | 2552458000000 | 2549338000000 | 2552955000000 | 2552541000000 | 2552821000000 | 2553049000000 | 2553565000000 | 2555608000000 | 2558659000000 | 2558757000000 | 2559046000000 | 2560317000000 | 2561781000000 | 2558630000000 | 2561476000000 | 2558653000000 | 2562231000000 | 2563024000000 | 2559321000000 | 2562098000000 | 2562719000000 | 2561495000000 | 2561057000000 | 2545397000000 | 2552049000000 | 2553631000000 | 2554351000000 | 2552202000000 | 2551897000000 | 2552238000000 | 2553620000000 | 2557943000000 | 2558999000000 | 2559647000000 | 2558586000000 | 2560478000000 | 2560343000000 | 2558253000000 | 2559516000000 |
|       L2_PF_HIT_IN_L3       |   PMC2  |    8493430000 |    8773716000 |    8468213000 |    8776267000 |    8311149000 |    8642146000 |    8500195000 |    8395463000 |   12079120000 |   11184870000 |   12146400000 |   11493750000 |   12610560000 |   12011330000 |   12824460000 |   12067080000 |    9050347000 |    8314537000 |    9119105000 |    8994331000 |    8865613000 |    9522900000 |    9036758000 |    9383235000 |    8483724000 |    8340649000 |    8644140000 |    8301759000 |    8746502000 |    8401321000 |    8709153000 |    8516418000 |   11611500000 |   11620950000 |   12414660000 |   11906920000 |   12544680000 |   12457300000 |   12285760000 |   12090400000 |    8414496000 |    8538563000 |    8969977000 |    8307413000 |    9019111000 |    8986717000 |    9102785000 |    8721524000 |    8271436000 |    8270207000 |    9081250000 |    8858420000 |    9051200000 |    8534750000 |    8736741000 |    8481379000 |   11533680000 |   12060130000 |   12661970000 |   12061310000 |   12682950000 |   11877220000 |   11996990000 |   12114390000 |    8070416000 |    8390136000 |    9496689000 |    8878596000 |    8656030000 |    8715604000 |    9162495000 |    9002566000 |    7610374000 |    8120099000 |    8659234000 |    8971097000 |    8652596000 |    8834420000 |    8480619000 |    8833823000 |   11974130000 |   11210430000 |   12179620000 |   11700220000 |   12432510000 |   11140590000 |   12492190000 |   12010040000 |    8441223000 |    8640023000 |    8596940000 |    8315625000 |    8839556000 |    8491983000 |    8904370000 |    8872478000 |    6308813000 |    6535279000 |    6801187000 |    6508258000 |    6655298000 |    6599055000 |    6679950000 |    6362775000 |   10224280000 |   10779400000 |   11207380000 |   10250300000 |   10222730000 |   10363170000 |   11065630000 |   10480750000 |    6120999000 |    6393767000 |    6222639000 |    6491138000 |    7457417000 |    6520010000 |    6875446000 |    6437543000 |    6191293000 |    6598859000 |    6388070000 |    6351943000 |    6750200000 |    6283317000 |    6272932000 |    6571329000 |   10286490000 |   10607580000 |   10551370000 |   10504370000 |   10894230000 |   11043520000 |   10940280000 |   10148240000 |    6607568000 |    6707038000 |    6895208000 |    7046067000 |    6814393000 |    7085859000 |    6886149000 |    6885106000 |    6455004000 |    6164079000 |    6900103000 |    6382547000 |    6844371000 |    6192428000 |    6503824000 |    6714049000 |   10368450000 |   10314820000 |   10701310000 |   10320600000 |   10442150000 |   10588110000 |   10931780000 |   10672290000 |    6615435000 |    6452453000 |    6712983000 |    6232137000 |    7008875000 |    6035640000 |    7021922000 |    6465787000 |    6359581000 |    6405180000 |    6493539000 |    6939163000 |    6664047000 |    6638741000 |    6991140000 |    6818961000 |   10324030000 |   10688550000 |   11381690000 |   11140000000 |   10690850000 |   10415730000 |   11081560000 |   10940560000 |    6664640000 |    6767682000 |    7018314000 |    6233870000 |    6510727000 |    6601121000 |    6594457000 |    6928095000 |
|       L2_PF_MISS_IN_L3      |   PMC3  |   16837660000 |   16633900000 |   16778270000 |   16627440000 |   16846990000 |   16640570000 |   16620550000 |   16677610000 |   21364410000 |   21862700000 |   21239240000 |   21619860000 |   20997040000 |   21266990000 |   20725980000 |   21135560000 |   16886310000 |   17190330000 |   16763740000 |   16839220000 |   16883480000 |   16516910000 |   16699350000 |   16553040000 |   16691820000 |   16793670000 |   16587970000 |   16711800000 |   16501200000 |   16606900000 |   16386180000 |   16525530000 |   21471260000 |   21448020000 |   20982380000 |   21240440000 |   20855340000 |   20876690000 |   20890450000 |   21003450000 |   16913380000 |   16966790000 |   16690300000 |   16964270000 |   16612320000 |   16582270000 |   16496260000 |   16656520000 |   16944740000 |   16953430000 |   16535990000 |   16641820000 |   16524940000 |   16774970000 |   16571810000 |   16704200000 |   21565550000 |   21342240000 |   20951580000 |   21235790000 |   20848870000 |   21241180000 |   21138590000 |   21065180000 |   17182480000 |   17092830000 |   16585800000 |   16878010000 |   16924160000 |   16799210000 |   16587200000 |   16652410000 |   17062300000 |   16872840000 |   16538250000 |   16380080000 |   16506190000 |   16410720000 |   16514000000 |   16325830000 |   21290300000 |   21648540000 |   21081850000 |   21354140000 |   20947670000 |   21544540000 |   20831070000 |   21009160000 |   16946680000 |   16884670000 |   16817010000 |   16951100000 |   16702840000 |   16804090000 |   16589820000 |   16633130000 |   13588070000 |   13513830000 |   13405130000 |   13531530000 |   13401790000 |   13447310000 |   13398730000 |   13523200000 |   19761910000 |   19452280000 |   19129890000 |   19644600000 |   19534590000 |   19574420000 |   19146170000 |   19411630000 |   13906120000 |   13822670000 |   13853360000 |   13766110000 |   13269350000 |   13689410000 |   13524330000 |   13651190000 |   13541990000 |   13421780000 |   13445960000 |   13481130000 |   13310330000 |   13444910000 |   13436780000 |   13295150000 |   19595190000 |   19428290000 |   19382920000 |   19419310000 |   19188350000 |   19001630000 |   19059770000 |   19515840000 |   13706720000 |   13602040000 |   13502930000 |   13452880000 |   13526380000 |   13399350000 |   13467080000 |   13431540000 |   13592260000 |   13746170000 |   13384340000 |   13642560000 |   13395390000 |   13660720000 |   13505080000 |   13422760000 |   19626450000 |   19672680000 |   19368030000 |   19619630000 |   19494140000 |   19355680000 |   19105330000 |   19292680000 |   13664630000 |   13788200000 |   13603300000 |   13851970000 |   13482980000 |   13931100000 |   13391670000 |   13679560000 |   13538730000 |   13589240000 |   13548720000 |   13262930000 |   13386260000 |   13433250000 |   13211920000 |   13257700000 |   19632950000 |   19500890000 |   19098210000 |   19192060000 |   19421760000 |   19557580000 |   19097990000 |   19163270000 |   13637820000 |   13625740000 |   13505090000 |   13771280000 |   13675120000 |   13648150000 |   13556040000 |   13437850000 |
| L2_CACHE_MISS_AFTER_L1_MISS |   PMC4  |    6292912000 |    6314445000 |    6264921000 |    6291327000 |    6239588000 |    6266793000 |    6225243000 |    6215942000 |    7342751000 |    7235540000 |    7315369000 |    7242836000 |    7377218000 |    7285507000 |    7354886000 |    7259303000 |    6416623000 |    6300112000 |    6399214000 |    6379940000 |    6348118000 |    6433177000 |    6347781000 |    6397797000 |    6258012000 |    6242987000 |    6263156000 |    6204862000 |    6268285000 |    6209545000 |    6236780000 |    6210404000 |    7269250000 |    7255512000 |    7325772000 |    7263972000 |    7330140000 |    7308524000 |    7281152000 |    7242225000 |    6284526000 |    6318276000 |    6347764000 |    6249574000 |    6348090000 |    6326876000 |    6331782000 |    6276057000 |    6270024000 |    6260030000 |    6369934000 |    6330612000 |    6355555000 |    6277032000 |    6292076000 |    6257074000 |    7288330000 |    7347187000 |    7406344000 |    7316255000 |    7382595000 |    7272212000 |    7283265000 |    7289191000 |    6262134000 |    6309497000 |    6453142000 |    6365737000 |    6339745000 |    6311433000 |    6369392000 |    6340830000 |    6139629000 |    6211834000 |    6276099000 |    6307633000 |    6250420000 |    6275941000 |    6211387000 |    6253550000 |    7323248000 |    7222475000 |    7315950000 |    7263640000 |    7343431000 |    7167445000 |    7326844000 |    7257634000 |    6291429000 |    6322086000 |    6298490000 |    6235499000 |    6320514000 |    6259412000 |    6308255000 |    6298340000 |    5042321000 |    5068488000 |    5105619000 |    5069477000 |    5072887000 |    5065915000 |    5074692000 |    5018796000 |    5979812000 |    6031204000 |    6069206000 |    5960032000 |    5927922000 |    5963788000 |    6033108000 |    5958032000 |    5032508000 |    5078810000 |    5043250000 |    5079275000 |    5212077000 |    5071891000 |    5117633000 |    5032637000 |    5002575000 |    5066473000 |    5019104000 |    5009450000 |    5078881000 |    4989874000 |    4974069000 |    5023182000 |    5970023000 |    6001335000 |    5983727000 |    5963052000 |    6006203000 |    6005727000 |    6002037000 |    5900541000 |    5101574000 |    5107779000 |    5132606000 |    5148983000 |    5115173000 |    5151460000 |    5117836000 |    5111883000 |    5067944000 |    5017720000 |    5118091000 |    5046877000 |    5104392000 |    5002013000 |    5040742000 |    5080895000 |    6019925000 |    6006793000 |    6031323000 |    5989069000 |    6006107000 |    5975863000 |    6005992000 |    5982632000 |    5099098000 |    5074835000 |    5108876000 |    5033957000 |    5151642000 |    4994879000 |    5124025000 |    5056242000 |    5037450000 |    5054578000 |    5058300000 |    5111058000 |    5061084000 |    5060956000 |    5099495000 |    5073680000 |    5960876000 |    6006059000 |    6077978000 |    6032427000 |    5978614000 |    5947280000 |    6005699000 |    5985452000 |    5107974000 |    5123973000 |    5150895000 |    5024369000 |    5071773000 |    5083248000 |    5060127000 |    5115414000 |
+-----------------------------+---------+---------------+---------------+---------------+---------------+---------------+---------------+---------------+---------------+---------------+---------------+---------------+---------------+---------------+---------------+---------------+---------------+---------------+---------------+---------------+---------------+---------------+---------------+---------------+---------------+---------------+---------------+---------------+---------------+---------------+---------------+---------------+---------------+---------------+---------------+---------------+---------------+---------------+---------------+---------------+---------------+---------------+---------------+---------------+---------------+---------------+---------------+---------------+---------------+---------------+---------------+---------------+---------------+---------------+---------------+---------------+---------------+---------------+---------------+---------------+---------------+---------------+---------------+---------------+---------------+---------------+---------------+---------------+---------------+---------------+---------------+---------------+---------------+---------------+---------------+---------------+---------------+---------------+---------------+---------------+---------------+---------------+---------------+---------------+---------------+---------------+---------------+---------------+---------------+---------------+---------------+---------------+---------------+---------------+---------------+---------------+---------------+---------------+---------------+---------------+---------------+---------------+---------------+---------------+---------------+---------------+---------------+---------------+---------------+---------------+---------------+---------------+---------------+---------------+---------------+---------------+---------------+---------------+---------------+---------------+---------------+---------------+---------------+---------------+---------------+---------------+---------------+---------------+---------------+---------------+---------------+---------------+---------------+---------------+---------------+---------------+---------------+---------------+---------------+---------------+---------------+---------------+---------------+---------------+---------------+---------------+---------------+---------------+---------------+---------------+---------------+---------------+---------------+---------------+---------------+---------------+---------------+---------------+---------------+---------------+---------------+---------------+---------------+---------------+---------------+---------------+---------------+---------------+---------------+---------------+---------------+---------------+---------------+---------------+---------------+---------------+---------------+---------------+---------------+---------------+---------------+---------------+---------------+---------------+---------------+---------------+---------------+---------------+---------------+---------------+---------------+---------------+---------------+

+----------------------------------+---------+-----------------+---------------+---------------+---------------+
|               Event              | Counter |       Sum       |      Min      |      Max      |      Avg      |
+----------------------------------+---------+-----------------+---------------+---------------+---------------+
|       ACTUAL_CPU_CLOCK STAT      |  FIXC1  | 498209395000000 | 2591967000000 | 2598199000000 |  2.594841e+12 |
|        MAX_CPU_CLOCK STAT        |  FIXC2  | 350914307000000 | 1826405000000 | 1832336000000 |  1.827679e+12 |
|     RETIRED_INSTRUCTIONS STAT    |   PMC0  | 271910829000000 | 1223385000000 | 1669747000000 | 1416202234375 |
|     CPU_CLOCKS_UNHALTED STAT     |   PMC1  | 490412324000000 | 2542149000000 | 2563024000000 |  2.554231e+12 |
|       L2_PF_HIT_IN_L3 STAT       |   PMC2  |   1704460142000 |    6035640000 |   12824460000 |  8.877397e+09 |
|       L2_PF_MISS_IN_L3 STAT      |   PMC3  |   3235085890000 |   13211920000 |   21862700000 |  1.684941e+10 |
| L2_CACHE_MISS_AFTER_L1_MISS STAT |   PMC4  |   1152953295000 |    4974069000 |    7406344000 |  6.004965e+09 |
+----------------------------------+---------+-----------------+---------------+---------------+---------------+

+-------------------------+------------+------------+------------+------------+------------+------------+------------+------------+------------+------------+-------------+-------------+-------------+-------------+-------------+-------------+-------------+-------------+-------------+-------------+-------------+-------------+-------------+-------------+-------------+-------------+-------------+-------------+-------------+-------------+-------------+-------------+-------------+-------------+-------------+-------------+-------------+-------------+-------------+-------------+-------------+-------------+-------------+-------------+-------------+-------------+-------------+-------------+-------------+-------------+-------------+-------------+-------------+-------------+-------------+-------------+-------------+-------------+-------------+-------------+-------------+-------------+-------------+-------------+-------------+-------------+-------------+-------------+-------------+-------------+-------------+-------------+-------------+-------------+-------------+-------------+-------------+-------------+-------------+-------------+-------------+-------------+-------------+-------------+-------------+-------------+-------------+-------------+-------------+-------------+-------------+-------------+-------------+-------------+-------------+-------------+-------------+-------------+-------------+-------------+--------------+--------------+--------------+--------------+--------------+--------------+--------------+--------------+--------------+--------------+--------------+--------------+--------------+--------------+--------------+--------------+--------------+--------------+--------------+--------------+--------------+--------------+--------------+--------------+--------------+--------------+--------------+--------------+--------------+--------------+--------------+--------------+--------------+--------------+--------------+--------------+--------------+--------------+--------------+--------------+--------------+--------------+--------------+--------------+--------------+--------------+--------------+--------------+--------------+--------------+--------------+--------------+--------------+--------------+--------------+--------------+--------------+--------------+--------------+--------------+--------------+--------------+--------------+--------------+--------------+--------------+--------------+--------------+--------------+--------------+--------------+--------------+--------------+--------------+--------------+--------------+--------------+--------------+--------------+--------------+--------------+--------------+--------------+--------------+--------------+--------------+--------------+--------------+--------------+--------------+--------------+--------------+
|          Metric         | HWThread 0 | HWThread 1 | HWThread 2 | HWThread 3 | HWThread 4 | HWThread 5 | HWThread 6 | HWThread 7 | HWThread 8 | HWThread 9 | HWThread 10 | HWThread 11 | HWThread 12 | HWThread 13 | HWThread 14 | HWThread 15 | HWThread 16 | HWThread 17 | HWThread 18 | HWThread 19 | HWThread 20 | HWThread 21 | HWThread 22 | HWThread 23 | HWThread 24 | HWThread 25 | HWThread 26 | HWThread 27 | HWThread 28 | HWThread 29 | HWThread 30 | HWThread 31 | HWThread 32 | HWThread 33 | HWThread 34 | HWThread 35 | HWThread 36 | HWThread 37 | HWThread 38 | HWThread 39 | HWThread 40 | HWThread 41 | HWThread 42 | HWThread 43 | HWThread 44 | HWThread 45 | HWThread 46 | HWThread 47 | HWThread 48 | HWThread 49 | HWThread 50 | HWThread 51 | HWThread 52 | HWThread 53 | HWThread 54 | HWThread 55 | HWThread 56 | HWThread 57 | HWThread 58 | HWThread 59 | HWThread 60 | HWThread 61 | HWThread 62 | HWThread 63 | HWThread 64 | HWThread 65 | HWThread 66 | HWThread 67 | HWThread 68 | HWThread 69 | HWThread 70 | HWThread 71 | HWThread 72 | HWThread 73 | HWThread 74 | HWThread 75 | HWThread 76 | HWThread 77 | HWThread 78 | HWThread 79 | HWThread 80 | HWThread 81 | HWThread 82 | HWThread 83 | HWThread 84 | HWThread 85 | HWThread 86 | HWThread 87 | HWThread 88 | HWThread 89 | HWThread 90 | HWThread 91 | HWThread 92 | HWThread 93 | HWThread 94 | HWThread 95 | HWThread 96 | HWThread 97 | HWThread 98 | HWThread 99 | HWThread 100 | HWThread 101 | HWThread 102 | HWThread 103 | HWThread 104 | HWThread 105 | HWThread 106 | HWThread 107 | HWThread 108 | HWThread 109 | HWThread 110 | HWThread 111 | HWThread 112 | HWThread 113 | HWThread 114 | HWThread 115 | HWThread 116 | HWThread 117 | HWThread 118 | HWThread 119 | HWThread 120 | HWThread 121 | HWThread 122 | HWThread 123 | HWThread 124 | HWThread 125 | HWThread 126 | HWThread 127 | HWThread 128 | HWThread 129 | HWThread 130 | HWThread 131 | HWThread 132 | HWThread 133 | HWThread 134 | HWThread 135 | HWThread 136 | HWThread 137 | HWThread 138 | HWThread 139 | HWThread 140 | HWThread 141 | HWThread 142 | HWThread 143 | HWThread 144 | HWThread 145 | HWThread 146 | HWThread 147 | HWThread 148 | HWThread 149 | HWThread 150 | HWThread 151 | HWThread 152 | HWThread 153 | HWThread 154 | HWThread 155 | HWThread 156 | HWThread 157 | HWThread 158 | HWThread 159 | HWThread 160 | HWThread 161 | HWThread 162 | HWThread 163 | HWThread 164 | HWThread 165 | HWThread 166 | HWThread 167 | HWThread 168 | HWThread 169 | HWThread 170 | HWThread 171 | HWThread 172 | HWThread 173 | HWThread 174 | HWThread 175 | HWThread 176 | HWThread 177 | HWThread 178 | HWThread 179 | HWThread 180 | HWThread 181 | HWThread 182 | HWThread 183 | HWThread 184 | HWThread 185 | HWThread 186 | HWThread 187 | HWThread 188 | HWThread 189 | HWThread 190 | HWThread 191 |
+-------------------------+------------+------------+------------+------------+------------+------------+------------+------------+------------+------------+-------------+-------------+-------------+-------------+-------------+-------------+-------------+-------------+-------------+-------------+-------------+-------------+-------------+-------------+-------------+-------------+-------------+-------------+-------------+-------------+-------------+-------------+-------------+-------------+-------------+-------------+-------------+-------------+-------------+-------------+-------------+-------------+-------------+-------------+-------------+-------------+-------------+-------------+-------------+-------------+-------------+-------------+-------------+-------------+-------------+-------------+-------------+-------------+-------------+-------------+-------------+-------------+-------------+-------------+-------------+-------------+-------------+-------------+-------------+-------------+-------------+-------------+-------------+-------------+-------------+-------------+-------------+-------------+-------------+-------------+-------------+-------------+-------------+-------------+-------------+-------------+-------------+-------------+-------------+-------------+-------------+-------------+-------------+-------------+-------------+-------------+-------------+-------------+-------------+-------------+--------------+--------------+--------------+--------------+--------------+--------------+--------------+--------------+--------------+--------------+--------------+--------------+--------------+--------------+--------------+--------------+--------------+--------------+--------------+--------------+--------------+--------------+--------------+--------------+--------------+--------------+--------------+--------------+--------------+--------------+--------------+--------------+--------------+--------------+--------------+--------------+--------------+--------------+--------------+--------------+--------------+--------------+--------------+--------------+--------------+--------------+--------------+--------------+--------------+--------------+--------------+--------------+--------------+--------------+--------------+--------------+--------------+--------------+--------------+--------------+--------------+--------------+--------------+--------------+--------------+--------------+--------------+--------------+--------------+--------------+--------------+--------------+--------------+--------------+--------------+--------------+--------------+--------------+--------------+--------------+--------------+--------------+--------------+--------------+--------------+--------------+--------------+--------------+--------------+--------------+--------------+--------------+
|   Runtime (RDTSC) [s]   |   757.7911 |   708.8260 |   735.3793 |   723.6062 |   710.6996 |   718.5225 |   713.2289 |   712.5727 |   710.0493 |   724.3113 |    716.1131 |    716.1128 |    731.7558 |    718.1948 |    716.9890 |    751.6269 |    710.3726 |    712.0228 |    712.0229 |    716.6647 |    749.2375 |    715.4536 |    717.3165 |    717.3161 |    733.1415 |    720.3908 |    750.5952 |    747.2703 |    722.4448 |    719.1794 |    719.1785 |    759.8714 |    747.9378 |    762.8980 |    733.4708 |    723.9752 |    732.1265 |    734.8728 |    732.7648 |    707.9103 |    711.3623 |    717.8681 |    714.7784 |    724.9472 |    719.7366 |    712.9022 |    713.5571 |    758.3726 |    762.3000 |    752.0015 |    703.9538 |    727.2401 |    728.5225 |    750.9292 |    762.3007 |    720.7227 |    708.2799 |    708.2796 |    754.2467 |    730.4646 |    752.6942 |    733.8013 |    750.2680 |    746.8967 |    715.7855 |    721.0549 |    720.0617 |    735.7097 |    715.1111 |    749.9394 |    756.7698 |    704.2149 |    704.5397 |    747.9391 |    705.8975 |    705.8975 |    734.4980 |    754.8680 |    748.5387 |    734.4991 |    749.6100 |    713.8958 |    711.0218 |    744.3800 |    718.8478 |    713.8944 |    760.4074 |    721.3776 |    709.4582 |    763.5977 |    709.4580 |    722.0714 |    714.4417 |    740.6764 |    711.6848 |    730.0871 |    723.1466 |    741.6702 |    745.0363 |    708.8280 |     742.0037 |     722.7801 |     722.7798 |     704.8648 |     758.9156 |     734.1378 |     742.6018 |     751.2612 |     724.3107 |     721.7060 |     738.4970 |     727.6103 |     705.5694 |     755.5256 |     754.8675 |     748.8738 |     740.0212 |     737.8333 |     763.5977 |     744.3788 |     731.0956 |     746.0191 |     746.0201 |     758.0426 |     726.1250 |     726.4545 |     758.0421 |     726.1253 |     760.7432 |     729.5254 |     736.0414 |     742.9290 |     729.5263 |     727.9748 |     758.9160 |     727.9739 |     742.0045 |     759.5531 |     756.1740 |     759.5539 |     761.7032 |     745.3613 |     737.0005 |     736.9998 |     757.4398 |     739.1568 |     707.1328 |     740.6771 |     736.6775 |     761.3725 |     707.1332 |     707.1327 |     756.1752 |     761.7029 |     754.2474 |     730.4645 |     706.4907 |     729.2043 |     738.8267 |     741.3481 |     726.9214 |     739.4763 |     752.3338 |     757.4408 |     753.9171 |     760.7425 |     739.4768 |     728.5234 |     756.7705 |     747.2718 |     744.0478 |     725.3185 |     705.2326 |     725.3183 |     763.2293 |     725.3191 |     738.1675 |     745.6911 |     746.5666 |     736.0425 |     753.4205 |     706.4916 |     755.5267 |     740.3476 |     743.2586 |     732.1271 |     737.3220 |     743.5940 |     753.0616 |     743.2589 |     753.0608 |     731.4232 |
|   Runtime unhalted [s]  |   999.3041 |   997.1757 |   997.6787 |   997.4307 |   997.9757 |   997.5391 |   997.3287 |   997.5476 |   997.1937 |   997.3107 |    997.4368 |    997.4895 |    997.3068 |    997.3145 |    997.1680 |    997.2849 |    997.8118 |    997.5161 |    997.6195 |    997.6984 |    997.4437 |    997.5345 |    997.8188 |    997.8580 |    997.7826 |    997.6857 |    997.8557 |    997.7614 |    997.7080 |    997.5668 |    997.1853 |    997.2468 |    997.2795 |    997.0911 |    997.0164 |    997.4699 |    997.2287 |    997.3437 |    997.3991 |    997.2695 |    997.8353 |    997.5468 |    997.5576 |    997.7649 |    998.1768 |    997.6780 |    997.7391 |    997.6087 |    997.7234 |    997.8711 |    997.8611 |    997.7222 |    997.8757 |    997.8299 |    997.4726 |    997.8384 |    997.1637 |    997.1561 |    996.9164 |    997.0695 |    996.9114 |    997.1107 |    997.0799 |    996.9337 |    997.4061 |    997.7899 |    997.3876 |    997.7572 |    997.6537 |    997.3087 |    997.5730 |    997.5011 |    997.3668 |    997.7430 |    997.5441 |    997.5137 |    997.5622 |    997.5303 |    997.6899 |    997.6234 |    997.2161 |    997.3137 |    997.4837 |    997.1987 |    997.4684 |    997.3864 |    997.2368 |    997.2095 |    997.6234 |    997.7884 |    997.6168 |    997.6553 |    997.6203 |    997.6068 |    998.0318 |    997.9699 |    998.5830 |    998.7949 |    998.7064 |    998.6368 |     998.2326 |     998.5361 |     998.5014 |     998.3461 |     998.5134 |     998.3499 |     998.3603 |     998.5018 |     998.5657 |     998.5238 |     998.5603 |     998.5107 |     998.4791 |     998.6772 |     998.3111 |     998.2922 |     998.3057 |     998.5145 |     998.6322 |     998.4657 |     998.6976 |     999.0695 |     999.2030 |     999.3084 |     998.5453 |     998.3726 |     998.7422 |     998.6822 |     998.4526 |     998.1580 |     998.2645 |     998.2407 |     998.2422 |     998.1568 |     998.2495 |     998.5849 |     998.3226 |     998.4938 |     998.4726 |     998.4953 |     998.2811 |     998.3626 |     998.5126 |     998.3403 |     998.5588 |     998.4318 |     998.3914 |     998.4076 |     998.4172 |     998.6511 |     998.7091 |     998.5738 |     998.4199 |     998.4568 |     998.3330 |     998.2999 |     998.3430 |     998.3676 |     998.3445 |     998.6995 |     998.0772 |     998.5126 |     998.3503 |     998.5068 |     998.5584 |     998.4441 |     998.5753 |     998.2995 |     998.6807 |     998.6368 |     998.6526 |     998.6211 |     998.5664 |     998.6007 |     998.8264 |     998.6303 |     998.3176 |     998.4714 |     998.4745 |     998.3341 |     998.5526 |     998.3372 |     998.1838 |     998.1722 |     998.6449 |     998.7499 |     998.8780 |     998.6180 |     998.6568 |     998.7422 |     998.7714 |     998.7041 |
|       Clock [MHz]       |  3686.7046 |  3687.9052 |  3687.8289 |  3687.9746 |  3689.0999 |  3688.2163 |  3688.3664 |  3688.6269 |  3688.7975 |  3689.0887 |   3688.7943 |   3689.0054 |   3689.0825 |   3689.1978 |   3689.1483 |   3688.9853 |   3688.9965 |   3688.8290 |   3688.6345 |   3688.8010 |   3688.6101 |   3688.6713 |   3688.9394 |   3688.6426 |   3688.9409 |   3688.7177 |   3688.5454 |   3688.9716 |   3688.8022 |   3688.5285 |   3688.6208 |   3688.5417 |   3688.6343 |   3688.6295 |   3688.6765 |   3689.0156 |   3688.6040 |   3688.7286 |   3688.9355 |   3688.5691 |   3688.7282 |   3688.9590 |   3688.7829 |   3688.7040 |   3688.9821 |   3688.7155 |   3689.1373 |   3688.6936 |   3688.6271 |   3688.6668 |   3689.0171 |   3688.8387 |   3688.6596 |   3688.6841 |   3688.8822 |   3688.6952 |   3689.1346 |   3688.7691 |   3688.8052 |   3688.6891 |   3688.8048 |   3688.7122 |   3688.6246 |   3688.6269 |   3688.8945 |   3688.6734 |   3688.6647 |   3688.7119 |   3688.7651 |   3688.7283 |   3688.8277 |   3688.9350 |   3688.7050 |   3688.6976 |   3688.6645 |   3688.7378 |   3688.5518 |   3688.7767 |   3688.6789 |   3688.6266 |   3688.7165 |   3688.7428 |   3688.6208 |   3688.8321 |   3688.6951 |   3688.9854 |   3688.7328 |   3688.7508 |   3688.8788 |   3688.8392 |   3688.7033 |   3688.6579 |   3688.7363 |   3688.6945 |   3688.8778 |   3688.9091 |   3694.3125 |   3694.3060 |   3694.1870 |   3694.0791 |    3693.9340 |    3694.1328 |    3694.1766 |    3694.0950 |    3692.9030 |    3694.0790 |    3693.8566 |    3692.4845 |    3693.1106 |    3693.9134 |    3693.7090 |    3693.4487 |    3694.1143 |    3694.1900 |    3694.0970 |    3694.1081 |    3694.1256 |    3694.1280 |    3693.6901 |    3694.4204 |    3693.2873 |    3690.0601 |    3690.7628 |    3689.9947 |    3693.1685 |    3693.5160 |    3691.6468 |    3693.9943 |    3694.4872 |    3694.3253 |    3694.2989 |    3694.4068 |    3694.2729 |    3694.1187 |    3694.5488 |    3694.3095 |    3694.1781 |    3694.0471 |    3694.2478 |    3694.1377 |    3694.2428 |    3694.1664 |    3694.2523 |    3694.2719 |    3693.6447 |    3694.1354 |    3694.0931 |    3694.1125 |    3694.1460 |    3694.4188 |    3694.4881 |    3694.1833 |    3694.2935 |    3694.6526 |    3694.1943 |    3694.0597 |    3694.0857 |    3694.0170 |    3694.1581 |    3694.5152 |    3694.1356 |    3693.9995 |    3694.1168 |    3694.1581 |    3694.3549 |    3694.1021 |    3694.2011 |    3694.1311 |    3694.2231 |    3694.1822 |    3694.2890 |    3694.1926 |    3694.2897 |    3694.5215 |    3694.4651 |    3694.3945 |    3694.3234 |    3694.2516 |    3694.3014 |    3694.4331 |    3694.1132 |    3694.3171 |    3694.0526 |    3694.3173 |    3694.0079 |    3694.1618 |    3694.0413 |    3693.7122 |    3693.9105 |    3694.2647 |    3694.0070 |    3694.0167 |
|           CPI           |     1.8058 |     1.8120 |     1.8201 |     1.8142 |     1.8261 |     1.8201 |     1.8270 |     1.8295 |     1.5262 |     1.5403 |      1.5328 |      1.5406 |      1.5266 |      1.5357 |      1.5280 |      1.5393 |      1.7866 |      1.8056 |      1.7915 |      1.7938 |      1.8018 |      1.7875 |      1.8018 |      1.7940 |      1.8213 |      1.8237 |      1.8249 |      1.8294 |      1.8204 |      1.8303 |      1.8260 |      1.8312 |      1.5388 |      1.5407 |      1.5311 |      1.5390 |      1.5336 |      1.5335 |      1.5410 |      1.5444 |      1.8091 |      1.8069 |      1.8021 |      1.8200 |      1.8031 |      1.8037 |      1.8042 |      1.8140 |      1.8182 |      1.8179 |      1.8035 |      1.8092 |      1.8064 |      1.8179 |      1.8178 |      1.8223 |      1.5375 |      1.5302 |      1.5254 |      1.5344 |      1.5277 |      1.5399 |      1.5412 |      1.5391 |      1.8124 |      1.8066 |      1.7845 |      1.7994 |      1.8061 |      1.8071 |      1.7994 |      1.8037 |      1.8427 |      1.8294 |      1.8209 |      1.8139 |      1.8250 |      1.8204 |      1.8319 |      1.8236 |      1.5333 |      1.5457 |      1.5366 |      1.5426 |      1.5332 |      1.5546 |      1.5365 |      1.5423 |      1.8079 |      1.8051 |      1.8108 |      1.8198 |      1.8080 |      1.8178 |      1.8095 |      1.8111 |      2.0763 |      2.0680 |      2.0636 |      2.0727 |       2.0704 |       2.0727 |       2.0727 |       2.0831 |       1.6527 |       1.6455 |       1.6394 |       1.6558 |       1.6379 |       1.6569 |       1.6474 |       1.6581 |       2.0705 |       2.0623 |       2.0682 |       2.0625 |       2.0369 |       2.0646 |       2.0558 |       2.0714 |       2.0849 |       2.0727 |       2.0796 |       2.0825 |       2.0685 |       2.0901 |       2.0924 |       2.0830 |       1.6554 |       1.6507 |       1.6540 |       1.6557 |       1.6521 |       1.6515 |       1.6534 |       1.6655 |       2.0576 |       2.0565 |       2.0511 |       2.0499 |       2.0573 |       2.0492 |       2.0577 |       2.0584 |       2.0670 |       2.0776 |       2.0611 |       2.0756 |       2.0641 |       2.0798 |       2.0767 |       2.0702 |       1.6502 |       1.6511 |       1.6479 |       1.6550 |       1.6556 |       1.6561 |       1.6526 |       1.6548 |       2.0550 |       2.0621 |       2.0576 |       2.0692 |       2.0497 |       2.0810 |       2.0525 |       2.0704 |       2.0796 |       2.0785 |       2.0759 |       2.0637 |       2.0758 |       2.0743 |       2.0659 |       2.0718 |       1.6494 |       1.6462 |       1.6372 |       1.6433 |       1.6506 |       1.6539 |       1.6486 |       1.6510 |       2.0560 |       2.0510 |       2.0473 |       2.0735 |       2.0659 |       2.0619 |       2.0657 |       2.0561 |
| L3 bandwidth [MBytes/s] |  2670.8365 |  2864.1894 |  2742.4349 |  2803.2957 |  2827.4316 |  2810.1675 |  2812.7621 |  2810.2353 |  3676.2546 |  3559.4075 |   3637.5044 |   3606.7119 |   3584.5679 |   3614.7365 |   3651.2985 |   3445.2790 |   2914.8223 |   2858.7830 |   2901.6648 |   2876.7476 |   2741.7495 |   2904.8301 |   2862.5703 |   2884.8936 |   2744.0100 |   2787.5808 |   2685.4648 |   2673.7031 |   2791.9409 |   2778.0788 |   2788.2580 |   2632.2224 |   3452.8655 |   3382.8465 |   3553.3248 |   3572.3948 |   3560.4916 |   3539.5526 |   3533.5638 |   3646.6609 |   2844.1115 |   2837.1678 |   2865.9437 |   2782.7688 |   2843.6644 |   2863.4155 |   2863.9235 |   2671.3287 |   2643.4695 |   2679.4557 |   2908.1158 |   2801.2406 |   2805.1687 |   2692.0675 |   2653.0739 |   2792.0999 |   3649.4101 |   3682.1216 |   3480.6559 |   3558.3582 |   3478.8664 |   3522.7509 |   3447.8427 |   3467.6826 |   2817.8301 |   2821.8623 |   2891.8083 |   2794.3494 |   2856.7251 |   2716.0592 |   2716.3103 |   2907.8220 |   2798.9727 |   2670.1445 |   2853.5436 |   2870.3372 |   2736.8205 |   2672.4529 |   2668.1111 |   2737.1647 |   3465.2838 |   3593.2590 |   3652.4265 |   3466.4446 |   3625.6786 |   3572.7480 |   3421.3326 |   3573.3261 |   2857.7825 |   2669.1985 |   2860.7700 |   2792.1648 |   2854.2934 |   2726.6307 |   2859.9128 |   2787.9587 |   2207.1722 |   2167.4407 |   2174.3422 |   2267.1127 |    2167.5342 |    2223.6167 |    2227.2562 |    2261.2923 |    3033.0436 |    3161.2928 |    3137.6364 |    3054.4844 |    3153.1434 |    3183.6900 |    3141.0745 |    3153.3726 |    2273.0806 |    2142.7412 |    2129.6876 |    2165.3014 |    2243.2952 |    2192.9126 |    2138.7102 |    2159.8784 |    2165.3733 |    2152.1904 |    2132.1149 |    2097.4039 |    2215.7649 |    2177.6429 |    2084.0030 |    2193.7513 |    3016.1413 |    3161.4816 |    3123.1302 |    3091.4809 |    3166.0025 |    3169.4176 |    3036.0851 |    3126.6722 |    2192.1904 |    2141.6262 |    2160.8355 |    2161.0942 |    2138.8653 |    2201.2772 |    2211.8685 |    2208.1768 |    2122.1136 |    2158.3919 |    2299.0903 |    2166.4055 |    2201.8126 |    2089.2931 |    2267.1504 |    2282.3624 |    3048.1677 |    3024.3219 |    3063.2422 |    3147.9629 |    3255.9713 |    3152.5565 |    3122.1916 |    3103.3283 |    2234.4457 |    2190.9982 |    2162.8833 |    2122.3521 |    2176.8757 |    2099.9794 |    2210.2215 |    2213.9326 |    2108.8146 |    2145.3183 |    2159.0492 |    2233.5590 |    2278.8638 |    2217.6589 |    2121.7261 |    2219.1913 |    3114.1208 |    3106.5302 |    3133.9524 |    3161.9467 |    3065.8023 |    3253.9916 |    3065.2205 |    3119.7698 |    2188.0242 |    2230.6418 |    2228.5448 |    2154.2525 |    2146.5544 |    2181.3142 |    2142.5626 |    2229.6353 |
| L3 data volume [GBytes] |  2023.9361 |  2030.2119 |  2016.7299 |  2028.4822 |  2009.4545 |  2019.1686 |  2006.1432 |  2002.4970 |  2610.3220 |  2578.1190 |   2604.8646 |   2582.8125 |   2623.0284 |   2596.0849 |   2617.9409 |   2589.5644 |   2070.6099 |   2035.5187 |   2066.0518 |   2061.6634 |   2054.2215 |   2078.2712 |   2053.3689 |   2069.3806 |   2011.7476 |   2008.1476 |   2015.6970 |   1997.9789 |   2017.0232 |   1997.9370 |   2005.2552 |   2000.1505 |   2582.5286 |   2580.7668 |   2606.2600 |   2586.3252 |   2606.7302 |   2601.1209 |   2589.2712 |   2581.5088 |   2023.1937 |   2036.7123 |   2048.5146 |   2017.3604 |   2046.6893 |   2041.3352 |   2043.5729 |   2025.8625 |   2015.1168 |   2014.9547 |   2047.1791 |   2037.1745 |   2043.6285 |   2021.5521 |   2022.4401 |   2012.3298 |   2584.8038 |   2607.9716 |   2625.2732 |   2599.2547 |   2618.5226 |   2584.9992 |   2586.8061 |   2590.0007 |   2016.9619 |   2034.7176 |   2082.2804 |   2055.8300 |   2042.8758 |   2036.8798 |   2055.6216 |   2047.7316 |   1971.9874 |   1997.1055 |   2014.3093 |   2026.1638 |   2010.1892 |   2017.3492 |   1997.1844 |   2010.4450 |   2597.6114 |   2565.2125 |   2596.9549 |   2580.3520 |   2606.3111 |   2550.5648 |   2601.6067 |   2577.7174 |   2027.4772 |   2038.1939 |   2029.5962 |   2016.1423 |   2039.2262 |   2019.5510 |   2035.3565 |   2035.4527 |   1596.1091 |   1607.5262 |   1619.9639 |   1606.9930 |    1608.3184 |    1607.1859 |    1609.8158 |    1593.9053 |    2301.8241 |    2320.8246 |    2330.0145 |    2294.7156 |    2283.8555 |    2297.6882 |    2319.6741 |    2294.4264 |    1603.8161 |    1618.8958 |    1607.6319 |    1621.5375 |    1660.0860 |    1618.0039 |    1633.1142 |    1607.7677 |    1583.0949 |    1605.5752 |    1590.6006 |    1589.9215 |    1608.9223 |    1581.9585 |    1579.7620 |    1592.9383 |    2294.5090 |    2306.3811 |    2298.7531 |    2296.7508 |    2309.6821 |    2307.2561 |    2304.1336 |    2276.1357 |    1626.6152 |    1626.6788 |    1633.9676 |    1641.4675 |    1629.1805 |    1640.7468 |    1630.1482 |    1627.4259 |    1607.3733 |    1595.3900 |    1625.7622 |    1604.6070 |    1622.0258 |    1590.7303 |    1603.1773 |    1613.9331 |    2304.9488 |    2303.6348 |    2310.4424 |    2299.4751 |    2300.3134 |    2298.8578 |    2306.7585 |    2300.6465 |    1624.2664 |    1620.1912 |    1627.2102 |    1607.5561 |    1641.1838 |    1597.5436 |    1634.4075 |    1612.9017 |    1595.8887 |    1603.1359 |    1606.4358 |    1620.0417 |    1607.1290 |    1608.5086 |    1619.3635 |    1609.6218 |    2298.7428 |    2316.5119 |    2339.7042 |    2327.3272 |    2309.8383 |    2298.9178 |    2315.8559 |    2309.7140 |    1626.2678 |    1633.1133 |    1643.1551 |    1601.8892 |    1616.4877 |    1621.2812 |    1613.4799 |    1630.8070 |
+-------------------------+------------+------------+------------+------------+------------+------------+------------+------------+------------+------------+-------------+-------------+-------------+-------------+-------------+-------------+-------------+-------------+-------------+-------------+-------------+-------------+-------------+-------------+-------------+-------------+-------------+-------------+-------------+-------------+-------------+-------------+-------------+-------------+-------------+-------------+-------------+-------------+-------------+-------------+-------------+-------------+-------------+-------------+-------------+-------------+-------------+-------------+-------------+-------------+-------------+-------------+-------------+-------------+-------------+-------------+-------------+-------------+-------------+-------------+-------------+-------------+-------------+-------------+-------------+-------------+-------------+-------------+-------------+-------------+-------------+-------------+-------------+-------------+-------------+-------------+-------------+-------------+-------------+-------------+-------------+-------------+-------------+-------------+-------------+-------------+-------------+-------------+-------------+-------------+-------------+-------------+-------------+-------------+-------------+-------------+-------------+-------------+-------------+-------------+--------------+--------------+--------------+--------------+--------------+--------------+--------------+--------------+--------------+--------------+--------------+--------------+--------------+--------------+--------------+--------------+--------------+--------------+--------------+--------------+--------------+--------------+--------------+--------------+--------------+--------------+--------------+--------------+--------------+--------------+--------------+--------------+--------------+--------------+--------------+--------------+--------------+--------------+--------------+--------------+--------------+--------------+--------------+--------------+--------------+--------------+--------------+--------------+--------------+--------------+--------------+--------------+--------------+--------------+--------------+--------------+--------------+--------------+--------------+--------------+--------------+--------------+--------------+--------------+--------------+--------------+--------------+--------------+--------------+--------------+--------------+--------------+--------------+--------------+--------------+--------------+--------------+--------------+--------------+--------------+--------------+--------------+--------------+--------------+--------------+--------------+--------------+--------------+--------------+--------------+--------------+--------------+

+------------------------------+-------------+-----------+-----------+-----------+
|            Metric            |     Sum     |    Min    |    Max    |    Avg    |
+------------------------------+-------------+-----------+-----------+-----------+
|   Runtime (RDTSC) [s] STAT   | 140897.4791 |  703.9538 |  763.5977 |  733.8410 |
|   Runtime unhalted [s] STAT  | 191619.2006 |  996.9114 |  999.3084 |  998.0167 |
|       Clock [MHz] STAT       | 708736.8922 | 3686.7046 | 3694.6526 | 3691.3380 |
|           CPI STAT           |    350.3208 |    1.5254 |    2.0924 |    1.8246 |
| L3 bandwidth [MBytes/s] STAT | 531937.1604 | 2084.0030 | 3682.1216 | 2770.5060 |
| L3 data volume [GBytes] STAT | 389919.9566 | 1579.7620 | 2625.2732 | 2030.8331 |
+------------------------------+-------------+-----------+-----------+-----------+

