INFO: You are running LIKWID in a cpuset with 48 CPUs. Taking given IDs as logical ID in cpuset
--------------------------------------------------------------------------------
CPU name:	AMD EPYC 9A14 96-Core Processor                
CPU type:	AMD K19 (Zen4) architecture
CPU clock:	2.60 GHz
--------------------------------------------------------------------------------
Sys.CPU_THREADS       192
SLURM_CPUS_PER_TASK   48
OMP_NUM_THREADS       48
OMP_PROC_BIND         close
OMP_PLACES            cores
BLAS_NUM_THREADS      1
Threads.nthreads()    1

Successfully read data from: /public/home/halili/jld2file/cc-pvdz/h2o-1.0-cc-pvdz.jld2
  name: h2o
  ratio: 1.0
  basis: cc-pvdz
  nα: 5, nβ: 5, ne: 10, norb: 24, nq: 48

  ngs: 25495
  ncs: 128793

Warming up JIT and Hardware...
Warm-up completed.
  Step 001:  residual: 9.9885e-01,  e: -76.02676073376630
  Step 002:  residual: 3.3618e-01,  e: -76.22561643779898
  Step 003:  residual: 9.9286e-02,  e: -76.24222290584423
  Step 004:  residual: 3.2400e-02,  e: -76.24360734427408
  Step 005:  residual: 1.2871e-02,  e: -76.24376885653822
  Step 006:  residual: 4.3599e-03,  e: -76.24379383490462
  Step 007:  residual: 1.6905e-03,  e: -76.24379667642265
  Step 008:  residual: 7.0448e-04,  e: -76.24379712049124
  Step 009:  residual: 3.1828e-04,  e: -76.24379720589890
  Step 010:  residual: 1.2649e-04,  e: -76.24379722155591
  Step 011:  residual: 4.7677e-05,  e: -76.24379722386439
  Step 012:  residual: 1.7064e-05,  e: -76.24379722415699
  Step 013:  residual: 6.0873e-06,  e: -76.24379722419400

Convergence reached!
1305.933727 seconds (7.21 M allocations: 91.224 GiB, 0.04% gc time, 0.15% compilation time)
--------------------------------------------------------------------------------
Region hvec_direct_agg, Group 1: L3
+-------------------+-------------+-------------+-------------+-------------+-------------+-------------+-------------+-------------+-------------+-------------+-------------+-------------+-------------+-------------+-------------+-------------+-------------+-------------+-------------+-------------+-------------+-------------+-------------+-------------+-------------+-------------+-------------+-------------+-------------+-------------+-------------+-------------+-------------+-------------+-------------+-------------+-------------+-------------+-------------+-------------+-------------+-------------+-------------+-------------+-------------+-------------+-------------+-------------+
|    Region Info    |  HWThread 0 |  HWThread 1 |  HWThread 2 |  HWThread 3 |  HWThread 4 |  HWThread 5 |  HWThread 6 |  HWThread 7 |  HWThread 8 |  HWThread 9 | HWThread 10 | HWThread 11 | HWThread 12 | HWThread 13 | HWThread 14 | HWThread 15 | HWThread 16 | HWThread 17 | HWThread 18 | HWThread 19 | HWThread 20 | HWThread 21 | HWThread 22 | HWThread 23 | HWThread 24 | HWThread 25 | HWThread 26 | HWThread 27 | HWThread 28 | HWThread 29 | HWThread 30 | HWThread 31 | HWThread 32 | HWThread 33 | HWThread 34 | HWThread 35 | HWThread 36 | HWThread 37 | HWThread 38 | HWThread 39 | HWThread 40 | HWThread 41 | HWThread 42 | HWThread 43 | HWThread 44 | HWThread 45 | HWThread 46 | HWThread 47 |
+-------------------+-------------+-------------+-------------+-------------+-------------+-------------+-------------+-------------+-------------+-------------+-------------+-------------+-------------+-------------+-------------+-------------+-------------+-------------+-------------+-------------+-------------+-------------+-------------+-------------+-------------+-------------+-------------+-------------+-------------+-------------+-------------+-------------+-------------+-------------+-------------+-------------+-------------+-------------+-------------+-------------+-------------+-------------+-------------+-------------+-------------+-------------+-------------+-------------+
| RDTSC Runtime [s] | 1284.201000 | 1279.656000 | 1280.507000 | 1278.587000 | 1277.271000 | 1281.404000 | 1281.086000 | 1280.507000 | 1277.387000 | 1282.374000 | 1277.387000 | 1278.324000 | 1281.721000 | 1278.324000 | 1279.177000 | 1282.214000 | 1283.789000 | 1277.798000 | 1278.904000 | 1278.904000 | 1277.638000 | 1277.798000 | 1282.213000 | 1282.806000 | 1279.973000 | 1279.973000 | 1280.769000 | 1277.638000 | 1281.566000 | 1283.788000 | 1279.334000 | 1283.622000 | 1280.240000 | 1279.500000 | 1283.245000 | 1279.814000 | 1283.246000 | 1278.745000 | 1281.879000 | 1283.128000 | 1282.969000 | 1281.879000 | 1278.170000 | 1281.243000 | 1282.806000 | 1282.634000 | 1280.127000 | 1280.927000 |
|     call count    |          13 |          13 |          13 |          13 |          13 |          13 |          13 |          13 |          13 |          13 |          13 |          13 |          13 |          13 |          13 |          13 |          13 |          13 |          13 |          13 |          13 |          13 |          13 |          13 |          13 |          13 |          13 |          13 |          13 |          13 |          13 |          13 |          13 |          13 |          13 |          13 |          13 |          13 |          13 |          13 |          13 |          13 |          13 |          13 |          13 |          13 |          13 |          13 |
+-------------------+-------------+-------------+-------------+-------------+-------------+-------------+-------------+-------------+-------------+-------------+-------------+-------------+-------------+-------------+-------------+-------------+-------------+-------------+-------------+-------------+-------------+-------------+-------------+-------------+-------------+-------------+-------------+-------------+-------------+-------------+-------------+-------------+-------------+-------------+-------------+-------------+-------------+-------------+-------------+-------------+-------------+-------------+-------------+-------------+-------------+-------------+-------------+-------------+

+-----------------------------+---------+---------------+---------------+---------------+---------------+---------------+---------------+---------------+---------------+---------------+---------------+---------------+---------------+---------------+---------------+---------------+---------------+---------------+---------------+---------------+---------------+---------------+---------------+---------------+---------------+---------------+---------------+---------------+---------------+---------------+---------------+---------------+---------------+---------------+---------------+---------------+---------------+---------------+---------------+---------------+---------------+---------------+---------------+---------------+---------------+---------------+---------------+---------------+---------------+
|            Event            | Counter |   HWThread 0  |   HWThread 1  |   HWThread 2  |   HWThread 3  |   HWThread 4  |   HWThread 5  |   HWThread 6  |   HWThread 7  |   HWThread 8  |   HWThread 9  |  HWThread 10  |  HWThread 11  |  HWThread 12  |  HWThread 13  |  HWThread 14  |  HWThread 15  |  HWThread 16  |  HWThread 17  |  HWThread 18  |  HWThread 19  |  HWThread 20  |  HWThread 21  |  HWThread 22  |  HWThread 23  |  HWThread 24  |  HWThread 25  |  HWThread 26  |  HWThread 27  |  HWThread 28  |  HWThread 29  |  HWThread 30  |  HWThread 31  |  HWThread 32  |  HWThread 33  |  HWThread 34  |  HWThread 35  |  HWThread 36  |  HWThread 37  |  HWThread 38  |  HWThread 39  |  HWThread 40  |  HWThread 41  |  HWThread 42  |  HWThread 43  |  HWThread 44  |  HWThread 45  |  HWThread 46  |  HWThread 47  |
+-----------------------------+---------+---------------+---------------+---------------+---------------+---------------+---------------+---------------+---------------+---------------+---------------+---------------+---------------+---------------+---------------+---------------+---------------+---------------+---------------+---------------+---------------+---------------+---------------+---------------+---------------+---------------+---------------+---------------+---------------+---------------+---------------+---------------+---------------+---------------+---------------+---------------+---------------+---------------+---------------+---------------+---------------+---------------+---------------+---------------+---------------+---------------+---------------+---------------+---------------+
|       ACTUAL_CPU_CLOCK      |  FIXC1  | 4724494000000 | 4721507000000 | 4722300000000 | 4722502000000 | 4722418000000 | 4722420000000 | 4722712000000 | 4722756000000 | 4722641000000 | 4722267000000 | 4722470000000 | 4722086000000 | 4722718000000 | 4722233000000 | 4722469000000 | 4722271000000 | 4722426000000 | 4722834000000 | 4722503000000 | 4722167000000 | 4722258000000 | 4721854000000 | 4722292000000 | 4722781000000 | 4722166000000 | 4722263000000 | 4721668000000 | 4722061000000 | 4722084000000 | 4721665000000 | 4722336000000 | 4722032000000 | 4722478000000 | 4722509000000 | 4722609000000 | 4723011000000 | 4722497000000 | 4722340000000 | 4722916000000 | 4722492000000 | 4722857000000 | 4722347000000 | 4722556000000 | 4721918000000 | 4722824000000 | 4722760000000 | 4722355000000 | 4721880000000 |
|        MAX_CPU_CLOCK        |  FIXC2  | 3320321000000 | 3319503000000 | 3319838000000 | 3319838000000 | 3319775000000 | 3319857000000 | 3319999000000 | 3319911000000 | 3319844000000 | 3319735000000 | 3319756000000 | 3319481000000 | 3319929000000 | 3319752000000 | 3319824000000 | 3319878000000 | 3319762000000 | 3320056000000 | 3319878000000 | 3319755000000 | 3319870000000 | 3319617000000 | 3319747000000 | 3320059000000 | 3319610000000 | 3319817000000 | 3319284000000 | 3319571000000 | 3319590000000 | 3319423000000 | 3319785000000 | 3319568000000 | 3319970000000 | 3319887000000 | 3319841000000 | 3320201000000 | 3319949000000 | 3319781000000 | 3320304000000 | 3320026000000 | 3320130000000 | 3319680000000 | 3319949000000 | 3319372000000 | 3320172000000 | 3320028000000 | 3319829000000 | 3319446000000 |
|     RETIRED_INSTRUCTIONS    |   PMC0  | 5546287000000 | 5539592000000 | 5539484000000 | 5539762000000 | 5546443000000 | 5534904000000 | 5544508000000 | 5537071000000 | 5728381000000 | 5724662000000 | 5723721000000 | 5717718000000 | 5718418000000 | 5715242000000 | 5715210000000 | 5715049000000 | 5699905000000 | 5699908000000 | 5699325000000 | 5694397000000 | 5695138000000 | 5690557000000 | 5687031000000 | 5689681000000 | 5623333000000 | 5622559000000 | 5617776000000 | 5618107000000 | 5620504000000 | 5616204000000 | 5612308000000 | 5611283000000 | 5734348000000 | 5727643000000 | 5734311000000 | 5724619000000 | 5726555000000 | 5716145000000 | 5720913000000 | 5718779000000 | 5675136000000 | 5667158000000 | 5671018000000 | 5661077000000 | 5665767000000 | 5653752000000 | 5663313000000 | 5654186000000 |
|     CPU_CLOCKS_UNHALTED     |   PMC1  | 4697979000000 | 4700450000000 | 4701272000000 | 4700993000000 | 4701637000000 | 4701283000000 | 4701724000000 | 4701245000000 | 4701732000000 | 4701323000000 | 4701428000000 | 4701629000000 | 4702576000000 | 4701010000000 | 4702063000000 | 4701159000000 | 4701204000000 | 4701871000000 | 4700921000000 | 4701037000000 | 4701111000000 | 4701325000000 | 4701094000000 | 4701661000000 | 4701172000000 | 4700752000000 | 4699881000000 | 4700986000000 | 4699794000000 | 4699868000000 | 4700694000000 | 4700338000000 | 4701307000000 | 4701255000000 | 4700842000000 | 4701307000000 | 4701007000000 | 4700345000000 | 4701770000000 | 4701972000000 | 4701781000000 | 4700921000000 | 4701399000000 | 4700091000000 | 4701658000000 | 4701005000000 | 4701043000000 | 4700711000000 |
|       L2_PF_HIT_IN_L3       |   PMC2  |   47295040000 |   47769440000 |   48564410000 |   48863320000 |   50111380000 |   48979850000 |   51065160000 |   50018980000 |   52258480000 |   52319260000 |   53542620000 |   52395590000 |   52276760000 |   52751550000 |   52847260000 |   53647720000 |   52185200000 |   52204020000 |   53370390000 |   53192120000 |   53186330000 |   53122570000 |   53333120000 |   53611000000 |   50209350000 |   50778910000 |   50641180000 |   51318020000 |   51818310000 |   51490850000 |   51467670000 |   51326480000 |   53040970000 |   51872140000 |   55377190000 |   52617890000 |   53550140000 |   52559480000 |   53212770000 |   53484520000 |   51007480000 |   50783320000 |   52513460000 |   50835390000 |   52001800000 |   50384260000 |   52925210000 |   51223140000 |
|       L2_PF_MISS_IN_L3      |   PMC3  |   65717580000 |   65086630000 |   64378350000 |   64016680000 |   63099600000 |   63781360000 |   62040080000 |   62777250000 |   67601360000 |   67301030000 |   66197420000 |   67015730000 |   67227670000 |   66599920000 |   66501760000 |   65729000000 |   66385430000 |   66247800000 |   65172010000 |   65149890000 |   65229120000 |   65130140000 |   64743410000 |   64531900000 |   65594570000 |   64927630000 |   65013210000 |   64277150000 |   63943870000 |   64055730000 |   63945060000 |   64028180000 |   67102490000 |   67891900000 |   64817060000 |   67058600000 |   66353740000 |   66858000000 |   66409480000 |   66002310000 |   66657700000 |   66552450000 |   65152480000 |   66276230000 |   65374770000 |   66466210000 |   64312810000 |   65638480000 |
| L2_CACHE_MISS_AFTER_L1_MISS |   PMC4  |   12174540000 |   12139530000 |   12160500000 |   12156590000 |   12222290000 |   12186130000 |   12234640000 |   12178310000 |   12160400000 |   12052280000 |   12107540000 |   12026750000 |   12064890000 |   12061940000 |   12068080000 |   12091540000 |   12417070000 |   12386930000 |   12420990000 |   12403590000 |   12376880000 |   12411610000 |   12364500000 |   12350920000 |   12355250000 |   12362420000 |   12356600000 |   12348230000 |   12406850000 |   12353800000 |   12341910000 |   12308460000 |   12118620000 |   12061860000 |   12165870000 |   12029620000 |   12060630000 |   12022860000 |   12042940000 |   12019610000 |   12360240000 |   12285770000 |   12426990000 |   12267050000 |   12315370000 |   12204100000 |   12293010000 |   12261070000 |
+-----------------------------+---------+---------------+---------------+---------------+---------------+---------------+---------------+---------------+---------------+---------------+---------------+---------------+---------------+---------------+---------------+---------------+---------------+---------------+---------------+---------------+---------------+---------------+---------------+---------------+---------------+---------------+---------------+---------------+---------------+---------------+---------------+---------------+---------------+---------------+---------------+---------------+---------------+---------------+---------------+---------------+---------------+---------------+---------------+---------------+---------------+---------------+---------------+---------------+---------------+

+----------------------------------+---------+-----------------+---------------+---------------+---------------+
|               Event              | Counter |       Sum       |      Min      |      Max      |      Avg      |
+----------------------------------+---------+-----------------+---------------+---------------+---------------+
|       ACTUAL_CPU_CLOCK STAT      |  FIXC1  | 226676003000000 | 4721507000000 | 4724494000000 |  4.722417e+12 |
|        MAX_CPU_CLOCK STAT        |  FIXC2  | 159351198000000 | 3319284000000 | 3320321000000 | 3319816625000 |
|     RETIRED_INSTRUCTIONS STAT    |   PMC0  | 271699188000000 | 5534904000000 | 5734348000000 | 5660399750000 |
|     CPU_CLOCKS_UNHALTED STAT     |   PMC1  | 225651626000000 | 4697979000000 | 4702576000000 |  4.701076e+12 |
|       L2_PF_HIT_IN_L3 STAT       |   PMC2  |   2485351500000 |   47295040000 |   55377190000 |   51778156250 |
|       L2_PF_MISS_IN_L3 STAT      |   PMC3  |   3142371230000 |   62040080000 |   67891900000 |  6.546607e+10 |
| L2_CACHE_MISS_AFTER_L1_MISS STAT |   PMC4  |    586987570000 |   12019610000 |   12426990000 |  1.222891e+10 |
+----------------------------------+---------+-----------------+---------------+---------------+---------------+

+-------------------------+------------+------------+------------+------------+------------+------------+------------+------------+------------+------------+-------------+-------------+-------------+-------------+-------------+-------------+-------------+-------------+-------------+-------------+-------------+-------------+-------------+-------------+-------------+-------------+-------------+-------------+-------------+-------------+-------------+-------------+-------------+-------------+-------------+-------------+-------------+-------------+-------------+-------------+-------------+-------------+-------------+-------------+-------------+-------------+-------------+-------------+
|          Metric         | HWThread 0 | HWThread 1 | HWThread 2 | HWThread 3 | HWThread 4 | HWThread 5 | HWThread 6 | HWThread 7 | HWThread 8 | HWThread 9 | HWThread 10 | HWThread 11 | HWThread 12 | HWThread 13 | HWThread 14 | HWThread 15 | HWThread 16 | HWThread 17 | HWThread 18 | HWThread 19 | HWThread 20 | HWThread 21 | HWThread 22 | HWThread 23 | HWThread 24 | HWThread 25 | HWThread 26 | HWThread 27 | HWThread 28 | HWThread 29 | HWThread 30 | HWThread 31 | HWThread 32 | HWThread 33 | HWThread 34 | HWThread 35 | HWThread 36 | HWThread 37 | HWThread 38 | HWThread 39 | HWThread 40 | HWThread 41 | HWThread 42 | HWThread 43 | HWThread 44 | HWThread 45 | HWThread 46 | HWThread 47 |
+-------------------------+------------+------------+------------+------------+------------+------------+------------+------------+------------+------------+-------------+-------------+-------------+-------------+-------------+-------------+-------------+-------------+-------------+-------------+-------------+-------------+-------------+-------------+-------------+-------------+-------------+-------------+-------------+-------------+-------------+-------------+-------------+-------------+-------------+-------------+-------------+-------------+-------------+-------------+-------------+-------------+-------------+-------------+-------------+-------------+-------------+-------------+
|   Runtime (RDTSC) [s]   |  1284.2010 |  1279.6560 |  1280.5070 |  1278.5870 |  1277.2710 |  1281.4040 |  1281.0860 |  1280.5070 |  1277.3870 |  1282.3740 |   1277.3870 |   1278.3240 |   1281.7210 |   1278.3240 |   1279.1770 |   1282.2140 |   1283.7890 |   1277.7980 |   1278.9040 |   1278.9040 |   1277.6380 |   1277.7980 |   1282.2130 |   1282.8060 |   1279.9730 |   1279.9730 |   1280.7690 |   1277.6380 |   1281.5660 |   1283.7880 |   1279.3340 |   1283.6220 |   1280.2400 |   1279.5000 |   1283.2450 |   1279.8140 |   1283.2460 |   1278.7450 |   1281.8790 |   1283.1280 |   1282.9690 |   1281.8790 |   1278.1700 |   1281.2430 |   1282.8060 |   1282.6340 |   1280.1270 |   1280.9270 |
|   Runtime unhalted [s]  |  1817.1167 |  1815.9679 |  1816.2729 |  1816.3506 |  1816.3183 |  1816.3191 |  1816.4314 |  1816.4483 |  1816.4041 |  1816.2602 |   1816.3383 |   1816.1906 |   1816.4337 |   1816.2471 |   1816.3379 |   1816.2617 |   1816.3214 |   1816.4783 |   1816.3510 |   1816.2217 |   1816.2567 |   1816.1014 |   1816.2698 |   1816.4579 |   1816.2214 |   1816.2587 |   1816.0298 |   1816.1810 |   1816.1898 |   1816.0287 |   1816.2867 |   1816.1698 |   1816.3414 |   1816.3533 |   1816.3917 |   1816.5464 |   1816.3487 |   1816.2883 |   1816.5098 |   1816.3467 |   1816.4871 |   1816.2910 |   1816.3714 |   1816.1260 |   1816.4744 |   1816.4498 |   1816.2941 |   1816.1114 |
|       Clock [MHz]       |  3699.5398 |  3698.1119 |  3698.3597 |  3698.5179 |  3698.5223 |  3698.4326 |  3698.5030 |  3698.6355 |  3698.6201 |  3698.4486 |   3698.5842 |   3698.5899 |   3698.5857 |   3698.4031 |   3698.5077 |   3698.2925 |   3698.5431 |   3698.5351 |   3698.4742 |   3698.3480 |   3698.2912 |   3698.2566 |   3698.4549 |   3698.4902 |   3698.5088 |   3698.3542 |   3698.4820 |   3698.4700 |   3698.4669 |   3698.3247 |   3698.4470 |   3698.4506 |   3698.3521 |   3698.4688 |   3698.5984 |   3698.5122 |   3698.3904 |   3698.4546 |   3698.3230 |   3698.3007 |   3698.4707 |   3698.5726 |   3698.4366 |   3698.5797 |   3698.3980 |   3698.5083 |   3698.4128 |   3698.4675 |
|           CPI           |     0.8470 |     0.8485 |     0.8487 |     0.8486 |     0.8477 |     0.8494 |     0.8480 |     0.8490 |     0.8208 |     0.8212 |      0.8214 |      0.8223 |      0.8224 |      0.8225 |      0.8227 |      0.8226 |      0.8248 |      0.8249 |      0.8248 |      0.8256 |      0.8255 |      0.8262 |      0.8266 |      0.8263 |      0.8360 |      0.8361 |      0.8366 |      0.8368 |      0.8362 |      0.8368 |      0.8376 |      0.8377 |      0.8199 |      0.8208 |      0.8198 |      0.8212 |      0.8209 |      0.8223 |      0.8219 |      0.8222 |      0.8285 |      0.8295 |      0.8290 |      0.8302 |      0.8298 |      0.8315 |      0.8301 |      0.8314 |
| L3 bandwidth [MBytes/s] |  6238.8818 |  6251.4601 |  6252.6864 |  6258.7386 |  6285.0635 |  6240.5219 |  6261.6814 |  6246.2529 |  6614.5149 |  6571.4405 |   6605.8643 |   6580.5199 |   6569.6329 |   6579.2853 |   6575.0826 |   6562.0627 |   6530.0550 |   6553.2111 |   6553.7812 |   6542.8823 |   6551.7064 |   6544.4745 |   6510.7949 |   6510.4189 |   6408.0937 |   6403.5831 |   6396.7065 |   6408.9966 |   6400.6207 |   6376.1496 |   6391.0573 |   6365.1446 |   6611.8643 |   6593.8707 |   6601.2707 |   6586.2626 |   6581.5351 |   6578.4670 |   6573.6096 |   6559.2927 |   6486.2260 |   6471.5769 |   6513.9594 |   6462.6577 |   6470.4126 |   6439.4773 |   6475.9090 |   6451.4622 |
| L3 data volume [GBytes] |  8011.9782 |  7999.7184 |  8006.6086 |  8002.3418 |  8027.7293 |  7996.6298 |  8021.7523 |  7998.3706 |  8449.2954 |  8427.0445 |   8438.2451 |   8412.0365 |   8420.4365 |   8410.4582 |   8410.6944 |   8413.9686 |   8383.2128 |   8373.6800 |   8381.6570 |   8367.7184 |   8370.7091 |   8362.5165 |   8348.2259 |   8351.6045 |   8202.1869 |   8196.4134 |   8192.7034 |   8188.3776 |   8202.8179 |   8185.6243 |   8176.2970 |   8170.4397 |   8464.7731 |   8436.8576 |   8471.0477 |   8429.1910 |   8445.7286 |   8412.1818 |   8426.5722 |   8416.4122 |   8321.6269 |   8295.7786 |   8325.9475 |   8280.2349 |   8300.2842 |   8259.4925 |   8289.9859 |   8263.8522 |
+-------------------------+------------+------------+------------+------------+------------+------------+------------+------------+------------+------------+-------------+-------------+-------------+-------------+-------------+-------------+-------------+-------------+-------------+-------------+-------------+-------------+-------------+-------------+-------------+-------------+-------------+-------------+-------------+-------------+-------------+-------------+-------------+-------------+-------------+-------------+-------------+-------------+-------------+-------------+-------------+-------------+-------------+-------------+-------------+-------------+-------------+-------------+

+------------------------------+-------------+-----------+-----------+-----------+
|            Metric            |     Sum     |    Min    |    Max    |    Avg    |
+------------------------------+-------------+-----------+-----------+-----------+
|   Runtime (RDTSC) [s] STAT   |  61467.1920 | 1277.2710 | 1284.2010 | 1280.5665 |
|   Runtime unhalted [s] STAT  |  87183.2544 | 1815.9679 | 1817.1167 | 1816.3178 |
|       Clock [MHz] STAT       | 177526.7984 | 3698.1119 | 3699.5398 | 3698.4750 |
|           CPI STAT           |     39.8703 |    0.8198 |    0.8494 |    0.8306 |
| L3 bandwidth [MBytes/s] STAT | 310599.2199 | 6238.8818 | 6614.5149 | 6470.8171 |
| L3 data volume [GBytes] STAT | 397741.4595 | 7996.6298 | 8471.0477 | 8286.2804 |
+------------------------------+-------------+-----------+-----------+-----------+

