INFO: You are running LIKWID in a cpuset with 64 CPUs. Taking given IDs as logical ID in cpuset
--------------------------------------------------------------------------------
CPU name:	AMD EPYC 9A14 96-Core Processor                
CPU type:	AMD K19 (Zen4) architecture
CPU clock:	2.60 GHz
--------------------------------------------------------------------------------
Sys.CPU_THREADS       192
SLURM_CPUS_PER_TASK   64
OMP_NUM_THREADS       64
OMP_PROC_BIND         close
OMP_PLACES            cores
BLAS_NUM_THREADS      1
Threads.nthreads()    1

Successfully read data from: /public/home/halili/jld2file/cc-pvdz/h2o-1.0-cc-pvdz.jld2
  name: h2o
  ratio: 1.0
  basis: cc-pvdz
  nα: 5, nβ: 5, ne: 10, norb: 24, nq: 48

  ngs: 25495
  ncs: 128793

Warming up JIT and Hardware...
Warm-up completed.
  Step 001:  residual: 9.9885e-01,  e: -76.02676073376628
  Step 002:  residual: 3.3618e-01,  e: -76.22561643779895
  Step 003:  residual: 9.9286e-02,  e: -76.24222290584423
  Step 004:  residual: 3.2400e-02,  e: -76.24360734427408
  Step 005:  residual: 1.2871e-02,  e: -76.24376885653820
  Step 006:  residual: 4.3599e-03,  e: -76.24379383490462
  Step 007:  residual: 1.6905e-03,  e: -76.24379667642258
  Step 008:  residual: 7.0448e-04,  e: -76.24379712049124
  Step 009:  residual: 3.1828e-04,  e: -76.24379720589889
  Step 010:  residual: 1.2649e-04,  e: -76.24379722155592
  Step 011:  residual: 4.7677e-05,  e: -76.24379722386438
  Step 012:  residual: 1.7064e-05,  e: -76.24379722415695
  Step 013:  residual: 6.0873e-06,  e: -76.24379722419395

Convergence reached!
1062.228985 seconds (7.21 M allocations: 91.224 GiB, 0.05% gc time, 0.19% compilation time)
--------------------------------------------------------------------------------
Region hvec_direct_agg, Group 1: L3
+-------------------+-------------+-------------+-------------+-------------+-------------+-------------+-------------+-------------+-------------+-------------+-------------+-------------+-------------+-------------+-------------+-------------+-------------+-------------+-------------+-------------+-------------+-------------+-------------+-------------+-------------+-------------+-------------+-------------+-------------+-------------+-------------+-------------+-------------+-------------+-------------+-------------+-------------+-------------+-------------+-------------+-------------+-------------+-------------+-------------+-------------+-------------+-------------+-------------+-------------+-------------+-------------+-------------+-------------+-------------+-------------+-------------+-------------+-------------+-------------+-------------+-------------+-------------+-------------+-------------+
|    Region Info    |  HWThread 0 |  HWThread 1 |  HWThread 2 |  HWThread 3 |  HWThread 4 |  HWThread 5 |  HWThread 6 |  HWThread 7 |  HWThread 8 |  HWThread 9 | HWThread 10 | HWThread 11 | HWThread 12 | HWThread 13 | HWThread 14 | HWThread 15 | HWThread 16 | HWThread 17 | HWThread 18 | HWThread 19 | HWThread 20 | HWThread 21 | HWThread 22 | HWThread 23 | HWThread 24 | HWThread 25 | HWThread 26 | HWThread 27 | HWThread 28 | HWThread 29 | HWThread 30 | HWThread 31 | HWThread 32 | HWThread 33 | HWThread 34 | HWThread 35 | HWThread 36 | HWThread 37 | HWThread 38 | HWThread 39 | HWThread 40 | HWThread 41 | HWThread 42 | HWThread 43 | HWThread 44 | HWThread 45 | HWThread 46 | HWThread 47 | HWThread 48 | HWThread 49 | HWThread 50 | HWThread 51 | HWThread 52 | HWThread 53 | HWThread 54 | HWThread 55 | HWThread 56 | HWThread 57 | HWThread 58 | HWThread 59 | HWThread 60 | HWThread 61 | HWThread 62 | HWThread 63 |
+-------------------+-------------+-------------+-------------+-------------+-------------+-------------+-------------+-------------+-------------+-------------+-------------+-------------+-------------+-------------+-------------+-------------+-------------+-------------+-------------+-------------+-------------+-------------+-------------+-------------+-------------+-------------+-------------+-------------+-------------+-------------+-------------+-------------+-------------+-------------+-------------+-------------+-------------+-------------+-------------+-------------+-------------+-------------+-------------+-------------+-------------+-------------+-------------+-------------+-------------+-------------+-------------+-------------+-------------+-------------+-------------+-------------+-------------+-------------+-------------+-------------+-------------+-------------+-------------+-------------+
| RDTSC Runtime [s] | 1042.876000 | 1041.287000 | 1038.143000 | 1031.209000 | 1042.327000 | 1032.421000 | 1042.163000 | 1034.971000 | 1036.819000 | 1039.397000 | 1031.036000 | 1033.086000 | 1037.734000 | 1033.086000 | 1041.703000 | 1029.792000 | 1035.977000 | 1030.617000 | 1032.013000 | 1038.803000 | 1030.617000 | 1040.429000 | 1037.252000 | 1029.848000 | 1036.585000 | 1029.650000 | 1041.287000 | 1035.154000 | 1040.429000 | 1038.380000 | 1038.384000 | 1031.825000 | 1041.942000 | 1041.939000 | 1038.983000 | 1032.254000 | 1034.294000 | 1037.734000 | 1035.977000 | 1039.835000 | 1032.656000 | 1035.573000 | 1035.391000 | 1034.540000 | 1039.835000 | 1038.383000 | 1039.835000 | 1030.201000 | 1031.458000 | 1037.480000 | 1032.838000 | 1033.884000 | 1031.209000 | 1034.293000 | 1033.884000 | 1030.617000 | 1036.820000 | 1033.272000 | 1034.728000 | 1039.217000 | 1030.027000 | 1040.861000 | 1040.678000 | 1035.803000 |
|     call count    |          13 |          13 |          13 |          13 |          13 |          13 |          13 |          13 |          13 |          13 |          13 |          13 |          13 |          13 |          13 |          13 |          13 |          13 |          13 |          13 |          13 |          13 |          13 |          13 |          13 |          13 |          13 |          13 |          13 |          13 |          13 |          13 |          13 |          13 |          13 |          13 |          13 |          13 |          13 |          13 |          13 |          13 |          13 |          13 |          13 |          13 |          13 |          13 |          13 |          13 |          13 |          13 |          13 |          13 |          13 |          13 |          13 |          13 |          13 |          13 |          13 |          13 |          13 |          13 |
+-------------------+-------------+-------------+-------------+-------------+-------------+-------------+-------------+-------------+-------------+-------------+-------------+-------------+-------------+-------------+-------------+-------------+-------------+-------------+-------------+-------------+-------------+-------------+-------------+-------------+-------------+-------------+-------------+-------------+-------------+-------------+-------------+-------------+-------------+-------------+-------------+-------------+-------------+-------------+-------------+-------------+-------------+-------------+-------------+-------------+-------------+-------------+-------------+-------------+-------------+-------------+-------------+-------------+-------------+-------------+-------------+-------------+-------------+-------------+-------------+-------------+-------------+-------------+-------------+-------------+

+-----------------------------+---------+---------------+---------------+---------------+---------------+---------------+---------------+---------------+---------------+---------------+---------------+---------------+---------------+---------------+---------------+---------------+---------------+---------------+---------------+---------------+---------------+---------------+---------------+---------------+---------------+---------------+---------------+---------------+---------------+---------------+---------------+---------------+---------------+---------------+---------------+---------------+---------------+---------------+---------------+---------------+---------------+---------------+---------------+---------------+---------------+---------------+---------------+---------------+---------------+---------------+---------------+---------------+---------------+---------------+---------------+---------------+---------------+---------------+---------------+---------------+---------------+---------------+---------------+---------------+---------------+
|            Event            | Counter |   HWThread 0  |   HWThread 1  |   HWThread 2  |   HWThread 3  |   HWThread 4  |   HWThread 5  |   HWThread 6  |   HWThread 7  |   HWThread 8  |   HWThread 9  |  HWThread 10  |  HWThread 11  |  HWThread 12  |  HWThread 13  |  HWThread 14  |  HWThread 15  |  HWThread 16  |  HWThread 17  |  HWThread 18  |  HWThread 19  |  HWThread 20  |  HWThread 21  |  HWThread 22  |  HWThread 23  |  HWThread 24  |  HWThread 25  |  HWThread 26  |  HWThread 27  |  HWThread 28  |  HWThread 29  |  HWThread 30  |  HWThread 31  |  HWThread 32  |  HWThread 33  |  HWThread 34  |  HWThread 35  |  HWThread 36  |  HWThread 37  |  HWThread 38  |  HWThread 39  |  HWThread 40  |  HWThread 41  |  HWThread 42  |  HWThread 43  |  HWThread 44  |  HWThread 45  |  HWThread 46  |  HWThread 47  |  HWThread 48  |  HWThread 49  |  HWThread 50  |  HWThread 51  |  HWThread 52  |  HWThread 53  |  HWThread 54  |  HWThread 55  |  HWThread 56  |  HWThread 57  |  HWThread 58  |  HWThread 59  |  HWThread 60  |  HWThread 61  |  HWThread 62  |  HWThread 63  |
+-----------------------------+---------+---------------+---------------+---------------+---------------+---------------+---------------+---------------+---------------+---------------+---------------+---------------+---------------+---------------+---------------+---------------+---------------+---------------+---------------+---------------+---------------+---------------+---------------+---------------+---------------+---------------+---------------+---------------+---------------+---------------+---------------+---------------+---------------+---------------+---------------+---------------+---------------+---------------+---------------+---------------+---------------+---------------+---------------+---------------+---------------+---------------+---------------+---------------+---------------+---------------+---------------+---------------+---------------+---------------+---------------+---------------+---------------+---------------+---------------+---------------+---------------+---------------+---------------+---------------+---------------+
|       ACTUAL_CPU_CLOCK      |  FIXC1  | 3808276000000 | 3805089000000 | 3806277000000 | 3805654000000 | 3806182000000 | 3805990000000 | 3805994000000 | 3805881000000 | 3805901000000 | 3806454000000 | 3805795000000 | 3806057000000 | 3805541000000 | 3805727000000 | 3805688000000 | 3806344000000 | 3805898000000 | 3806110000000 | 3805624000000 | 3805700000000 | 3806528000000 | 3806254000000 | 3805857000000 | 3805924000000 | 3805896000000 | 3806085000000 | 3806386000000 | 3806106000000 | 3806708000000 | 3805848000000 | 3805876000000 | 3806562000000 | 3806557000000 | 3806008000000 | 3806223000000 | 3806475000000 | 3806358000000 | 3806249000000 | 3806826000000 | 3805955000000 | 3805996000000 | 3806267000000 | 3805695000000 | 3806295000000 | 3806218000000 | 3805948000000 | 3805581000000 | 3805903000000 | 3806291000000 | 3806074000000 | 3805767000000 | 3805880000000 | 3806128000000 | 3806284000000 | 3806232000000 | 3805723000000 | 3805853000000 | 3805637000000 | 3806246000000 | 3806191000000 | 3805841000000 | 3806262000000 | 3805888000000 | 3805963000000 |
|        MAX_CPU_CLOCK        |  FIXC2  | 2676690000000 | 2675730000000 | 2676011000000 | 2675756000000 | 2675996000000 | 2675955000000 | 2675823000000 | 2675895000000 | 2675934000000 | 2676141000000 | 2675859000000 | 2675913000000 | 2675646000000 | 2675783000000 | 2675677000000 | 2676171000000 | 2675901000000 | 2676038000000 | 2675721000000 | 2675656000000 | 2676349000000 | 2676105000000 | 2675884000000 | 2675931000000 | 2675920000000 | 2675897000000 | 2676131000000 | 2675953000000 | 2676354000000 | 2675893000000 | 2675932000000 | 2676262000000 | 2676281000000 | 2675904000000 | 2676006000000 | 2676343000000 | 2676062000000 | 2676130000000 | 2676430000000 | 2675943000000 | 2675981000000 | 2676155000000 | 2675758000000 | 2676192000000 | 2675983000000 | 2675816000000 | 2675677000000 | 2675879000000 | 2675987000000 | 2675825000000 | 2675840000000 | 2675945000000 | 2676088000000 | 2676034000000 | 2676191000000 | 2675812000000 | 2675771000000 | 2675698000000 | 2675955000000 | 2676042000000 | 2675755000000 | 2675974000000 | 2675855000000 | 2675922000000 |
|     RETIRED_INSTRUCTIONS    |   PMC0  | 4141654000000 | 4140757000000 | 4143777000000 | 4135268000000 | 4149578000000 | 4135054000000 | 4143770000000 | 4138166000000 | 4348378000000 | 4339194000000 | 4339949000000 | 4337087000000 | 4342095000000 | 4335719000000 | 4340782000000 | 4336074000000 | 4179635000000 | 4173621000000 | 4175848000000 | 4172787000000 | 4175628000000 | 4165896000000 | 4165110000000 | 4173346000000 | 4170415000000 | 4175841000000 | 4167833000000 | 4167745000000 | 4170076000000 | 4166162000000 | 4168703000000 | 4157629000000 | 4290943000000 | 4278895000000 | 4295965000000 | 4287686000000 | 4290901000000 | 4277588000000 | 4282343000000 | 4281299000000 | 4272989000000 | 4273410000000 | 4276782000000 | 4260562000000 | 4266243000000 | 4261110000000 | 4260552000000 | 4263536000000 | 4274677000000 | 4268969000000 | 4270326000000 | 4264375000000 | 4272523000000 | 4259690000000 | 4269824000000 | 4264063000000 | 4319810000000 | 4323615000000 | 4328057000000 | 4319821000000 | 4322442000000 | 4322095000000 | 4311536000000 | 4313995000000 |
|     CPU_CLOCKS_UNHALTED     |   PMC1  | 3788732000000 | 3787239000000 | 3788842000000 | 3787864000000 | 3788737000000 | 3788729000000 | 3788435000000 | 3788303000000 | 3788225000000 | 3788850000000 | 3788465000000 | 3788401000000 | 3787906000000 | 3787727000000 | 3787936000000 | 3788693000000 | 3787928000000 | 3788482000000 | 3787929000000 | 3787931000000 | 3788866000000 | 3788438000000 | 3788224000000 | 3788009000000 | 3788187000000 | 3788289000000 | 3788814000000 | 3788081000000 | 3788228000000 | 3787797000000 | 3788088000000 | 3788854000000 | 3788928000000 | 3788464000000 | 3788321000000 | 3788740000000 | 3788380000000 | 3788495000000 | 3788955000000 | 3788289000000 | 3787500000000 | 3787833000000 | 3787219000000 | 3788360000000 | 3787652000000 | 3787421000000 | 3787328000000 | 3787812000000 | 3787957000000 | 3787973000000 | 3787853000000 | 3788203000000 | 3788057000000 | 3788582000000 | 3788681000000 | 3787630000000 | 3787777000000 | 3787845000000 | 3787909000000 | 3788118000000 | 3787578000000 | 3787986000000 | 3787424000000 | 3787937000000 |
|       L2_PF_HIT_IN_L3       |   PMC2  |   32079650000 |   32809850000 |   33662630000 |   32780370000 |   34542430000 |   33109990000 |   34769510000 |   34116540000 |   37075810000 |   35969490000 |   37157660000 |   36863930000 |   37884820000 |   37288030000 |   38612170000 |   38106750000 |   33275560000 |   32796100000 |   33762590000 |   33600080000 |   34106130000 |   33355460000 |   34057430000 |   34779360000 |   32928490000 |   33738800000 |   33557880000 |   33862170000 |   34295750000 |   34279540000 |   34865110000 |   33498590000 |   35099480000 |   34053530000 |   36903540000 |   36017770000 |   36877320000 |   35619510000 |   36460760000 |   36368800000 |   35439050000 |   35496610000 |   36594010000 |   35073060000 |   35829740000 |   35788910000 |   36356230000 |   36536380000 |   35542230000 |   35052850000 |   36202420000 |   35667970000 |   36785270000 |   35672750000 |   37283740000 |   36809690000 |   35702650000 |   36770280000 |   37704510000 |   37096340000 |   37597160000 |   38114410000 |   37226790000 |   37564260000 |
|       L2_PF_MISS_IN_L3      |   PMC3  |   48867860000 |   48230050000 |   47461510000 |   48019810000 |   46777300000 |   47698970000 |   46338240000 |   46793490000 |   51847470000 |   52558000000 |   51517750000 |   51660470000 |   50875410000 |   51155360000 |   50097890000 |   50354700000 |   49176370000 |   49391450000 |   48576930000 |   48549200000 |   48243010000 |   48594830000 |   47993100000 |   47434010000 |   49198900000 |   48498340000 |   48531560000 |   48209210000 |   47857750000 |   47722170000 |   47230070000 |   48186850000 |   51683250000 |   52282550000 |   50071650000 |   50643470000 |   49947760000 |   50710500000 |   50075640000 |   50094560000 |   50511290000 |   50376630000 |   49456260000 |   50472310000 |   49885090000 |   49708200000 |   49193690000 |   49029250000 |   50997320000 |   51234090000 |   50254690000 |   50533570000 |   49752300000 |   50343360000 |   49134720000 |   49374250000 |   52440310000 |   51486600000 |   50720080000 |   51042850000 |   50695030000 |   50097740000 |   50695080000 |   50379830000 |
| L2_CACHE_MISS_AFTER_L1_MISS |   PMC4  |   11875410000 |   11915660000 |   11942600000 |   11858920000 |   12017880000 |   11888420000 |   11968750000 |   11921470000 |   11668520000 |   11535530000 |   11586090000 |   11562490000 |   11635980000 |   11562770000 |   11617700000 |   11581870000 |   11922070000 |   11854850000 |   11912170000 |   11882500000 |   11922950000 |   11836950000 |   11852470000 |   11895030000 |   11883190000 |   11923560000 |   11858750000 |   11894380000 |   11905200000 |   11870450000 |   11911860000 |   11785030000 |   11631570000 |   11489620000 |   11690660000 |   11607850000 |   11638730000 |   11527060000 |   11574030000 |   11588450000 |   11877010000 |   11849740000 |   11917650000 |   11803680000 |   11827840000 |   11791920000 |   11798150000 |   11827480000 |   11349900000 |   11286500000 |   11319360000 |   11267300000 |   11357310000 |   11229830000 |   11348810000 |   11308000000 |   11336130000 |   11365140000 |   11414140000 |   11337000000 |   11371830000 |   11378260000 |   11292490000 |   11322170000 |
+-----------------------------+---------+---------------+---------------+---------------+---------------+---------------+---------------+---------------+---------------+---------------+---------------+---------------+---------------+---------------+---------------+---------------+---------------+---------------+---------------+---------------+---------------+---------------+---------------+---------------+---------------+---------------+---------------+---------------+---------------+---------------+---------------+---------------+---------------+---------------+---------------+---------------+---------------+---------------+---------------+---------------+---------------+---------------+---------------+---------------+---------------+---------------+---------------+---------------+---------------+---------------+---------------+---------------+---------------+---------------+---------------+---------------+---------------+---------------+---------------+---------------+---------------+---------------+---------------+---------------+---------------+

+----------------------------------+---------+-----------------+---------------+---------------+---------------+
|               Event              | Counter |       Sum       |      Min      |      Max      |      Avg      |
+----------------------------------+---------+-----------------+---------------+---------------+---------------+
|       ACTUAL_CPU_CLOCK STAT      |  FIXC1  | 243589026000000 | 3805089000000 | 3808276000000 | 3806078531250 |
|        MAX_CPU_CLOCK STAT        |  FIXC2  | 171262141000000 | 2675646000000 | 2676690000000 | 2675970953125 |
|     RETIRED_INSTRUCTIONS STAT    |   PMC0  | 271700199000000 | 4135054000000 | 4348378000000 | 4245315609375 |
|     CPU_CLOCKS_UNHALTED STAT     |   PMC1  | 242442436000000 | 3787219000000 | 3788955000000 | 3788163062500 |
|       L2_PF_HIT_IN_L3 STAT       |   PMC2  |   2268896690000 |   32079650000 |   38612170000 |  3.545151e+10 |
|       L2_PF_MISS_IN_L3 STAT      |   PMC3  |   3176971950000 |   46338240000 |   52558000000 |  4.964019e+10 |
| L2_CACHE_MISS_AFTER_L1_MISS STAT |   PMC4  |    746977080000 |   11229830000 |   12017880000 |   11671516875 |
+----------------------------------+---------+-----------------+---------------+---------------+---------------+

+-------------------------+------------+------------+------------+------------+------------+------------+------------+------------+------------+------------+-------------+-------------+-------------+-------------+-------------+-------------+-------------+-------------+-------------+-------------+-------------+-------------+-------------+-------------+-------------+-------------+-------------+-------------+-------------+-------------+-------------+-------------+-------------+-------------+-------------+-------------+-------------+-------------+-------------+-------------+-------------+-------------+-------------+-------------+-------------+-------------+-------------+-------------+-------------+-------------+-------------+-------------+-------------+-------------+-------------+-------------+-------------+-------------+-------------+-------------+-------------+-------------+-------------+-------------+
|          Metric         | HWThread 0 | HWThread 1 | HWThread 2 | HWThread 3 | HWThread 4 | HWThread 5 | HWThread 6 | HWThread 7 | HWThread 8 | HWThread 9 | HWThread 10 | HWThread 11 | HWThread 12 | HWThread 13 | HWThread 14 | HWThread 15 | HWThread 16 | HWThread 17 | HWThread 18 | HWThread 19 | HWThread 20 | HWThread 21 | HWThread 22 | HWThread 23 | HWThread 24 | HWThread 25 | HWThread 26 | HWThread 27 | HWThread 28 | HWThread 29 | HWThread 30 | HWThread 31 | HWThread 32 | HWThread 33 | HWThread 34 | HWThread 35 | HWThread 36 | HWThread 37 | HWThread 38 | HWThread 39 | HWThread 40 | HWThread 41 | HWThread 42 | HWThread 43 | HWThread 44 | HWThread 45 | HWThread 46 | HWThread 47 | HWThread 48 | HWThread 49 | HWThread 50 | HWThread 51 | HWThread 52 | HWThread 53 | HWThread 54 | HWThread 55 | HWThread 56 | HWThread 57 | HWThread 58 | HWThread 59 | HWThread 60 | HWThread 61 | HWThread 62 | HWThread 63 |
+-------------------------+------------+------------+------------+------------+------------+------------+------------+------------+------------+------------+-------------+-------------+-------------+-------------+-------------+-------------+-------------+-------------+-------------+-------------+-------------+-------------+-------------+-------------+-------------+-------------+-------------+-------------+-------------+-------------+-------------+-------------+-------------+-------------+-------------+-------------+-------------+-------------+-------------+-------------+-------------+-------------+-------------+-------------+-------------+-------------+-------------+-------------+-------------+-------------+-------------+-------------+-------------+-------------+-------------+-------------+-------------+-------------+-------------+-------------+-------------+-------------+-------------+-------------+
|   Runtime (RDTSC) [s]   |  1042.8760 |  1041.2870 |  1038.1430 |  1031.2090 |  1042.3270 |  1032.4210 |  1042.1630 |  1034.9710 |  1036.8190 |  1039.3970 |   1031.0360 |   1033.0860 |   1037.7340 |   1033.0860 |   1041.7030 |   1029.7920 |   1035.9770 |   1030.6170 |   1032.0130 |   1038.8030 |   1030.6170 |   1040.4290 |   1037.2520 |   1029.8480 |   1036.5850 |   1029.6500 |   1041.2870 |   1035.1540 |   1040.4290 |   1038.3800 |   1038.3840 |   1031.8250 |   1041.9420 |   1041.9390 |   1038.9830 |   1032.2540 |   1034.2940 |   1037.7340 |   1035.9770 |   1039.8350 |   1032.6560 |   1035.5730 |   1035.3910 |   1034.5400 |   1039.8350 |   1038.3830 |   1039.8350 |   1030.2010 |   1031.4580 |   1037.4800 |   1032.8380 |   1033.8840 |   1031.2090 |   1034.2930 |   1033.8840 |   1030.6170 |   1036.8200 |   1033.2720 |   1034.7280 |   1039.2170 |   1030.0270 |   1040.8610 |   1040.6780 |   1035.8030 |
|   Runtime unhalted [s]  |  1464.7532 |  1463.5274 |  1463.9844 |  1463.7447 |  1463.9478 |  1463.8740 |  1463.8755 |  1463.8321 |  1463.8397 |  1464.0524 |   1463.7990 |   1463.8997 |   1463.7013 |   1463.7728 |   1463.7578 |   1464.0101 |   1463.8386 |   1463.9201 |   1463.7332 |   1463.7624 |   1464.0809 |   1463.9755 |   1463.8228 |   1463.8486 |   1463.8378 |   1463.9105 |   1464.0263 |   1463.9186 |   1464.1501 |   1463.8194 |   1463.8301 |   1464.0940 |   1464.0921 |   1463.8809 |   1463.9636 |   1464.0605 |   1464.0155 |   1463.9736 |   1464.1955 |   1463.8605 |   1463.8763 |   1463.9805 |   1463.7605 |   1463.9913 |   1463.9617 |   1463.8578 |   1463.7167 |   1463.8405 |   1463.9898 |   1463.9063 |   1463.7882 |   1463.8317 |   1463.9271 |   1463.9871 |   1463.9671 |   1463.7713 |   1463.8213 |   1463.7382 |   1463.9724 |   1463.9513 |   1463.8167 |   1463.9786 |   1463.8347 |   1463.8636 |
|       Clock [MHz]       |  3699.0848 |  3697.3153 |  3698.0812 |  3697.8283 |  3698.0097 |  3697.8798 |  3698.0661 |  3697.8568 |  3697.8223 |  3698.0736 |   3697.8230 |   3698.0029 |   3697.8705 |   3697.8619 |   3697.9705 |   3697.9252 |   3697.8650 |   3697.8817 |   3697.8475 |   3698.0112 |   3697.8580 |   3697.9290 |   3697.8487 |   3697.8488 |   3697.8368 |   3698.0522 |   3698.0213 |   3697.9953 |   3698.0260 |   3697.8275 |   3697.8008 |   3698.0113 |   3697.9802 |   3697.9678 |   3698.0357 |   3697.8148 |   3698.0895 |   3697.8896 |   3698.0356 |   3697.8624 |   3697.8497 |   3697.8725 |   3697.8654 |   3697.8486 |   3698.0626 |   3698.0311 |   3697.8666 |   3697.9003 |   3698.1280 |   3698.1411 |   3697.8220 |   3697.7867 |   3697.8301 |   3698.0563 |   3697.7888 |   3697.8180 |   3698.0010 |   3697.8920 |   3698.1285 |   3697.9548 |   3698.0114 |   3698.1178 |   3697.9189 |   3697.8992 |
|           CPI           |     0.9148 |     0.9146 |     0.9143 |     0.9160 |     0.9130 |     0.9162 |     0.9142 |     0.9155 |     0.8712 |     0.8732 |      0.8729 |      0.8735 |      0.8724 |      0.8736 |      0.8726 |      0.8738 |      0.9063 |      0.9077 |      0.9071 |      0.9078 |      0.9074 |      0.9094 |      0.9095 |      0.9077 |      0.9083 |      0.9072 |      0.9091 |      0.9089 |      0.9084 |      0.9092 |      0.9087 |      0.9113 |      0.8830 |      0.8854 |      0.8818 |      0.8836 |      0.8829 |      0.8857 |      0.8848 |      0.8848 |      0.8864 |      0.8864 |      0.8855 |      0.8892 |      0.8878 |      0.8888 |      0.8889 |      0.8884 |      0.8861 |      0.8873 |      0.8870 |      0.8883 |      0.8866 |      0.8894 |      0.8873 |      0.8883 |      0.8768 |      0.8761 |      0.8752 |      0.8769 |      0.8763 |      0.8764 |      0.8784 |      0.8781 |
| L3 bandwidth [MBytes/s] |  5696.4269 |  5713.2720 |  5737.4286 |  5750.7085 |  5731.0297 |  5746.3305 |  5715.8966 |  5740.4662 |  6209.2566 |  6161.2967 |   6223.5809 |   6200.4141 |   6191.7191 |   6195.4128 |   6163.9226 |   6217.5395 |   5830.1835 |   5839.9130 |   5844.9924 |   5793.2389 |   5854.1764 |   5769.1427 |   5793.9556 |   5848.3753 |   5804.3259 |   5852.7507 |   5774.2814 |   5809.5787 |   5785.8410 |   5785.7607 |   5794.0517 |   5797.6014 |   6044.9768 |   6008.8401 |   6077.6879 |   6092.7076 |   6092.7394 |   6035.1231 |   6061.0105 |   6034.9150 |   6062.9584 |   6039.4301 |   6055.6320 |   6022.3280 |   6003.5783 |   5996.3404 |   5991.6011 |   6050.4300 |   6073.8535 |   6019.1041 |   6058.7373 |   6033.5645 |   6075.6571 |   6017.3859 |   6052.0380 |   6054.1250 |   6140.5661 |   6170.5043 |   6175.2255 |   6126.2240 |   6192.5535 |   6123.5710 |   6101.5214 |   6133.4449 |
| L3 data volume [GBytes] |  5940.6669 |  5949.1558 |  5956.2714 |  5930.1824 |  5973.6070 |  5932.6323 |  5956.8960 |  5941.2160 |  6437.8752 |  6404.0333 |   6416.7360 |   6405.5610 |   6425.3574 |   6400.3942 |   6420.9766 |   6402.7725 |   6039.9360 |   6018.7136 |   6032.1082 |   6018.0339 |   6033.4138 |   6002.3834 |   6009.7920 |   6022.9376 |   6016.6771 |   6026.2848 |   6012.6842 |   6013.8086 |   6019.7568 |   6007.8182 |   6016.4506 |   5982.1101 |   6298.5152 |   6260.8448 |   6314.6144 |   6289.2218 |   6301.6838 |   6262.8525 |   6279.0675 |   6275.3158 |   6260.9504 |   6254.2707 |   6269.9469 |   6230.3392 |   6242.7309 |   6226.4979 |   6230.2765 |   6233.1590 |   6264.9248 |   6244.7002 |   6257.6941 |   6238.0058 |   6265.2723 |   6223.7402 |   6257.1053 |   6239.4842 |   6366.6618 |   6375.8093 |   6389.6787 |   6366.4762 |   6378.4973 |   6373.7862 |   6349.7190 |   6353.0406 |
+-------------------------+------------+------------+------------+------------+------------+------------+------------+------------+------------+------------+-------------+-------------+-------------+-------------+-------------+-------------+-------------+-------------+-------------+-------------+-------------+-------------+-------------+-------------+-------------+-------------+-------------+-------------+-------------+-------------+-------------+-------------+-------------+-------------+-------------+-------------+-------------+-------------+-------------+-------------+-------------+-------------+-------------+-------------+-------------+-------------+-------------+-------------+-------------+-------------+-------------+-------------+-------------+-------------+-------------+-------------+-------------+-------------+-------------+-------------+-------------+-------------+-------------+-------------+

+------------------------------+-------------+-----------+-----------+-----------+
|            Metric            |     Sum     |    Min    |    Max    |    Avg    |
+------------------------------+-------------+-----------+-----------+-----------+
|   Runtime (RDTSC) [s] STAT   |  66301.7410 | 1029.6500 | 1042.8760 | 1035.9647 |
|   Runtime unhalted [s] STAT  |  93690.1137 | 1463.5274 | 1464.7532 | 1463.9080 |
|       Clock [MHz] STAT       | 236668.4000 | 3697.3153 | 3699.0848 | 3697.9437 |
|           CPI STAT           |     57.1237 |    0.8712 |    0.9162 |    0.8926 |
| L3 bandwidth [MBytes/s] STAT | 382591.2454 | 5696.4269 | 6223.5809 | 5977.9882 |
| L3 data volume [GBytes] STAT | 396342.1262 | 5930.1824 | 6437.8752 | 6192.8457 |
+------------------------------+-------------+-----------+-----------+-----------+

