INFO: You are running LIKWID in a cpuset with 80 CPUs. Taking given IDs as logical ID in cpuset
--------------------------------------------------------------------------------
CPU name:	AMD EPYC 9A14 96-Core Processor                
CPU type:	AMD K19 (Zen4) architecture
CPU clock:	2.60 GHz
--------------------------------------------------------------------------------
Sys.CPU_THREADS       192
SLURM_CPUS_PER_TASK   80
OMP_NUM_THREADS       80
OMP_PROC_BIND         close
OMP_PLACES            cores
BLAS_NUM_THREADS      1
Threads.nthreads()    1

Successfully read data from: /public/home/halili/jld2file/cc-pvdz/h2o-1.0-cc-pvdz.jld2
  name: h2o
  ratio: 1.0
  basis: cc-pvdz
  nα: 5, nβ: 5, ne: 10, norb: 24, nq: 48

  ngs: 25495
  ncs: 128793

Warming up JIT and Hardware...
Warm-up completed.
  Step 001:  residual: 9.9885e-01,  e: -76.02676073376634
  Step 002:  residual: 3.3618e-01,  e: -76.22561643779900
  Step 003:  residual: 9.9286e-02,  e: -76.24222290584427
  Step 004:  residual: 3.2400e-02,  e: -76.24360734427412
  Step 005:  residual: 1.2871e-02,  e: -76.24376885653827
  Step 006:  residual: 4.3599e-03,  e: -76.24379383490465
  Step 007:  residual: 1.6905e-03,  e: -76.24379667642266
  Step 008:  residual: 7.0448e-04,  e: -76.24379712049127
  Step 009:  residual: 3.1828e-04,  e: -76.24379720589901
  Step 010:  residual: 1.2649e-04,  e: -76.24379722155597
  Step 011:  residual: 4.7677e-05,  e: -76.24379722386443
  Step 012:  residual: 1.7064e-05,  e: -76.24379722415699
  Step 013:  residual: 6.0873e-06,  e: -76.24379722419405

Convergence reached!
933.080724 seconds (7.21 M allocations: 91.224 GiB, 0.06% gc time, 0.21% compilation time)
--------------------------------------------------------------------------------
Region hvec_direct_agg, Group 1: L3
+-------------------+------------+------------+------------+------------+------------+------------+------------+------------+------------+------------+-------------+-------------+-------------+-------------+-------------+-------------+-------------+-------------+-------------+-------------+-------------+-------------+-------------+-------------+-------------+-------------+-------------+-------------+-------------+-------------+-------------+-------------+-------------+-------------+-------------+-------------+-------------+-------------+-------------+-------------+-------------+-------------+-------------+-------------+-------------+-------------+-------------+-------------+-------------+-------------+-------------+-------------+-------------+-------------+-------------+-------------+-------------+-------------+-------------+-------------+-------------+-------------+-------------+-------------+-------------+-------------+-------------+-------------+-------------+-------------+-------------+-------------+-------------+-------------+-------------+-------------+-------------+-------------+-------------+-------------+
|    Region Info    | HWThread 0 | HWThread 1 | HWThread 2 | HWThread 3 | HWThread 4 | HWThread 5 | HWThread 6 | HWThread 7 | HWThread 8 | HWThread 9 | HWThread 10 | HWThread 11 | HWThread 12 | HWThread 13 | HWThread 14 | HWThread 15 | HWThread 16 | HWThread 17 | HWThread 18 | HWThread 19 | HWThread 20 | HWThread 21 | HWThread 22 | HWThread 23 | HWThread 24 | HWThread 25 | HWThread 26 | HWThread 27 | HWThread 28 | HWThread 29 | HWThread 30 | HWThread 31 | HWThread 32 | HWThread 33 | HWThread 34 | HWThread 35 | HWThread 36 | HWThread 37 | HWThread 38 | HWThread 39 | HWThread 40 | HWThread 41 | HWThread 42 | HWThread 43 | HWThread 44 | HWThread 45 | HWThread 46 | HWThread 47 | HWThread 48 | HWThread 49 | HWThread 50 | HWThread 51 | HWThread 52 | HWThread 53 | HWThread 54 | HWThread 55 | HWThread 56 | HWThread 57 | HWThread 58 | HWThread 59 | HWThread 60 | HWThread 61 | HWThread 62 | HWThread 63 | HWThread 64 | HWThread 65 | HWThread 66 | HWThread 67 | HWThread 68 | HWThread 69 | HWThread 70 | HWThread 71 | HWThread 72 | HWThread 73 | HWThread 74 | HWThread 75 | HWThread 76 | HWThread 77 | HWThread 78 | HWThread 79 |
+-------------------+------------+------------+------------+------------+------------+------------+------------+------------+------------+------------+-------------+-------------+-------------+-------------+-------------+-------------+-------------+-------------+-------------+-------------+-------------+-------------+-------------+-------------+-------------+-------------+-------------+-------------+-------------+-------------+-------------+-------------+-------------+-------------+-------------+-------------+-------------+-------------+-------------+-------------+-------------+-------------+-------------+-------------+-------------+-------------+-------------+-------------+-------------+-------------+-------------+-------------+-------------+-------------+-------------+-------------+-------------+-------------+-------------+-------------+-------------+-------------+-------------+-------------+-------------+-------------+-------------+-------------+-------------+-------------+-------------+-------------+-------------+-------------+-------------+-------------+-------------+-------------+-------------+-------------+
| RDTSC Runtime [s] | 914.668900 | 903.224600 | 906.743300 | 907.483300 | 913.681300 | 904.495700 | 906.899000 | 908.285000 | 907.482600 | 903.862300 |  906.012000 |  910.227200 |  911.562900 |  905.590500 |  910.227000 |  910.660100 |  904.494100 |  911.563000 |  903.224700 |  910.072000 |  910.810600 |  905.437400 |  909.204700 |  903.862100 |  903.862600 |  913.241200 |  909.204900 |  910.393300 |  908.552400 |  904.997300 |  913.241300 |  904.997500 |  906.012000 |  912.792900 |  910.393200 |  907.330600 |  906.173300 |  912.793000 |  910.072200 |  906.743000 |  911.081100 |  905.850000 |  913.402200 |  911.081400 |  911.563100 |  913.402000 |  911.081200 |  906.173000 |  909.469900 |  905.850000 |  909.638600 |  907.966200 |  907.804400 |  912.041400 |  907.966300 |  912.197400 |  903.224800 |  913.680800 |  911.563000 |  912.792700 |  905.158900 |  904.495400 |  903.862200 |  912.792800 |  904.997600 |  902.935500 |  908.879800 |  907.483000 |  903.224700 |  909.469800 |  904.997400 |  912.041500 |  908.284500 |  904.494600 |  908.880700 |  902.812800 |  908.880100 |  913.680700 |  902.923200 |  912.792900 |
|     call count    |         13 |         13 |         13 |         13 |         13 |         13 |         13 |         13 |         13 |         13 |          13 |          13 |          13 |          13 |          13 |          13 |          13 |          13 |          13 |          13 |          13 |          13 |          13 |          13 |          13 |          13 |          13 |          13 |          13 |          13 |          13 |          13 |          13 |          13 |          13 |          13 |          13 |          13 |          13 |          13 |          13 |          13 |          13 |          13 |          13 |          13 |          13 |          13 |          13 |          13 |          13 |          13 |          13 |          13 |          13 |          13 |          13 |          13 |          13 |          13 |          13 |          13 |          13 |          13 |          13 |          13 |          13 |          13 |          13 |          13 |          13 |          13 |          13 |          13 |          13 |          13 |          13 |          13 |          13 |          13 |
+-------------------+------------+------------+------------+------------+------------+------------+------------+------------+------------+------------+-------------+-------------+-------------+-------------+-------------+-------------+-------------+-------------+-------------+-------------+-------------+-------------+-------------+-------------+-------------+-------------+-------------+-------------+-------------+-------------+-------------+-------------+-------------+-------------+-------------+-------------+-------------+-------------+-------------+-------------+-------------+-------------+-------------+-------------+-------------+-------------+-------------+-------------+-------------+-------------+-------------+-------------+-------------+-------------+-------------+-------------+-------------+-------------+-------------+-------------+-------------+-------------+-------------+-------------+-------------+-------------+-------------+-------------+-------------+-------------+-------------+-------------+-------------+-------------+-------------+-------------+-------------+-------------+-------------+-------------+

+-----------------------------+---------+---------------+---------------+---------------+---------------+---------------+---------------+---------------+---------------+---------------+---------------+---------------+---------------+---------------+---------------+---------------+---------------+---------------+---------------+---------------+---------------+---------------+---------------+---------------+---------------+---------------+---------------+---------------+---------------+---------------+---------------+---------------+---------------+---------------+---------------+---------------+---------------+---------------+---------------+---------------+---------------+---------------+---------------+---------------+---------------+---------------+---------------+---------------+---------------+---------------+---------------+---------------+---------------+---------------+---------------+---------------+---------------+---------------+---------------+---------------+---------------+---------------+---------------+---------------+---------------+---------------+---------------+---------------+---------------+---------------+---------------+---------------+---------------+---------------+---------------+---------------+---------------+---------------+---------------+---------------+---------------+
|            Event            | Counter |   HWThread 0  |   HWThread 1  |   HWThread 2  |   HWThread 3  |   HWThread 4  |   HWThread 5  |   HWThread 6  |   HWThread 7  |   HWThread 8  |   HWThread 9  |  HWThread 10  |  HWThread 11  |  HWThread 12  |  HWThread 13  |  HWThread 14  |  HWThread 15  |  HWThread 16  |  HWThread 17  |  HWThread 18  |  HWThread 19  |  HWThread 20  |  HWThread 21  |  HWThread 22  |  HWThread 23  |  HWThread 24  |  HWThread 25  |  HWThread 26  |  HWThread 27  |  HWThread 28  |  HWThread 29  |  HWThread 30  |  HWThread 31  |  HWThread 32  |  HWThread 33  |  HWThread 34  |  HWThread 35  |  HWThread 36  |  HWThread 37  |  HWThread 38  |  HWThread 39  |  HWThread 40  |  HWThread 41  |  HWThread 42  |  HWThread 43  |  HWThread 44  |  HWThread 45  |  HWThread 46  |  HWThread 47  |  HWThread 48  |  HWThread 49  |  HWThread 50  |  HWThread 51  |  HWThread 52  |  HWThread 53  |  HWThread 54  |  HWThread 55  |  HWThread 56  |  HWThread 57  |  HWThread 58  |  HWThread 59  |  HWThread 60  |  HWThread 61  |  HWThread 62  |  HWThread 63  |  HWThread 64  |  HWThread 65  |  HWThread 66  |  HWThread 67  |  HWThread 68  |  HWThread 69  |  HWThread 70  |  HWThread 71  |  HWThread 72  |  HWThread 73  |  HWThread 74  |  HWThread 75  |  HWThread 76  |  HWThread 77  |  HWThread 78  |  HWThread 79  |
+-----------------------------+---------+---------------+---------------+---------------+---------------+---------------+---------------+---------------+---------------+---------------+---------------+---------------+---------------+---------------+---------------+---------------+---------------+---------------+---------------+---------------+---------------+---------------+---------------+---------------+---------------+---------------+---------------+---------------+---------------+---------------+---------------+---------------+---------------+---------------+---------------+---------------+---------------+---------------+---------------+---------------+---------------+---------------+---------------+---------------+---------------+---------------+---------------+---------------+---------------+---------------+---------------+---------------+---------------+---------------+---------------+---------------+---------------+---------------+---------------+---------------+---------------+---------------+---------------+---------------+---------------+---------------+---------------+---------------+---------------+---------------+---------------+---------------+---------------+---------------+---------------+---------------+---------------+---------------+---------------+---------------+---------------+
|       ACTUAL_CPU_CLOCK      |  FIXC1  | 3335558000000 | 3333544000000 | 3332952000000 | 3333104000000 | 3333127000000 | 3333038000000 | 3333095000000 | 3333384000000 | 3333068000000 | 3333253000000 | 3333326000000 | 3333613000000 | 3333159000000 | 3333030000000 | 3333482000000 | 3332906000000 | 3333479000000 | 3333096000000 | 3333358000000 | 3333260000000 | 3333102000000 | 3332984000000 | 3333351000000 | 3333346000000 | 3333067000000 | 3333043000000 | 3333070000000 | 3332825000000 | 3333192000000 | 3332609000000 | 3333297000000 | 3333271000000 | 3333081000000 | 3332718000000 | 3333107000000 | 3333687000000 | 3332998000000 | 3332881000000 | 3333103000000 | 3333423000000 | 3333375000000 | 3332972000000 | 3333104000000 | 3333377000000 | 3333393000000 | 3332980000000 | 3333582000000 | 3333253000000 | 3333149000000 | 3333452000000 | 3333619000000 | 3333174000000 | 3333011000000 | 3333625000000 | 3333411000000 | 3333416000000 | 3333529000000 | 3333394000000 | 3333934000000 | 3333114000000 | 3333662000000 | 3333536000000 | 3333617000000 | 3333214000000 | 3333399000000 | 3333156000000 | 3333652000000 | 3333204000000 | 3333259000000 | 3333209000000 | 3333254000000 | 3332560000000 | 3333266000000 | 3333486000000 | 3333167000000 | 3333641000000 | 3333614000000 | 3333147000000 | 3333799000000 | 3333058000000 |
|        MAX_CPU_CLOCK        |  FIXC2  | 2346956000000 | 2346599000000 | 2346040000000 | 2345997000000 | 2346143000000 | 2346117000000 | 2346135000000 | 2346181000000 | 2345995000000 | 2346234000000 | 2346332000000 | 2346495000000 | 2346186000000 | 2345939000000 | 2346381000000 | 2345949000000 | 2346264000000 | 2346091000000 | 2346324000000 | 2346106000000 | 2346043000000 | 2346027000000 | 2346152000000 | 2346145000000 | 2345965000000 | 2346038000000 | 2346067000000 | 2345921000000 | 2346033000000 | 2345714000000 | 2346229000000 | 2346096000000 | 2346088000000 | 2345708000000 | 2346012000000 | 2346363000000 | 2346022000000 | 2345815000000 | 2346119000000 | 2346302000000 | 2346323000000 | 2346006000000 | 2346138000000 | 2346303000000 | 2346310000000 | 2346037000000 | 2346371000000 | 2346102000000 | 2346016000000 | 2346195000000 | 2346357000000 | 2346011000000 | 2346075000000 | 2346462000000 | 2346216000000 | 2346194000000 | 2346326000000 | 2346360000000 | 2346560000000 | 2346138000000 | 2346364000000 | 2346402000000 | 2346380000000 | 2346065000000 | 2346315000000 | 2346007000000 | 2346350000000 | 2346054000000 | 2346247000000 | 2346172000000 | 2346065000000 | 2345713000000 | 2346088000000 | 2346268000000 | 2346140000000 | 2346349000000 | 2346491000000 | 2346162000000 | 2346598000000 | 2345955000000 |
|     RETIRED_INSTRUCTIONS    |   PMC0  | 3324668000000 | 3338203000000 | 3330421000000 | 3320062000000 | 3328153000000 | 3321288000000 | 3333735000000 | 3319758000000 | 3446548000000 | 3449150000000 | 3448154000000 | 3443494000000 | 3449391000000 | 3443697000000 | 3448156000000 | 3443969000000 | 3389138000000 | 3380878000000 | 3387979000000 | 3374522000000 | 3384788000000 | 3381150000000 | 3384405000000 | 3379192000000 | 3346192000000 | 3343977000000 | 3349703000000 | 3356626000000 | 3355024000000 | 3342727000000 | 3342838000000 | 3337812000000 | 3447162000000 | 3443635000000 | 3444352000000 | 3434397000000 | 3447082000000 | 3433706000000 | 3442234000000 | 3434487000000 | 3394646000000 | 3392682000000 | 3387080000000 | 3399195000000 | 3390358000000 | 3383847000000 | 3388604000000 | 3369517000000 | 3356180000000 | 3365957000000 | 3361231000000 | 3356236000000 | 3355633000000 | 3344231000000 | 3356634000000 | 3356716000000 | 3466157000000 | 3468218000000 | 3463302000000 | 3450415000000 | 3458778000000 | 3457816000000 | 3459327000000 | 3458150000000 | 3390425000000 | 3390352000000 | 3395016000000 | 3385935000000 | 3396092000000 | 3385569000000 | 3384824000000 | 3374514000000 | 3428575000000 | 3434806000000 | 3432674000000 | 3422951000000 | 3423632000000 | 3410732000000 | 3426626000000 | 3424510000000 |
|     CPU_CLOCKS_UNHALTED     |   PMC1  | 3317355000000 | 3319340000000 | 3318325000000 | 3318160000000 | 3318505000000 | 3319013000000 | 3318902000000 | 3318745000000 | 3318501000000 | 3318776000000 | 3318612000000 | 3318999000000 | 3318302000000 | 3318459000000 | 3319119000000 | 3318230000000 | 3319198000000 | 3318191000000 | 3318846000000 | 3318886000000 | 3318875000000 | 3318453000000 | 3318515000000 | 3319030000000 | 3318657000000 | 3318457000000 | 3318541000000 | 3318467000000 | 3318179000000 | 3317787000000 | 3318851000000 | 3318738000000 | 3318498000000 | 3317564000000 | 3318703000000 | 3318781000000 | 3318188000000 | 3318504000000 | 3318699000000 | 3319254000000 | 3318579000000 | 3318159000000 | 3318233000000 | 3318367000000 | 3318639000000 | 3318372000000 | 3318872000000 | 3318488000000 | 3318333000000 | 3318525000000 | 3319414000000 | 3318647000000 | 3318448000000 | 3319208000000 | 3318681000000 | 3318879000000 | 3318599000000 | 3318823000000 | 3319593000000 | 3318256000000 | 3319258000000 | 3319524000000 | 3319296000000 | 3318843000000 | 3318427000000 | 3317953000000 | 3318437000000 | 3318154000000 | 3318339000000 | 3318236000000 | 3318420000000 | 3317153000000 | 3319282000000 | 3319188000000 | 3318626000000 | 3319548000000 | 3319357000000 | 3318785000000 | 3319895000000 | 3319140000000 |
|       L2_PF_HIT_IN_L3       |   PMC2  |   23863070000 |   25220120000 |   25241460000 |   24470950000 |   25429650000 |   24904390000 |   26392640000 |   25204820000 |   25980890000 |   26252570000 |   26781310000 |   26390410000 |   27411920000 |   26858600000 |   27766970000 |   27422260000 |   25317190000 |   24585020000 |   25954310000 |   24737740000 |   25971530000 |   25924350000 |   26557000000 |   26009650000 |   24292530000 |   24255260000 |   25258780000 |   25924650000 |   25987160000 |   25035800000 |   25506750000 |   24949840000 |   26308020000 |   26069510000 |   26622240000 |   25723070000 |   27461640000 |   26280870000 |   27544470000 |   26856560000 |   25857220000 |   25568530000 |   25861840000 |   27077030000 |   26457110000 |   26128590000 |   26794400000 |   25151450000 |   24727080000 |   25554900000 |   25468210000 |   25279720000 |   25548140000 |   24633030000 |   26024140000 |   26120110000 |   27005570000 |   27511290000 |   27348460000 |   26403770000 |   27311180000 |   27447520000 |   28013480000 |   27808420000 |   25421490000 |   25401140000 |   26325840000 |   25689440000 |   26935930000 |   26116020000 |   26382850000 |   25538140000 |   26255220000 |   26978680000 |   27412840000 |   26577990000 |   26858170000 |   25783010000 |   27554660000 |   27538430000 |
|       L2_PF_MISS_IN_L3      |   PMC3  |   39033920000 |   38186540000 |   37981760000 |   38351440000 |   37721290000 |   37993540000 |   36915300000 |   37645270000 |   41401240000 |   41180910000 |   40681440000 |   40859040000 |   40080600000 |   40415820000 |   39667550000 |   39839700000 |   39963660000 |   40393880000 |   39301990000 |   40051080000 |   39195080000 |   39082810000 |   38593870000 |   38953990000 |   39441980000 |   39408610000 |   38626250000 |   38140800000 |   38049230000 |   38561590000 |   38167900000 |   38514620000 |   41083400000 |   41176910000 |   40694370000 |   41239100000 |   39954200000 |   40654640000 |   39720340000 |   40136030000 |   39684550000 |   39835610000 |   39439840000 |   38561160000 |   38949310000 |   39018660000 |   38520670000 |   39576160000 |   39383520000 |   38796080000 |   38817720000 |   38829660000 |   38593040000 |   39083110000 |   38073130000 |   37977530000 |   41086330000 |   40640810000 |   40647030000 |   41206210000 |   40553840000 |   40342100000 |   39850100000 |   40000900000 |   39910020000 |   39877180000 |   39147600000 |   39461040000 |   38600490000 |   39069680000 |   38793670000 |   39259530000 |   40596100000 |   40030770000 |   39611270000 |   40098160000 |   39879160000 |   40506440000 |   39258180000 |   39166740000 |
| L2_CACHE_MISS_AFTER_L1_MISS |   PMC4  |   11390620000 |   11540130000 |   11492330000 |   11396170000 |   11473950000 |   11417810000 |   11539090000 |   11396960000 |   11471210000 |   11467450000 |   11478630000 |   11423270000 |   11488920000 |   11450350000 |   11485420000 |   11455190000 |   11480800000 |   11400670000 |   11495970000 |   11371150000 |   11452310000 |   11446840000 |   11472740000 |   11391550000 |   11450200000 |   11421710000 |   11471390000 |   11554130000 |   11546050000 |   11413030000 |   11433360000 |   11384280000 |   11472400000 |   11446640000 |   11464140000 |   11357010000 |   11500070000 |   11362080000 |   11457870000 |   11370280000 |   11494690000 |   11459060000 |   11446310000 |   11554930000 |   11460020000 |   11401670000 |   11442020000 |   11276870000 |   11442390000 |   11521460000 |   11494880000 |   11446330000 |   11469450000 |   11350920000 |   11471340000 |   11471600000 |   11496710000 |   11520370000 |   11469200000 |   11370050000 |   11434070000 |   11420480000 |   11436480000 |   11433800000 |   11486620000 |   11476850000 |   11528550000 |   11435490000 |   11555750000 |   11468780000 |   11446700000 |   11372220000 |   11335380000 |   11376420000 |   11391060000 |   11283500000 |   11303330000 |   11183790000 |   11334820000 |   11307930000 |
+-----------------------------+---------+---------------+---------------+---------------+---------------+---------------+---------------+---------------+---------------+---------------+---------------+---------------+---------------+---------------+---------------+---------------+---------------+---------------+---------------+---------------+---------------+---------------+---------------+---------------+---------------+---------------+---------------+---------------+---------------+---------------+---------------+---------------+---------------+---------------+---------------+---------------+---------------+---------------+---------------+---------------+---------------+---------------+---------------+---------------+---------------+---------------+---------------+---------------+---------------+---------------+---------------+---------------+---------------+---------------+---------------+---------------+---------------+---------------+---------------+---------------+---------------+---------------+---------------+---------------+---------------+---------------+---------------+---------------+---------------+---------------+---------------+---------------+---------------+---------------+---------------+---------------+---------------+---------------+---------------+---------------+---------------+

+----------------------------------+---------+-----------------+---------------+---------------+---------------+
|               Event              | Counter |       Sum       |      Min      |      Max      |      Avg      |
+----------------------------------+---------+-----------------+---------------+---------------+---------------+
|       ACTUAL_CPU_CLOCK STAT      |  FIXC1  | 266662751000000 | 3332560000000 | 3335558000000 | 3333284387500 |
|        MAX_CPU_CLOCK STAT        |  FIXC2  | 187694008000000 | 2345708000000 | 2346956000000 | 2346175100000 |
|     RETIRED_INSTRUCTIONS STAT    |   PMC0  | 271700996000000 | 3319758000000 | 3468218000000 | 3396262450000 |
|     CPU_CLOCKS_UNHALTED STAT     |   PMC1  | 265492181000000 | 3317153000000 | 3319895000000 | 3318652262500 |
|       L2_PF_HIT_IN_L3 STAT       |   PMC2  |   2088597010000 |   23863070000 |   28013480000 |   26107462625 |
|       L2_PF_MISS_IN_L3 STAT      |   PMC3  |   3157794790000 |   36915300000 |   41401240000 |   39472434875 |
| L2_CACHE_MISS_AFTER_L1_MISS STAT |   PMC4  |    915056460000 |   11183790000 |   11555750000 |   11438205750 |
+----------------------------------+---------+-----------------+---------------+---------------+---------------+

+-------------------------+------------+------------+------------+------------+------------+------------+------------+------------+------------+------------+-------------+-------------+-------------+-------------+-------------+-------------+-------------+-------------+-------------+-------------+-------------+-------------+-------------+-------------+-------------+-------------+-------------+-------------+-------------+-------------+-------------+-------------+-------------+-------------+-------------+-------------+-------------+-------------+-------------+-------------+-------------+-------------+-------------+-------------+-------------+-------------+-------------+-------------+-------------+-------------+-------------+-------------+-------------+-------------+-------------+-------------+-------------+-------------+-------------+-------------+-------------+-------------+-------------+-------------+-------------+-------------+-------------+-------------+-------------+-------------+-------------+-------------+-------------+-------------+-------------+-------------+-------------+-------------+-------------+-------------+
|          Metric         | HWThread 0 | HWThread 1 | HWThread 2 | HWThread 3 | HWThread 4 | HWThread 5 | HWThread 6 | HWThread 7 | HWThread 8 | HWThread 9 | HWThread 10 | HWThread 11 | HWThread 12 | HWThread 13 | HWThread 14 | HWThread 15 | HWThread 16 | HWThread 17 | HWThread 18 | HWThread 19 | HWThread 20 | HWThread 21 | HWThread 22 | HWThread 23 | HWThread 24 | HWThread 25 | HWThread 26 | HWThread 27 | HWThread 28 | HWThread 29 | HWThread 30 | HWThread 31 | HWThread 32 | HWThread 33 | HWThread 34 | HWThread 35 | HWThread 36 | HWThread 37 | HWThread 38 | HWThread 39 | HWThread 40 | HWThread 41 | HWThread 42 | HWThread 43 | HWThread 44 | HWThread 45 | HWThread 46 | HWThread 47 | HWThread 48 | HWThread 49 | HWThread 50 | HWThread 51 | HWThread 52 | HWThread 53 | HWThread 54 | HWThread 55 | HWThread 56 | HWThread 57 | HWThread 58 | HWThread 59 | HWThread 60 | HWThread 61 | HWThread 62 | HWThread 63 | HWThread 64 | HWThread 65 | HWThread 66 | HWThread 67 | HWThread 68 | HWThread 69 | HWThread 70 | HWThread 71 | HWThread 72 | HWThread 73 | HWThread 74 | HWThread 75 | HWThread 76 | HWThread 77 | HWThread 78 | HWThread 79 |
+-------------------------+------------+------------+------------+------------+------------+------------+------------+------------+------------+------------+-------------+-------------+-------------+-------------+-------------+-------------+-------------+-------------+-------------+-------------+-------------+-------------+-------------+-------------+-------------+-------------+-------------+-------------+-------------+-------------+-------------+-------------+-------------+-------------+-------------+-------------+-------------+-------------+-------------+-------------+-------------+-------------+-------------+-------------+-------------+-------------+-------------+-------------+-------------+-------------+-------------+-------------+-------------+-------------+-------------+-------------+-------------+-------------+-------------+-------------+-------------+-------------+-------------+-------------+-------------+-------------+-------------+-------------+-------------+-------------+-------------+-------------+-------------+-------------+-------------+-------------+-------------+-------------+-------------+-------------+
|   Runtime (RDTSC) [s]   |   914.6689 |   903.2246 |   906.7433 |   907.4833 |   913.6813 |   904.4957 |   906.8990 |   908.2850 |   907.4826 |   903.8623 |    906.0120 |    910.2272 |    911.5629 |    905.5905 |    910.2270 |    910.6601 |    904.4941 |    911.5630 |    903.2247 |    910.0720 |    910.8106 |    905.4374 |    909.2047 |    903.8621 |    903.8626 |    913.2412 |    909.2049 |    910.3933 |    908.5524 |    904.9973 |    913.2413 |    904.9975 |    906.0120 |    912.7929 |    910.3932 |    907.3306 |    906.1733 |    912.7930 |    910.0722 |    906.7430 |    911.0811 |    905.8500 |    913.4022 |    911.0814 |    911.5631 |    913.4020 |    911.0812 |    906.1730 |    909.4699 |    905.8500 |    909.6386 |    907.9662 |    907.8044 |    912.0414 |    907.9663 |    912.1974 |    903.2248 |    913.6808 |    911.5630 |    912.7927 |    905.1589 |    904.4954 |    903.8622 |    912.7928 |    904.9976 |    902.9355 |    908.8798 |    907.4830 |    903.2247 |    909.4698 |    904.9974 |    912.0415 |    908.2845 |    904.4946 |    908.8807 |    902.8128 |    908.8801 |    913.6807 |    902.9232 |    912.7929 |
|   Runtime unhalted [s]  |  1282.9089 |  1282.1343 |  1281.9066 |  1281.9650 |  1281.9739 |  1281.9396 |  1281.9616 |  1282.0727 |  1281.9512 |  1282.0223 |   1282.0504 |   1282.1608 |   1281.9862 |   1281.9366 |   1282.1104 |   1281.8889 |   1282.1093 |   1281.9619 |   1282.0627 |   1282.0250 |   1281.9643 |   1281.9189 |   1282.0600 |   1282.0581 |   1281.9508 |   1281.9416 |   1281.9519 |   1281.8577 |   1281.9989 |   1281.7746 |   1282.0393 |   1282.0293 |   1281.9562 |   1281.8166 |   1281.9662 |   1282.1893 |   1281.9243 |   1281.8793 |   1281.9646 |   1282.0877 |   1282.0693 |   1281.9143 |   1281.9650 |   1282.0700 |   1282.0762 |   1281.9173 |   1282.1489 |   1282.0223 |   1281.9823 |   1282.0989 |   1282.1631 |   1281.9919 |   1281.9293 |   1282.1654 |   1282.0831 |   1282.0850 |   1282.1285 |   1282.0766 |   1282.2843 |   1281.9689 |   1282.1796 |   1282.1312 |   1282.1623 |   1282.0073 |   1282.0785 |   1281.9850 |   1282.1758 |   1282.0035 |   1282.0246 |   1282.0054 |   1282.0227 |   1281.7558 |   1282.0273 |   1282.1119 |   1281.9893 |   1282.1716 |   1282.1612 |   1281.9816 |   1282.2323 |   1281.9473 |
|       Clock [MHz]       |  3695.1854 |  3693.5161 |  3693.7401 |  3693.9763 |  3693.7719 |  3693.7142 |  3693.7490 |  3693.9969 |  3693.9395 |  3693.7682 |   3693.6949 |   3693.7563 |   3693.7396 |   3693.9856 |   3693.7906 |   3693.8324 |   3693.9714 |   3693.8194 |   3693.7429 |   3693.9775 |   3693.9016 |   3693.7960 |   3694.0059 |   3694.0114 |   3693.9856 |   3693.8441 |   3693.8284 |   3693.7867 |   3694.0171 |   3693.8733 |   3693.8249 |   3694.0055 |   3693.8075 |   3694.0035 |   3693.9560 |   3694.0461 |   3693.8194 |   3694.0157 |   3693.7831 |   3693.8496 |   3693.7633 |   3693.8158 |   3693.7543 |   3693.7970 |   3693.8037 |   3693.7759 |   3693.9171 |   3693.9761 |   3693.9962 |   3694.0502 |   3693.9802 |   3694.0318 |   3693.7504 |   3693.8215 |   3693.9717 |   3694.0118 |   3693.9292 |   3693.7261 |   3694.0096 |   3693.7653 |   3694.0168 |   3693.8174 |   3693.9417 |   3693.9911 |   3693.8025 |   3694.0181 |   3694.0278 |   3693.9973 |   3693.7544 |   3693.8171 |   3694.0354 |   3693.8205 |   3694.0125 |   3693.9729 |   3693.8209 |   3694.0171 |   3693.7637 |   3693.7641 |   3693.8002 |   3693.9914 |
|           CPI           |     0.9978 |     0.9943 |     0.9964 |     0.9994 |     0.9971 |     0.9993 |     0.9956 |     0.9997 |     0.9628 |     0.9622 |      0.9624 |      0.9638 |      0.9620 |      0.9636 |      0.9626 |      0.9635 |      0.9794 |      0.9815 |      0.9796 |      0.9835 |      0.9805 |      0.9815 |      0.9805 |      0.9822 |      0.9918 |      0.9924 |      0.9907 |      0.9886 |      0.9890 |      0.9925 |      0.9928 |      0.9943 |      0.9627 |      0.9634 |      0.9635 |      0.9663 |      0.9626 |      0.9664 |      0.9641 |      0.9664 |      0.9776 |      0.9780 |      0.9797 |      0.9762 |      0.9788 |      0.9807 |      0.9794 |      0.9849 |      0.9887 |      0.9859 |      0.9876 |      0.9888 |      0.9889 |      0.9925 |      0.9887 |      0.9887 |      0.9574 |      0.9569 |      0.9585 |      0.9617 |      0.9597 |      0.9600 |      0.9595 |      0.9597 |      0.9788 |      0.9786 |      0.9774 |      0.9800 |      0.9771 |      0.9801 |      0.9804 |      0.9830 |      0.9681 |      0.9663 |      0.9668 |      0.9698 |      0.9695 |      0.9730 |      0.9689 |      0.9692 |
| L3 bandwidth [MBytes/s] |  5197.9542 |  5310.5225 |  5273.5931 |  5234.2427 |  5227.1979 |  5258.4079 |  5281.9663 |  5231.6302 |  5561.1135 |  5586.7575 |   5576.3592 |   5531.6454 |   5545.2149 |   5563.6464 |   5549.0292 |   5532.1383 |   5431.4844 |   5362.5394 |   5438.4532 |   5355.8818 |   5383.7877 |   5404.0798 |   5393.6270 |   5406.5019 |   5323.6205 |   5262.0021 |   5304.4268 |   5316.0026 |   5324.1576 |   5304.6201 |   5263.5734 |   5293.1852 |   5570.8804 |   5517.5230 |   5538.2312 |   5524.3673 |   5573.5677 |   5489.7942 |   5536.1009 |   5531.0310 |   5411.5198 |   5430.5291 |   5377.5559 |   5422.5228 |   5396.7215 |   5363.6087 |   5391.8946 |   5367.9449 |   5316.7140 |   5360.5301 |   5331.7569 |   5325.7108 |   5330.5319 |   5267.6247 |   5326.6195 |   5301.9570 |   5639.4278 |   5580.7653 |   5579.1428 |   5537.6450 |   5606.9070 |   5604.7233 |   5615.0195 |   5556.0908 |   5432.4567 |   5440.4006 |   5422.1992 |   5401.2054 |   5462.5376 |   5394.2272 |   5418.6742 |   5345.0122 |   5509.2306 |   5546.4076 |   5521.7048 |   5526.5251 |   5495.3368 |   5426.7178 |   5539.1757 |   5469.8480 |
| L3 data volume [GBytes] |  4754.4070 |  4796.5946 |  4781.7952 |  4749.9878 |  4775.9930 |  4756.2074 |  4790.2099 |  4751.8112 |  5046.6138 |  5049.6595 |   5052.2483 |   5035.0541 |   5054.8122 |   5038.3853 |   5050.8762 |   5037.8976 |   4912.7456 |   4888.2925 |   4912.1453 |   4874.2381 |   4903.6109 |   4893.0560 |   4903.9110 |   4886.7322 |   4811.8214 |   4805.4771 |   4822.8109 |   4839.6531 |   4837.2762 |   4800.6669 |   4806.9126 |   4790.3194 |   5047.2845 |   5036.3558 |   5041.9680 |   5012.4275 |   5050.6182 |   5011.0458 |   5038.2515 |   5015.2237 |   4930.3334 |   4919.2448 |   4911.8714 |   4940.3597 |   4919.4522 |   4899.1309 |   4912.4538 |   4864.2867 |   4835.3914 |   4855.8362 |   4849.9718 |   4835.5654 |   4839.0803 |   4804.2918 |   4836.3910 |   4836.4314 |   5093.6710 |   5099.0381 |   5085.7402 |   5054.7219 |   5075.1418 |   5069.4464 |   5075.2038 |   5071.5597 |   4916.3603 |   4912.3309 |   4928.1274 |   4901.5021 |   4933.8989 |   4905.8867 |   4903.8861 |   4874.8730 |   5003.9488 |   5016.6957 |   5018.5709 |   4989.4176 |   4994.6022 |   4958.2874 |   5001.4502 |   4992.8384 |
+-------------------------+------------+------------+------------+------------+------------+------------+------------+------------+------------+------------+-------------+-------------+-------------+-------------+-------------+-------------+-------------+-------------+-------------+-------------+-------------+-------------+-------------+-------------+-------------+-------------+-------------+-------------+-------------+-------------+-------------+-------------+-------------+-------------+-------------+-------------+-------------+-------------+-------------+-------------+-------------+-------------+-------------+-------------+-------------+-------------+-------------+-------------+-------------+-------------+-------------+-------------+-------------+-------------+-------------+-------------+-------------+-------------+-------------+-------------+-------------+-------------+-------------+-------------+-------------+-------------+-------------+-------------+-------------+-------------+-------------+-------------+-------------+-------------+-------------+-------------+-------------+-------------+-------------+-------------+

+------------------------------+-------------+-----------+-----------+-----------+
|            Metric            |     Sum     |    Min    |    Max    |    Avg    |
+------------------------------+-------------+-----------+-----------+-----------+
|   Runtime (RDTSC) [s] STAT   |  72671.4926 |  902.8128 |  914.6689 |  908.3937 |
|   Runtime unhalted [s] STAT  | 102562.7527 | 1281.7558 | 1282.9089 | 1282.0344 |
|       Clock [MHz] STAT       | 295511.6597 | 3693.5161 | 3695.1854 | 3693.8957 |
|           CPI STAT           |     78.1842 |    0.9569 |    0.9997 |    0.9773 |
| L3 bandwidth [MBytes/s] STAT | 434105.9816 | 5197.9542 | 5639.4278 | 5426.3248 |
| L3 data volume [GBytes] STAT | 394332.6890 | 4749.9878 | 5099.0381 | 4929.1586 |
+------------------------------+-------------+-----------+-----------+-----------+

