INFO: You are running LIKWID in a cpuset with 96 CPUs. Taking given IDs as logical ID in cpuset
--------------------------------------------------------------------------------
CPU name:	AMD EPYC 9A14 96-Core Processor                
CPU type:	AMD K19 (Zen4) architecture
CPU clock:	2.60 GHz
--------------------------------------------------------------------------------
Sys.CPU_THREADS       192
SLURM_CPUS_PER_TASK   96
OMP_NUM_THREADS       96
OMP_PROC_BIND         close
OMP_PLACES            cores
BLAS_NUM_THREADS      1
Threads.nthreads()    1

Successfully read data from: /public/home/halili/jld2file/cc-pvdz/h2o-1.0-cc-pvdz.jld2
  name: h2o
  ratio: 1.0
  basis: cc-pvdz
  nα: 5, nβ: 5, ne: 10, norb: 24, nq: 48

  ngs: 25495
  ncs: 128793

Warming up JIT and Hardware...
Warm-up completed.
  Step 001:  residual: 9.9885e-01,  e: -76.02676073376620
  Step 002:  residual: 3.3618e-01,  e: -76.22561643779886
  Step 003:  residual: 9.9286e-02,  e: -76.24222290584412
  Step 004:  residual: 3.2400e-02,  e: -76.24360734427400
  Step 005:  residual: 1.2871e-02,  e: -76.24376885653811
  Step 006:  residual: 4.3599e-03,  e: -76.24379383490455
  Step 007:  residual: 1.6905e-03,  e: -76.24379667642251
  Step 008:  residual: 7.0448e-04,  e: -76.24379712049115
  Step 009:  residual: 3.1828e-04,  e: -76.24379720589884
  Step 010:  residual: 1.2649e-04,  e: -76.24379722155587
  Step 011:  residual: 4.7677e-05,  e: -76.24379722386428
  Step 012:  residual: 1.7064e-05,  e: -76.24379722415688
  Step 013:  residual: 6.0873e-06,  e: -76.24379722419387

Convergence reached!
876.349208 seconds (7.21 M allocations: 91.224 GiB, 0.06% gc time, 0.23% compilation time)
--------------------------------------------------------------------------------
Region hvec_direct_agg, Group 1: L3
+-------------------+------------+------------+------------+------------+------------+------------+------------+------------+------------+------------+-------------+-------------+-------------+-------------+-------------+-------------+-------------+-------------+-------------+-------------+-------------+-------------+-------------+-------------+-------------+-------------+-------------+-------------+-------------+-------------+-------------+-------------+-------------+-------------+-------------+-------------+-------------+-------------+-------------+-------------+-------------+-------------+-------------+-------------+-------------+-------------+-------------+-------------+-------------+-------------+-------------+-------------+-------------+-------------+-------------+-------------+-------------+-------------+-------------+-------------+-------------+-------------+-------------+-------------+-------------+-------------+-------------+-------------+-------------+-------------+-------------+-------------+-------------+-------------+-------------+-------------+-------------+-------------+-------------+-------------+-------------+-------------+-------------+-------------+-------------+-------------+-------------+-------------+-------------+-------------+-------------+-------------+-------------+-------------+-------------+-------------+
|    Region Info    | HWThread 0 | HWThread 1 | HWThread 2 | HWThread 3 | HWThread 4 | HWThread 5 | HWThread 6 | HWThread 7 | HWThread 8 | HWThread 9 | HWThread 10 | HWThread 11 | HWThread 12 | HWThread 13 | HWThread 14 | HWThread 15 | HWThread 16 | HWThread 17 | HWThread 18 | HWThread 19 | HWThread 20 | HWThread 21 | HWThread 22 | HWThread 23 | HWThread 24 | HWThread 25 | HWThread 26 | HWThread 27 | HWThread 28 | HWThread 29 | HWThread 30 | HWThread 31 | HWThread 32 | HWThread 33 | HWThread 34 | HWThread 35 | HWThread 36 | HWThread 37 | HWThread 38 | HWThread 39 | HWThread 40 | HWThread 41 | HWThread 42 | HWThread 43 | HWThread 44 | HWThread 45 | HWThread 46 | HWThread 47 | HWThread 48 | HWThread 49 | HWThread 50 | HWThread 51 | HWThread 52 | HWThread 53 | HWThread 54 | HWThread 55 | HWThread 56 | HWThread 57 | HWThread 58 | HWThread 59 | HWThread 60 | HWThread 61 | HWThread 62 | HWThread 63 | HWThread 64 | HWThread 65 | HWThread 66 | HWThread 67 | HWThread 68 | HWThread 69 | HWThread 70 | HWThread 71 | HWThread 72 | HWThread 73 | HWThread 74 | HWThread 75 | HWThread 76 | HWThread 77 | HWThread 78 | HWThread 79 | HWThread 80 | HWThread 81 | HWThread 82 | HWThread 83 | HWThread 84 | HWThread 85 | HWThread 86 | HWThread 87 | HWThread 88 | HWThread 89 | HWThread 90 | HWThread 91 | HWThread 92 | HWThread 93 | HWThread 94 | HWThread 95 |
+-------------------+------------+------------+------------+------------+------------+------------+------------+------------+------------+------------+-------------+-------------+-------------+-------------+-------------+-------------+-------------+-------------+-------------+-------------+-------------+-------------+-------------+-------------+-------------+-------------+-------------+-------------+-------------+-------------+-------------+-------------+-------------+-------------+-------------+-------------+-------------+-------------+-------------+-------------+-------------+-------------+-------------+-------------+-------------+-------------+-------------+-------------+-------------+-------------+-------------+-------------+-------------+-------------+-------------+-------------+-------------+-------------+-------------+-------------+-------------+-------------+-------------+-------------+-------------+-------------+-------------+-------------+-------------+-------------+-------------+-------------+-------------+-------------+-------------+-------------+-------------+-------------+-------------+-------------+-------------+-------------+-------------+-------------+-------------+-------------+-------------+-------------+-------------+-------------+-------------+-------------+-------------+-------------+-------------+-------------+
| RDTSC Runtime [s] | 858.205500 | 857.384100 | 850.723800 | 856.067700 | 855.827000 | 849.222600 | 855.403900 | 855.403000 | 851.148100 | 843.725100 |  848.570900 |  857.632600 |  847.014700 |  841.215900 |  848.570400 |  847.014700 |  847.662200 |  847.662400 |  847.435900 |  846.122500 |  841.694600 |  847.839600 |  847.436100 |  844.690300 |  849.711000 |  852.787800 |  840.979500 |  852.538000 |  840.283600 |  852.055000 |  851.390600 |  853.644800 |  854.921000 |  838.549300 |  856.700800 |  848.011800 |  839.499100 |  846.363800 |  856.700400 |  850.082600 |  843.496900 |  841.935300 |  837.910800 |  842.410400 |  843.314800 |  843.065600 |  837.312500 |  843.497300 |  851.631500 |  857.187500 |  855.163100 |  852.297100 |  853.404100 |  852.966600 |  856.066600 |  851.631400 |  849.467000 |  849.467300 |  854.073000 |  849.467200 |  848.978000 |  854.072700 |  850.276300 |  852.538100 |  839.019500 |  844.266500 |  844.266100 |  846.600500 |  846.601000 |  845.880900 |  842.828300 |  843.065900 |  842.410300 |  839.737300 |  845.645100 |  841.452300 |  856.943600 |  839.263400 |  839.925600 |  845.170100 |  854.499400 |  840.752400 |  850.524600 |  855.825900 |  837.502200 |  854.499500 |  837.502300 |  838.321000 |  844.931700 |  837.910400 |  845.411300 |  840.518700 |  853.403700 |  839.264000 |  838.782100 |  842.170300 |
|     call count    |         13 |         13 |         13 |         13 |         13 |         13 |         13 |         13 |         13 |         13 |          13 |          13 |          13 |          13 |          13 |          13 |          13 |          13 |          13 |          13 |          13 |          13 |          13 |          13 |          13 |          13 |          13 |          13 |          13 |          13 |          13 |          13 |          13 |          13 |          13 |          13 |          13 |          13 |          13 |          13 |          13 |          13 |          13 |          13 |          13 |          13 |          13 |          13 |          13 |          13 |          13 |          13 |          13 |          13 |          13 |          13 |          13 |          13 |          13 |          13 |          13 |          13 |          13 |          13 |          13 |          13 |          13 |          13 |          13 |          13 |          13 |          13 |          13 |          13 |          13 |          13 |          13 |          13 |          13 |          13 |          13 |          13 |          13 |          13 |          13 |          13 |          13 |          13 |          13 |          13 |          13 |          13 |          13 |          13 |          13 |          13 |
+-------------------+------------+------------+------------+------------+------------+------------+------------+------------+------------+------------+-------------+-------------+-------------+-------------+-------------+-------------+-------------+-------------+-------------+-------------+-------------+-------------+-------------+-------------+-------------+-------------+-------------+-------------+-------------+-------------+-------------+-------------+-------------+-------------+-------------+-------------+-------------+-------------+-------------+-------------+-------------+-------------+-------------+-------------+-------------+-------------+-------------+-------------+-------------+-------------+-------------+-------------+-------------+-------------+-------------+-------------+-------------+-------------+-------------+-------------+-------------+-------------+-------------+-------------+-------------+-------------+-------------+-------------+-------------+-------------+-------------+-------------+-------------+-------------+-------------+-------------+-------------+-------------+-------------+-------------+-------------+-------------+-------------+-------------+-------------+-------------+-------------+-------------+-------------+-------------+-------------+-------------+-------------+-------------+-------------+-------------+

+-----------------------------+---------+---------------+---------------+---------------+---------------+---------------+---------------+---------------+---------------+---------------+---------------+---------------+---------------+---------------+---------------+---------------+---------------+---------------+---------------+---------------+---------------+---------------+---------------+---------------+---------------+---------------+---------------+---------------+---------------+---------------+---------------+---------------+---------------+---------------+---------------+---------------+---------------+---------------+---------------+---------------+---------------+---------------+---------------+---------------+---------------+---------------+---------------+---------------+---------------+---------------+---------------+---------------+---------------+---------------+---------------+---------------+---------------+---------------+---------------+---------------+---------------+---------------+---------------+---------------+---------------+---------------+---------------+---------------+---------------+---------------+---------------+---------------+---------------+---------------+---------------+---------------+---------------+---------------+---------------+---------------+---------------+---------------+---------------+---------------+---------------+---------------+---------------+---------------+---------------+---------------+---------------+---------------+---------------+---------------+---------------+---------------+---------------+
|            Event            | Counter |   HWThread 0  |   HWThread 1  |   HWThread 2  |   HWThread 3  |   HWThread 4  |   HWThread 5  |   HWThread 6  |   HWThread 7  |   HWThread 8  |   HWThread 9  |  HWThread 10  |  HWThread 11  |  HWThread 12  |  HWThread 13  |  HWThread 14  |  HWThread 15  |  HWThread 16  |  HWThread 17  |  HWThread 18  |  HWThread 19  |  HWThread 20  |  HWThread 21  |  HWThread 22  |  HWThread 23  |  HWThread 24  |  HWThread 25  |  HWThread 26  |  HWThread 27  |  HWThread 28  |  HWThread 29  |  HWThread 30  |  HWThread 31  |  HWThread 32  |  HWThread 33  |  HWThread 34  |  HWThread 35  |  HWThread 36  |  HWThread 37  |  HWThread 38  |  HWThread 39  |  HWThread 40  |  HWThread 41  |  HWThread 42  |  HWThread 43  |  HWThread 44  |  HWThread 45  |  HWThread 46  |  HWThread 47  |  HWThread 48  |  HWThread 49  |  HWThread 50  |  HWThread 51  |  HWThread 52  |  HWThread 53  |  HWThread 54  |  HWThread 55  |  HWThread 56  |  HWThread 57  |  HWThread 58  |  HWThread 59  |  HWThread 60  |  HWThread 61  |  HWThread 62  |  HWThread 63  |  HWThread 64  |  HWThread 65  |  HWThread 66  |  HWThread 67  |  HWThread 68  |  HWThread 69  |  HWThread 70  |  HWThread 71  |  HWThread 72  |  HWThread 73  |  HWThread 74  |  HWThread 75  |  HWThread 76  |  HWThread 77  |  HWThread 78  |  HWThread 79  |  HWThread 80  |  HWThread 81  |  HWThread 82  |  HWThread 83  |  HWThread 84  |  HWThread 85  |  HWThread 86  |  HWThread 87  |  HWThread 88  |  HWThread 89  |  HWThread 90  |  HWThread 91  |  HWThread 92  |  HWThread 93  |  HWThread 94  |  HWThread 95  |
+-----------------------------+---------+---------------+---------------+---------------+---------------+---------------+---------------+---------------+---------------+---------------+---------------+---------------+---------------+---------------+---------------+---------------+---------------+---------------+---------------+---------------+---------------+---------------+---------------+---------------+---------------+---------------+---------------+---------------+---------------+---------------+---------------+---------------+---------------+---------------+---------------+---------------+---------------+---------------+---------------+---------------+---------------+---------------+---------------+---------------+---------------+---------------+---------------+---------------+---------------+---------------+---------------+---------------+---------------+---------------+---------------+---------------+---------------+---------------+---------------+---------------+---------------+---------------+---------------+---------------+---------------+---------------+---------------+---------------+---------------+---------------+---------------+---------------+---------------+---------------+---------------+---------------+---------------+---------------+---------------+---------------+---------------+---------------+---------------+---------------+---------------+---------------+---------------+---------------+---------------+---------------+---------------+---------------+---------------+---------------+---------------+---------------+---------------+
|       ACTUAL_CPU_CLOCK      |  FIXC1  | 3081885000000 | 3078529000000 | 3078831000000 | 3078683000000 | 3078962000000 | 3078466000000 | 3079112000000 | 3078961000000 | 3078533000000 | 3078000000000 | 3078506000000 | 3079041000000 | 3078309000000 | 3078404000000 | 3079137000000 | 3078355000000 | 3078943000000 | 3079077000000 | 3078310000000 | 3078552000000 | 3078847000000 | 3078651000000 | 3078981000000 | 3078474000000 | 3079710000000 | 3079131000000 | 3079225000000 | 3078739000000 | 3078803000000 | 3079275000000 | 3079158000000 | 3079054000000 | 3077937000000 | 3078813000000 | 3078249000000 | 3078728000000 | 3078514000000 | 3078690000000 | 3078842000000 | 3078862000000 | 3079144000000 | 3079020000000 | 3078996000000 | 3078847000000 | 3079406000000 | 3079191000000 | 3079397000000 | 3078957000000 | 3078958000000 | 3078647000000 | 3078994000000 | 3078585000000 | 3078886000000 | 3079232000000 | 3078789000000 | 3079006000000 | 3078469000000 | 3078616000000 | 3078822000000 | 3078461000000 | 3078103000000 | 3078601000000 | 3078799000000 | 3078336000000 | 3078230000000 | 3078389000000 | 3078734000000 | 3078821000000 | 3079062000000 | 3078604000000 | 3078708000000 | 3079188000000 | 3078619000000 | 3078849000000 | 3079098000000 | 3078962000000 | 3078856000000 | 3078791000000 | 3079417000000 | 3078543000000 | 3078921000000 | 3078389000000 | 3078642000000 | 3079165000000 | 3078668000000 | 3078392000000 | 3078853000000 | 3078515000000 | 3079046000000 | 3078561000000 | 3078912000000 | 3078327000000 | 3078850000000 | 3078503000000 | 3079249000000 | 3078533000000 |
|        MAX_CPU_CLOCK        |  FIXC2  | 2177428000000 | 2176070000000 | 2175905000000 | 2175731000000 | 2176040000000 | 2175691000000 | 2176071000000 | 2176091000000 | 2175723000000 | 2175345000000 | 2175692000000 | 2176065000000 | 2175398000000 | 2175542000000 | 2176159000000 | 2175608000000 | 2175843000000 | 2176001000000 | 2175572000000 | 2175640000000 | 2175882000000 | 2175646000000 | 2175927000000 | 2175626000000 | 2176326000000 | 2176075000000 | 2176146000000 | 2175728000000 | 2175924000000 | 2176154000000 | 2176138000000 | 2175936000000 | 2175340000000 | 2175934000000 | 2175512000000 | 2175796000000 | 2175596000000 | 2175807000000 | 2175911000000 | 2175969000000 | 2176036000000 | 2176052000000 | 2175904000000 | 2175960000000 | 2176212000000 | 2176218000000 | 2176194000000 | 2175891000000 | 2176025000000 | 2175764000000 | 2176058000000 | 2175778000000 | 2175996000000 | 2176051000000 | 2175937000000 | 2176069000000 | 2175599000000 | 2175767000000 | 2175894000000 | 2175526000000 | 2175430000000 | 2175754000000 | 2175787000000 | 2175601000000 | 2175543000000 | 2175626000000 | 2175907000000 | 2175882000000 | 2176032000000 | 2175777000000 | 2175835000000 | 2176106000000 | 2175767000000 | 2175972000000 | 2176009000000 | 2176033000000 | 2175965000000 | 2175902000000 | 2176319000000 | 2175703000000 | 2176022000000 | 2175599000000 | 2175789000000 | 2176071000000 | 2175734000000 | 2175659000000 | 2175952000000 | 2175739000000 | 2175933000000 | 2175715000000 | 2175969000000 | 2175545000000 | 2175834000000 | 2175556000000 | 2176057000000 | 2175715000000 |
|     RETIRED_INSTRUCTIONS    |   PMC0  | 2777416000000 | 2759449000000 | 2766488000000 | 2771393000000 | 2783299000000 | 2756757000000 | 2759779000000 | 2759601000000 | 2892713000000 | 2891299000000 | 2893548000000 | 2889521000000 | 2900161000000 | 2882127000000 | 2893412000000 | 2885417000000 | 2823601000000 | 2835273000000 | 2830388000000 | 2818307000000 | 2830711000000 | 2821514000000 | 2831226000000 | 2823258000000 | 2790297000000 | 2789879000000 | 2788183000000 | 2788316000000 | 2791647000000 | 2777093000000 | 2782989000000 | 2783970000000 | 2883064000000 | 2886008000000 | 2880875000000 | 2869487000000 | 2877443000000 | 2870188000000 | 2878486000000 | 2867876000000 | 2829126000000 | 2829553000000 | 2823752000000 | 2818489000000 | 2822918000000 | 2822172000000 | 2829928000000 | 2815086000000 | 2786521000000 | 2795083000000 | 2801661000000 | 2788292000000 | 2790308000000 | 2781885000000 | 2782176000000 | 2784154000000 | 2886407000000 | 2891805000000 | 2887417000000 | 2880080000000 | 2883967000000 | 2878862000000 | 2880174000000 | 2866160000000 | 2833137000000 | 2836893000000 | 2840100000000 | 2833556000000 | 2826260000000 | 2838551000000 | 2828566000000 | 2827165000000 | 2783895000000 | 2774449000000 | 2783012000000 | 2772618000000 | 2783953000000 | 2767838000000 | 2778629000000 | 2767643000000 | 2887937000000 | 2882099000000 | 2886307000000 | 2877567000000 | 2887609000000 | 2877879000000 | 2879743000000 | 2869831000000 | 2833335000000 | 2825228000000 | 2830944000000 | 2838974000000 | 2823638000000 | 2822216000000 | 2839066000000 | 2824920000000 |
|     CPU_CLOCKS_UNHALTED     |   PMC1  | 3066441000000 | 3065023000000 | 3065304000000 | 3065090000000 | 3065603000000 | 3064930000000 | 3065865000000 | 3065620000000 | 3065247000000 | 3064899000000 | 3065203000000 | 3065789000000 | 3065376000000 | 3065265000000 | 3065902000000 | 3065146000000 | 3065149000000 | 3065516000000 | 3064938000000 | 3065050000000 | 3065379000000 | 3065311000000 | 3065487000000 | 3064694000000 | 3066217000000 | 3065700000000 | 3065886000000 | 3065584000000 | 3065117000000 | 3065858000000 | 3065993000000 | 3065859000000 | 3064768000000 | 3065532000000 | 3065211000000 | 3065655000000 | 3065167000000 | 3065639000000 | 3065536000000 | 3065745000000 | 3065807000000 | 3065347000000 | 3065443000000 | 3065416000000 | 3065888000000 | 3065637000000 | 3065647000000 | 3065506000000 | 3065673000000 | 3065322000000 | 3065793000000 | 3065545000000 | 3065813000000 | 3066038000000 | 3065603000000 | 3066056000000 | 3065279000000 | 3065707000000 | 3065805000000 | 3065424000000 | 3065118000000 | 3065768000000 | 3065664000000 | 3065208000000 | 3064757000000 | 3064599000000 | 3065523000000 | 3065666000000 | 3065759000000 | 3065429000000 | 3065349000000 | 3065869000000 | 3065304000000 | 3065527000000 | 3066074000000 | 3065437000000 | 3065624000000 | 3065488000000 | 3066187000000 | 3065378000000 | 3065782000000 | 3065574000000 | 3065395000000 | 3066427000000 | 3065569000000 | 3065192000000 | 3066205000000 | 3065738000000 | 3065673000000 | 3065437000000 | 3065519000000 | 3065017000000 | 3065657000000 | 3065306000000 | 3065885000000 | 3065125000000 |
|       L2_PF_HIT_IN_L3       |   PMC2  |   19150880000 |   18421070000 |   19205950000 |   19508550000 |   20621700000 |   18871850000 |   19317090000 |   19389380000 |   20953640000 |   20989150000 |   21533430000 |   21133780000 |   22252840000 |   20972130000 |   22130800000 |   21591260000 |   19412740000 |   20258620000 |   20457820000 |   19529680000 |   20720530000 |   20094770000 |   21143800000 |   20627460000 |   19145300000 |   19230920000 |   19622380000 |   19565990000 |   20090910000 |   19014060000 |   19748900000 |   19928960000 |   20863050000 |   21117540000 |   21251290000 |   20337760000 |   21167840000 |   20669490000 |   21772680000 |   20901940000 |   19995950000 |   20036590000 |   20077930000 |   19746740000 |   20179260000 |   20323760000 |   21111850000 |   20271560000 |   19126170000 |   19747300000 |   20594960000 |   19697750000 |   20113960000 |   19487850000 |   19868270000 |   19965050000 |   20942930000 |   21288120000 |   21407400000 |   21126200000 |   21556110000 |   21254910000 |   21629930000 |   20737410000 |   20155000000 |   20457950000 |   21022850000 |   20595720000 |   20355940000 |   21273920000 |   21045340000 |   20809080000 |   19507450000 |   18890940000 |   19861800000 |   19242190000 |   20188400000 |   19278040000 |   20139530000 |   19556780000 |   20761060000 |   20544910000 |   21230330000 |   20494920000 |   21670850000 |   21035740000 |   21568680000 |   20725480000 |   20101490000 |   19556450000 |   20543430000 |   21095010000 |   20177360000 |   20189760000 |   21651640000 |   20709780000 |
|       L2_PF_MISS_IN_L3      |   PMC3  |   31732240000 |   32106130000 |   31539160000 |   31337790000 |   30629840000 |   31574810000 |   31203730000 |   31135040000 |   34176010000 |   34062610000 |   33606350000 |   33862200000 |   33097340000 |   33762140000 |   33017090000 |   33286030000 |   33273090000 |   32731560000 |   32483260000 |   32977680000 |   32198690000 |   32528420000 |   31792920000 |   32069330000 |   32320350000 |   32246330000 |   31853600000 |   31850630000 |   31500770000 |   32055740000 |   31561510000 |   31349880000 |   33903290000 |   33734700000 |   33454290000 |   33965960000 |   33412840000 |   33647390000 |   32860350000 |   33360060000 |   32840170000 |   32818960000 |   32621240000 |   32770650000 |   32510350000 |   32322490000 |   31793700000 |   32193180000 |   32289530000 |   31881120000 |   31307460000 |   31746350000 |   31434920000 |   31759830000 |   31409980000 |   31359670000 |   33923810000 |   33714750000 |   33505270000 |   33586690000 |   33267810000 |   33362350000 |   33039840000 |   33514810000 |   32831350000 |   32612260000 |   32210790000 |   32395160000 |   32467430000 |   31882330000 |   31851580000 |   31989860000 |   31742920000 |   32057300000 |   31389530000 |   31650110000 |   31074900000 |   31518250000 |   30982620000 |   31196120000 |   34147820000 |   34170140000 |   33644640000 |   34065940000 |   33232760000 |   33580700000 |   33130270000 |   33633250000 |   32850900000 |   33132060000 |   32390040000 |   32024510000 |   32519080000 |   32437630000 |   31503850000 |   32038690000 |
| L2_CACHE_MISS_AFTER_L1_MISS |   PMC4  |   11033610000 |   10928360000 |   10988480000 |   11027700000 |   11135330000 |   10911840000 |   10925660000 |   10938790000 |   11174150000 |   11140980000 |   11179130000 |   11129320000 |   11230160000 |   11079900000 |   11183410000 |   11110010000 |   11062290000 |   11137810000 |   11126390000 |   11007920000 |   11125580000 |   11058330000 |   11125400000 |   11049570000 |   11043410000 |   11043000000 |   11038300000 |   11035140000 |   11081430000 |   10937430000 |   11000830000 |   10989370000 |   11185960000 |   11197030000 |   11169910000 |   11049840000 |   11138380000 |   11068070000 |   11151640000 |   11060120000 |   11104320000 |   11104600000 |   11073680000 |   11027510000 |   11057690000 |   11046740000 |   11120950000 |   10999190000 |   11031990000 |   11085400000 |   11143150000 |   11031720000 |   11057770000 |   10971230000 |   10995470000 |   10996610000 |   11163760000 |   11210430000 |   11180720000 |   11122590000 |   11160130000 |   11106630000 |   11135090000 |   11004270000 |   11133440000 |   11140030000 |   11187350000 |   11117350000 |   11059170000 |   11165060000 |   11100880000 |   11060130000 |   11074820000 |   10985850000 |   11071930000 |   10961690000 |   11067970000 |   10949220000 |   11022460000 |   10943800000 |   11160290000 |   11114450000 |   11161180000 |   11060270000 |   11169460000 |   11115940000 |   11110800000 |   11003760000 |   11122080000 |   11038790000 |   11117740000 |   11167680000 |   11050140000 |   11028050000 |   11171960000 |   11073030000 |
+-----------------------------+---------+---------------+---------------+---------------+---------------+---------------+---------------+---------------+---------------+---------------+---------------+---------------+---------------+---------------+---------------+---------------+---------------+---------------+---------------+---------------+---------------+---------------+---------------+---------------+---------------+---------------+---------------+---------------+---------------+---------------+---------------+---------------+---------------+---------------+---------------+---------------+---------------+---------------+---------------+---------------+---------------+---------------+---------------+---------------+---------------+---------------+---------------+---------------+---------------+---------------+---------------+---------------+---------------+---------------+---------------+---------------+---------------+---------------+---------------+---------------+---------------+---------------+---------------+---------------+---------------+---------------+---------------+---------------+---------------+---------------+---------------+---------------+---------------+---------------+---------------+---------------+---------------+---------------+---------------+---------------+---------------+---------------+---------------+---------------+---------------+---------------+---------------+---------------+---------------+---------------+---------------+---------------+---------------+---------------+---------------+---------------+---------------+

+----------------------------------+---------+-----------------+---------------+---------------+---------------+
|               Event              | Counter |       Sum       |      Min      |      Max      |      Avg      |
+----------------------------------+---------+-----------------+---------------+---------------+---------------+
|       ACTUAL_CPU_CLOCK STAT      |  FIXC1  | 295565938000000 | 3077937000000 | 3081885000000 |  3.078812e+12 |
|        MAX_CPU_CLOCK STAT        |  FIXC2  | 208883758000000 | 2175340000000 | 2177428000000 |  2.175872e+12 |
|     RETIRED_INSTRUCTIONS STAT    |   PMC0  | 271701993000000 | 2756757000000 | 2900161000000 | 2830229093750 |
|     CPU_CLOCKS_UNHALTED STAT     |   PMC1  | 294289672000000 | 3064599000000 | 3066441000000 |  3.065517e+12 |
|       L2_PF_HIT_IN_L3 STAT       |   PMC2  |   1957443710000 |   18421070000 |   22252840000 |  2.039004e+10 |
|       L2_PF_MISS_IN_L3 STAT      |   PMC3  |   3122590870000 |   30629840000 |   34176010000 |  3.252699e+10 |
| L2_CACHE_MISS_AFTER_L1_MISS STAT |   PMC4  |   1063638390000 |   10911840000 |   11230160000 |  1.107957e+10 |
+----------------------------------+---------+-----------------+---------------+---------------+---------------+

+-------------------------+------------+------------+------------+------------+------------+------------+------------+------------+------------+------------+-------------+-------------+-------------+-------------+-------------+-------------+-------------+-------------+-------------+-------------+-------------+-------------+-------------+-------------+-------------+-------------+-------------+-------------+-------------+-------------+-------------+-------------+-------------+-------------+-------------+-------------+-------------+-------------+-------------+-------------+-------------+-------------+-------------+-------------+-------------+-------------+-------------+-------------+-------------+-------------+-------------+-------------+-------------+-------------+-------------+-------------+-------------+-------------+-------------+-------------+-------------+-------------+-------------+-------------+-------------+-------------+-------------+-------------+-------------+-------------+-------------+-------------+-------------+-------------+-------------+-------------+-------------+-------------+-------------+-------------+-------------+-------------+-------------+-------------+-------------+-------------+-------------+-------------+-------------+-------------+-------------+-------------+-------------+-------------+-------------+-------------+
|          Metric         | HWThread 0 | HWThread 1 | HWThread 2 | HWThread 3 | HWThread 4 | HWThread 5 | HWThread 6 | HWThread 7 | HWThread 8 | HWThread 9 | HWThread 10 | HWThread 11 | HWThread 12 | HWThread 13 | HWThread 14 | HWThread 15 | HWThread 16 | HWThread 17 | HWThread 18 | HWThread 19 | HWThread 20 | HWThread 21 | HWThread 22 | HWThread 23 | HWThread 24 | HWThread 25 | HWThread 26 | HWThread 27 | HWThread 28 | HWThread 29 | HWThread 30 | HWThread 31 | HWThread 32 | HWThread 33 | HWThread 34 | HWThread 35 | HWThread 36 | HWThread 37 | HWThread 38 | HWThread 39 | HWThread 40 | HWThread 41 | HWThread 42 | HWThread 43 | HWThread 44 | HWThread 45 | HWThread 46 | HWThread 47 | HWThread 48 | HWThread 49 | HWThread 50 | HWThread 51 | HWThread 52 | HWThread 53 | HWThread 54 | HWThread 55 | HWThread 56 | HWThread 57 | HWThread 58 | HWThread 59 | HWThread 60 | HWThread 61 | HWThread 62 | HWThread 63 | HWThread 64 | HWThread 65 | HWThread 66 | HWThread 67 | HWThread 68 | HWThread 69 | HWThread 70 | HWThread 71 | HWThread 72 | HWThread 73 | HWThread 74 | HWThread 75 | HWThread 76 | HWThread 77 | HWThread 78 | HWThread 79 | HWThread 80 | HWThread 81 | HWThread 82 | HWThread 83 | HWThread 84 | HWThread 85 | HWThread 86 | HWThread 87 | HWThread 88 | HWThread 89 | HWThread 90 | HWThread 91 | HWThread 92 | HWThread 93 | HWThread 94 | HWThread 95 |
+-------------------------+------------+------------+------------+------------+------------+------------+------------+------------+------------+------------+-------------+-------------+-------------+-------------+-------------+-------------+-------------+-------------+-------------+-------------+-------------+-------------+-------------+-------------+-------------+-------------+-------------+-------------+-------------+-------------+-------------+-------------+-------------+-------------+-------------+-------------+-------------+-------------+-------------+-------------+-------------+-------------+-------------+-------------+-------------+-------------+-------------+-------------+-------------+-------------+-------------+-------------+-------------+-------------+-------------+-------------+-------------+-------------+-------------+-------------+-------------+-------------+-------------+-------------+-------------+-------------+-------------+-------------+-------------+-------------+-------------+-------------+-------------+-------------+-------------+-------------+-------------+-------------+-------------+-------------+-------------+-------------+-------------+-------------+-------------+-------------+-------------+-------------+-------------+-------------+-------------+-------------+-------------+-------------+-------------+-------------+
|   Runtime (RDTSC) [s]   |   858.2055 |   857.3841 |   850.7238 |   856.0677 |   855.8270 |   849.2226 |   855.4039 |   855.4030 |   851.1481 |   843.7251 |    848.5709 |    857.6326 |    847.0147 |    841.2159 |    848.5704 |    847.0147 |    847.6622 |    847.6624 |    847.4359 |    846.1225 |    841.6946 |    847.8396 |    847.4361 |    844.6903 |    849.7110 |    852.7878 |    840.9795 |    852.5380 |    840.2836 |    852.0550 |    851.3906 |    853.6448 |    854.9210 |    838.5493 |    856.7008 |    848.0118 |    839.4991 |    846.3638 |    856.7004 |    850.0826 |    843.4969 |    841.9353 |    837.9108 |    842.4104 |    843.3148 |    843.0656 |    837.3125 |    843.4973 |    851.6315 |    857.1875 |    855.1631 |    852.2971 |    853.4041 |    852.9666 |    856.0666 |    851.6314 |    849.4670 |    849.4673 |    854.0730 |    849.4672 |    848.9780 |    854.0727 |    850.2763 |    852.5381 |    839.0195 |    844.2665 |    844.2661 |    846.6005 |    846.6010 |    845.8809 |    842.8283 |    843.0659 |    842.4103 |    839.7373 |    845.6451 |    841.4523 |    856.9436 |    839.2634 |    839.9256 |    845.1701 |    854.4994 |    840.7524 |    850.5246 |    855.8259 |    837.5022 |    854.4995 |    837.5023 |    838.3210 |    844.9317 |    837.9104 |    845.4113 |    840.5187 |    853.4037 |    839.2640 |    838.7821 |    842.1703 |
|   Runtime unhalted [s]  |  1185.3410 |  1184.0502 |  1184.1663 |  1184.1094 |  1184.2167 |  1184.0260 |  1184.2744 |  1184.2163 |  1184.0517 |  1183.8467 |   1184.0413 |   1184.2471 |   1183.9656 |   1184.0021 |   1184.2840 |   1183.9833 |   1184.2094 |   1184.2610 |   1183.9660 |   1184.0590 |   1184.1725 |   1184.0971 |   1184.2240 |   1184.0290 |   1184.5044 |   1184.2817 |   1184.3179 |   1184.1310 |   1184.1556 |   1184.3371 |   1184.2921 |   1184.2521 |   1183.8225 |   1184.1594 |   1183.9425 |   1184.1267 |   1184.0444 |   1184.1121 |   1184.1706 |   1184.1783 |   1184.2867 |   1184.2390 |   1184.2298 |   1184.1725 |   1184.3875 |   1184.3048 |   1184.3840 |   1184.2148 |   1184.2152 |   1184.0956 |   1184.2290 |   1184.0717 |   1184.1875 |   1184.3206 |   1184.1502 |   1184.2336 |   1184.0271 |   1184.0836 |   1184.1629 |   1184.0240 |   1183.8863 |   1184.0779 |   1184.1540 |   1183.9760 |   1183.9352 |   1183.9963 |   1184.1290 |   1184.1625 |   1184.2552 |   1184.0790 |   1184.1190 |   1184.3036 |   1184.0848 |   1184.1733 |   1184.2690 |   1184.2167 |   1184.1760 |   1184.1510 |   1184.3917 |   1184.0556 |   1184.2010 |   1183.9963 |   1184.0936 |   1184.2948 |   1184.1036 |   1183.9975 |   1184.1748 |   1184.0448 |   1184.2490 |   1184.0625 |   1184.1975 |   1183.9725 |   1184.1736 |   1184.0402 |   1184.3271 |   1184.0517 |
|       Clock [MHz]       |  3679.9826 |  3678.2693 |  3678.9091 |  3679.0265 |  3678.8374 |  3678.8348 |  3678.9642 |  3678.7500 |  3678.8608 |  3678.8630 |   3678.8809 |   3678.8895 |   3679.1426 |   3679.0127 |   3678.8453 |   3678.8425 |   3679.1478 |   3679.0408 |   3678.8496 |   3679.0238 |   3678.9671 |   3679.1320 |   3679.0512 |   3678.9543 |   3679.2476 |   3678.9802 |   3678.9724 |   3679.0985 |   3678.8435 |   3679.0187 |   3678.9059 |   3679.1232 |   3678.7961 |   3678.8386 |   3678.8781 |   3678.9703 |   3679.0528 |   3678.9063 |   3678.9121 |   3678.8380 |   3679.0616 |   3678.8864 |   3679.1080 |   3678.8353 |   3679.0771 |   3678.8101 |   3679.0968 |   3679.0834 |   3678.8580 |   3678.9277 |   3678.8452 |   3678.8299 |   3678.8210 |   3679.1414 |   3678.8048 |   3678.8410 |   3678.9939 |   3678.8855 |   3678.9170 |   3679.1078 |   3678.8423 |   3678.8896 |   3679.0704 |   3678.8316 |   3678.8030 |   3678.8527 |   3678.7898 |   3678.9361 |   3678.9704 |   3678.8543 |   3678.8805 |   3678.9959 |   3678.8891 |   3678.8174 |   3679.0523 |   3678.8492 |   3678.8376 |   3678.8664 |   3678.9094 |   3678.9065 |   3678.8189 |   3678.8983 |   3678.8794 |   3679.0275 |   3679.0035 |   3678.8005 |   3678.8559 |   3678.8122 |   3679.1187 |   3678.9077 |   3678.8977 |   3678.9156 |   3679.0519 |   3679.1073 |   3679.1516 |   3678.8743 |
|           CPI           |     1.1041 |     1.1107 |     1.1080 |     1.1060 |     1.1014 |     1.1118 |     1.1109 |     1.1109 |     1.0596 |     1.0600 |      1.0593 |      1.0610 |      1.0570 |      1.0635 |      1.0596 |      1.0623 |      1.0855 |      1.0812 |      1.0829 |      1.0876 |      1.0829 |      1.0864 |      1.0827 |      1.0855 |      1.0989 |      1.0989 |      1.0996 |      1.0994 |      1.0980 |      1.1040 |      1.1017 |      1.1013 |      1.0630 |      1.0622 |      1.0640 |      1.0684 |      1.0652 |      1.0681 |      1.0650 |      1.0690 |      1.0837 |      1.0833 |      1.0856 |      1.0876 |      1.0861 |      1.0863 |      1.0833 |      1.0890 |      1.1002 |      1.0967 |      1.0943 |      1.0994 |      1.0987 |      1.1021 |      1.1019 |      1.1013 |      1.0620 |      1.0601 |      1.0618 |      1.0644 |      1.0628 |      1.0649 |      1.0644 |      1.0694 |      1.0818 |      1.0803 |      1.0794 |      1.0819 |      1.0847 |      1.0799 |      1.0837 |      1.0844 |      1.1011 |      1.1049 |      1.1017 |      1.1056 |      1.1012 |      1.1075 |      1.1035 |      1.1076 |      1.0616 |      1.0637 |      1.0620 |      1.0656 |      1.0616 |      1.0651 |      1.0647 |      1.0683 |      1.0820 |      1.0850 |      1.0829 |      1.0796 |      1.0857 |      1.0861 |      1.0799 |      1.0850 |
| L3 bandwidth [MBytes/s] |  4617.3914 |  4587.3907 |  4644.2215 |  4625.7306 |  4665.3818 |  4624.1633 |  4597.3308 |  4598.5874 |  4985.5521 |  5020.9901 |   5001.8334 |   4934.5363 |   5030.7766 |   5007.1651 |   5002.7708 |   4985.9668 |   4813.0962 |   4841.7759 |   4838.4994 |   4804.2428 |   4869.7796 |   4807.0617 |   4838.0942 |   4829.8969 |   4708.1653 |   4692.0183 |   4757.4452 |   4688.2516 |   4773.4825 |   4657.5194 |   4684.0068 |   4668.4118 |   4937.2365 |   5041.0313 |   4921.2413 |   4932.2755 |   5010.1541 |   4944.2531 |   4914.4589 |   4917.8935 |   4851.4561 |   4861.9527 |   4870.9987 |   4827.6631 |   4837.8461 |   4835.1532 |   4893.8670 |   4815.2988 |   4692.9360 |   4682.3880 |   4718.3005 |   4691.3834 |   4695.1094 |   4668.4246 |   4655.6168 |   4683.4407 |   4974.8277 |   4988.5984 |   4952.7113 |   4960.1335 |   4974.1916 |   4925.0245 |   4953.1088 |   4898.8020 |   4891.0264 |   4867.4860 |   4883.4643 |   4846.3552 |   4829.2910 |   4866.5998 |   4859.6603 |   4847.7592 |   4734.9993 |   4720.2640 |   4716.7407 |   4704.5511 |   4655.1503 |   4708.5488 |   4735.2468 |   4671.9457 |   4948.4258 |   5011.0924 |   4969.0669 |   4907.2508 |   5049.1527 |   4923.2004 |   5029.0298 |   4989.9732 |   4853.3699 |   4867.5219 |   4848.8557 |   4895.0497 |   4780.5993 |   4854.1915 |   4908.2554 |   4850.0594 |
| L3 data volume [GBytes] |  3962.6707 |  3933.1558 |  3950.9498 |  3959.9386 |  3992.7597 |  3926.9440 |  3932.5747 |  3933.6454 |  4243.4432 |  4236.3354 |   4244.4102 |   4232.0192 |   4261.1418 |   4212.1069 |   4245.2032 |   4223.1872 |   4079.8797 |   4104.1914 |   4100.3181 |   4064.9779 |   4098.8672 |   4075.6173 |   4099.9757 |   4079.7670 |   4000.5798 |   4001.2960 |   4000.9139 |   3996.9126 |   4011.0790 |   3968.4627 |   3987.9194 |   3985.1654 |   4220.9472 |   4227.1533 |   4216.0314 |   4182.6278 |   4206.0198 |   4184.6368 |   4210.2189 |   4180.6157 |   4092.1882 |   4093.4496 |   4081.4624 |   4066.8736 |   4079.8272 |   4076.3514 |   4097.6960 |   4061.6915 |   3996.6522 |   4013.6845 |   4034.9165 |   3998.4525 |   4006.8256 |   3982.0102 |   3985.5181 |   3988.5651 |   4225.9520 |   4237.6512 |   4229.9770 |   4213.4707 |   4222.9792 |   4206.3290 |   4211.5110 |   4176.4154 |   4103.6666 |   4109.4554 |   4122.9434 |   4102.9267 |   4088.4826 |   4116.5638 |   4095.8592 |   4086.9805 |   3988.8122 |   3963.7818 |   3988.6886 |   3958.6554 |   3989.2013 |   3951.7126 |   3977.2550 |   3948.5888 |   4228.4269 |   4213.0880 |   4226.3136 |   4199.7523 |   4228.6765 |   4206.8723 |   4211.8240 |   4183.1994 |   4100.7661 |   4078.5472 |   4099.2774 |   4114.3808 |   4079.7811 |   4073.9482 |   4116.9568 |   4084.5760 |
+-------------------------+------------+------------+------------+------------+------------+------------+------------+------------+------------+------------+-------------+-------------+-------------+-------------+-------------+-------------+-------------+-------------+-------------+-------------+-------------+-------------+-------------+-------------+-------------+-------------+-------------+-------------+-------------+-------------+-------------+-------------+-------------+-------------+-------------+-------------+-------------+-------------+-------------+-------------+-------------+-------------+-------------+-------------+-------------+-------------+-------------+-------------+-------------+-------------+-------------+-------------+-------------+-------------+-------------+-------------+-------------+-------------+-------------+-------------+-------------+-------------+-------------+-------------+-------------+-------------+-------------+-------------+-------------+-------------+-------------+-------------+-------------+-------------+-------------+-------------+-------------+-------------+-------------+-------------+-------------+-------------+-------------+-------------+-------------+-------------+-------------+-------------+-------------+-------------+-------------+-------------+-------------+-------------+-------------+-------------+

+------------------------------+-------------+-----------+-----------+-----------+
|            Metric            |     Sum     |    Min    |    Max    |    Avg    |
+------------------------------+-------------+-----------+-----------+-----------+
|   Runtime (RDTSC) [s] STAT   |  81364.4197 |  837.3125 |  858.2055 |  847.5460 |
|   Runtime unhalted [s] STAT  | 113679.2612 | 1183.8225 | 1185.3410 | 1184.1590 |
|       Clock [MHz] STAT       | 353178.3575 | 3678.2693 | 3679.9826 | 3678.9412 |
|           CPI STAT           |    104.0048 |    1.0570 |    1.1118 |    1.0834 |
| L3 bandwidth [MBytes/s] STAT | 463953.4971 | 4587.3907 | 5049.1527 | 4832.8489 |
| L3 data volume [GBytes] STAT | 393195.0704 | 3926.9440 | 4261.1418 | 4095.7820 |
+------------------------------+-------------+-----------+-----------+-----------+

