INFO: You are running LIKWID in a cpuset with 112 CPUs. Taking given IDs as logical ID in cpuset
--------------------------------------------------------------------------------
CPU name:	AMD EPYC 9A14 96-Core Processor                
CPU type:	AMD K19 (Zen4) architecture
CPU clock:	2.60 GHz
--------------------------------------------------------------------------------
Sys.CPU_THREADS       192
SLURM_CPUS_PER_TASK   112
OMP_NUM_THREADS       112
OMP_PROC_BIND         close
OMP_PLACES            cores
BLAS_NUM_THREADS      1
Threads.nthreads()    1

Successfully read data from: /public/home/halili/jld2file/cc-pvdz/h2o-1.0-cc-pvdz.jld2
  name: h2o
  ratio: 1.0
  basis: cc-pvdz
  nα: 5, nβ: 5, ne: 10, norb: 24, nq: 48

  ngs: 25495
  ncs: 128793

Warming up JIT and Hardware...
Warm-up completed.
  Step 001:  residual: 9.9885e-01,  e: -76.02676073376635
  Step 002:  residual: 3.3618e-01,  e: -76.22561643779902
  Step 003:  residual: 9.9286e-02,  e: -76.24222290584430
  Step 004:  residual: 3.2400e-02,  e: -76.24360734427415
  Step 005:  residual: 1.2871e-02,  e: -76.24376885653828
  Step 006:  residual: 4.3599e-03,  e: -76.24379383490469
  Step 007:  residual: 1.6905e-03,  e: -76.24379667642265
  Step 008:  residual: 7.0448e-04,  e: -76.24379712049132
  Step 009:  residual: 3.1828e-04,  e: -76.24379720589900
  Step 010:  residual: 1.2649e-04,  e: -76.24379722155602
  Step 011:  residual: 4.7677e-05,  e: -76.24379722386445
  Step 012:  residual: 1.7064e-05,  e: -76.24379722415702
  Step 013:  residual: 6.0873e-06,  e: -76.24379722419407

Convergence reached!
836.714950 seconds (7.21 M allocations: 91.224 GiB, 0.06% gc time, 0.24% compilation time)
--------------------------------------------------------------------------------
Region hvec_direct_agg, Group 1: MEM
+-------------------+------------+------------+------------+------------+------------+------------+------------+------------+------------+------------+-------------+-------------+-------------+-------------+-------------+-------------+-------------+-------------+-------------+-------------+-------------+-------------+-------------+-------------+-------------+-------------+-------------+-------------+-------------+-------------+-------------+-------------+-------------+-------------+-------------+-------------+-------------+-------------+-------------+-------------+-------------+-------------+-------------+-------------+-------------+-------------+-------------+-------------+-------------+-------------+-------------+-------------+-------------+-------------+-------------+-------------+-------------+-------------+-------------+-------------+-------------+-------------+-------------+-------------+-------------+-------------+-------------+-------------+-------------+-------------+-------------+-------------+-------------+-------------+-------------+-------------+-------------+-------------+-------------+-------------+-------------+-------------+-------------+-------------+-------------+-------------+-------------+-------------+-------------+-------------+-------------+-------------+-------------+-------------+-------------+-------------+-------------+-------------+-------------+-------------+--------------+--------------+--------------+--------------+--------------+--------------+--------------+--------------+--------------+--------------+--------------+--------------+
|    Region Info    | HWThread 0 | HWThread 1 | HWThread 2 | HWThread 3 | HWThread 4 | HWThread 5 | HWThread 6 | HWThread 7 | HWThread 8 | HWThread 9 | HWThread 10 | HWThread 11 | HWThread 12 | HWThread 13 | HWThread 14 | HWThread 15 | HWThread 16 | HWThread 17 | HWThread 18 | HWThread 19 | HWThread 20 | HWThread 21 | HWThread 22 | HWThread 23 | HWThread 24 | HWThread 25 | HWThread 26 | HWThread 27 | HWThread 28 | HWThread 29 | HWThread 30 | HWThread 31 | HWThread 32 | HWThread 33 | HWThread 34 | HWThread 35 | HWThread 36 | HWThread 37 | HWThread 38 | HWThread 39 | HWThread 40 | HWThread 41 | HWThread 42 | HWThread 43 | HWThread 44 | HWThread 45 | HWThread 46 | HWThread 47 | HWThread 48 | HWThread 49 | HWThread 50 | HWThread 51 | HWThread 52 | HWThread 53 | HWThread 54 | HWThread 55 | HWThread 56 | HWThread 57 | HWThread 58 | HWThread 59 | HWThread 60 | HWThread 61 | HWThread 62 | HWThread 63 | HWThread 64 | HWThread 65 | HWThread 66 | HWThread 67 | HWThread 68 | HWThread 69 | HWThread 70 | HWThread 71 | HWThread 72 | HWThread 73 | HWThread 74 | HWThread 75 | HWThread 76 | HWThread 77 | HWThread 78 | HWThread 79 | HWThread 80 | HWThread 81 | HWThread 82 | HWThread 83 | HWThread 84 | HWThread 85 | HWThread 86 | HWThread 87 | HWThread 88 | HWThread 89 | HWThread 90 | HWThread 91 | HWThread 92 | HWThread 93 | HWThread 94 | HWThread 95 | HWThread 96 | HWThread 97 | HWThread 98 | HWThread 99 | HWThread 100 | HWThread 101 | HWThread 102 | HWThread 103 | HWThread 104 | HWThread 105 | HWThread 106 | HWThread 107 | HWThread 108 | HWThread 109 | HWThread 110 | HWThread 111 |
+-------------------+------------+------------+------------+------------+------------+------------+------------+------------+------------+------------+-------------+-------------+-------------+-------------+-------------+-------------+-------------+-------------+-------------+-------------+-------------+-------------+-------------+-------------+-------------+-------------+-------------+-------------+-------------+-------------+-------------+-------------+-------------+-------------+-------------+-------------+-------------+-------------+-------------+-------------+-------------+-------------+-------------+-------------+-------------+-------------+-------------+-------------+-------------+-------------+-------------+-------------+-------------+-------------+-------------+-------------+-------------+-------------+-------------+-------------+-------------+-------------+-------------+-------------+-------------+-------------+-------------+-------------+-------------+-------------+-------------+-------------+-------------+-------------+-------------+-------------+-------------+-------------+-------------+-------------+-------------+-------------+-------------+-------------+-------------+-------------+-------------+-------------+-------------+-------------+-------------+-------------+-------------+-------------+-------------+-------------+-------------+-------------+-------------+-------------+--------------+--------------+--------------+--------------+--------------+--------------+--------------+--------------+--------------+--------------+--------------+--------------+
| RDTSC Runtime [s] | 819.254100 | 814.471300 | 808.965400 | 811.021900 | 818.245500 | 815.529800 | 818.482400 | 807.045600 | 812.203300 | 806.815700 |  818.718700 |  809.424400 |  807.271100 |  803.445000 |  807.270800 |  813.421200 |  815.296700 |  797.437100 |  796.794200 |  794.881200 |  809.199200 |  816.126300 |  797.436600 |  816.583000 |  800.146100 |  797.835600 |  794.045500 |  799.587200 |  797.023700 |  805.819700 |  795.111100 |  805.819800 |  810.012000 |  801.792100 |  812.706900 |  812.706400 |  808.269200 |  805.585900 |  817.829600 |  798.294600 |  799.359800 |  817.829300 |  813.191000 |  803.676600 |  817.403800 |  802.024100 |  798.530000 |  799.129800 |  806.418400 |  804.733600 |  816.352300 |  804.281900 |  795.340400 |  807.271100 |  793.566200 |  806.418200 |  808.506200 |  799.587100 |  802.488600 |  817.175000 |  805.819900 |  809.424500 |  807.858200 |  809.425100 |  801.565000 |  797.023700 |  802.254800 |  794.289900 |  796.385900 |  795.571900 |  798.529800 |  807.858100 |  814.701300 |  814.064400 |  813.191400 |  800.967700 |  816.582800 |  817.403200 |  814.064200 |  816.582900 |  798.065500 |  811.021600 |  802.488300 |  796.386200 |  798.529500 |  802.723000 |  799.129300 |  811.975000 |  808.506300 |  810.242100 |  813.836600 |  804.281800 |  796.158900 |  818.245400 |  811.462200 |  810.241700 |  811.972000 |  800.145700 |  810.241500 |  799.962500 |   811.020900 |   804.281300 |   802.487900 |   803.676500 |   814.701400 |   794.289800 |   793.552900 |   800.967700 |   795.571900 |   793.312300 |   804.979700 |   815.528900 |
|     call count    |         13 |         13 |         13 |         13 |         13 |         13 |         13 |         13 |         13 |         13 |          13 |          13 |          13 |          13 |          13 |          13 |          13 |          13 |          13 |          13 |          13 |          13 |          13 |          13 |          13 |          13 |          13 |          13 |          13 |          13 |          13 |          13 |          13 |          13 |          13 |          13 |          13 |          13 |          13 |          13 |          13 |          13 |          13 |          13 |          13 |          13 |          13 |          13 |          13 |          13 |          13 |          13 |          13 |          13 |          13 |          13 |          13 |          13 |          13 |          13 |          13 |          13 |          13 |          13 |          13 |          13 |          13 |          13 |          13 |          13 |          13 |          13 |          13 |          13 |          13 |          13 |          13 |          13 |          13 |          13 |          13 |          13 |          13 |          13 |          13 |          13 |          13 |          13 |          13 |          13 |          13 |          13 |          13 |          13 |          13 |          13 |          13 |          13 |          13 |          13 |           13 |           13 |           13 |           13 |           13 |           13 |           13 |           13 |           13 |           13 |           13 |           13 |
+-------------------+------------+------------+------------+------------+------------+------------+------------+------------+------------+------------+-------------+-------------+-------------+-------------+-------------+-------------+-------------+-------------+-------------+-------------+-------------+-------------+-------------+-------------+-------------+-------------+-------------+-------------+-------------+-------------+-------------+-------------+-------------+-------------+-------------+-------------+-------------+-------------+-------------+-------------+-------------+-------------+-------------+-------------+-------------+-------------+-------------+-------------+-------------+-------------+-------------+-------------+-------------+-------------+-------------+-------------+-------------+-------------+-------------+-------------+-------------+-------------+-------------+-------------+-------------+-------------+-------------+-------------+-------------+-------------+-------------+-------------+-------------+-------------+-------------+-------------+-------------+-------------+-------------+-------------+-------------+-------------+-------------+-------------+-------------+-------------+-------------+-------------+-------------+-------------+-------------+-------------+-------------+-------------+-------------+-------------+-------------+-------------+-------------+-------------+--------------+--------------+--------------+--------------+--------------+--------------+--------------+--------------+--------------+--------------+--------------+--------------+

+----------------------+---------+---------------+---------------+---------------+---------------+---------------+---------------+---------------+---------------+---------------+---------------+---------------+---------------+---------------+---------------+---------------+---------------+---------------+---------------+---------------+---------------+---------------+---------------+---------------+---------------+---------------+---------------+---------------+---------------+---------------+---------------+---------------+---------------+---------------+---------------+---------------+---------------+---------------+---------------+---------------+---------------+---------------+---------------+---------------+---------------+---------------+---------------+---------------+---------------+---------------+---------------+---------------+---------------+---------------+---------------+---------------+---------------+---------------+---------------+---------------+---------------+---------------+---------------+---------------+---------------+---------------+---------------+---------------+---------------+---------------+---------------+---------------+---------------+---------------+---------------+---------------+---------------+---------------+---------------+---------------+---------------+---------------+---------------+---------------+---------------+---------------+---------------+---------------+---------------+---------------+---------------+---------------+---------------+---------------+---------------+---------------+---------------+---------------+---------------+---------------+---------------+---------------+---------------+---------------+---------------+---------------+---------------+---------------+---------------+---------------+---------------+---------------+---------------+
|         Event        | Counter |   HWThread 0  |   HWThread 1  |   HWThread 2  |   HWThread 3  |   HWThread 4  |   HWThread 5  |   HWThread 6  |   HWThread 7  |   HWThread 8  |   HWThread 9  |  HWThread 10  |  HWThread 11  |  HWThread 12  |  HWThread 13  |  HWThread 14  |  HWThread 15  |  HWThread 16  |  HWThread 17  |  HWThread 18  |  HWThread 19  |  HWThread 20  |  HWThread 21  |  HWThread 22  |  HWThread 23  |  HWThread 24  |  HWThread 25  |  HWThread 26  |  HWThread 27  |  HWThread 28  |  HWThread 29  |  HWThread 30  |  HWThread 31  |  HWThread 32  |  HWThread 33  |  HWThread 34  |  HWThread 35  |  HWThread 36  |  HWThread 37  |  HWThread 38  |  HWThread 39  |  HWThread 40  |  HWThread 41  |  HWThread 42  |  HWThread 43  |  HWThread 44  |  HWThread 45  |  HWThread 46  |  HWThread 47  |  HWThread 48  |  HWThread 49  |  HWThread 50  |  HWThread 51  |  HWThread 52  |  HWThread 53  |  HWThread 54  |  HWThread 55  |  HWThread 56  |  HWThread 57  |  HWThread 58  |  HWThread 59  |  HWThread 60  |  HWThread 61  |  HWThread 62  |  HWThread 63  |  HWThread 64  |  HWThread 65  |  HWThread 66  |  HWThread 67  |  HWThread 68  |  HWThread 69  |  HWThread 70  |  HWThread 71  |  HWThread 72  |  HWThread 73  |  HWThread 74  |  HWThread 75  |  HWThread 76  |  HWThread 77  |  HWThread 78  |  HWThread 79  |  HWThread 80  |  HWThread 81  |  HWThread 82  |  HWThread 83  |  HWThread 84  |  HWThread 85  |  HWThread 86  |  HWThread 87  |  HWThread 88  |  HWThread 89  |  HWThread 90  |  HWThread 91  |  HWThread 92  |  HWThread 93  |  HWThread 94  |  HWThread 95  |  HWThread 96  |  HWThread 97  |  HWThread 98  |  HWThread 99  |  HWThread 100 |  HWThread 101 |  HWThread 102 |  HWThread 103 |  HWThread 104 |  HWThread 105 |  HWThread 106 |  HWThread 107 |  HWThread 108 |  HWThread 109 |  HWThread 110 |  HWThread 111 |
+----------------------+---------+---------------+---------------+---------------+---------------+---------------+---------------+---------------+---------------+---------------+---------------+---------------+---------------+---------------+---------------+---------------+---------------+---------------+---------------+---------------+---------------+---------------+---------------+---------------+---------------+---------------+---------------+---------------+---------------+---------------+---------------+---------------+---------------+---------------+---------------+---------------+---------------+---------------+---------------+---------------+---------------+---------------+---------------+---------------+---------------+---------------+---------------+---------------+---------------+---------------+---------------+---------------+---------------+---------------+---------------+---------------+---------------+---------------+---------------+---------------+---------------+---------------+---------------+---------------+---------------+---------------+---------------+---------------+---------------+---------------+---------------+---------------+---------------+---------------+---------------+---------------+---------------+---------------+---------------+---------------+---------------+---------------+---------------+---------------+---------------+---------------+---------------+---------------+---------------+---------------+---------------+---------------+---------------+---------------+---------------+---------------+---------------+---------------+---------------+---------------+---------------+---------------+---------------+---------------+---------------+---------------+---------------+---------------+---------------+---------------+---------------+---------------+---------------+
|   ACTUAL_CPU_CLOCK   |  FIXC1  | 2921474000000 | 2917573000000 | 2918000000000 | 2917849000000 | 2917788000000 | 2917943000000 | 2919030000000 | 2917549000000 | 2917759000000 | 2918205000000 | 2917614000000 | 2917321000000 | 2917685000000 | 2917464000000 | 2917239000000 | 2917108000000 | 2917979000000 | 2917967000000 | 2918132000000 | 2918293000000 | 2917719000000 | 2917545000000 | 2918357000000 | 2918700000000 | 2918030000000 | 2918359000000 | 2918334000000 | 2918558000000 | 2917492000000 | 2917892000000 | 2917849000000 | 2918222000000 | 2918126000000 | 2917532000000 | 2918135000000 | 2918041000000 | 2917853000000 | 2918274000000 | 2918523000000 | 2917743000000 | 2918075000000 | 2918042000000 | 2917591000000 | 2917294000000 | 2918194000000 | 2918096000000 | 2918041000000 | 2918090000000 | 2917886000000 | 2917968000000 | 2918130000000 | 2918138000000 | 2918201000000 | 2918409000000 | 2917789000000 | 2916966000000 | 2917726000000 | 2917607000000 | 2918070000000 | 2917272000000 | 2917974000000 | 2917753000000 | 2918096000000 | 2918353000000 | 2917596000000 | 2918458000000 | 2917997000000 | 2917722000000 | 2917323000000 | 2917886000000 | 2917745000000 | 2917634000000 | 2918067000000 | 2917696000000 | 2917685000000 | 2918380000000 | 2918117000000 | 2917929000000 | 2917630000000 | 2918289000000 | 2918322000000 | 2917891000000 | 2918308000000 | 2918191000000 | 2917478000000 | 2917875000000 | 2918825000000 | 2917956000000 | 2918130000000 | 2918123000000 | 2918155000000 | 2917760000000 | 2918121000000 | 2917700000000 | 2918006000000 | 2917706000000 | 2931540000000 | 2931444000000 | 2931888000000 | 2932004000000 | 2932095000000 | 2931742000000 | 2932313000000 | 2931661000000 | 2931706000000 | 2932327000000 | 2932671000000 | 2932137000000 | 2931591000000 | 2932022000000 | 2931703000000 | 2932083000000 |
|     MAX_CPU_CLOCK    |  FIXC2  | 2062822000000 | 2060901000000 | 2060929000000 | 2060917000000 | 2060783000000 | 2060973000000 | 2061597000000 | 2060586000000 | 2060743000000 | 2061006000000 | 2060637000000 | 2060535000000 | 2060827000000 | 2060536000000 | 2060478000000 | 2060251000000 | 2060861000000 | 2060906000000 | 2060930000000 | 2061054000000 | 2060665000000 | 2060500000000 | 2061090000000 | 2061399000000 | 2061004000000 | 2061098000000 | 2061093000000 | 2061305000000 | 2060637000000 | 2060927000000 | 2060786000000 | 2061190000000 | 2060955000000 | 2060562000000 | 2061117000000 | 2060949000000 | 2060746000000 | 2061023000000 | 2061230000000 | 2060694000000 | 2060995000000 | 2060939000000 | 2060578000000 | 2060526000000 | 2060954000000 | 2060946000000 | 2061045000000 | 2061017000000 | 2060762000000 | 2060944000000 | 2060929000000 | 2060938000000 | 2061004000000 | 2061169000000 | 2060885000000 | 2060174000000 | 2060677000000 | 2060733000000 | 2060927000000 | 2060459000000 | 2060891000000 | 2060692000000 | 2061023000000 | 2061076000000 | 2060596000000 | 2061202000000 | 2060886000000 | 2060810000000 | 2060556000000 | 2060924000000 | 2060702000000 | 2060642000000 | 2060862000000 | 2060765000000 | 2060786000000 | 2061321000000 | 2061062000000 | 2060833000000 | 2060717000000 | 2061179000000 | 2061126000000 | 2060789000000 | 2061090000000 | 2061019000000 | 2060586000000 | 2060843000000 | 2061314000000 | 2060841000000 | 2060954000000 | 2060934000000 | 2060938000000 | 2060754000000 | 2060838000000 | 2060622000000 | 2060872000000 | 2060795000000 | 2060680000000 | 2060591000000 | 2061038000000 | 2060990000000 | 2061315000000 | 2061028000000 | 2061309000000 | 2060876000000 | 2060897000000 | 2061093000000 | 2061325000000 | 2061317000000 | 2060936000000 | 2061113000000 | 2061179000000 | 2061081000000 |
| RETIRED_INSTRUCTIONS |   PMC0  | 2390270000000 | 2377124000000 | 2395581000000 | 2393917000000 | 2388137000000 | 2387024000000 | 2384839000000 | 2382429000000 | 2506026000000 | 2505433000000 | 2509301000000 | 2498305000000 | 2501635000000 | 2500842000000 | 2509670000000 | 2495954000000 | 2432821000000 | 2422022000000 | 2426392000000 | 2429244000000 | 2425059000000 | 2428253000000 | 2413357000000 | 2429041000000 | 2414234000000 | 2402034000000 | 2398860000000 | 2406090000000 | 2410276000000 | 2410788000000 | 2396867000000 | 2395566000000 | 2497675000000 | 2503141000000 | 2502411000000 | 2491985000000 | 2494449000000 | 2495301000000 | 2498959000000 | 2480920000000 | 2435138000000 | 2424411000000 | 2431209000000 | 2424408000000 | 2431319000000 | 2416246000000 | 2423045000000 | 2421575000000 | 2390613000000 | 2400919000000 | 2385154000000 | 2389444000000 | 2375517000000 | 2387176000000 | 2382953000000 | 2383064000000 | 2508724000000 | 2495971000000 | 2512589000000 | 2504151000000 | 2508579000000 | 2493361000000 | 2491355000000 | 2490488000000 | 2429000000000 | 2427921000000 | 2421949000000 | 2414630000000 | 2429268000000 | 2419186000000 | 2418596000000 | 2418897000000 | 2390171000000 | 2395820000000 | 2391771000000 | 2394994000000 | 2393210000000 | 2377543000000 | 2378932000000 | 2377443000000 | 2496901000000 | 2512332000000 | 2498418000000 | 2492959000000 | 2501554000000 | 2494128000000 | 2504161000000 | 2497258000000 | 2439984000000 | 2422535000000 | 2437491000000 | 2434758000000 | 2438871000000 | 2420101000000 | 2422862000000 | 2413526000000 | 2342656000000 | 2346582000000 | 2339567000000 | 2336685000000 | 2341033000000 | 2342992000000 | 2337916000000 | 2339423000000 | 2357935000000 | 2355128000000 | 2360568000000 | 2356159000000 | 2351195000000 | 2350730000000 | 2347100000000 | 2351753000000 |
|  CPU_CLOCKS_UNHALTED |   PMC1  | 2884071000000 | 2897432000000 | 2897799000000 | 2898586000000 | 2897082000000 | 2897303000000 | 2898043000000 | 2897169000000 | 2897152000000 | 2896052000000 | 2897101000000 | 2895811000000 | 2897441000000 | 2895890000000 | 2896497000000 | 2896624000000 | 2896237000000 | 2896327000000 | 2896971000000 | 2897280000000 | 2897679000000 | 2896622000000 | 2896963000000 | 2898065000000 | 2897607000000 | 2897372000000 | 2897946000000 | 2898238000000 | 2897637000000 | 2897728000000 | 2897466000000 | 2897512000000 | 2897515000000 | 2894636000000 | 2896055000000 | 2895291000000 | 2895950000000 | 2895171000000 | 2897149000000 | 2895666000000 | 2895735000000 | 2895269000000 | 2895508000000 | 2895537000000 | 2895578000000 | 2896842000000 | 2896525000000 | 2896856000000 | 2896631000000 | 2898374000000 | 2896391000000 | 2897383000000 | 2897636000000 | 2897778000000 | 2896626000000 | 2896660000000 | 2895811000000 | 2895971000000 | 2896877000000 | 2896463000000 | 2896844000000 | 2895525000000 | 2896513000000 | 2897283000000 | 2896543000000 | 2898044000000 | 2896684000000 | 2896253000000 | 2896246000000 | 2896961000000 | 2897437000000 | 2896465000000 | 2896068000000 | 2896257000000 | 2896579000000 | 2897195000000 | 2897339000000 | 2897802000000 | 2895768000000 | 2896398000000 | 2896415000000 | 2895565000000 | 2896996000000 | 2897669000000 | 2895967000000 | 2896563000000 | 2896694000000 | 2896595000000 | 2897429000000 | 2897510000000 | 2896340000000 | 2897266000000 | 2896274000000 | 2896278000000 | 2895802000000 | 2896694000000 | 2912066000000 | 2913616000000 | 2911982000000 | 2912679000000 | 2913041000000 | 2912554000000 | 2913073000000 | 2912247000000 | 2912599000000 | 2913509000000 | 2914063000000 | 2913387000000 | 2913096000000 | 2913348000000 | 2912404000000 | 2913055000000 |
|      CAS_CMD_RD      |  UMC0C0 |  308497400000 |             0 |             0 |             0 |             0 |             0 |             0 |             0 |             0 |             0 |             0 |             0 |             0 |             0 |             0 |             0 |             0 |             0 |             0 |             0 |             0 |             0 |             0 |             0 |             0 |             0 |             0 |             0 |             0 |             0 |             0 |             0 |             0 |             0 |             0 |             0 |             0 |             0 |             0 |             0 |             0 |             0 |             0 |             0 |             0 |             0 |             0 |             0 |             0 |             0 |             0 |             0 |             0 |             0 |             0 |             0 |             0 |             0 |             0 |             0 |             0 |             0 |             0 |             0 |             0 |             0 |             0 |             0 |             0 |             0 |             0 |             0 |             0 |             0 |             0 |             0 |             0 |             0 |             0 |             0 |             0 |             0 |             0 |             0 |             0 |             0 |             0 |             0 |             0 |             0 |             0 |             0 |             0 |             0 |             0 |             0 |    8430830000 |             0 |             0 |             0 |             0 |             0 |             0 |             0 |             0 |             0 |             0 |             0 |             0 |             0 |             0 |             0 |
|      CAS_CMD_WR      |  UMC0C1 |     510306500 |             0 |             0 |             0 |             0 |             0 |             0 |             0 |             0 |             0 |             0 |             0 |             0 |             0 |             0 |             0 |             0 |             0 |             0 |             0 |             0 |             0 |             0 |             0 |             0 |             0 |             0 |             0 |             0 |             0 |             0 |             0 |             0 |             0 |             0 |             0 |             0 |             0 |             0 |             0 |             0 |             0 |             0 |             0 |             0 |             0 |             0 |             0 |             0 |             0 |             0 |             0 |             0 |             0 |             0 |             0 |             0 |             0 |             0 |             0 |             0 |             0 |             0 |             0 |             0 |             0 |             0 |             0 |             0 |             0 |             0 |             0 |             0 |             0 |             0 |             0 |             0 |             0 |             0 |             0 |             0 |             0 |             0 |             0 |             0 |             0 |             0 |             0 |             0 |             0 |             0 |             0 |             0 |             0 |             0 |             0 |      99242850 |             0 |             0 |             0 |             0 |             0 |             0 |             0 |             0 |             0 |             0 |             0 |             0 |             0 |             0 |             0 |
|      CAS_CMD_RD      |  UMC1C0 |  308700000000 |             0 |             0 |             0 |             0 |             0 |             0 |             0 |             0 |             0 |             0 |             0 |             0 |             0 |             0 |             0 |             0 |             0 |             0 |             0 |             0 |             0 |             0 |             0 |             0 |             0 |             0 |             0 |             0 |             0 |             0 |             0 |             0 |             0 |             0 |             0 |             0 |             0 |             0 |             0 |             0 |             0 |             0 |             0 |             0 |             0 |             0 |             0 |             0 |             0 |             0 |             0 |             0 |             0 |             0 |             0 |             0 |             0 |             0 |             0 |             0 |             0 |             0 |             0 |             0 |             0 |             0 |             0 |             0 |             0 |             0 |             0 |             0 |             0 |             0 |             0 |             0 |             0 |             0 |             0 |             0 |             0 |             0 |             0 |             0 |             0 |             0 |             0 |             0 |             0 |             0 |             0 |             0 |             0 |             0 |             0 |    8482612000 |             0 |             0 |             0 |             0 |             0 |             0 |             0 |             0 |             0 |             0 |             0 |             0 |             0 |             0 |             0 |
|      CAS_CMD_WR      |  UMC1C1 |     489503700 |             0 |             0 |             0 |             0 |             0 |             0 |             0 |             0 |             0 |             0 |             0 |             0 |             0 |             0 |             0 |             0 |             0 |             0 |             0 |             0 |             0 |             0 |             0 |             0 |             0 |             0 |             0 |             0 |             0 |             0 |             0 |             0 |             0 |             0 |             0 |             0 |             0 |             0 |             0 |             0 |             0 |             0 |             0 |             0 |             0 |             0 |             0 |             0 |             0 |             0 |             0 |             0 |             0 |             0 |             0 |             0 |             0 |             0 |             0 |             0 |             0 |             0 |             0 |             0 |             0 |             0 |             0 |             0 |             0 |             0 |             0 |             0 |             0 |             0 |             0 |             0 |             0 |             0 |             0 |             0 |             0 |             0 |             0 |             0 |             0 |             0 |             0 |             0 |             0 |             0 |             0 |             0 |             0 |             0 |             0 |      98760500 |             0 |             0 |             0 |             0 |             0 |             0 |             0 |             0 |             0 |             0 |             0 |             0 |             0 |             0 |             0 |
|      CAS_CMD_RD      |  UMC2C0 |  308794100000 |             0 |             0 |             0 |             0 |             0 |             0 |             0 |             0 |             0 |             0 |             0 |             0 |             0 |             0 |             0 |             0 |             0 |             0 |             0 |             0 |             0 |             0 |             0 |             0 |             0 |             0 |             0 |             0 |             0 |             0 |             0 |             0 |             0 |             0 |             0 |             0 |             0 |             0 |             0 |             0 |             0 |             0 |             0 |             0 |             0 |             0 |             0 |             0 |             0 |             0 |             0 |             0 |             0 |             0 |             0 |             0 |             0 |             0 |             0 |             0 |             0 |             0 |             0 |             0 |             0 |             0 |             0 |             0 |             0 |             0 |             0 |             0 |             0 |             0 |             0 |             0 |             0 |             0 |             0 |             0 |             0 |             0 |             0 |             0 |             0 |             0 |             0 |             0 |             0 |             0 |             0 |             0 |             0 |             0 |             0 |    8553830000 |             0 |             0 |             0 |             0 |             0 |             0 |             0 |             0 |             0 |             0 |             0 |             0 |             0 |             0 |             0 |
|      CAS_CMD_WR      |  UMC2C1 |     506511300 |             0 |             0 |             0 |             0 |             0 |             0 |             0 |             0 |             0 |             0 |             0 |             0 |             0 |             0 |             0 |             0 |             0 |             0 |             0 |             0 |             0 |             0 |             0 |             0 |             0 |             0 |             0 |             0 |             0 |             0 |             0 |             0 |             0 |             0 |             0 |             0 |             0 |             0 |             0 |             0 |             0 |             0 |             0 |             0 |             0 |             0 |             0 |             0 |             0 |             0 |             0 |             0 |             0 |             0 |             0 |             0 |             0 |             0 |             0 |             0 |             0 |             0 |             0 |             0 |             0 |             0 |             0 |             0 |             0 |             0 |             0 |             0 |             0 |             0 |             0 |             0 |             0 |             0 |             0 |             0 |             0 |             0 |             0 |             0 |             0 |             0 |             0 |             0 |             0 |             0 |             0 |             0 |             0 |             0 |             0 |      99841270 |             0 |             0 |             0 |             0 |             0 |             0 |             0 |             0 |             0 |             0 |             0 |             0 |             0 |             0 |             0 |
|      CAS_CMD_RD      |  UMC3C0 |  308427400000 |             0 |             0 |             0 |             0 |             0 |             0 |             0 |             0 |             0 |             0 |             0 |             0 |             0 |             0 |             0 |             0 |             0 |             0 |             0 |             0 |             0 |             0 |             0 |             0 |             0 |             0 |             0 |             0 |             0 |             0 |             0 |             0 |             0 |             0 |             0 |             0 |             0 |             0 |             0 |             0 |             0 |             0 |             0 |             0 |             0 |             0 |             0 |             0 |             0 |             0 |             0 |             0 |             0 |             0 |             0 |             0 |             0 |             0 |             0 |             0 |             0 |             0 |             0 |             0 |             0 |             0 |             0 |             0 |             0 |             0 |             0 |             0 |             0 |             0 |             0 |             0 |             0 |             0 |             0 |             0 |             0 |             0 |             0 |             0 |             0 |             0 |             0 |             0 |             0 |             0 |             0 |             0 |             0 |             0 |             0 |    8432129000 |             0 |             0 |             0 |             0 |             0 |             0 |             0 |             0 |             0 |             0 |             0 |             0 |             0 |             0 |             0 |
|      CAS_CMD_WR      |  UMC3C1 |     494444800 |             0 |             0 |             0 |             0 |             0 |             0 |             0 |             0 |             0 |             0 |             0 |             0 |             0 |             0 |             0 |             0 |             0 |             0 |             0 |             0 |             0 |             0 |             0 |             0 |             0 |             0 |             0 |             0 |             0 |             0 |             0 |             0 |             0 |             0 |             0 |             0 |             0 |             0 |             0 |             0 |             0 |             0 |             0 |             0 |             0 |             0 |             0 |             0 |             0 |             0 |             0 |             0 |             0 |             0 |             0 |             0 |             0 |             0 |             0 |             0 |             0 |             0 |             0 |             0 |             0 |             0 |             0 |             0 |             0 |             0 |             0 |             0 |             0 |             0 |             0 |             0 |             0 |             0 |             0 |             0 |             0 |             0 |             0 |             0 |             0 |             0 |             0 |             0 |             0 |             0 |             0 |             0 |             0 |             0 |             0 |      97358520 |             0 |             0 |             0 |             0 |             0 |             0 |             0 |             0 |             0 |             0 |             0 |             0 |             0 |             0 |             0 |
|      CAS_CMD_RD      |  UMC4C0 |  308823300000 |             0 |             0 |             0 |             0 |             0 |             0 |             0 |             0 |             0 |             0 |             0 |             0 |             0 |             0 |             0 |             0 |             0 |             0 |             0 |             0 |             0 |             0 |             0 |             0 |             0 |             0 |             0 |             0 |             0 |             0 |             0 |             0 |             0 |             0 |             0 |             0 |             0 |             0 |             0 |             0 |             0 |             0 |             0 |             0 |             0 |             0 |             0 |             0 |             0 |             0 |             0 |             0 |             0 |             0 |             0 |             0 |             0 |             0 |             0 |             0 |             0 |             0 |             0 |             0 |             0 |             0 |             0 |             0 |             0 |             0 |             0 |             0 |             0 |             0 |             0 |             0 |             0 |             0 |             0 |             0 |             0 |             0 |             0 |             0 |             0 |             0 |             0 |             0 |             0 |             0 |             0 |             0 |             0 |             0 |             0 |    8398477000 |             0 |             0 |             0 |             0 |             0 |             0 |             0 |             0 |             0 |             0 |             0 |             0 |             0 |             0 |             0 |
|      CAS_CMD_WR      |  UMC4C1 |     471849100 |             0 |             0 |             0 |             0 |             0 |             0 |             0 |             0 |             0 |             0 |             0 |             0 |             0 |             0 |             0 |             0 |             0 |             0 |             0 |             0 |             0 |             0 |             0 |             0 |             0 |             0 |             0 |             0 |             0 |             0 |             0 |             0 |             0 |             0 |             0 |             0 |             0 |             0 |             0 |             0 |             0 |             0 |             0 |             0 |             0 |             0 |             0 |             0 |             0 |             0 |             0 |             0 |             0 |             0 |             0 |             0 |             0 |             0 |             0 |             0 |             0 |             0 |             0 |             0 |             0 |             0 |             0 |             0 |             0 |             0 |             0 |             0 |             0 |             0 |             0 |             0 |             0 |             0 |             0 |             0 |             0 |             0 |             0 |             0 |             0 |             0 |             0 |             0 |             0 |             0 |             0 |             0 |             0 |             0 |             0 |      98316200 |             0 |             0 |             0 |             0 |             0 |             0 |             0 |             0 |             0 |             0 |             0 |             0 |             0 |             0 |             0 |
|      CAS_CMD_RD      |  UMC5C0 |  308588000000 |             0 |             0 |             0 |             0 |             0 |             0 |             0 |             0 |             0 |             0 |             0 |             0 |             0 |             0 |             0 |             0 |             0 |             0 |             0 |             0 |             0 |             0 |             0 |             0 |             0 |             0 |             0 |             0 |             0 |             0 |             0 |             0 |             0 |             0 |             0 |             0 |             0 |             0 |             0 |             0 |             0 |             0 |             0 |             0 |             0 |             0 |             0 |             0 |             0 |             0 |             0 |             0 |             0 |             0 |             0 |             0 |             0 |             0 |             0 |             0 |             0 |             0 |             0 |             0 |             0 |             0 |             0 |             0 |             0 |             0 |             0 |             0 |             0 |             0 |             0 |             0 |             0 |             0 |             0 |             0 |             0 |             0 |             0 |             0 |             0 |             0 |             0 |             0 |             0 |             0 |             0 |             0 |             0 |             0 |             0 |    8479219000 |             0 |             0 |             0 |             0 |             0 |             0 |             0 |             0 |             0 |             0 |             0 |             0 |             0 |             0 |             0 |
|      CAS_CMD_WR      |  UMC5C1 |     488232900 |             0 |             0 |             0 |             0 |             0 |             0 |             0 |             0 |             0 |             0 |             0 |             0 |             0 |             0 |             0 |             0 |             0 |             0 |             0 |             0 |             0 |             0 |             0 |             0 |             0 |             0 |             0 |             0 |             0 |             0 |             0 |             0 |             0 |             0 |             0 |             0 |             0 |             0 |             0 |             0 |             0 |             0 |             0 |             0 |             0 |             0 |             0 |             0 |             0 |             0 |             0 |             0 |             0 |             0 |             0 |             0 |             0 |             0 |             0 |             0 |             0 |             0 |             0 |             0 |             0 |             0 |             0 |             0 |             0 |             0 |             0 |             0 |             0 |             0 |             0 |             0 |             0 |             0 |             0 |             0 |             0 |             0 |             0 |             0 |             0 |             0 |             0 |             0 |             0 |             0 |             0 |             0 |             0 |             0 |             0 |      97637920 |             0 |             0 |             0 |             0 |             0 |             0 |             0 |             0 |             0 |             0 |             0 |             0 |             0 |             0 |             0 |
|      CAS_CMD_RD      |  UMC6C0 |  308403000000 |             0 |             0 |             0 |             0 |             0 |             0 |             0 |             0 |             0 |             0 |             0 |             0 |             0 |             0 |             0 |             0 |             0 |             0 |             0 |             0 |             0 |             0 |             0 |             0 |             0 |             0 |             0 |             0 |             0 |             0 |             0 |             0 |             0 |             0 |             0 |             0 |             0 |             0 |             0 |             0 |             0 |             0 |             0 |             0 |             0 |             0 |             0 |             0 |             0 |             0 |             0 |             0 |             0 |             0 |             0 |             0 |             0 |             0 |             0 |             0 |             0 |             0 |             0 |             0 |             0 |             0 |             0 |             0 |             0 |             0 |             0 |             0 |             0 |             0 |             0 |             0 |             0 |             0 |             0 |             0 |             0 |             0 |             0 |             0 |             0 |             0 |             0 |             0 |             0 |             0 |             0 |             0 |             0 |             0 |             0 |    8359369000 |             0 |             0 |             0 |             0 |             0 |             0 |             0 |             0 |             0 |             0 |             0 |             0 |             0 |             0 |             0 |
|      CAS_CMD_WR      |  UMC6C1 |     500793600 |             0 |             0 |             0 |             0 |             0 |             0 |             0 |             0 |             0 |             0 |             0 |             0 |             0 |             0 |             0 |             0 |             0 |             0 |             0 |             0 |             0 |             0 |             0 |             0 |             0 |             0 |             0 |             0 |             0 |             0 |             0 |             0 |             0 |             0 |             0 |             0 |             0 |             0 |             0 |             0 |             0 |             0 |             0 |             0 |             0 |             0 |             0 |             0 |             0 |             0 |             0 |             0 |             0 |             0 |             0 |             0 |             0 |             0 |             0 |             0 |             0 |             0 |             0 |             0 |             0 |             0 |             0 |             0 |             0 |             0 |             0 |             0 |             0 |             0 |             0 |             0 |             0 |             0 |             0 |             0 |             0 |             0 |             0 |             0 |             0 |             0 |             0 |             0 |             0 |             0 |             0 |             0 |             0 |             0 |             0 |      99535950 |             0 |             0 |             0 |             0 |             0 |             0 |             0 |             0 |             0 |             0 |             0 |             0 |             0 |             0 |             0 |
|      CAS_CMD_RD      |  UMC7C0 |  308439800000 |             0 |             0 |             0 |             0 |             0 |             0 |             0 |             0 |             0 |             0 |             0 |             0 |             0 |             0 |             0 |             0 |             0 |             0 |             0 |             0 |             0 |             0 |             0 |             0 |             0 |             0 |             0 |             0 |             0 |             0 |             0 |             0 |             0 |             0 |             0 |             0 |             0 |             0 |             0 |             0 |             0 |             0 |             0 |             0 |             0 |             0 |             0 |             0 |             0 |             0 |             0 |             0 |             0 |             0 |             0 |             0 |             0 |             0 |             0 |             0 |             0 |             0 |             0 |             0 |             0 |             0 |             0 |             0 |             0 |             0 |             0 |             0 |             0 |             0 |             0 |             0 |             0 |             0 |             0 |             0 |             0 |             0 |             0 |             0 |             0 |             0 |             0 |             0 |             0 |             0 |             0 |             0 |             0 |             0 |             0 |    8347530000 |             0 |             0 |             0 |             0 |             0 |             0 |             0 |             0 |             0 |             0 |             0 |             0 |             0 |             0 |             0 |
|      CAS_CMD_WR      |  UMC7C1 |     490617200 |             0 |             0 |             0 |             0 |             0 |             0 |             0 |             0 |             0 |             0 |             0 |             0 |             0 |             0 |             0 |             0 |             0 |             0 |             0 |             0 |             0 |             0 |             0 |             0 |             0 |             0 |             0 |             0 |             0 |             0 |             0 |             0 |             0 |             0 |             0 |             0 |             0 |             0 |             0 |             0 |             0 |             0 |             0 |             0 |             0 |             0 |             0 |             0 |             0 |             0 |             0 |             0 |             0 |             0 |             0 |             0 |             0 |             0 |             0 |             0 |             0 |             0 |             0 |             0 |             0 |             0 |             0 |             0 |             0 |             0 |             0 |             0 |             0 |             0 |             0 |             0 |             0 |             0 |             0 |             0 |             0 |             0 |             0 |             0 |             0 |             0 |             0 |             0 |             0 |             0 |             0 |             0 |             0 |             0 |             0 |      99702470 |             0 |             0 |             0 |             0 |             0 |             0 |             0 |             0 |             0 |             0 |             0 |             0 |             0 |             0 |             0 |
|      CAS_CMD_RD      |  UMC8C0 |  308401600000 |             0 |             0 |             0 |             0 |             0 |             0 |             0 |             0 |             0 |             0 |             0 |             0 |             0 |             0 |             0 |             0 |             0 |             0 |             0 |             0 |             0 |             0 |             0 |             0 |             0 |             0 |             0 |             0 |             0 |             0 |             0 |             0 |             0 |             0 |             0 |             0 |             0 |             0 |             0 |             0 |             0 |             0 |             0 |             0 |             0 |             0 |             0 |             0 |             0 |             0 |             0 |             0 |             0 |             0 |             0 |             0 |             0 |             0 |             0 |             0 |             0 |             0 |             0 |             0 |             0 |             0 |             0 |             0 |             0 |             0 |             0 |             0 |             0 |             0 |             0 |             0 |             0 |             0 |             0 |             0 |             0 |             0 |             0 |             0 |             0 |             0 |             0 |             0 |             0 |             0 |             0 |             0 |             0 |             0 |             0 |    8392091000 |             0 |             0 |             0 |             0 |             0 |             0 |             0 |             0 |             0 |             0 |             0 |             0 |             0 |             0 |             0 |
|      CAS_CMD_WR      |  UMC8C1 |     492406700 |             0 |             0 |             0 |             0 |             0 |             0 |             0 |             0 |             0 |             0 |             0 |             0 |             0 |             0 |             0 |             0 |             0 |             0 |             0 |             0 |             0 |             0 |             0 |             0 |             0 |             0 |             0 |             0 |             0 |             0 |             0 |             0 |             0 |             0 |             0 |             0 |             0 |             0 |             0 |             0 |             0 |             0 |             0 |             0 |             0 |             0 |             0 |             0 |             0 |             0 |             0 |             0 |             0 |             0 |             0 |             0 |             0 |             0 |             0 |             0 |             0 |             0 |             0 |             0 |             0 |             0 |             0 |             0 |             0 |             0 |             0 |             0 |             0 |             0 |             0 |             0 |             0 |             0 |             0 |             0 |             0 |             0 |             0 |             0 |             0 |             0 |             0 |             0 |             0 |             0 |             0 |             0 |             0 |             0 |             0 |     102988400 |             0 |             0 |             0 |             0 |             0 |             0 |             0 |             0 |             0 |             0 |             0 |             0 |             0 |             0 |             0 |
|      CAS_CMD_RD      |  UMC9C0 |  308508100000 |             0 |             0 |             0 |             0 |             0 |             0 |             0 |             0 |             0 |             0 |             0 |             0 |             0 |             0 |             0 |             0 |             0 |             0 |             0 |             0 |             0 |             0 |             0 |             0 |             0 |             0 |             0 |             0 |             0 |             0 |             0 |             0 |             0 |             0 |             0 |             0 |             0 |             0 |             0 |             0 |             0 |             0 |             0 |             0 |             0 |             0 |             0 |             0 |             0 |             0 |             0 |             0 |             0 |             0 |             0 |             0 |             0 |             0 |             0 |             0 |             0 |             0 |             0 |             0 |             0 |             0 |             0 |             0 |             0 |             0 |             0 |             0 |             0 |             0 |             0 |             0 |             0 |             0 |             0 |             0 |             0 |             0 |             0 |             0 |             0 |             0 |             0 |             0 |             0 |             0 |             0 |             0 |             0 |             0 |             0 |    8475363000 |             0 |             0 |             0 |             0 |             0 |             0 |             0 |             0 |             0 |             0 |             0 |             0 |             0 |             0 |             0 |
|      CAS_CMD_WR      |  UMC9C1 |     490167700 |             0 |             0 |             0 |             0 |             0 |             0 |             0 |             0 |             0 |             0 |             0 |             0 |             0 |             0 |             0 |             0 |             0 |             0 |             0 |             0 |             0 |             0 |             0 |             0 |             0 |             0 |             0 |             0 |             0 |             0 |             0 |             0 |             0 |             0 |             0 |             0 |             0 |             0 |             0 |             0 |             0 |             0 |             0 |             0 |             0 |             0 |             0 |             0 |             0 |             0 |             0 |             0 |             0 |             0 |             0 |             0 |             0 |             0 |             0 |             0 |             0 |             0 |             0 |             0 |             0 |             0 |             0 |             0 |             0 |             0 |             0 |             0 |             0 |             0 |             0 |             0 |             0 |             0 |             0 |             0 |             0 |             0 |             0 |             0 |             0 |             0 |             0 |             0 |             0 |             0 |             0 |             0 |             0 |             0 |             0 |      98298940 |             0 |             0 |             0 |             0 |             0 |             0 |             0 |             0 |             0 |             0 |             0 |             0 |             0 |             0 |             0 |
|      CAS_CMD_RD      | UMC10C0 |  308470700000 |             0 |             0 |             0 |             0 |             0 |             0 |             0 |             0 |             0 |             0 |             0 |             0 |             0 |             0 |             0 |             0 |             0 |             0 |             0 |             0 |             0 |             0 |             0 |             0 |             0 |             0 |             0 |             0 |             0 |             0 |             0 |             0 |             0 |             0 |             0 |             0 |             0 |             0 |             0 |             0 |             0 |             0 |             0 |             0 |             0 |             0 |             0 |             0 |             0 |             0 |             0 |             0 |             0 |             0 |             0 |             0 |             0 |             0 |             0 |             0 |             0 |             0 |             0 |             0 |             0 |             0 |             0 |             0 |             0 |             0 |             0 |             0 |             0 |             0 |             0 |             0 |             0 |             0 |             0 |             0 |             0 |             0 |             0 |             0 |             0 |             0 |             0 |             0 |             0 |             0 |             0 |             0 |             0 |             0 |             0 |    8411189000 |             0 |             0 |             0 |             0 |             0 |             0 |             0 |             0 |             0 |             0 |             0 |             0 |             0 |             0 |             0 |
|      CAS_CMD_WR      | UMC10C1 |     481023900 |             0 |             0 |             0 |             0 |             0 |             0 |             0 |             0 |             0 |             0 |             0 |             0 |             0 |             0 |             0 |             0 |             0 |             0 |             0 |             0 |             0 |             0 |             0 |             0 |             0 |             0 |             0 |             0 |             0 |             0 |             0 |             0 |             0 |             0 |             0 |             0 |             0 |             0 |             0 |             0 |             0 |             0 |             0 |             0 |             0 |             0 |             0 |             0 |             0 |             0 |             0 |             0 |             0 |             0 |             0 |             0 |             0 |             0 |             0 |             0 |             0 |             0 |             0 |             0 |             0 |             0 |             0 |             0 |             0 |             0 |             0 |             0 |             0 |             0 |             0 |             0 |             0 |             0 |             0 |             0 |             0 |             0 |             0 |             0 |             0 |             0 |             0 |             0 |             0 |             0 |             0 |             0 |             0 |             0 |             0 |      99177720 |             0 |             0 |             0 |             0 |             0 |             0 |             0 |             0 |             0 |             0 |             0 |             0 |             0 |             0 |             0 |
|      CAS_CMD_RD      | UMC11C0 |  308564000000 |             0 |             0 |             0 |             0 |             0 |             0 |             0 |             0 |             0 |             0 |             0 |             0 |             0 |             0 |             0 |             0 |             0 |             0 |             0 |             0 |             0 |             0 |             0 |             0 |             0 |             0 |             0 |             0 |             0 |             0 |             0 |             0 |             0 |             0 |             0 |             0 |             0 |             0 |             0 |             0 |             0 |             0 |             0 |             0 |             0 |             0 |             0 |             0 |             0 |             0 |             0 |             0 |             0 |             0 |             0 |             0 |             0 |             0 |             0 |             0 |             0 |             0 |             0 |             0 |             0 |             0 |             0 |             0 |             0 |             0 |             0 |             0 |             0 |             0 |             0 |             0 |             0 |             0 |             0 |             0 |             0 |             0 |             0 |             0 |             0 |             0 |             0 |             0 |             0 |             0 |             0 |             0 |             0 |             0 |             0 |    8542084000 |             0 |             0 |             0 |             0 |             0 |             0 |             0 |             0 |             0 |             0 |             0 |             0 |             0 |             0 |             0 |
|      CAS_CMD_WR      | UMC11C1 |     478403500 |             0 |             0 |             0 |             0 |             0 |             0 |             0 |             0 |             0 |             0 |             0 |             0 |             0 |             0 |             0 |             0 |             0 |             0 |             0 |             0 |             0 |             0 |             0 |             0 |             0 |             0 |             0 |             0 |             0 |             0 |             0 |             0 |             0 |             0 |             0 |             0 |             0 |             0 |             0 |             0 |             0 |             0 |             0 |             0 |             0 |             0 |             0 |             0 |             0 |             0 |             0 |             0 |             0 |             0 |             0 |             0 |             0 |             0 |             0 |             0 |             0 |             0 |             0 |             0 |             0 |             0 |             0 |             0 |             0 |             0 |             0 |             0 |             0 |             0 |             0 |             0 |             0 |             0 |             0 |             0 |             0 |             0 |             0 |             0 |             0 |             0 |             0 |             0 |             0 |             0 |             0 |             0 |             0 |             0 |             0 |      97029640 |             0 |             0 |             0 |             0 |             0 |             0 |             0 |             0 |             0 |             0 |             0 |             0 |             0 |             0 |             0 |
+----------------------+---------+---------------+---------------+---------------+---------------+---------------+---------------+---------------+---------------+---------------+---------------+---------------+---------------+---------------+---------------+---------------+---------------+---------------+---------------+---------------+---------------+---------------+---------------+---------------+---------------+---------------+---------------+---------------+---------------+---------------+---------------+---------------+---------------+---------------+---------------+---------------+---------------+---------------+---------------+---------------+---------------+---------------+---------------+---------------+---------------+---------------+---------------+---------------+---------------+---------------+---------------+---------------+---------------+---------------+---------------+---------------+---------------+---------------+---------------+---------------+---------------+---------------+---------------+---------------+---------------+---------------+---------------+---------------+---------------+---------------+---------------+---------------+---------------+---------------+---------------+---------------+---------------+---------------+---------------+---------------+---------------+---------------+---------------+---------------+---------------+---------------+---------------+---------------+---------------+---------------+---------------+---------------+---------------+---------------+---------------+---------------+---------------+---------------+---------------+---------------+---------------+---------------+---------------+---------------+---------------+---------------+---------------+---------------+---------------+---------------+---------------+---------------+---------------+

+---------------------------+---------+-----------------+---------------+---------------+--------------+
|           Event           | Counter |       Sum       |      Min      |      Max      |      Avg     |
+---------------------------+---------+-----------------+---------------+---------------+--------------+
|   ACTUAL_CPU_CLOCK STAT   |  FIXC1  | 327036645000000 | 2916966000000 | 2932671000000 | 2.919970e+12 |
|     MAX_CPU_CLOCK STAT    |  FIXC2  | 230822451000000 | 2060174000000 | 2062822000000 | 2.060915e+12 |
| RETIRED_INSTRUCTIONS STAT |   PMC0  | 271704233000000 | 2336685000000 | 2512589000000 | 2.425931e+12 |
|  CPU_CLOCKS_UNHALTED STAT |   PMC1  | 324682567000000 | 2884071000000 | 2914063000000 | 2.898951e+12 |
|      CAS_CMD_RD STAT      |  UMC0C0 |    316928230000 |             0 |  308497400000 | 2.829716e+09 |
|      CAS_CMD_WR STAT      |  UMC0C1 |       609549350 |             0 |     510306500 | 5.442405e+06 |
|      CAS_CMD_RD STAT      |  UMC1C0 |    317182612000 |             0 |  308700000000 | 2.831988e+09 |
|      CAS_CMD_WR STAT      |  UMC1C1 |       588264200 |             0 |     489503700 | 5.252359e+06 |
|      CAS_CMD_RD STAT      |  UMC2C0 |    317347930000 |             0 |  308794100000 | 2.833464e+09 |
|      CAS_CMD_WR STAT      |  UMC2C1 |       606352570 |             0 |     506511300 | 5.413862e+06 |
|      CAS_CMD_RD STAT      |  UMC3C0 |    316859529000 |             0 |  308427400000 | 2.829103e+09 |
|      CAS_CMD_WR STAT      |  UMC3C1 |       591803320 |             0 |     494444800 | 5.283958e+06 |
|      CAS_CMD_RD STAT      |  UMC4C0 |    317221777000 |             0 |  308823300000 | 2.832337e+09 |
|      CAS_CMD_WR STAT      |  UMC4C1 |       570165300 |             0 |     471849100 | 5.090762e+06 |
|      CAS_CMD_RD STAT      |  UMC5C0 |    317067219000 |             0 |  308588000000 | 2.830957e+09 |
|      CAS_CMD_WR STAT      |  UMC5C1 |       585870820 |             0 |     488232900 | 5.230989e+06 |
|      CAS_CMD_RD STAT      |  UMC6C0 |    316762369000 |             0 |  308403000000 | 2.828235e+09 |
|      CAS_CMD_WR STAT      |  UMC6C1 |       600329550 |             0 |     500793600 | 5.360085e+06 |
|      CAS_CMD_RD STAT      |  UMC7C0 |    316787330000 |             0 |  308439800000 | 2.828458e+09 |
|      CAS_CMD_WR STAT      |  UMC7C1 |       590319670 |             0 |     490617200 | 5.270711e+06 |
|      CAS_CMD_RD STAT      |  UMC8C0 |    316793691000 |             0 |  308401600000 | 2.828515e+09 |
|      CAS_CMD_WR STAT      |  UMC8C1 |       595395100 |             0 |     492406700 | 5.316028e+06 |
|      CAS_CMD_RD STAT      |  UMC9C0 |    316983463000 |             0 |  308508100000 | 2.830209e+09 |
|      CAS_CMD_WR STAT      |  UMC9C1 |       588466640 |             0 |     490167700 | 5.254166e+06 |
|      CAS_CMD_RD STAT      | UMC10C0 |    316881889000 |             0 |  308470700000 | 2.829303e+09 |
|      CAS_CMD_WR STAT      | UMC10C1 |       580201620 |             0 |     481023900 | 5.180372e+06 |
|      CAS_CMD_RD STAT      | UMC11C0 |    317106084000 |             0 |  308564000000 | 2.831304e+09 |
|      CAS_CMD_WR STAT      | UMC11C1 |       575433140 |             0 |     478403500 | 5.137796e+06 |
+---------------------------+---------+-----------------+---------------+---------------+--------------+

+-----------------------------------+-------------+------------+------------+------------+------------+------------+------------+------------+------------+------------+-------------+-------------+-------------+-------------+-------------+-------------+-------------+-------------+-------------+-------------+-------------+-------------+-------------+-------------+-------------+-------------+-------------+-------------+-------------+-------------+-------------+-------------+-------------+-------------+-------------+-------------+-------------+-------------+-------------+-------------+-------------+-------------+-------------+-------------+-------------+-------------+-------------+-------------+-------------+-------------+-------------+-------------+-------------+-------------+-------------+-------------+-------------+-------------+-------------+-------------+-------------+-------------+-------------+-------------+-------------+-------------+-------------+-------------+-------------+-------------+-------------+-------------+-------------+-------------+-------------+-------------+-------------+-------------+-------------+-------------+-------------+-------------+-------------+-------------+-------------+-------------+-------------+-------------+-------------+-------------+-------------+-------------+-------------+-------------+-------------+-------------+-------------+-------------+-------------+-------------+--------------+--------------+--------------+--------------+--------------+--------------+--------------+--------------+--------------+--------------+--------------+--------------+
|               Metric              |  HWThread 0 | HWThread 1 | HWThread 2 | HWThread 3 | HWThread 4 | HWThread 5 | HWThread 6 | HWThread 7 | HWThread 8 | HWThread 9 | HWThread 10 | HWThread 11 | HWThread 12 | HWThread 13 | HWThread 14 | HWThread 15 | HWThread 16 | HWThread 17 | HWThread 18 | HWThread 19 | HWThread 20 | HWThread 21 | HWThread 22 | HWThread 23 | HWThread 24 | HWThread 25 | HWThread 26 | HWThread 27 | HWThread 28 | HWThread 29 | HWThread 30 | HWThread 31 | HWThread 32 | HWThread 33 | HWThread 34 | HWThread 35 | HWThread 36 | HWThread 37 | HWThread 38 | HWThread 39 | HWThread 40 | HWThread 41 | HWThread 42 | HWThread 43 | HWThread 44 | HWThread 45 | HWThread 46 | HWThread 47 | HWThread 48 | HWThread 49 | HWThread 50 | HWThread 51 | HWThread 52 | HWThread 53 | HWThread 54 | HWThread 55 | HWThread 56 | HWThread 57 | HWThread 58 | HWThread 59 | HWThread 60 | HWThread 61 | HWThread 62 | HWThread 63 | HWThread 64 | HWThread 65 | HWThread 66 | HWThread 67 | HWThread 68 | HWThread 69 | HWThread 70 | HWThread 71 | HWThread 72 | HWThread 73 | HWThread 74 | HWThread 75 | HWThread 76 | HWThread 77 | HWThread 78 | HWThread 79 | HWThread 80 | HWThread 81 | HWThread 82 | HWThread 83 | HWThread 84 | HWThread 85 | HWThread 86 | HWThread 87 | HWThread 88 | HWThread 89 | HWThread 90 | HWThread 91 | HWThread 92 | HWThread 93 | HWThread 94 | HWThread 95 | HWThread 96 | HWThread 97 | HWThread 98 | HWThread 99 | HWThread 100 | HWThread 101 | HWThread 102 | HWThread 103 | HWThread 104 | HWThread 105 | HWThread 106 | HWThread 107 | HWThread 108 | HWThread 109 | HWThread 110 | HWThread 111 |
+-----------------------------------+-------------+------------+------------+------------+------------+------------+------------+------------+------------+------------+-------------+-------------+-------------+-------------+-------------+-------------+-------------+-------------+-------------+-------------+-------------+-------------+-------------+-------------+-------------+-------------+-------------+-------------+-------------+-------------+-------------+-------------+-------------+-------------+-------------+-------------+-------------+-------------+-------------+-------------+-------------+-------------+-------------+-------------+-------------+-------------+-------------+-------------+-------------+-------------+-------------+-------------+-------------+-------------+-------------+-------------+-------------+-------------+-------------+-------------+-------------+-------------+-------------+-------------+-------------+-------------+-------------+-------------+-------------+-------------+-------------+-------------+-------------+-------------+-------------+-------------+-------------+-------------+-------------+-------------+-------------+-------------+-------------+-------------+-------------+-------------+-------------+-------------+-------------+-------------+-------------+-------------+-------------+-------------+-------------+-------------+-------------+-------------+-------------+-------------+--------------+--------------+--------------+--------------+--------------+--------------+--------------+--------------+--------------+--------------+--------------+--------------+
|        Runtime (RDTSC) [s]        |    819.2541 |   814.4713 |   808.9654 |   811.0219 |   818.2455 |   815.5298 |   818.4824 |   807.0456 |   812.2033 |   806.8157 |    818.7187 |    809.4244 |    807.2711 |    803.4450 |    807.2708 |    813.4212 |    815.2967 |    797.4371 |    796.7942 |    794.8812 |    809.1992 |    816.1263 |    797.4366 |    816.5830 |    800.1461 |    797.8356 |    794.0455 |    799.5872 |    797.0237 |    805.8197 |    795.1111 |    805.8198 |    810.0120 |    801.7921 |    812.7069 |    812.7064 |    808.2692 |    805.5859 |    817.8296 |    798.2946 |    799.3598 |    817.8293 |    813.1910 |    803.6766 |    817.4038 |    802.0241 |    798.5300 |    799.1298 |    806.4184 |    804.7336 |    816.3523 |    804.2819 |    795.3404 |    807.2711 |    793.5662 |    806.4182 |    808.5062 |    799.5871 |    802.4886 |    817.1750 |    805.8199 |    809.4245 |    807.8582 |    809.4251 |    801.5650 |    797.0237 |    802.2548 |    794.2899 |    796.3859 |    795.5719 |    798.5298 |    807.8581 |    814.7013 |    814.0644 |    813.1914 |    800.9677 |    816.5828 |    817.4032 |    814.0642 |    816.5829 |    798.0655 |    811.0216 |    802.4883 |    796.3862 |    798.5295 |    802.7230 |    799.1293 |    811.9750 |    808.5063 |    810.2421 |    813.8366 |    804.2818 |    796.1589 |    818.2454 |    811.4622 |    810.2417 |    811.9720 |    800.1457 |    810.2415 |    799.9625 |     811.0209 |     804.2813 |     802.4879 |     803.6765 |     814.7014 |     794.2898 |     793.5529 |     800.9677 |     795.5719 |     793.3123 |     804.9797 |     815.5289 |
|        Runtime unhalted [s]       |   1123.6453 |  1122.1449 |  1122.3092 |  1122.2511 |  1122.2276 |  1122.2873 |  1122.7053 |  1122.1357 |  1122.2165 |  1122.3880 |   1122.1607 |   1122.0480 |   1122.1880 |   1122.1030 |   1122.0165 |   1121.9661 |   1122.3011 |   1122.2965 |   1122.3599 |   1122.4219 |   1122.2011 |   1122.1342 |   1122.4465 |   1122.5784 |   1122.3207 |   1122.4473 |   1122.4376 |   1122.5238 |   1122.1138 |   1122.2676 |   1122.2511 |   1122.3946 |   1122.3576 |   1122.1292 |   1122.3611 |   1122.3249 |   1122.2526 |   1122.4146 |   1122.5103 |   1122.2103 |   1122.3380 |   1122.3253 |   1122.1519 |   1122.0376 |   1122.3838 |   1122.3461 |   1122.3249 |   1122.3438 |   1122.2653 |   1122.2969 |   1122.3592 |   1122.3623 |   1122.3865 |   1122.4665 |   1122.2280 |   1121.9115 |   1122.2038 |   1122.1580 |   1122.3361 |   1122.0292 |   1122.2992 |   1122.2142 |   1122.3461 |   1122.4449 |   1122.1538 |   1122.4853 |   1122.3080 |   1122.2023 |   1122.0488 |   1122.2653 |   1122.2111 |   1122.1684 |   1122.3349 |   1122.1923 |   1122.1880 |   1122.4553 |   1122.3542 |   1122.2819 |   1122.1669 |   1122.4203 |   1122.4330 |   1122.2673 |   1122.4276 |   1122.3826 |   1122.1084 |   1122.2611 |   1122.6265 |   1122.2923 |   1122.3592 |   1122.3565 |   1122.3688 |   1122.2169 |   1122.3557 |   1122.1938 |   1122.3115 |   1122.1961 |   1127.5169 |   1127.4799 |   1127.6507 |   1127.6953 |    1127.7303 |    1127.5946 |    1127.8142 |    1127.5634 |    1127.5807 |    1127.8196 |    1127.9519 |    1127.7465 |    1127.5365 |    1127.7023 |    1127.5796 |    1127.7257 |
|            Clock [MHz]            |   3682.2481 |  3680.7589 |  3681.2476 |  3681.0786 |  3681.2410 |  3681.0971 |  3681.3538 |  3681.2913 |  3681.2758 |  3681.3687 |   3681.2822 |   3681.0948 |   3681.0324 |   3681.2734 |   3681.0931 |   3681.3334 |   3681.3426 |   3681.2471 |   3681.4124 |   3681.3940 |   3681.3647 |   3681.4399 |   3681.4104 |   3681.2912 |   3681.1515 |   3681.3986 |   3681.3760 |   3681.2800 |   3681.1283 |   3681.1149 |   3681.3126 |   3681.0615 |   3681.3601 |   3681.3128 |   3681.0821 |   3681.2636 |   3681.3891 |   3681.4254 |   3681.3698 |   3681.3432 |   3681.2244 |   3681.2827 |   3681.3586 |   3681.0768 |   3681.4477 |   3681.3384 |   3681.0922 |   3681.2040 |   3681.4021 |   3681.1805 |   3681.4116 |   3681.4056 |   3681.3672 |   3681.3349 |   3681.0600 |   3681.2918 |   3681.3521 |   3681.1019 |   3681.3395 |   3681.1687 |   3681.2827 |   3681.3594 |   3681.2008 |   3681.4304 |   3681.3328 |   3681.3378 |   3681.3206 |   3681.1095 |   3681.0598 |   3681.1127 |   3681.3314 |   3681.2985 |   3681.4518 |   3681.1570 |   3681.1056 |   3681.0269 |   3681.1577 |   3681.3295 |   3681.1595 |   3681.1657 |   3681.3020 |   3681.3602 |   3681.3486 |   3681.3278 |   3681.2017 |   3681.2435 |   3681.6007 |   3681.3493 |   3681.3670 |   3681.3939 |   3681.4271 |   3681.2574 |   3681.5628 |   3681.4175 |   3681.3570 |   3681.1161 |   3698.7761 |   3698.8147 |   3698.5726 |   3698.8051 |    3698.3367 |    3698.4064 |    3698.6224 |    3698.5770 |    3698.5961 |    3699.0277 |    3699.0453 |    3698.3861 |    3698.3810 |    3698.6071 |    3698.0863 |    3698.7415 |
|                CPI                |      1.2066 |     1.2189 |     1.2096 |     1.2108 |     1.2131 |     1.2138 |     1.2152 |     1.2161 |     1.1561 |     1.1559 |      1.1545 |      1.1591 |      1.1582 |      1.1580 |      1.1541 |      1.1605 |      1.1905 |      1.1958 |      1.1939 |      1.1927 |      1.1949 |      1.1929 |      1.2004 |      1.1931 |      1.2002 |      1.2062 |      1.2081 |      1.2045 |      1.2022 |      1.2020 |      1.2089 |      1.2095 |      1.1601 |      1.1564 |      1.1573 |      1.1618 |      1.1610 |      1.1602 |      1.1593 |      1.1672 |      1.1891 |      1.1942 |      1.1910 |      1.1943 |      1.1909 |      1.1989 |      1.1954 |      1.1963 |      1.2117 |      1.2072 |      1.2143 |      1.2126 |      1.2198 |      1.2139 |      1.2156 |      1.2155 |      1.1543 |      1.1603 |      1.1529 |      1.1567 |      1.1548 |      1.1613 |      1.1626 |      1.1633 |      1.1925 |      1.1936 |      1.1960 |      1.1995 |      1.1922 |      1.1975 |      1.1980 |      1.1974 |      1.2117 |      1.2089 |      1.2111 |      1.2097 |      1.2106 |      1.2188 |      1.2173 |      1.2183 |      1.1600 |      1.1525 |      1.1595 |      1.1623 |      1.1577 |      1.1614 |      1.1568 |      1.1599 |      1.1875 |      1.1961 |      1.1882 |      1.1900 |      1.1875 |      1.1968 |      1.1952 |      1.2002 |      1.2431 |      1.2416 |      1.2447 |      1.2465 |       1.2443 |       1.2431 |       1.2460 |       1.2449 |       1.2352 |       1.2371 |       1.2345 |       1.2365 |       1.2390 |       1.2393 |       1.2409 |       1.2387 |
|  Memory read bandwidth [MBytes/s] | 289247.8824 |          0 |          0 |          0 |          0 |          0 |          0 |          0 |          0 |          0 |           0 |           0 |           0 |           0 |           0 |           0 |           0 |           0 |           0 |           0 |           0 |           0 |           0 |           0 |           0 |           0 |           0 |           0 |           0 |           0 |           0 |           0 |           0 |           0 |           0 |           0 |           0 |           0 |           0 |           0 |           0 |           0 |           0 |           0 |           0 |           0 |           0 |           0 |           0 |           0 |           0 |           0 |           0 |           0 |           0 |           0 |           0 |           0 |           0 |           0 |           0 |           0 |           0 |           0 |           0 |           0 |           0 |           0 |           0 |           0 |           0 |           0 |           0 |           0 |           0 |           0 |           0 |           0 |           0 |           0 |           0 |           0 |           0 |           0 |           0 |           0 |           0 |           0 |           0 |           0 |           0 |           0 |           0 |           0 |           0 |           0 |   7984.8841 |           0 |           0 |           0 |            0 |            0 |            0 |            0 |            0 |            0 |            0 |            0 |            0 |            0 |            0 |            0 |
|  Memory read data volume [GBytes] | 236967.5136 |          0 |          0 |          0 |          0 |          0 |          0 |          0 |          0 |          0 |           0 |           0 |           0 |           0 |           0 |           0 |           0 |           0 |           0 |           0 |           0 |           0 |           0 |           0 |           0 |           0 |           0 |           0 |           0 |           0 |           0 |           0 |           0 |           0 |           0 |           0 |           0 |           0 |           0 |           0 |           0 |           0 |           0 |           0 |           0 |           0 |           0 |           0 |           0 |           0 |           0 |           0 |           0 |           0 |           0 |           0 |           0 |           0 |           0 |           0 |           0 |           0 |           0 |           0 |           0 |           0 |           0 |           0 |           0 |           0 |           0 |           0 |           0 |           0 |           0 |           0 |           0 |           0 |           0 |           0 |           0 |           0 |           0 |           0 |           0 |           0 |           0 |           0 |           0 |           0 |           0 |           0 |           0 |           0 |           0 |           0 |   6483.5023 |           0 |           0 |           0 |            0 |            0 |            0 |            0 |            0 |            0 |            0 |            0 |            0 |            0 |            0 |            0 |
| Memory write bandwidth [MBytes/s] |    460.4587 |          0 |          0 |          0 |          0 |          0 |          0 |          0 |          0 |          0 |           0 |           0 |           0 |           0 |           0 |           0 |           0 |           0 |           0 |           0 |           0 |           0 |           0 |           0 |           0 |           0 |           0 |           0 |           0 |           0 |           0 |           0 |           0 |           0 |           0 |           0 |           0 |           0 |           0 |           0 |           0 |           0 |           0 |           0 |           0 |           0 |           0 |           0 |           0 |           0 |           0 |           0 |           0 |           0 |           0 |           0 |           0 |           0 |           0 |           0 |           0 |           0 |           0 |           0 |           0 |           0 |           0 |           0 |           0 |           0 |           0 |           0 |           0 |           0 |           0 |           0 |           0 |           0 |           0 |           0 |           0 |           0 |           0 |           0 |           0 |           0 |           0 |           0 |           0 |           0 |           0 |           0 |           0 |           0 |           0 |           0 |     93.6301 |           0 |           0 |           0 |            0 |            0 |            0 |            0 |            0 |            0 |            0 |            0 |            0 |            0 |            0 |            0 |
| Memory write data volume [GBytes] |    377.2327 |          0 |          0 |          0 |          0 |          0 |          0 |          0 |          0 |          0 |           0 |           0 |           0 |           0 |           0 |           0 |           0 |           0 |           0 |           0 |           0 |           0 |           0 |           0 |           0 |           0 |           0 |           0 |           0 |           0 |           0 |           0 |           0 |           0 |           0 |           0 |           0 |           0 |           0 |           0 |           0 |           0 |           0 |           0 |           0 |           0 |           0 |           0 |           0 |           0 |           0 |           0 |           0 |           0 |           0 |           0 |           0 |           0 |           0 |           0 |           0 |           0 |           0 |           0 |           0 |           0 |           0 |           0 |           0 |           0 |           0 |           0 |           0 |           0 |           0 |           0 |           0 |           0 |           0 |           0 |           0 |           0 |           0 |           0 |           0 |           0 |           0 |           0 |           0 |           0 |           0 |           0 |           0 |           0 |           0 |           0 |     76.0250 |           0 |           0 |           0 |            0 |            0 |            0 |            0 |            0 |            0 |            0 |            0 |            0 |            0 |            0 |            0 |
|    Memory bandwidth [MBytes/s]    | 289708.3412 |          0 |          0 |          0 |          0 |          0 |          0 |          0 |          0 |          0 |           0 |           0 |           0 |           0 |           0 |           0 |           0 |           0 |           0 |           0 |           0 |           0 |           0 |           0 |           0 |           0 |           0 |           0 |           0 |           0 |           0 |           0 |           0 |           0 |           0 |           0 |           0 |           0 |           0 |           0 |           0 |           0 |           0 |           0 |           0 |           0 |           0 |           0 |           0 |           0 |           0 |           0 |           0 |           0 |           0 |           0 |           0 |           0 |           0 |           0 |           0 |           0 |           0 |           0 |           0 |           0 |           0 |           0 |           0 |           0 |           0 |           0 |           0 |           0 |           0 |           0 |           0 |           0 |           0 |           0 |           0 |           0 |           0 |           0 |           0 |           0 |           0 |           0 |           0 |           0 |           0 |           0 |           0 |           0 |           0 |           0 |   8078.5141 |           0 |           0 |           0 |            0 |            0 |            0 |            0 |            0 |            0 |            0 |            0 |            0 |            0 |            0 |            0 |
|    Memory data volume [GBytes]    | 237344.7463 |          0 |          0 |          0 |          0 |          0 |          0 |          0 |          0 |          0 |           0 |           0 |           0 |           0 |           0 |           0 |           0 |           0 |           0 |           0 |           0 |           0 |           0 |           0 |           0 |           0 |           0 |           0 |           0 |           0 |           0 |           0 |           0 |           0 |           0 |           0 |           0 |           0 |           0 |           0 |           0 |           0 |           0 |           0 |           0 |           0 |           0 |           0 |           0 |           0 |           0 |           0 |           0 |           0 |           0 |           0 |           0 |           0 |           0 |           0 |           0 |           0 |           0 |           0 |           0 |           0 |           0 |           0 |           0 |           0 |           0 |           0 |           0 |           0 |           0 |           0 |           0 |           0 |           0 |           0 |           0 |           0 |           0 |           0 |           0 |           0 |           0 |           0 |           0 |           0 |           0 |           0 |           0 |           0 |           0 |           0 |   6559.5273 |           0 |           0 |           0 |            0 |            0 |            0 |            0 |            0 |            0 |            0 |            0 |            0 |            0 |            0 |            0 |
+-----------------------------------+-------------+------------+------------+------------+------------+------------+------------+------------+------------+------------+-------------+-------------+-------------+-------------+-------------+-------------+-------------+-------------+-------------+-------------+-------------+-------------+-------------+-------------+-------------+-------------+-------------+-------------+-------------+-------------+-------------+-------------+-------------+-------------+-------------+-------------+-------------+-------------+-------------+-------------+-------------+-------------+-------------+-------------+-------------+-------------+-------------+-------------+-------------+-------------+-------------+-------------+-------------+-------------+-------------+-------------+-------------+-------------+-------------+-------------+-------------+-------------+-------------+-------------+-------------+-------------+-------------+-------------+-------------+-------------+-------------+-------------+-------------+-------------+-------------+-------------+-------------+-------------+-------------+-------------+-------------+-------------+-------------+-------------+-------------+-------------+-------------+-------------+-------------+-------------+-------------+-------------+-------------+-------------+-------------+-------------+-------------+-------------+-------------+-------------+--------------+--------------+--------------+--------------+--------------+--------------+--------------+--------------+--------------+--------------+--------------+--------------+

+----------------------------------------+-------------+-----------+-------------+-----------+
|                 Metric                 |     Sum     |    Min    |     Max     |    Avg    |
+----------------------------------------+-------------+-----------+-------------+-----------+
|        Runtime (RDTSC) [s] STAT        |  90294.7603 |  793.3123 |    819.2541 |  806.2032 |
|        Runtime unhalted [s] STAT       | 125783.4912 | 1121.9115 |   1127.9519 | 1123.0669 |
|            Clock [MHz] STAT            | 412580.9275 | 3680.7589 |   3699.0453 | 3683.7583 |
|                CPI STAT                |    133.9066 |    1.1525 |      1.2465 |    1.1956 |
|  Memory read bandwidth [MBytes/s] STAT | 297232.7665 |         0 | 289247.8824 | 2653.8640 |
|  Memory read data volume [GBytes] STAT | 243451.0159 |         0 | 236967.5136 | 2173.6698 |
| Memory write bandwidth [MBytes/s] STAT |    554.0888 |         0 |    460.4587 |    4.9472 |
| Memory write data volume [GBytes] STAT |    453.2577 |         0 |    377.2327 |    4.0469 |
|    Memory bandwidth [MBytes/s] STAT    | 297786.8553 |         0 | 289708.3412 | 2658.8112 |
|    Memory data volume [GBytes] STAT    | 243904.2736 |         0 | 237344.7463 | 2177.7167 |
+----------------------------------------+-------------+-----------+-------------+-----------+

