INFO: You are running LIKWID in a cpuset with 64 CPUs. Taking given IDs as logical ID in cpuset
--------------------------------------------------------------------------------
CPU name:	AMD EPYC 9A14 96-Core Processor                
CPU type:	AMD K19 (Zen4) architecture
CPU clock:	2.60 GHz
--------------------------------------------------------------------------------
Sys.CPU_THREADS       192
SLURM_CPUS_PER_TASK   64
OMP_NUM_THREADS       64
OMP_PROC_BIND         close
OMP_PLACES            cores
BLAS_NUM_THREADS      1
Threads.nthreads()    1

Successfully read data from: /public/home/halili/jld2file/cc-pvdz/h2o-1.0-cc-pvdz.jld2
  name: h2o
  ratio: 1.0
  basis: cc-pvdz
  nα: 5, nβ: 5, ne: 10, norb: 24, nq: 48

  ngs: 25495
  ncs: 128793

Warming up JIT and Hardware...
Warm-up completed.
  Step 001:  residual: 9.9885e-01,  e: -76.02676073376628
  Step 002:  residual: 3.3618e-01,  e: -76.22561643779895
  Step 003:  residual: 9.9286e-02,  e: -76.24222290584420
  Step 004:  residual: 3.2400e-02,  e: -76.24360734427407
  Step 005:  residual: 1.2871e-02,  e: -76.24376885653818
  Step 006:  residual: 4.3599e-03,  e: -76.24379383490459
  Step 007:  residual: 1.6905e-03,  e: -76.24379667642258
  Step 008:  residual: 7.0448e-04,  e: -76.24379712049124
  Step 009:  residual: 3.1828e-04,  e: -76.24379720589891
  Step 010:  residual: 1.2649e-04,  e: -76.24379722155592
  Step 011:  residual: 4.7677e-05,  e: -76.24379722386435
  Step 012:  residual: 1.7064e-05,  e: -76.24379722415689
  Step 013:  residual: 6.0873e-06,  e: -76.24379722419397

Convergence reached!
1061.838525 seconds (7.21 M allocations: 91.224 GiB, 0.05% gc time, 0.19% compilation time)
--------------------------------------------------------------------------------
Region hvec_direct_agg, Group 1: MEM
+-------------------+-------------+-------------+-------------+-------------+-------------+-------------+-------------+-------------+-------------+-------------+-------------+-------------+-------------+-------------+-------------+-------------+-------------+-------------+-------------+-------------+-------------+-------------+-------------+-------------+-------------+-------------+-------------+-------------+-------------+-------------+-------------+-------------+-------------+-------------+-------------+-------------+-------------+-------------+-------------+-------------+-------------+-------------+-------------+-------------+-------------+-------------+-------------+-------------+-------------+-------------+-------------+-------------+-------------+-------------+-------------+-------------+-------------+-------------+-------------+-------------+-------------+-------------+-------------+-------------+
|    Region Info    |  HWThread 0 |  HWThread 1 |  HWThread 2 |  HWThread 3 |  HWThread 4 |  HWThread 5 |  HWThread 6 |  HWThread 7 |  HWThread 8 |  HWThread 9 | HWThread 10 | HWThread 11 | HWThread 12 | HWThread 13 | HWThread 14 | HWThread 15 | HWThread 16 | HWThread 17 | HWThread 18 | HWThread 19 | HWThread 20 | HWThread 21 | HWThread 22 | HWThread 23 | HWThread 24 | HWThread 25 | HWThread 26 | HWThread 27 | HWThread 28 | HWThread 29 | HWThread 30 | HWThread 31 | HWThread 32 | HWThread 33 | HWThread 34 | HWThread 35 | HWThread 36 | HWThread 37 | HWThread 38 | HWThread 39 | HWThread 40 | HWThread 41 | HWThread 42 | HWThread 43 | HWThread 44 | HWThread 45 | HWThread 46 | HWThread 47 | HWThread 48 | HWThread 49 | HWThread 50 | HWThread 51 | HWThread 52 | HWThread 53 | HWThread 54 | HWThread 55 | HWThread 56 | HWThread 57 | HWThread 58 | HWThread 59 | HWThread 60 | HWThread 61 | HWThread 62 | HWThread 63 |
+-------------------+-------------+-------------+-------------+-------------+-------------+-------------+-------------+-------------+-------------+-------------+-------------+-------------+-------------+-------------+-------------+-------------+-------------+-------------+-------------+-------------+-------------+-------------+-------------+-------------+-------------+-------------+-------------+-------------+-------------+-------------+-------------+-------------+-------------+-------------+-------------+-------------+-------------+-------------+-------------+-------------+-------------+-------------+-------------+-------------+-------------+-------------+-------------+-------------+-------------+-------------+-------------+-------------+-------------+-------------+-------------+-------------+-------------+-------------+-------------+-------------+-------------+-------------+-------------+-------------+
| RDTSC Runtime [s] | 1042.436000 | 1032.379000 | 1033.838000 | 1035.320000 | 1029.315000 | 1041.078000 | 1034.896000 | 1032.380000 | 1039.998000 | 1036.427000 | 1035.560000 | 1031.208000 | 1034.668000 | 1039.342000 | 1038.251000 | 1030.802000 | 1036.255000 | 1037.306000 | 1029.563000 | 1037.309000 | 1031.773000 | 1037.309000 | 1029.798000 | 1037.870000 | 1035.786000 | 1034.440000 | 1029.978000 | 1030.392000 | 1037.880000 | 1039.772000 | 1033.412000 | 1030.217000 | 1040.652000 | 1036.023000 | 1041.312000 | 1031.375000 | 1038.927000 | 1040.893000 | 1039.342000 | 1030.977000 | 1041.888000 | 1036.834000 | 1039.772000 | 1033.838000 | 1033.659000 | 1033.012000 | 1030.391000 | 1032.773000 | 1031.773000 | 1031.773000 | 1040.652000 | 1036.022000 | 1037.060000 | 1029.384000 | 1038.927000 | 1038.681000 | 1041.662000 | 1038.071000 | 1041.485000 | 1040.407000 | 1033.413000 | 1029.178000 | 1034.895000 | 1032.772000 |
|     call count    |          13 |          13 |          13 |          13 |          13 |          13 |          13 |          13 |          13 |          13 |          13 |          13 |          13 |          13 |          13 |          13 |          13 |          13 |          13 |          13 |          13 |          13 |          13 |          13 |          13 |          13 |          13 |          13 |          13 |          13 |          13 |          13 |          13 |          13 |          13 |          13 |          13 |          13 |          13 |          13 |          13 |          13 |          13 |          13 |          13 |          13 |          13 |          13 |          13 |          13 |          13 |          13 |          13 |          13 |          13 |          13 |          13 |          13 |          13 |          13 |          13 |          13 |          13 |          13 |
+-------------------+-------------+-------------+-------------+-------------+-------------+-------------+-------------+-------------+-------------+-------------+-------------+-------------+-------------+-------------+-------------+-------------+-------------+-------------+-------------+-------------+-------------+-------------+-------------+-------------+-------------+-------------+-------------+-------------+-------------+-------------+-------------+-------------+-------------+-------------+-------------+-------------+-------------+-------------+-------------+-------------+-------------+-------------+-------------+-------------+-------------+-------------+-------------+-------------+-------------+-------------+-------------+-------------+-------------+-------------+-------------+-------------+-------------+-------------+-------------+-------------+-------------+-------------+-------------+-------------+

+----------------------+---------+---------------+---------------+---------------+---------------+---------------+---------------+---------------+---------------+---------------+---------------+---------------+---------------+---------------+---------------+---------------+---------------+---------------+---------------+---------------+---------------+---------------+---------------+---------------+---------------+---------------+---------------+---------------+---------------+---------------+---------------+---------------+---------------+---------------+---------------+---------------+---------------+---------------+---------------+---------------+---------------+---------------+---------------+---------------+---------------+---------------+---------------+---------------+---------------+---------------+---------------+---------------+---------------+---------------+---------------+---------------+---------------+---------------+---------------+---------------+---------------+---------------+---------------+---------------+---------------+
|         Event        | Counter |   HWThread 0  |   HWThread 1  |   HWThread 2  |   HWThread 3  |   HWThread 4  |   HWThread 5  |   HWThread 6  |   HWThread 7  |   HWThread 8  |   HWThread 9  |  HWThread 10  |  HWThread 11  |  HWThread 12  |  HWThread 13  |  HWThread 14  |  HWThread 15  |  HWThread 16  |  HWThread 17  |  HWThread 18  |  HWThread 19  |  HWThread 20  |  HWThread 21  |  HWThread 22  |  HWThread 23  |  HWThread 24  |  HWThread 25  |  HWThread 26  |  HWThread 27  |  HWThread 28  |  HWThread 29  |  HWThread 30  |  HWThread 31  |  HWThread 32  |  HWThread 33  |  HWThread 34  |  HWThread 35  |  HWThread 36  |  HWThread 37  |  HWThread 38  |  HWThread 39  |  HWThread 40  |  HWThread 41  |  HWThread 42  |  HWThread 43  |  HWThread 44  |  HWThread 45  |  HWThread 46  |  HWThread 47  |  HWThread 48  |  HWThread 49  |  HWThread 50  |  HWThread 51  |  HWThread 52  |  HWThread 53  |  HWThread 54  |  HWThread 55  |  HWThread 56  |  HWThread 57  |  HWThread 58  |  HWThread 59  |  HWThread 60  |  HWThread 61  |  HWThread 62  |  HWThread 63  |
+----------------------+---------+---------------+---------------+---------------+---------------+---------------+---------------+---------------+---------------+---------------+---------------+---------------+---------------+---------------+---------------+---------------+---------------+---------------+---------------+---------------+---------------+---------------+---------------+---------------+---------------+---------------+---------------+---------------+---------------+---------------+---------------+---------------+---------------+---------------+---------------+---------------+---------------+---------------+---------------+---------------+---------------+---------------+---------------+---------------+---------------+---------------+---------------+---------------+---------------+---------------+---------------+---------------+---------------+---------------+---------------+---------------+---------------+---------------+---------------+---------------+---------------+---------------+---------------+---------------+---------------+
|   ACTUAL_CPU_CLOCK   |  FIXC1  | 3806697000000 | 3804359000000 | 3804241000000 | 3804311000000 | 3804700000000 | 3804905000000 | 3804341000000 | 3804842000000 | 3804216000000 | 3804414000000 | 3804417000000 | 3804101000000 | 3804436000000 | 3804880000000 | 3804864000000 | 3804783000000 | 3804311000000 | 3804162000000 | 3804215000000 | 3804483000000 | 3804464000000 | 3804822000000 | 3804362000000 | 3804223000000 | 3804403000000 | 3804570000000 | 3804391000000 | 3804411000000 | 3804843000000 | 3804541000000 | 3804550000000 | 3804923000000 | 3804646000000 | 3804742000000 | 3804227000000 | 3803808000000 | 3804258000000 | 3804367000000 | 3804819000000 | 3803812000000 | 3804245000000 | 3804283000000 | 3804255000000 | 3804186000000 | 3804090000000 | 3804510000000 | 3804343000000 | 3804455000000 | 3804708000000 | 3804294000000 | 3804552000000 | 3804461000000 | 3804753000000 | 3804158000000 | 3804304000000 | 3804445000000 | 3803996000000 | 3804030000000 | 3804055000000 | 3803521000000 | 3803855000000 | 3803842000000 | 3804008000000 | 3803965000000 |
|     MAX_CPU_CLOCK    |  FIXC2  | 2675622000000 | 2675182000000 | 2674656000000 | 2674763000000 | 2674904000000 | 2675131000000 | 2674828000000 | 2675007000000 | 2674650000000 | 2674916000000 | 2674759000000 | 2674548000000 | 2674765000000 | 2675085000000 | 2674973000000 | 2674884000000 | 2674800000000 | 2674736000000 | 2674461000000 | 2674815000000 | 2674866000000 | 2674972000000 | 2674759000000 | 2674641000000 | 2674759000000 | 2674922000000 | 2674772000000 | 2674821000000 | 2675000000000 | 2674769000000 | 2674955000000 | 2675207000000 | 2675000000000 | 2674951000000 | 2674692000000 | 2674432000000 | 2674736000000 | 2674815000000 | 2675173000000 | 2674328000000 | 2674727000000 | 2674795000000 | 2674742000000 | 2674675000000 | 2674631000000 | 2674933000000 | 2674821000000 | 2674923000000 | 2674980000000 | 2674811000000 | 2674897000000 | 2674919000000 | 2675158000000 | 2674730000000 | 2674803000000 | 2674917000000 | 2674526000000 | 2674611000000 | 2674553000000 | 2674282000000 | 2674496000000 | 2674360000000 | 2674461000000 | 2674579000000 |
| RETIRED_INSTRUCTIONS |   PMC0  | 4142831000000 | 4132280000000 | 4141566000000 | 4133308000000 | 4129738000000 | 4132109000000 | 4136110000000 | 4131506000000 | 4334956000000 | 4333468000000 | 4337645000000 | 4333527000000 | 4337543000000 | 4327424000000 | 4325498000000 | 4329209000000 | 4186274000000 | 4180587000000 | 4185855000000 | 4169769000000 | 4176869000000 | 4170522000000 | 4173485000000 | 4162169000000 | 4187928000000 | 4185843000000 | 4184345000000 | 4175050000000 | 4178200000000 | 4165663000000 | 4173102000000 | 4166670000000 | 4298777000000 | 4291264000000 | 4292628000000 | 4282452000000 | 4287367000000 | 4279342000000 | 4283206000000 | 4273230000000 | 4266814000000 | 4261812000000 | 4262523000000 | 4258445000000 | 4241918000000 | 4263066000000 | 4255777000000 | 4257614000000 | 4283057000000 | 4275365000000 | 4283787000000 | 4278918000000 | 4274499000000 | 4273693000000 | 4280148000000 | 4269364000000 | 4329328000000 | 4324619000000 | 4325038000000 | 4313691000000 | 4323859000000 | 4317632000000 | 4318367000000 | 4311606000000 |
|  CPU_CLOCKS_UNHALTED |   PMC1  | 3786873000000 | 3785508000000 | 3786511000000 | 3786440000000 | 3787015000000 | 3786965000000 | 3786282000000 | 3787024000000 | 3786263000000 | 3786336000000 | 3786926000000 | 3786196000000 | 3786413000000 | 3787195000000 | 3786950000000 | 3787365000000 | 3786388000000 | 3786620000000 | 3786176000000 | 3786858000000 | 3786234000000 | 3786513000000 | 3786216000000 | 3785947000000 | 3786087000000 | 3786271000000 | 3786337000000 | 3785698000000 | 3786231000000 | 3786037000000 | 3786203000000 | 3786617000000 | 3786429000000 | 3786757000000 | 3786436000000 | 3786167000000 | 3786144000000 | 3786686000000 | 3786319000000 | 3786259000000 | 3785716000000 | 3785557000000 | 3784914000000 | 3785669000000 | 3785819000000 | 3785853000000 | 3785831000000 | 3785626000000 | 3786588000000 | 3786732000000 | 3786769000000 | 3786815000000 | 3786824000000 | 3786212000000 | 3786268000000 | 3786505000000 | 3786143000000 | 3786120000000 | 3786540000000 | 3786134000000 | 3786062000000 | 3785929000000 | 3785474000000 | 3785274000000 |
|      CAS_CMD_RD      |  UMC0C0 |  303997200000 |             0 |             0 |             0 |             0 |             0 |             0 |             0 |             0 |             0 |             0 |             0 |             0 |             0 |             0 |             0 |             0 |             0 |             0 |             0 |             0 |             0 |             0 |             0 |             0 |             0 |             0 |             0 |             0 |             0 |             0 |             0 |             0 |             0 |             0 |             0 |             0 |             0 |             0 |             0 |             0 |             0 |             0 |             0 |             0 |             0 |             0 |             0 |             0 |             0 |             0 |             0 |             0 |             0 |             0 |             0 |             0 |             0 |             0 |             0 |             0 |             0 |             0 |             0 |
|      CAS_CMD_WR      |  UMC0C1 |     473147100 |             0 |             0 |             0 |             0 |             0 |             0 |             0 |             0 |             0 |             0 |             0 |             0 |             0 |             0 |             0 |             0 |             0 |             0 |             0 |             0 |             0 |             0 |             0 |             0 |             0 |             0 |             0 |             0 |             0 |             0 |             0 |             0 |             0 |             0 |             0 |             0 |             0 |             0 |             0 |             0 |             0 |             0 |             0 |             0 |             0 |             0 |             0 |             0 |             0 |             0 |             0 |             0 |             0 |             0 |             0 |             0 |             0 |             0 |             0 |             0 |             0 |             0 |             0 |
|      CAS_CMD_RD      |  UMC1C0 |  304089600000 |             0 |             0 |             0 |             0 |             0 |             0 |             0 |             0 |             0 |             0 |             0 |             0 |             0 |             0 |             0 |             0 |             0 |             0 |             0 |             0 |             0 |             0 |             0 |             0 |             0 |             0 |             0 |             0 |             0 |             0 |             0 |             0 |             0 |             0 |             0 |             0 |             0 |             0 |             0 |             0 |             0 |             0 |             0 |             0 |             0 |             0 |             0 |             0 |             0 |             0 |             0 |             0 |             0 |             0 |             0 |             0 |             0 |             0 |             0 |             0 |             0 |             0 |             0 |
|      CAS_CMD_WR      |  UMC1C1 |     473751100 |             0 |             0 |             0 |             0 |             0 |             0 |             0 |             0 |             0 |             0 |             0 |             0 |             0 |             0 |             0 |             0 |             0 |             0 |             0 |             0 |             0 |             0 |             0 |             0 |             0 |             0 |             0 |             0 |             0 |             0 |             0 |             0 |             0 |             0 |             0 |             0 |             0 |             0 |             0 |             0 |             0 |             0 |             0 |             0 |             0 |             0 |             0 |             0 |             0 |             0 |             0 |             0 |             0 |             0 |             0 |             0 |             0 |             0 |             0 |             0 |             0 |             0 |             0 |
|      CAS_CMD_RD      |  UMC2C0 |  303734800000 |             0 |             0 |             0 |             0 |             0 |             0 |             0 |             0 |             0 |             0 |             0 |             0 |             0 |             0 |             0 |             0 |             0 |             0 |             0 |             0 |             0 |             0 |             0 |             0 |             0 |             0 |             0 |             0 |             0 |             0 |             0 |             0 |             0 |             0 |             0 |             0 |             0 |             0 |             0 |             0 |             0 |             0 |             0 |             0 |             0 |             0 |             0 |             0 |             0 |             0 |             0 |             0 |             0 |             0 |             0 |             0 |             0 |             0 |             0 |             0 |             0 |             0 |             0 |
|      CAS_CMD_WR      |  UMC2C1 |     477600800 |             0 |             0 |             0 |             0 |             0 |             0 |             0 |             0 |             0 |             0 |             0 |             0 |             0 |             0 |             0 |             0 |             0 |             0 |             0 |             0 |             0 |             0 |             0 |             0 |             0 |             0 |             0 |             0 |             0 |             0 |             0 |             0 |             0 |             0 |             0 |             0 |             0 |             0 |             0 |             0 |             0 |             0 |             0 |             0 |             0 |             0 |             0 |             0 |             0 |             0 |             0 |             0 |             0 |             0 |             0 |             0 |             0 |             0 |             0 |             0 |             0 |             0 |             0 |
|      CAS_CMD_RD      |  UMC3C0 |  303781000000 |             0 |             0 |             0 |             0 |             0 |             0 |             0 |             0 |             0 |             0 |             0 |             0 |             0 |             0 |             0 |             0 |             0 |             0 |             0 |             0 |             0 |             0 |             0 |             0 |             0 |             0 |             0 |             0 |             0 |             0 |             0 |             0 |             0 |             0 |             0 |             0 |             0 |             0 |             0 |             0 |             0 |             0 |             0 |             0 |             0 |             0 |             0 |             0 |             0 |             0 |             0 |             0 |             0 |             0 |             0 |             0 |             0 |             0 |             0 |             0 |             0 |             0 |             0 |
|      CAS_CMD_WR      |  UMC3C1 |     471547700 |             0 |             0 |             0 |             0 |             0 |             0 |             0 |             0 |             0 |             0 |             0 |             0 |             0 |             0 |             0 |             0 |             0 |             0 |             0 |             0 |             0 |             0 |             0 |             0 |             0 |             0 |             0 |             0 |             0 |             0 |             0 |             0 |             0 |             0 |             0 |             0 |             0 |             0 |             0 |             0 |             0 |             0 |             0 |             0 |             0 |             0 |             0 |             0 |             0 |             0 |             0 |             0 |             0 |             0 |             0 |             0 |             0 |             0 |             0 |             0 |             0 |             0 |             0 |
|      CAS_CMD_RD      |  UMC4C0 |  303804900000 |             0 |             0 |             0 |             0 |             0 |             0 |             0 |             0 |             0 |             0 |             0 |             0 |             0 |             0 |             0 |             0 |             0 |             0 |             0 |             0 |             0 |             0 |             0 |             0 |             0 |             0 |             0 |             0 |             0 |             0 |             0 |             0 |             0 |             0 |             0 |             0 |             0 |             0 |             0 |             0 |             0 |             0 |             0 |             0 |             0 |             0 |             0 |             0 |             0 |             0 |             0 |             0 |             0 |             0 |             0 |             0 |             0 |             0 |             0 |             0 |             0 |             0 |             0 |
|      CAS_CMD_WR      |  UMC4C1 |     470596100 |             0 |             0 |             0 |             0 |             0 |             0 |             0 |             0 |             0 |             0 |             0 |             0 |             0 |             0 |             0 |             0 |             0 |             0 |             0 |             0 |             0 |             0 |             0 |             0 |             0 |             0 |             0 |             0 |             0 |             0 |             0 |             0 |             0 |             0 |             0 |             0 |             0 |             0 |             0 |             0 |             0 |             0 |             0 |             0 |             0 |             0 |             0 |             0 |             0 |             0 |             0 |             0 |             0 |             0 |             0 |             0 |             0 |             0 |             0 |             0 |             0 |             0 |             0 |
|      CAS_CMD_RD      |  UMC5C0 |  303626000000 |             0 |             0 |             0 |             0 |             0 |             0 |             0 |             0 |             0 |             0 |             0 |             0 |             0 |             0 |             0 |             0 |             0 |             0 |             0 |             0 |             0 |             0 |             0 |             0 |             0 |             0 |             0 |             0 |             0 |             0 |             0 |             0 |             0 |             0 |             0 |             0 |             0 |             0 |             0 |             0 |             0 |             0 |             0 |             0 |             0 |             0 |             0 |             0 |             0 |             0 |             0 |             0 |             0 |             0 |             0 |             0 |             0 |             0 |             0 |             0 |             0 |             0 |             0 |
|      CAS_CMD_WR      |  UMC5C1 |     471647100 |             0 |             0 |             0 |             0 |             0 |             0 |             0 |             0 |             0 |             0 |             0 |             0 |             0 |             0 |             0 |             0 |             0 |             0 |             0 |             0 |             0 |             0 |             0 |             0 |             0 |             0 |             0 |             0 |             0 |             0 |             0 |             0 |             0 |             0 |             0 |             0 |             0 |             0 |             0 |             0 |             0 |             0 |             0 |             0 |             0 |             0 |             0 |             0 |             0 |             0 |             0 |             0 |             0 |             0 |             0 |             0 |             0 |             0 |             0 |             0 |             0 |             0 |             0 |
|      CAS_CMD_RD      |  UMC6C0 |  303512800000 |             0 |             0 |             0 |             0 |             0 |             0 |             0 |             0 |             0 |             0 |             0 |             0 |             0 |             0 |             0 |             0 |             0 |             0 |             0 |             0 |             0 |             0 |             0 |             0 |             0 |             0 |             0 |             0 |             0 |             0 |             0 |             0 |             0 |             0 |             0 |             0 |             0 |             0 |             0 |             0 |             0 |             0 |             0 |             0 |             0 |             0 |             0 |             0 |             0 |             0 |             0 |             0 |             0 |             0 |             0 |             0 |             0 |             0 |             0 |             0 |             0 |             0 |             0 |
|      CAS_CMD_WR      |  UMC6C1 |     469142100 |             0 |             0 |             0 |             0 |             0 |             0 |             0 |             0 |             0 |             0 |             0 |             0 |             0 |             0 |             0 |             0 |             0 |             0 |             0 |             0 |             0 |             0 |             0 |             0 |             0 |             0 |             0 |             0 |             0 |             0 |             0 |             0 |             0 |             0 |             0 |             0 |             0 |             0 |             0 |             0 |             0 |             0 |             0 |             0 |             0 |             0 |             0 |             0 |             0 |             0 |             0 |             0 |             0 |             0 |             0 |             0 |             0 |             0 |             0 |             0 |             0 |             0 |             0 |
|      CAS_CMD_RD      |  UMC7C0 |  303028500000 |             0 |             0 |             0 |             0 |             0 |             0 |             0 |             0 |             0 |             0 |             0 |             0 |             0 |             0 |             0 |             0 |             0 |             0 |             0 |             0 |             0 |             0 |             0 |             0 |             0 |             0 |             0 |             0 |             0 |             0 |             0 |             0 |             0 |             0 |             0 |             0 |             0 |             0 |             0 |             0 |             0 |             0 |             0 |             0 |             0 |             0 |             0 |             0 |             0 |             0 |             0 |             0 |             0 |             0 |             0 |             0 |             0 |             0 |             0 |             0 |             0 |             0 |             0 |
|      CAS_CMD_WR      |  UMC7C1 |     474645400 |             0 |             0 |             0 |             0 |             0 |             0 |             0 |             0 |             0 |             0 |             0 |             0 |             0 |             0 |             0 |             0 |             0 |             0 |             0 |             0 |             0 |             0 |             0 |             0 |             0 |             0 |             0 |             0 |             0 |             0 |             0 |             0 |             0 |             0 |             0 |             0 |             0 |             0 |             0 |             0 |             0 |             0 |             0 |             0 |             0 |             0 |             0 |             0 |             0 |             0 |             0 |             0 |             0 |             0 |             0 |             0 |             0 |             0 |             0 |             0 |             0 |             0 |             0 |
|      CAS_CMD_RD      |  UMC8C0 |  303051000000 |             0 |             0 |             0 |             0 |             0 |             0 |             0 |             0 |             0 |             0 |             0 |             0 |             0 |             0 |             0 |             0 |             0 |             0 |             0 |             0 |             0 |             0 |             0 |             0 |             0 |             0 |             0 |             0 |             0 |             0 |             0 |             0 |             0 |             0 |             0 |             0 |             0 |             0 |             0 |             0 |             0 |             0 |             0 |             0 |             0 |             0 |             0 |             0 |             0 |             0 |             0 |             0 |             0 |             0 |             0 |             0 |             0 |             0 |             0 |             0 |             0 |             0 |             0 |
|      CAS_CMD_WR      |  UMC8C1 |     464073900 |             0 |             0 |             0 |             0 |             0 |             0 |             0 |             0 |             0 |             0 |             0 |             0 |             0 |             0 |             0 |             0 |             0 |             0 |             0 |             0 |             0 |             0 |             0 |             0 |             0 |             0 |             0 |             0 |             0 |             0 |             0 |             0 |             0 |             0 |             0 |             0 |             0 |             0 |             0 |             0 |             0 |             0 |             0 |             0 |             0 |             0 |             0 |             0 |             0 |             0 |             0 |             0 |             0 |             0 |             0 |             0 |             0 |             0 |             0 |             0 |             0 |             0 |             0 |
|      CAS_CMD_RD      |  UMC9C0 |  304103100000 |             0 |             0 |             0 |             0 |             0 |             0 |             0 |             0 |             0 |             0 |             0 |             0 |             0 |             0 |             0 |             0 |             0 |             0 |             0 |             0 |             0 |             0 |             0 |             0 |             0 |             0 |             0 |             0 |             0 |             0 |             0 |             0 |             0 |             0 |             0 |             0 |             0 |             0 |             0 |             0 |             0 |             0 |             0 |             0 |             0 |             0 |             0 |             0 |             0 |             0 |             0 |             0 |             0 |             0 |             0 |             0 |             0 |             0 |             0 |             0 |             0 |             0 |             0 |
|      CAS_CMD_WR      |  UMC9C1 |     465462400 |             0 |             0 |             0 |             0 |             0 |             0 |             0 |             0 |             0 |             0 |             0 |             0 |             0 |             0 |             0 |             0 |             0 |             0 |             0 |             0 |             0 |             0 |             0 |             0 |             0 |             0 |             0 |             0 |             0 |             0 |             0 |             0 |             0 |             0 |             0 |             0 |             0 |             0 |             0 |             0 |             0 |             0 |             0 |             0 |             0 |             0 |             0 |             0 |             0 |             0 |             0 |             0 |             0 |             0 |             0 |             0 |             0 |             0 |             0 |             0 |             0 |             0 |             0 |
|      CAS_CMD_RD      | UMC10C0 |  303827700000 |             0 |             0 |             0 |             0 |             0 |             0 |             0 |             0 |             0 |             0 |             0 |             0 |             0 |             0 |             0 |             0 |             0 |             0 |             0 |             0 |             0 |             0 |             0 |             0 |             0 |             0 |             0 |             0 |             0 |             0 |             0 |             0 |             0 |             0 |             0 |             0 |             0 |             0 |             0 |             0 |             0 |             0 |             0 |             0 |             0 |             0 |             0 |             0 |             0 |             0 |             0 |             0 |             0 |             0 |             0 |             0 |             0 |             0 |             0 |             0 |             0 |             0 |             0 |
|      CAS_CMD_WR      | UMC10C1 |     475500000 |             0 |             0 |             0 |             0 |             0 |             0 |             0 |             0 |             0 |             0 |             0 |             0 |             0 |             0 |             0 |             0 |             0 |             0 |             0 |             0 |             0 |             0 |             0 |             0 |             0 |             0 |             0 |             0 |             0 |             0 |             0 |             0 |             0 |             0 |             0 |             0 |             0 |             0 |             0 |             0 |             0 |             0 |             0 |             0 |             0 |             0 |             0 |             0 |             0 |             0 |             0 |             0 |             0 |             0 |             0 |             0 |             0 |             0 |             0 |             0 |             0 |             0 |             0 |
|      CAS_CMD_RD      | UMC11C0 |  303458200000 |             0 |             0 |             0 |             0 |             0 |             0 |             0 |             0 |             0 |             0 |             0 |             0 |             0 |             0 |             0 |             0 |             0 |             0 |             0 |             0 |             0 |             0 |             0 |             0 |             0 |             0 |             0 |             0 |             0 |             0 |             0 |             0 |             0 |             0 |             0 |             0 |             0 |             0 |             0 |             0 |             0 |             0 |             0 |             0 |             0 |             0 |             0 |             0 |             0 |             0 |             0 |             0 |             0 |             0 |             0 |             0 |             0 |             0 |             0 |             0 |             0 |             0 |             0 |
|      CAS_CMD_WR      | UMC11C1 |     476932900 |             0 |             0 |             0 |             0 |             0 |             0 |             0 |             0 |             0 |             0 |             0 |             0 |             0 |             0 |             0 |             0 |             0 |             0 |             0 |             0 |             0 |             0 |             0 |             0 |             0 |             0 |             0 |             0 |             0 |             0 |             0 |             0 |             0 |             0 |             0 |             0 |             0 |             0 |             0 |             0 |             0 |             0 |             0 |             0 |             0 |             0 |             0 |             0 |             0 |             0 |             0 |             0 |             0 |             0 |             0 |             0 |             0 |             0 |             0 |             0 |             0 |             0 |             0 |
+----------------------+---------+---------------+---------------+---------------+---------------+---------------+---------------+---------------+---------------+---------------+---------------+---------------+---------------+---------------+---------------+---------------+---------------+---------------+---------------+---------------+---------------+---------------+---------------+---------------+---------------+---------------+---------------+---------------+---------------+---------------+---------------+---------------+---------------+---------------+---------------+---------------+---------------+---------------+---------------+---------------+---------------+---------------+---------------+---------------+---------------+---------------+---------------+---------------+---------------+---------------+---------------+---------------+---------------+---------------+---------------+---------------+---------------+---------------+---------------+---------------+---------------+---------------+---------------+---------------+---------------+

+---------------------------+---------+-----------------+---------------+---------------+---------------+
|           Event           | Counter |       Sum       |      Min      |      Max      |      Avg      |
+---------------------------+---------+-----------------+---------------+---------------+---------------+
|   ACTUAL_CPU_CLOCK STAT   |  FIXC1  | 243482174000000 | 3803521000000 | 3806697000000 | 3804408968750 |
|     MAX_CPU_CLOCK STAT    |  FIXC2  | 171187385000000 | 2674282000000 | 2675622000000 | 2674802890625 |
| RETIRED_INSTRUCTIONS STAT |   PMC0  | 271700255000000 | 4129738000000 | 4337645000000 | 4245316484375 |
|  CPU_CLOCKS_UNHALTED STAT |   PMC1  | 242323266000000 | 3784914000000 | 3787365000000 | 3786301031250 |
|      CAS_CMD_RD STAT      |  UMC0C0 |    303997200000 |             0 |  303997200000 |    4749956250 |
|      CAS_CMD_WR STAT      |  UMC0C1 |       473147100 |             0 |     473147100 |  7.392923e+06 |
|      CAS_CMD_RD STAT      |  UMC1C0 |    304089600000 |             0 |  304089600000 |    4751400000 |
|      CAS_CMD_WR STAT      |  UMC1C1 |       473751100 |             0 |     473751100 |  7.402361e+06 |
|      CAS_CMD_RD STAT      |  UMC2C0 |    303734800000 |             0 |  303734800000 |    4745856250 |
|      CAS_CMD_WR STAT      |  UMC2C1 |       477600800 |             0 |     477600800 |  7.462512e+06 |
|      CAS_CMD_RD STAT      |  UMC3C0 |    303781000000 |             0 |  303781000000 |    4746578125 |
|      CAS_CMD_WR STAT      |  UMC3C1 |       471547700 |             0 |     471547700 |  7.367933e+06 |
|      CAS_CMD_RD STAT      |  UMC4C0 |    303804900000 |             0 |  303804900000 |  4.746952e+09 |
|      CAS_CMD_WR STAT      |  UMC4C1 |       470596100 |             0 |     470596100 |  7.353064e+06 |
|      CAS_CMD_RD STAT      |  UMC5C0 |    303626000000 |             0 |  303626000000 |    4744156250 |
|      CAS_CMD_WR STAT      |  UMC5C1 |       471647100 |             0 |     471647100 |  7.369486e+06 |
|      CAS_CMD_RD STAT      |  UMC6C0 |    303512800000 |             0 |  303512800000 |    4742387500 |
|      CAS_CMD_WR STAT      |  UMC6C1 |       469142100 |             0 |     469142100 |  7.330345e+06 |
|      CAS_CMD_RD STAT      |  UMC7C0 |    303028500000 |             0 |  303028500000 |  4.734820e+09 |
|      CAS_CMD_WR STAT      |  UMC7C1 |       474645400 |             0 |     474645400 |  7.416334e+06 |
|      CAS_CMD_RD STAT      |  UMC8C0 |    303051000000 |             0 |  303051000000 |    4735171875 |
|      CAS_CMD_WR STAT      |  UMC8C1 |       464073900 |             0 |     464073900 |  7.251155e+06 |
|      CAS_CMD_RD STAT      |  UMC9C0 |    304103100000 |             0 |  304103100000 |  4.751611e+09 |
|      CAS_CMD_WR STAT      |  UMC9C1 |       465462400 |             0 |     465462400 |       7272850 |
|      CAS_CMD_RD STAT      | UMC10C0 |    303827700000 |             0 |  303827700000 |  4.747308e+09 |
|      CAS_CMD_WR STAT      | UMC10C1 |       475500000 |             0 |     475500000 |  7.429688e+06 |
|      CAS_CMD_RD STAT      | UMC11C0 |    303458200000 |             0 |  303458200000 |    4741534375 |
|      CAS_CMD_WR STAT      | UMC11C1 |       476932900 |             0 |     476932900 |  7.452077e+06 |
+---------------------------+---------+-----------------+---------------+---------------+---------------+

+-----------------------------------+-------------+------------+------------+------------+------------+------------+------------+------------+------------+------------+-------------+-------------+-------------+-------------+-------------+-------------+-------------+-------------+-------------+-------------+-------------+-------------+-------------+-------------+-------------+-------------+-------------+-------------+-------------+-------------+-------------+-------------+-------------+-------------+-------------+-------------+-------------+-------------+-------------+-------------+-------------+-------------+-------------+-------------+-------------+-------------+-------------+-------------+-------------+-------------+-------------+-------------+-------------+-------------+-------------+-------------+-------------+-------------+-------------+-------------+-------------+-------------+-------------+-------------+
|               Metric              |  HWThread 0 | HWThread 1 | HWThread 2 | HWThread 3 | HWThread 4 | HWThread 5 | HWThread 6 | HWThread 7 | HWThread 8 | HWThread 9 | HWThread 10 | HWThread 11 | HWThread 12 | HWThread 13 | HWThread 14 | HWThread 15 | HWThread 16 | HWThread 17 | HWThread 18 | HWThread 19 | HWThread 20 | HWThread 21 | HWThread 22 | HWThread 23 | HWThread 24 | HWThread 25 | HWThread 26 | HWThread 27 | HWThread 28 | HWThread 29 | HWThread 30 | HWThread 31 | HWThread 32 | HWThread 33 | HWThread 34 | HWThread 35 | HWThread 36 | HWThread 37 | HWThread 38 | HWThread 39 | HWThread 40 | HWThread 41 | HWThread 42 | HWThread 43 | HWThread 44 | HWThread 45 | HWThread 46 | HWThread 47 | HWThread 48 | HWThread 49 | HWThread 50 | HWThread 51 | HWThread 52 | HWThread 53 | HWThread 54 | HWThread 55 | HWThread 56 | HWThread 57 | HWThread 58 | HWThread 59 | HWThread 60 | HWThread 61 | HWThread 62 | HWThread 63 |
+-----------------------------------+-------------+------------+------------+------------+------------+------------+------------+------------+------------+------------+-------------+-------------+-------------+-------------+-------------+-------------+-------------+-------------+-------------+-------------+-------------+-------------+-------------+-------------+-------------+-------------+-------------+-------------+-------------+-------------+-------------+-------------+-------------+-------------+-------------+-------------+-------------+-------------+-------------+-------------+-------------+-------------+-------------+-------------+-------------+-------------+-------------+-------------+-------------+-------------+-------------+-------------+-------------+-------------+-------------+-------------+-------------+-------------+-------------+-------------+-------------+-------------+-------------+-------------+
|        Runtime (RDTSC) [s]        |   1042.4360 |  1032.3790 |  1033.8380 |  1035.3200 |  1029.3150 |  1041.0780 |  1034.8960 |  1032.3800 |  1039.9980 |  1036.4270 |   1035.5600 |   1031.2080 |   1034.6680 |   1039.3420 |   1038.2510 |   1030.8020 |   1036.2550 |   1037.3060 |   1029.5630 |   1037.3090 |   1031.7730 |   1037.3090 |   1029.7980 |   1037.8700 |   1035.7860 |   1034.4400 |   1029.9780 |   1030.3920 |   1037.8800 |   1039.7720 |   1033.4120 |   1030.2170 |   1040.6520 |   1036.0230 |   1041.3120 |   1031.3750 |   1038.9270 |   1040.8930 |   1039.3420 |   1030.9770 |   1041.8880 |   1036.8340 |   1039.7720 |   1033.8380 |   1033.6590 |   1033.0120 |   1030.3910 |   1032.7730 |   1031.7730 |   1031.7730 |   1040.6520 |   1036.0220 |   1037.0600 |   1029.3840 |   1038.9270 |   1038.6810 |   1041.6620 |   1038.0710 |   1041.4850 |   1040.4070 |   1033.4130 |   1029.1780 |   1034.8950 |   1032.7720 |
|        Runtime unhalted [s]       |   1464.1162 |  1463.2169 |  1463.1715 |  1463.1985 |  1463.3481 |  1463.4269 |  1463.2100 |  1463.4027 |  1463.1619 |  1463.2381 |   1463.2392 |   1463.1177 |   1463.2465 |   1463.4173 |   1463.4112 |   1463.3800 |   1463.1985 |   1463.1412 |   1463.1615 |   1463.2646 |   1463.2573 |   1463.3950 |   1463.2181 |   1463.1646 |   1463.2339 |   1463.2981 |   1463.2292 |   1463.2369 |   1463.4031 |   1463.2869 |   1463.2904 |   1463.4339 |   1463.3273 |   1463.3642 |   1463.1662 |   1463.0050 |   1463.1781 |   1463.2200 |   1463.3939 |   1463.0065 |   1463.1731 |   1463.1877 |   1463.1769 |   1463.1504 |   1463.1135 |   1463.2750 |   1463.2108 |   1463.2539 |   1463.3512 |   1463.1919 |   1463.2912 |   1463.2562 |   1463.3685 |   1463.1396 |   1463.1958 |   1463.2500 |   1463.0773 |   1463.0904 |   1463.1000 |   1462.8946 |   1463.0231 |   1463.0181 |   1463.0819 |   1463.0654 |
|            Clock [MHz]            |   3699.1022 |  3697.4383 |  3698.0507 |  3697.9708 |  3698.1540 |  3698.0394 |  3697.9101 |  3698.1496 |  3698.0347 |  3697.8594 |   3698.0794 |   3698.0640 |   3698.0896 |   3698.0787 |   3698.2180 |   3698.2623 |   3697.9197 |   3697.8633 |   3698.2951 |   3698.0661 |   3697.9771 |   3698.1786 |   3698.0259 |   3698.0540 |   3698.0658 |   3698.0028 |   3698.0361 |   3697.9878 |   3698.1603 |   3698.1861 |   3697.9377 |   3697.9519 |   3697.9688 |   3698.1299 |   3697.9873 |   3697.9395 |   3697.9566 |   3697.9534 |   3697.8978 |   3698.0872 |   3697.9564 |   3697.8994 |   3697.9454 |   3697.9710 |   3697.9385 |   3697.9292 |   3697.9217 |   3697.8896 |   3698.0567 |   3697.8879 |   3698.0198 |   3697.9010 |   3697.8544 |   3697.8677 |   3697.9087 |   3697.8882 |   3697.9923 |   3697.9078 |   3698.0123 |   3697.8679 |   3697.8967 |   3698.0721 |   3698.0938 |   3697.8889 |
|                CPI                |      0.9141 |     0.9161 |     0.9143 |     0.9161 |     0.9170 |     0.9165 |     0.9154 |     0.9166 |     0.8734 |     0.8737 |      0.8730 |      0.8737 |      0.8729 |      0.8752 |      0.8755 |      0.8748 |      0.9045 |      0.9058 |      0.9045 |      0.9082 |      0.9065 |      0.9079 |      0.9072 |      0.9096 |      0.9040 |      0.9045 |      0.9049 |      0.9067 |      0.9062 |      0.9089 |      0.9073 |      0.9088 |      0.8808 |      0.8824 |      0.8821 |      0.8841 |      0.8831 |      0.8849 |      0.8840 |      0.8860 |      0.8872 |      0.8883 |      0.8880 |      0.8890 |      0.8925 |      0.8881 |      0.8896 |      0.8891 |      0.8841 |      0.8857 |      0.8840 |      0.8850 |      0.8859 |      0.8859 |      0.8846 |      0.8869 |      0.8745 |      0.8755 |      0.8755 |      0.8777 |      0.8756 |      0.8769 |      0.8766 |      0.8779 |
|  Memory read bandwidth [MBytes/s] | 223723.0364 |          0 |          0 |          0 |          0 |          0 |          0 |          0 |          0 |          0 |           0 |           0 |           0 |           0 |           0 |           0 |           0 |           0 |           0 |           0 |           0 |           0 |           0 |           0 |           0 |           0 |           0 |           0 |           0 |           0 |           0 |           0 |           0 |           0 |           0 |           0 |           0 |           0 |           0 |           0 |           0 |           0 |           0 |           0 |           0 |           0 |           0 |           0 |           0 |           0 |           0 |           0 |           0 |           0 |           0 |           0 |           0 |           0 |           0 |           0 |           0 |           0 |           0 |           0 |
|  Memory read data volume [GBytes] | 233216.9472 |          0 |          0 |          0 |          0 |          0 |          0 |          0 |          0 |          0 |           0 |           0 |           0 |           0 |           0 |           0 |           0 |           0 |           0 |           0 |           0 |           0 |           0 |           0 |           0 |           0 |           0 |           0 |           0 |           0 |           0 |           0 |           0 |           0 |           0 |           0 |           0 |           0 |           0 |           0 |           0 |           0 |           0 |           0 |           0 |           0 |           0 |           0 |           0 |           0 |           0 |           0 |           0 |           0 |           0 |           0 |           0 |           0 |           0 |           0 |           0 |           0 |           0 |           0 |
| Memory write bandwidth [MBytes/s] |    347.7422 |          0 |          0 |          0 |          0 |          0 |          0 |          0 |          0 |          0 |           0 |           0 |           0 |           0 |           0 |           0 |           0 |           0 |           0 |           0 |           0 |           0 |           0 |           0 |           0 |           0 |           0 |           0 |           0 |           0 |           0 |           0 |           0 |           0 |           0 |           0 |           0 |           0 |           0 |           0 |           0 |           0 |           0 |           0 |           0 |           0 |           0 |           0 |           0 |           0 |           0 |           0 |           0 |           0 |           0 |           0 |           0 |           0 |           0 |           0 |           0 |           0 |           0 |           0 |
| Memory write data volume [GBytes] |    362.4990 |          0 |          0 |          0 |          0 |          0 |          0 |          0 |          0 |          0 |           0 |           0 |           0 |           0 |           0 |           0 |           0 |           0 |           0 |           0 |           0 |           0 |           0 |           0 |           0 |           0 |           0 |           0 |           0 |           0 |           0 |           0 |           0 |           0 |           0 |           0 |           0 |           0 |           0 |           0 |           0 |           0 |           0 |           0 |           0 |           0 |           0 |           0 |           0 |           0 |           0 |           0 |           0 |           0 |           0 |           0 |           0 |           0 |           0 |           0 |           0 |           0 |           0 |           0 |
|    Memory bandwidth [MBytes/s]    | 224070.7786 |          0 |          0 |          0 |          0 |          0 |          0 |          0 |          0 |          0 |           0 |           0 |           0 |           0 |           0 |           0 |           0 |           0 |           0 |           0 |           0 |           0 |           0 |           0 |           0 |           0 |           0 |           0 |           0 |           0 |           0 |           0 |           0 |           0 |           0 |           0 |           0 |           0 |           0 |           0 |           0 |           0 |           0 |           0 |           0 |           0 |           0 |           0 |           0 |           0 |           0 |           0 |           0 |           0 |           0 |           0 |           0 |           0 |           0 |           0 |           0 |           0 |           0 |           0 |
|    Memory data volume [GBytes]    | 233579.4462 |          0 |          0 |          0 |          0 |          0 |          0 |          0 |          0 |          0 |           0 |           0 |           0 |           0 |           0 |           0 |           0 |           0 |           0 |           0 |           0 |           0 |           0 |           0 |           0 |           0 |           0 |           0 |           0 |           0 |           0 |           0 |           0 |           0 |           0 |           0 |           0 |           0 |           0 |           0 |           0 |           0 |           0 |           0 |           0 |           0 |           0 |           0 |           0 |           0 |           0 |           0 |           0 |           0 |           0 |           0 |           0 |           0 |           0 |           0 |           0 |           0 |           0 |           0 |
+-----------------------------------+-------------+------------+------------+------------+------------+------------+------------+------------+------------+------------+-------------+-------------+-------------+-------------+-------------+-------------+-------------+-------------+-------------+-------------+-------------+-------------+-------------+-------------+-------------+-------------+-------------+-------------+-------------+-------------+-------------+-------------+-------------+-------------+-------------+-------------+-------------+-------------+-------------+-------------+-------------+-------------+-------------+-------------+-------------+-------------+-------------+-------------+-------------+-------------+-------------+-------------+-------------+-------------+-------------+-------------+-------------+-------------+-------------+-------------+-------------+-------------+-------------+-------------+

+----------------------------------------+-------------+-----------+-------------+-----------+
|                 Metric                 |     Sum     |    Min    |     Max     |    Avg    |
+----------------------------------------+-------------+-----------+-------------+-----------+
|        Runtime (RDTSC) [s] STAT        |  66274.7810 | 1029.1780 |   1042.4360 | 1035.5435 |
|        Runtime unhalted [s] STAT       |  93647.1136 | 1462.8946 |   1464.1162 | 1463.2362 |
|            Clock [MHz] STAT            | 236672.6974 | 3697.4383 |   3699.1022 | 3698.0109 |
|                CPI STAT                |     57.0953 |    0.8729 |      0.9170 |    0.8921 |
|  Memory read bandwidth [MBytes/s] STAT | 223723.0364 |         0 | 223723.0364 | 3495.6724 |
|  Memory read data volume [GBytes] STAT | 233216.9472 |         0 | 233216.9472 | 3644.0148 |
| Memory write bandwidth [MBytes/s] STAT |    347.7422 |         0 |    347.7422 |    5.4335 |
| Memory write data volume [GBytes] STAT |    362.4990 |         0 |    362.4990 |    5.6640 |
|    Memory bandwidth [MBytes/s] STAT    | 224070.7786 |         0 | 224070.7786 | 3501.1059 |
|    Memory data volume [GBytes] STAT    | 233579.4462 |         0 | 233579.4462 | 3649.6788 |
+----------------------------------------+-------------+-----------+-------------+-----------+

