INFO: You are running LIKWID in a cpuset with 80 CPUs. Taking given IDs as logical ID in cpuset
--------------------------------------------------------------------------------
CPU name:	AMD EPYC 9A14 96-Core Processor                
CPU type:	AMD K19 (Zen4) architecture
CPU clock:	2.60 GHz
--------------------------------------------------------------------------------
Sys.CPU_THREADS       192
SLURM_CPUS_PER_TASK   80
OMP_NUM_THREADS       80
OMP_PROC_BIND         close
OMP_PLACES            cores
BLAS_NUM_THREADS      1
Threads.nthreads()    1

Successfully read data from: /public/home/halili/jld2file/cc-pvdz/h2o-1.0-cc-pvdz.jld2
  name: h2o
  ratio: 1.0
  basis: cc-pvdz
  nα: 5, nβ: 5, ne: 10, norb: 24, nq: 48

  ngs: 25495
  ncs: 128793

Warming up JIT and Hardware...
Warm-up completed.
  Step 001:  residual: 9.9885e-01,  e: -76.02676073376634
  Step 002:  residual: 3.3618e-01,  e: -76.22561643779900
  Step 003:  residual: 9.9286e-02,  e: -76.24222290584427
  Step 004:  residual: 3.2400e-02,  e: -76.24360734427414
  Step 005:  residual: 1.2871e-02,  e: -76.24376885653828
  Step 006:  residual: 4.3599e-03,  e: -76.24379383490465
  Step 007:  residual: 1.6905e-03,  e: -76.24379667642266
  Step 008:  residual: 7.0448e-04,  e: -76.24379712049128
  Step 009:  residual: 3.1828e-04,  e: -76.24379720589896
  Step 010:  residual: 1.2649e-04,  e: -76.24379722155595
  Step 011:  residual: 4.7677e-05,  e: -76.24379722386442
  Step 012:  residual: 1.7064e-05,  e: -76.24379722415701
  Step 013:  residual: 6.0873e-06,  e: -76.24379722419407

Convergence reached!
934.072967 seconds (7.21 M allocations: 91.224 GiB, 0.06% gc time, 0.21% compilation time)
--------------------------------------------------------------------------------
Region hvec_direct_agg, Group 1: MEM
+-------------------+------------+------------+------------+------------+------------+------------+------------+------------+------------+------------+-------------+-------------+-------------+-------------+-------------+-------------+-------------+-------------+-------------+-------------+-------------+-------------+-------------+-------------+-------------+-------------+-------------+-------------+-------------+-------------+-------------+-------------+-------------+-------------+-------------+-------------+-------------+-------------+-------------+-------------+-------------+-------------+-------------+-------------+-------------+-------------+-------------+-------------+-------------+-------------+-------------+-------------+-------------+-------------+-------------+-------------+-------------+-------------+-------------+-------------+-------------+-------------+-------------+-------------+-------------+-------------+-------------+-------------+-------------+-------------+-------------+-------------+-------------+-------------+-------------+-------------+-------------+-------------+-------------+-------------+
|    Region Info    | HWThread 0 | HWThread 1 | HWThread 2 | HWThread 3 | HWThread 4 | HWThread 5 | HWThread 6 | HWThread 7 | HWThread 8 | HWThread 9 | HWThread 10 | HWThread 11 | HWThread 12 | HWThread 13 | HWThread 14 | HWThread 15 | HWThread 16 | HWThread 17 | HWThread 18 | HWThread 19 | HWThread 20 | HWThread 21 | HWThread 22 | HWThread 23 | HWThread 24 | HWThread 25 | HWThread 26 | HWThread 27 | HWThread 28 | HWThread 29 | HWThread 30 | HWThread 31 | HWThread 32 | HWThread 33 | HWThread 34 | HWThread 35 | HWThread 36 | HWThread 37 | HWThread 38 | HWThread 39 | HWThread 40 | HWThread 41 | HWThread 42 | HWThread 43 | HWThread 44 | HWThread 45 | HWThread 46 | HWThread 47 | HWThread 48 | HWThread 49 | HWThread 50 | HWThread 51 | HWThread 52 | HWThread 53 | HWThread 54 | HWThread 55 | HWThread 56 | HWThread 57 | HWThread 58 | HWThread 59 | HWThread 60 | HWThread 61 | HWThread 62 | HWThread 63 | HWThread 64 | HWThread 65 | HWThread 66 | HWThread 67 | HWThread 68 | HWThread 69 | HWThread 70 | HWThread 71 | HWThread 72 | HWThread 73 | HWThread 74 | HWThread 75 | HWThread 76 | HWThread 77 | HWThread 78 | HWThread 79 |
+-------------------+------------+------------+------------+------------+------------+------------+------------+------------+------------+------------+-------------+-------------+-------------+-------------+-------------+-------------+-------------+-------------+-------------+-------------+-------------+-------------+-------------+-------------+-------------+-------------+-------------+-------------+-------------+-------------+-------------+-------------+-------------+-------------+-------------+-------------+-------------+-------------+-------------+-------------+-------------+-------------+-------------+-------------+-------------+-------------+-------------+-------------+-------------+-------------+-------------+-------------+-------------+-------------+-------------+-------------+-------------+-------------+-------------+-------------+-------------+-------------+-------------+-------------+-------------+-------------+-------------+-------------+-------------+-------------+-------------+-------------+-------------+-------------+-------------+-------------+-------------+-------------+-------------+-------------+
| RDTSC Runtime [s] | 915.629900 | 909.902100 | 907.491600 | 909.589200 | 908.349400 | 909.275800 | 912.936700 | 913.711000 | 912.659100 | 907.759300 |  910.656500 |  906.176200 |  912.935900 |  915.206100 |  905.620700 |  912.659100 |  906.741800 |  913.551700 |  907.056500 |  913.867500 |  905.782200 |  905.456400 |  909.436000 |  913.239600 |  914.750400 |  905.299900 |  904.823200 |  903.785800 |  914.460900 |  914.460900 |  903.899200 |  909.118500 |  909.746800 |  910.340300 |  910.340600 |  907.371200 |  912.120300 |  912.120300 |  910.061000 |  908.946500 |  906.473900 |  905.621200 |  906.473900 |  914.029400 |  914.029500 |  905.140800 |  913.397200 |  904.823500 |  904.193300 |  909.902000 |  908.632600 |  914.750000 |  904.670300 |  907.056100 |  911.376600 |  911.963400 |  911.094300 |  907.918100 |  911.702200 |  906.741700 |  914.750300 |  907.918200 |  904.356200 |  911.702400 |  912.272500 |  905.782300 |  915.205300 |  904.513400 |  911.376700 |  912.272800 |  910.779200 |  910.340900 |  908.187300 |  906.061400 |  910.779500 |  908.187000 |  908.632700 |  914.294900 |  903.912500 |  907.056100 |
|     call count    |         13 |         13 |         13 |         13 |         13 |         13 |         13 |         13 |         13 |         13 |          13 |          13 |          13 |          13 |          13 |          13 |          13 |          13 |          13 |          13 |          13 |          13 |          13 |          13 |          13 |          13 |          13 |          13 |          13 |          13 |          13 |          13 |          13 |          13 |          13 |          13 |          13 |          13 |          13 |          13 |          13 |          13 |          13 |          13 |          13 |          13 |          13 |          13 |          13 |          13 |          13 |          13 |          13 |          13 |          13 |          13 |          13 |          13 |          13 |          13 |          13 |          13 |          13 |          13 |          13 |          13 |          13 |          13 |          13 |          13 |          13 |          13 |          13 |          13 |          13 |          13 |          13 |          13 |          13 |          13 |
+-------------------+------------+------------+------------+------------+------------+------------+------------+------------+------------+------------+-------------+-------------+-------------+-------------+-------------+-------------+-------------+-------------+-------------+-------------+-------------+-------------+-------------+-------------+-------------+-------------+-------------+-------------+-------------+-------------+-------------+-------------+-------------+-------------+-------------+-------------+-------------+-------------+-------------+-------------+-------------+-------------+-------------+-------------+-------------+-------------+-------------+-------------+-------------+-------------+-------------+-------------+-------------+-------------+-------------+-------------+-------------+-------------+-------------+-------------+-------------+-------------+-------------+-------------+-------------+-------------+-------------+-------------+-------------+-------------+-------------+-------------+-------------+-------------+-------------+-------------+-------------+-------------+-------------+-------------+

+----------------------+---------+---------------+---------------+---------------+---------------+---------------+---------------+---------------+---------------+---------------+---------------+---------------+---------------+---------------+---------------+---------------+---------------+---------------+---------------+---------------+---------------+---------------+---------------+---------------+---------------+---------------+---------------+---------------+---------------+---------------+---------------+---------------+---------------+---------------+---------------+---------------+---------------+---------------+---------------+---------------+---------------+---------------+---------------+---------------+---------------+---------------+---------------+---------------+---------------+---------------+---------------+---------------+---------------+---------------+---------------+---------------+---------------+---------------+---------------+---------------+---------------+---------------+---------------+---------------+---------------+---------------+---------------+---------------+---------------+---------------+---------------+---------------+---------------+---------------+---------------+---------------+---------------+---------------+---------------+---------------+---------------+
|         Event        | Counter |   HWThread 0  |   HWThread 1  |   HWThread 2  |   HWThread 3  |   HWThread 4  |   HWThread 5  |   HWThread 6  |   HWThread 7  |   HWThread 8  |   HWThread 9  |  HWThread 10  |  HWThread 11  |  HWThread 12  |  HWThread 13  |  HWThread 14  |  HWThread 15  |  HWThread 16  |  HWThread 17  |  HWThread 18  |  HWThread 19  |  HWThread 20  |  HWThread 21  |  HWThread 22  |  HWThread 23  |  HWThread 24  |  HWThread 25  |  HWThread 26  |  HWThread 27  |  HWThread 28  |  HWThread 29  |  HWThread 30  |  HWThread 31  |  HWThread 32  |  HWThread 33  |  HWThread 34  |  HWThread 35  |  HWThread 36  |  HWThread 37  |  HWThread 38  |  HWThread 39  |  HWThread 40  |  HWThread 41  |  HWThread 42  |  HWThread 43  |  HWThread 44  |  HWThread 45  |  HWThread 46  |  HWThread 47  |  HWThread 48  |  HWThread 49  |  HWThread 50  |  HWThread 51  |  HWThread 52  |  HWThread 53  |  HWThread 54  |  HWThread 55  |  HWThread 56  |  HWThread 57  |  HWThread 58  |  HWThread 59  |  HWThread 60  |  HWThread 61  |  HWThread 62  |  HWThread 63  |  HWThread 64  |  HWThread 65  |  HWThread 66  |  HWThread 67  |  HWThread 68  |  HWThread 69  |  HWThread 70  |  HWThread 71  |  HWThread 72  |  HWThread 73  |  HWThread 74  |  HWThread 75  |  HWThread 76  |  HWThread 77  |  HWThread 78  |  HWThread 79  |
+----------------------+---------+---------------+---------------+---------------+---------------+---------------+---------------+---------------+---------------+---------------+---------------+---------------+---------------+---------------+---------------+---------------+---------------+---------------+---------------+---------------+---------------+---------------+---------------+---------------+---------------+---------------+---------------+---------------+---------------+---------------+---------------+---------------+---------------+---------------+---------------+---------------+---------------+---------------+---------------+---------------+---------------+---------------+---------------+---------------+---------------+---------------+---------------+---------------+---------------+---------------+---------------+---------------+---------------+---------------+---------------+---------------+---------------+---------------+---------------+---------------+---------------+---------------+---------------+---------------+---------------+---------------+---------------+---------------+---------------+---------------+---------------+---------------+---------------+---------------+---------------+---------------+---------------+---------------+---------------+---------------+---------------+
|   ACTUAL_CPU_CLOCK   |  FIXC1  | 3339727000000 | 3336743000000 | 3337280000000 | 3336333000000 | 3336737000000 | 3337422000000 | 3337352000000 | 3337234000000 | 3337222000000 | 3336082000000 | 3337158000000 | 3337166000000 | 3337073000000 | 3336993000000 | 3336821000000 | 3336622000000 | 3336927000000 | 3336939000000 | 3336477000000 | 3337096000000 | 3336448000000 | 3337079000000 | 3337060000000 | 3336653000000 | 3336572000000 | 3336898000000 | 3337129000000 | 3336939000000 | 3336759000000 | 3336773000000 | 3336212000000 | 3336962000000 | 3337085000000 | 3337223000000 | 3336682000000 | 3337051000000 | 3337040000000 | 3337180000000 | 3336633000000 | 3336749000000 | 3336749000000 | 3336731000000 | 3336635000000 | 3336969000000 | 3336536000000 | 3336667000000 | 3336663000000 | 3336736000000 | 3336916000000 | 3337216000000 | 3336498000000 | 3336979000000 | 3336991000000 | 3337135000000 | 3337198000000 | 3336479000000 | 3337003000000 | 3336748000000 | 3337131000000 | 3337531000000 | 3336847000000 | 3337343000000 | 3337343000000 | 3336692000000 | 3337514000000 | 3337023000000 | 3337260000000 | 3337295000000 | 3337072000000 | 3337432000000 | 3336619000000 | 3337410000000 | 3337223000000 | 3337155000000 | 3336952000000 | 3337269000000 | 3337140000000 | 3336692000000 | 3336603000000 | 3337102000000 |
|     MAX_CPU_CLOCK    |  FIXC2  | 2349877000000 | 2348930000000 | 2348870000000 | 2348260000000 | 2348508000000 | 2349075000000 | 2348933000000 | 2348948000000 | 2348903000000 | 2348093000000 | 2348871000000 | 2348834000000 | 2348920000000 | 2348708000000 | 2348723000000 | 2348584000000 | 2348653000000 | 2348655000000 | 2348480000000 | 2348818000000 | 2348506000000 | 2348765000000 | 2348655000000 | 2348358000000 | 2348519000000 | 2348614000000 | 2348922000000 | 2348636000000 | 2348564000000 | 2348658000000 | 2348239000000 | 2348641000000 | 2348760000000 | 2349023000000 | 2348749000000 | 2348848000000 | 2348905000000 | 2348802000000 | 2348500000000 | 2348550000000 | 2348678000000 | 2348506000000 | 2348440000000 | 2348705000000 | 2348426000000 | 2348430000000 | 2348426000000 | 2348491000000 | 2348642000000 | 2348886000000 | 2348393000000 | 2348831000000 | 2348694000000 | 2348829000000 | 2348820000000 | 2348346000000 | 2348879000000 | 2348710000000 | 2348890000000 | 2349089000000 | 2348662000000 | 2349008000000 | 2348941000000 | 2348693000000 | 2349070000000 | 2348768000000 | 2348913000000 | 2348930000000 | 2348812000000 | 2349107000000 | 2348479000000 | 2349031000000 | 2348889000000 | 2348811000000 | 2348835000000 | 2349060000000 | 2348809000000 | 2348489000000 | 2348440000000 | 2348951000000 |
| RETIRED_INSTRUCTIONS |   PMC0  | 3334333000000 | 3333214000000 | 3331334000000 | 3331577000000 | 3331231000000 | 3317428000000 | 3324380000000 | 3328320000000 | 3457348000000 | 3444072000000 | 3455814000000 | 3443438000000 | 3443197000000 | 3444432000000 | 3442447000000 | 3435187000000 | 3406166000000 | 3406243000000 | 3396029000000 | 3390880000000 | 3394724000000 | 3386101000000 | 3392243000000 | 3392891000000 | 3356728000000 | 3334358000000 | 3345890000000 | 3350467000000 | 3360795000000 | 3356323000000 | 3355238000000 | 3342951000000 | 3437897000000 | 3443835000000 | 3438911000000 | 3428010000000 | 3444526000000 | 3430297000000 | 3439649000000 | 3423331000000 | 3393830000000 | 3400106000000 | 3391682000000 | 3385532000000 | 3391585000000 | 3370993000000 | 3379964000000 | 3374134000000 | 3369001000000 | 3365972000000 | 3374006000000 | 3365263000000 | 3364392000000 | 3365195000000 | 3370716000000 | 3358873000000 | 3465878000000 | 3450983000000 | 3457189000000 | 3452186000000 | 3450818000000 | 3435884000000 | 3450920000000 | 3450511000000 | 3387432000000 | 3382570000000 | 3399266000000 | 3385529000000 | 3388948000000 | 3372966000000 | 3390503000000 | 3379790000000 | 3422387000000 | 3414998000000 | 3423732000000 | 3415629000000 | 3417722000000 | 3405334000000 | 3419394000000 | 3407255000000 |
|  CPU_CLOCKS_UNHALTED |   PMC1  | 3320594000000 | 3322214000000 | 3322810000000 | 3321709000000 | 3322505000000 | 3323272000000 | 3322941000000 | 3322542000000 | 3322652000000 | 3321680000000 | 3322737000000 | 3322865000000 | 3322831000000 | 3322611000000 | 3322305000000 | 3322285000000 | 3322545000000 | 3322546000000 | 3322181000000 | 3323091000000 | 3322560000000 | 3323279000000 | 3322371000000 | 3322213000000 | 3322157000000 | 3322819000000 | 3322982000000 | 3322427000000 | 3321759000000 | 3322023000000 | 3321926000000 | 3322225000000 | 3322754000000 | 3322286000000 | 3322050000000 | 3322536000000 | 3322762000000 | 3322864000000 | 3322371000000 | 3322525000000 | 3322609000000 | 3322232000000 | 3322102000000 | 3322492000000 | 3322361000000 | 3322283000000 | 3322445000000 | 3322505000000 | 3322763000000 | 3323195000000 | 3322309000000 | 3322792000000 | 3323034000000 | 3322770000000 | 3323115000000 | 3322213000000 | 3322347000000 | 3322569000000 | 3322591000000 | 3323435000000 | 3323044000000 | 3323262000000 | 3323500000000 | 3322573000000 | 3322524000000 | 3321699000000 | 3322877000000 | 3322685000000 | 3322207000000 | 3322400000000 | 3321873000000 | 3322784000000 | 3323030000000 | 3323088000000 | 3323039000000 | 3323140000000 | 3323447000000 | 3322436000000 | 3322750000000 | 3323457000000 |
|      CAS_CMD_RD      |  UMC0C0 |  311931600000 |             0 |             0 |             0 |             0 |             0 |             0 |             0 |             0 |             0 |             0 |             0 |             0 |             0 |             0 |             0 |             0 |             0 |             0 |             0 |             0 |             0 |             0 |             0 |             0 |             0 |             0 |             0 |             0 |             0 |             0 |             0 |             0 |             0 |             0 |             0 |             0 |             0 |             0 |             0 |             0 |             0 |             0 |             0 |             0 |             0 |             0 |             0 |             0 |             0 |             0 |             0 |             0 |             0 |             0 |             0 |             0 |             0 |             0 |             0 |             0 |             0 |             0 |             0 |             0 |             0 |             0 |             0 |             0 |             0 |             0 |             0 |             0 |             0 |             0 |             0 |             0 |             0 |             0 |             0 |
|      CAS_CMD_WR      |  UMC0C1 |     505309700 |             0 |             0 |             0 |             0 |             0 |             0 |             0 |             0 |             0 |             0 |             0 |             0 |             0 |             0 |             0 |             0 |             0 |             0 |             0 |             0 |             0 |             0 |             0 |             0 |             0 |             0 |             0 |             0 |             0 |             0 |             0 |             0 |             0 |             0 |             0 |             0 |             0 |             0 |             0 |             0 |             0 |             0 |             0 |             0 |             0 |             0 |             0 |             0 |             0 |             0 |             0 |             0 |             0 |             0 |             0 |             0 |             0 |             0 |             0 |             0 |             0 |             0 |             0 |             0 |             0 |             0 |             0 |             0 |             0 |             0 |             0 |             0 |             0 |             0 |             0 |             0 |             0 |             0 |             0 |
|      CAS_CMD_RD      |  UMC1C0 |  311787600000 |             0 |             0 |             0 |             0 |             0 |             0 |             0 |             0 |             0 |             0 |             0 |             0 |             0 |             0 |             0 |             0 |             0 |             0 |             0 |             0 |             0 |             0 |             0 |             0 |             0 |             0 |             0 |             0 |             0 |             0 |             0 |             0 |             0 |             0 |             0 |             0 |             0 |             0 |             0 |             0 |             0 |             0 |             0 |             0 |             0 |             0 |             0 |             0 |             0 |             0 |             0 |             0 |             0 |             0 |             0 |             0 |             0 |             0 |             0 |             0 |             0 |             0 |             0 |             0 |             0 |             0 |             0 |             0 |             0 |             0 |             0 |             0 |             0 |             0 |             0 |             0 |             0 |             0 |             0 |
|      CAS_CMD_WR      |  UMC1C1 |     498614900 |             0 |             0 |             0 |             0 |             0 |             0 |             0 |             0 |             0 |             0 |             0 |             0 |             0 |             0 |             0 |             0 |             0 |             0 |             0 |             0 |             0 |             0 |             0 |             0 |             0 |             0 |             0 |             0 |             0 |             0 |             0 |             0 |             0 |             0 |             0 |             0 |             0 |             0 |             0 |             0 |             0 |             0 |             0 |             0 |             0 |             0 |             0 |             0 |             0 |             0 |             0 |             0 |             0 |             0 |             0 |             0 |             0 |             0 |             0 |             0 |             0 |             0 |             0 |             0 |             0 |             0 |             0 |             0 |             0 |             0 |             0 |             0 |             0 |             0 |             0 |             0 |             0 |             0 |             0 |
|      CAS_CMD_RD      |  UMC2C0 |  312113000000 |             0 |             0 |             0 |             0 |             0 |             0 |             0 |             0 |             0 |             0 |             0 |             0 |             0 |             0 |             0 |             0 |             0 |             0 |             0 |             0 |             0 |             0 |             0 |             0 |             0 |             0 |             0 |             0 |             0 |             0 |             0 |             0 |             0 |             0 |             0 |             0 |             0 |             0 |             0 |             0 |             0 |             0 |             0 |             0 |             0 |             0 |             0 |             0 |             0 |             0 |             0 |             0 |             0 |             0 |             0 |             0 |             0 |             0 |             0 |             0 |             0 |             0 |             0 |             0 |             0 |             0 |             0 |             0 |             0 |             0 |             0 |             0 |             0 |             0 |             0 |             0 |             0 |             0 |             0 |
|      CAS_CMD_WR      |  UMC2C1 |     493903200 |             0 |             0 |             0 |             0 |             0 |             0 |             0 |             0 |             0 |             0 |             0 |             0 |             0 |             0 |             0 |             0 |             0 |             0 |             0 |             0 |             0 |             0 |             0 |             0 |             0 |             0 |             0 |             0 |             0 |             0 |             0 |             0 |             0 |             0 |             0 |             0 |             0 |             0 |             0 |             0 |             0 |             0 |             0 |             0 |             0 |             0 |             0 |             0 |             0 |             0 |             0 |             0 |             0 |             0 |             0 |             0 |             0 |             0 |             0 |             0 |             0 |             0 |             0 |             0 |             0 |             0 |             0 |             0 |             0 |             0 |             0 |             0 |             0 |             0 |             0 |             0 |             0 |             0 |             0 |
|      CAS_CMD_RD      |  UMC3C0 |  311828000000 |             0 |             0 |             0 |             0 |             0 |             0 |             0 |             0 |             0 |             0 |             0 |             0 |             0 |             0 |             0 |             0 |             0 |             0 |             0 |             0 |             0 |             0 |             0 |             0 |             0 |             0 |             0 |             0 |             0 |             0 |             0 |             0 |             0 |             0 |             0 |             0 |             0 |             0 |             0 |             0 |             0 |             0 |             0 |             0 |             0 |             0 |             0 |             0 |             0 |             0 |             0 |             0 |             0 |             0 |             0 |             0 |             0 |             0 |             0 |             0 |             0 |             0 |             0 |             0 |             0 |             0 |             0 |             0 |             0 |             0 |             0 |             0 |             0 |             0 |             0 |             0 |             0 |             0 |             0 |
|      CAS_CMD_WR      |  UMC3C1 |     493715100 |             0 |             0 |             0 |             0 |             0 |             0 |             0 |             0 |             0 |             0 |             0 |             0 |             0 |             0 |             0 |             0 |             0 |             0 |             0 |             0 |             0 |             0 |             0 |             0 |             0 |             0 |             0 |             0 |             0 |             0 |             0 |             0 |             0 |             0 |             0 |             0 |             0 |             0 |             0 |             0 |             0 |             0 |             0 |             0 |             0 |             0 |             0 |             0 |             0 |             0 |             0 |             0 |             0 |             0 |             0 |             0 |             0 |             0 |             0 |             0 |             0 |             0 |             0 |             0 |             0 |             0 |             0 |             0 |             0 |             0 |             0 |             0 |             0 |             0 |             0 |             0 |             0 |             0 |             0 |
|      CAS_CMD_RD      |  UMC4C0 |  311776300000 |             0 |             0 |             0 |             0 |             0 |             0 |             0 |             0 |             0 |             0 |             0 |             0 |             0 |             0 |             0 |             0 |             0 |             0 |             0 |             0 |             0 |             0 |             0 |             0 |             0 |             0 |             0 |             0 |             0 |             0 |             0 |             0 |             0 |             0 |             0 |             0 |             0 |             0 |             0 |             0 |             0 |             0 |             0 |             0 |             0 |             0 |             0 |             0 |             0 |             0 |             0 |             0 |             0 |             0 |             0 |             0 |             0 |             0 |             0 |             0 |             0 |             0 |             0 |             0 |             0 |             0 |             0 |             0 |             0 |             0 |             0 |             0 |             0 |             0 |             0 |             0 |             0 |             0 |             0 |
|      CAS_CMD_WR      |  UMC4C1 |     492955900 |             0 |             0 |             0 |             0 |             0 |             0 |             0 |             0 |             0 |             0 |             0 |             0 |             0 |             0 |             0 |             0 |             0 |             0 |             0 |             0 |             0 |             0 |             0 |             0 |             0 |             0 |             0 |             0 |             0 |             0 |             0 |             0 |             0 |             0 |             0 |             0 |             0 |             0 |             0 |             0 |             0 |             0 |             0 |             0 |             0 |             0 |             0 |             0 |             0 |             0 |             0 |             0 |             0 |             0 |             0 |             0 |             0 |             0 |             0 |             0 |             0 |             0 |             0 |             0 |             0 |             0 |             0 |             0 |             0 |             0 |             0 |             0 |             0 |             0 |             0 |             0 |             0 |             0 |             0 |
|      CAS_CMD_RD      |  UMC5C0 |  312103400000 |             0 |             0 |             0 |             0 |             0 |             0 |             0 |             0 |             0 |             0 |             0 |             0 |             0 |             0 |             0 |             0 |             0 |             0 |             0 |             0 |             0 |             0 |             0 |             0 |             0 |             0 |             0 |             0 |             0 |             0 |             0 |             0 |             0 |             0 |             0 |             0 |             0 |             0 |             0 |             0 |             0 |             0 |             0 |             0 |             0 |             0 |             0 |             0 |             0 |             0 |             0 |             0 |             0 |             0 |             0 |             0 |             0 |             0 |             0 |             0 |             0 |             0 |             0 |             0 |             0 |             0 |             0 |             0 |             0 |             0 |             0 |             0 |             0 |             0 |             0 |             0 |             0 |             0 |             0 |
|      CAS_CMD_WR      |  UMC5C1 |     475694800 |             0 |             0 |             0 |             0 |             0 |             0 |             0 |             0 |             0 |             0 |             0 |             0 |             0 |             0 |             0 |             0 |             0 |             0 |             0 |             0 |             0 |             0 |             0 |             0 |             0 |             0 |             0 |             0 |             0 |             0 |             0 |             0 |             0 |             0 |             0 |             0 |             0 |             0 |             0 |             0 |             0 |             0 |             0 |             0 |             0 |             0 |             0 |             0 |             0 |             0 |             0 |             0 |             0 |             0 |             0 |             0 |             0 |             0 |             0 |             0 |             0 |             0 |             0 |             0 |             0 |             0 |             0 |             0 |             0 |             0 |             0 |             0 |             0 |             0 |             0 |             0 |             0 |             0 |             0 |
|      CAS_CMD_RD      |  UMC6C0 |  311893900000 |             0 |             0 |             0 |             0 |             0 |             0 |             0 |             0 |             0 |             0 |             0 |             0 |             0 |             0 |             0 |             0 |             0 |             0 |             0 |             0 |             0 |             0 |             0 |             0 |             0 |             0 |             0 |             0 |             0 |             0 |             0 |             0 |             0 |             0 |             0 |             0 |             0 |             0 |             0 |             0 |             0 |             0 |             0 |             0 |             0 |             0 |             0 |             0 |             0 |             0 |             0 |             0 |             0 |             0 |             0 |             0 |             0 |             0 |             0 |             0 |             0 |             0 |             0 |             0 |             0 |             0 |             0 |             0 |             0 |             0 |             0 |             0 |             0 |             0 |             0 |             0 |             0 |             0 |             0 |
|      CAS_CMD_WR      |  UMC6C1 |     512727900 |             0 |             0 |             0 |             0 |             0 |             0 |             0 |             0 |             0 |             0 |             0 |             0 |             0 |             0 |             0 |             0 |             0 |             0 |             0 |             0 |             0 |             0 |             0 |             0 |             0 |             0 |             0 |             0 |             0 |             0 |             0 |             0 |             0 |             0 |             0 |             0 |             0 |             0 |             0 |             0 |             0 |             0 |             0 |             0 |             0 |             0 |             0 |             0 |             0 |             0 |             0 |             0 |             0 |             0 |             0 |             0 |             0 |             0 |             0 |             0 |             0 |             0 |             0 |             0 |             0 |             0 |             0 |             0 |             0 |             0 |             0 |             0 |             0 |             0 |             0 |             0 |             0 |             0 |             0 |
|      CAS_CMD_RD      |  UMC7C0 |  311835800000 |             0 |             0 |             0 |             0 |             0 |             0 |             0 |             0 |             0 |             0 |             0 |             0 |             0 |             0 |             0 |             0 |             0 |             0 |             0 |             0 |             0 |             0 |             0 |             0 |             0 |             0 |             0 |             0 |             0 |             0 |             0 |             0 |             0 |             0 |             0 |             0 |             0 |             0 |             0 |             0 |             0 |             0 |             0 |             0 |             0 |             0 |             0 |             0 |             0 |             0 |             0 |             0 |             0 |             0 |             0 |             0 |             0 |             0 |             0 |             0 |             0 |             0 |             0 |             0 |             0 |             0 |             0 |             0 |             0 |             0 |             0 |             0 |             0 |             0 |             0 |             0 |             0 |             0 |             0 |
|      CAS_CMD_WR      |  UMC7C1 |     499317000 |             0 |             0 |             0 |             0 |             0 |             0 |             0 |             0 |             0 |             0 |             0 |             0 |             0 |             0 |             0 |             0 |             0 |             0 |             0 |             0 |             0 |             0 |             0 |             0 |             0 |             0 |             0 |             0 |             0 |             0 |             0 |             0 |             0 |             0 |             0 |             0 |             0 |             0 |             0 |             0 |             0 |             0 |             0 |             0 |             0 |             0 |             0 |             0 |             0 |             0 |             0 |             0 |             0 |             0 |             0 |             0 |             0 |             0 |             0 |             0 |             0 |             0 |             0 |             0 |             0 |             0 |             0 |             0 |             0 |             0 |             0 |             0 |             0 |             0 |             0 |             0 |             0 |             0 |             0 |
|      CAS_CMD_RD      |  UMC8C0 |  312064100000 |             0 |             0 |             0 |             0 |             0 |             0 |             0 |             0 |             0 |             0 |             0 |             0 |             0 |             0 |             0 |             0 |             0 |             0 |             0 |             0 |             0 |             0 |             0 |             0 |             0 |             0 |             0 |             0 |             0 |             0 |             0 |             0 |             0 |             0 |             0 |             0 |             0 |             0 |             0 |             0 |             0 |             0 |             0 |             0 |             0 |             0 |             0 |             0 |             0 |             0 |             0 |             0 |             0 |             0 |             0 |             0 |             0 |             0 |             0 |             0 |             0 |             0 |             0 |             0 |             0 |             0 |             0 |             0 |             0 |             0 |             0 |             0 |             0 |             0 |             0 |             0 |             0 |             0 |             0 |
|      CAS_CMD_WR      |  UMC8C1 |     492115400 |             0 |             0 |             0 |             0 |             0 |             0 |             0 |             0 |             0 |             0 |             0 |             0 |             0 |             0 |             0 |             0 |             0 |             0 |             0 |             0 |             0 |             0 |             0 |             0 |             0 |             0 |             0 |             0 |             0 |             0 |             0 |             0 |             0 |             0 |             0 |             0 |             0 |             0 |             0 |             0 |             0 |             0 |             0 |             0 |             0 |             0 |             0 |             0 |             0 |             0 |             0 |             0 |             0 |             0 |             0 |             0 |             0 |             0 |             0 |             0 |             0 |             0 |             0 |             0 |             0 |             0 |             0 |             0 |             0 |             0 |             0 |             0 |             0 |             0 |             0 |             0 |             0 |             0 |             0 |
|      CAS_CMD_RD      |  UMC9C0 |  311696700000 |             0 |             0 |             0 |             0 |             0 |             0 |             0 |             0 |             0 |             0 |             0 |             0 |             0 |             0 |             0 |             0 |             0 |             0 |             0 |             0 |             0 |             0 |             0 |             0 |             0 |             0 |             0 |             0 |             0 |             0 |             0 |             0 |             0 |             0 |             0 |             0 |             0 |             0 |             0 |             0 |             0 |             0 |             0 |             0 |             0 |             0 |             0 |             0 |             0 |             0 |             0 |             0 |             0 |             0 |             0 |             0 |             0 |             0 |             0 |             0 |             0 |             0 |             0 |             0 |             0 |             0 |             0 |             0 |             0 |             0 |             0 |             0 |             0 |             0 |             0 |             0 |             0 |             0 |             0 |
|      CAS_CMD_WR      |  UMC9C1 |     489474500 |             0 |             0 |             0 |             0 |             0 |             0 |             0 |             0 |             0 |             0 |             0 |             0 |             0 |             0 |             0 |             0 |             0 |             0 |             0 |             0 |             0 |             0 |             0 |             0 |             0 |             0 |             0 |             0 |             0 |             0 |             0 |             0 |             0 |             0 |             0 |             0 |             0 |             0 |             0 |             0 |             0 |             0 |             0 |             0 |             0 |             0 |             0 |             0 |             0 |             0 |             0 |             0 |             0 |             0 |             0 |             0 |             0 |             0 |             0 |             0 |             0 |             0 |             0 |             0 |             0 |             0 |             0 |             0 |             0 |             0 |             0 |             0 |             0 |             0 |             0 |             0 |             0 |             0 |             0 |
|      CAS_CMD_RD      | UMC10C0 |  311693500000 |             0 |             0 |             0 |             0 |             0 |             0 |             0 |             0 |             0 |             0 |             0 |             0 |             0 |             0 |             0 |             0 |             0 |             0 |             0 |             0 |             0 |             0 |             0 |             0 |             0 |             0 |             0 |             0 |             0 |             0 |             0 |             0 |             0 |             0 |             0 |             0 |             0 |             0 |             0 |             0 |             0 |             0 |             0 |             0 |             0 |             0 |             0 |             0 |             0 |             0 |             0 |             0 |             0 |             0 |             0 |             0 |             0 |             0 |             0 |             0 |             0 |             0 |             0 |             0 |             0 |             0 |             0 |             0 |             0 |             0 |             0 |             0 |             0 |             0 |             0 |             0 |             0 |             0 |             0 |
|      CAS_CMD_WR      | UMC10C1 |     492237400 |             0 |             0 |             0 |             0 |             0 |             0 |             0 |             0 |             0 |             0 |             0 |             0 |             0 |             0 |             0 |             0 |             0 |             0 |             0 |             0 |             0 |             0 |             0 |             0 |             0 |             0 |             0 |             0 |             0 |             0 |             0 |             0 |             0 |             0 |             0 |             0 |             0 |             0 |             0 |             0 |             0 |             0 |             0 |             0 |             0 |             0 |             0 |             0 |             0 |             0 |             0 |             0 |             0 |             0 |             0 |             0 |             0 |             0 |             0 |             0 |             0 |             0 |             0 |             0 |             0 |             0 |             0 |             0 |             0 |             0 |             0 |             0 |             0 |             0 |             0 |             0 |             0 |             0 |             0 |
|      CAS_CMD_RD      | UMC11C0 |  311982100000 |             0 |             0 |             0 |             0 |             0 |             0 |             0 |             0 |             0 |             0 |             0 |             0 |             0 |             0 |             0 |             0 |             0 |             0 |             0 |             0 |             0 |             0 |             0 |             0 |             0 |             0 |             0 |             0 |             0 |             0 |             0 |             0 |             0 |             0 |             0 |             0 |             0 |             0 |             0 |             0 |             0 |             0 |             0 |             0 |             0 |             0 |             0 |             0 |             0 |             0 |             0 |             0 |             0 |             0 |             0 |             0 |             0 |             0 |             0 |             0 |             0 |             0 |             0 |             0 |             0 |             0 |             0 |             0 |             0 |             0 |             0 |             0 |             0 |             0 |             0 |             0 |             0 |             0 |             0 |
|      CAS_CMD_WR      | UMC11C1 |     496898100 |             0 |             0 |             0 |             0 |             0 |             0 |             0 |             0 |             0 |             0 |             0 |             0 |             0 |             0 |             0 |             0 |             0 |             0 |             0 |             0 |             0 |             0 |             0 |             0 |             0 |             0 |             0 |             0 |             0 |             0 |             0 |             0 |             0 |             0 |             0 |             0 |             0 |             0 |             0 |             0 |             0 |             0 |             0 |             0 |             0 |             0 |             0 |             0 |             0 |             0 |             0 |             0 |             0 |             0 |             0 |             0 |             0 |             0 |             0 |             0 |             0 |             0 |             0 |             0 |             0 |             0 |             0 |             0 |             0 |             0 |             0 |             0 |             0 |             0 |             0 |             0 |             0 |             0 |             0 |
+----------------------+---------+---------------+---------------+---------------+---------------+---------------+---------------+---------------+---------------+---------------+---------------+---------------+---------------+---------------+---------------+---------------+---------------+---------------+---------------+---------------+---------------+---------------+---------------+---------------+---------------+---------------+---------------+---------------+---------------+---------------+---------------+---------------+---------------+---------------+---------------+---------------+---------------+---------------+---------------+---------------+---------------+---------------+---------------+---------------+---------------+---------------+---------------+---------------+---------------+---------------+---------------+---------------+---------------+---------------+---------------+---------------+---------------+---------------+---------------+---------------+---------------+---------------+---------------+---------------+---------------+---------------+---------------+---------------+---------------+---------------+---------------+---------------+---------------+---------------+---------------+---------------+---------------+---------------+---------------+---------------+---------------+

+---------------------------+---------+-----------------+---------------+---------------+---------------+
|           Event           | Counter |       Sum       |      Min      |      Max      |      Avg      |
+---------------------------+---------+-----------------+---------------+---------------+---------------+
|   ACTUAL_CPU_CLOCK STAT   |  FIXC1  | 266958028000000 | 3336082000000 | 3339727000000 | 3336975350000 |
|     MAX_CPU_CLOCK STAT    |  FIXC2  | 187898666000000 | 2348093000000 | 2349877000000 | 2348733325000 |
| RETIRED_INSTRUCTIONS STAT |   PMC0  | 271701303000000 | 3317428000000 | 3465878000000 | 3396266287500 |
|  CPU_CLOCKS_UNHALTED STAT |   PMC1  | 265805782000000 | 3320594000000 | 3323500000000 | 3322572275000 |
|      CAS_CMD_RD STAT      |  UMC0C0 |    311931600000 |             0 |  311931600000 |    3899145000 |
|      CAS_CMD_WR STAT      |  UMC0C1 |       505309700 |             0 |     505309700 |  6.316371e+06 |
|      CAS_CMD_RD STAT      |  UMC1C0 |    311787600000 |             0 |  311787600000 |    3897345000 |
|      CAS_CMD_WR STAT      |  UMC1C1 |       498614900 |             0 |     498614900 |  6.232686e+06 |
|      CAS_CMD_RD STAT      |  UMC2C0 |    312113000000 |             0 |  312113000000 |    3901412500 |
|      CAS_CMD_WR STAT      |  UMC2C1 |       493903200 |             0 |     493903200 |       6173790 |
|      CAS_CMD_RD STAT      |  UMC3C0 |    311828000000 |             0 |  311828000000 |    3897850000 |
|      CAS_CMD_WR STAT      |  UMC3C1 |       493715100 |             0 |     493715100 |  6.171439e+06 |
|      CAS_CMD_RD STAT      |  UMC4C0 |    311776300000 |             0 |  311776300000 |    3897203750 |
|      CAS_CMD_WR STAT      |  UMC4C1 |       492955900 |             0 |     492955900 |  6.161949e+06 |
|      CAS_CMD_RD STAT      |  UMC5C0 |    312103400000 |             0 |  312103400000 |    3901292500 |
|      CAS_CMD_WR STAT      |  UMC5C1 |       475694800 |             0 |     475694800 |       5946185 |
|      CAS_CMD_RD STAT      |  UMC6C0 |    311893900000 |             0 |  311893900000 |    3898673750 |
|      CAS_CMD_WR STAT      |  UMC6C1 |       512727900 |             0 |     512727900 |  6.409099e+06 |
|      CAS_CMD_RD STAT      |  UMC7C0 |    311835800000 |             0 |  311835800000 |    3897947500 |
|      CAS_CMD_WR STAT      |  UMC7C1 |       499317000 |             0 |     499317000 |  6.241462e+06 |
|      CAS_CMD_RD STAT      |  UMC8C0 |    312064100000 |             0 |  312064100000 |    3900801250 |
|      CAS_CMD_WR STAT      |  UMC8C1 |       492115400 |             0 |     492115400 |  6.151442e+06 |
|      CAS_CMD_RD STAT      |  UMC9C0 |    311696700000 |             0 |  311696700000 |    3896208750 |
|      CAS_CMD_WR STAT      |  UMC9C1 |       489474500 |             0 |     489474500 |  6.118431e+06 |
|      CAS_CMD_RD STAT      | UMC10C0 |    311693500000 |             0 |  311693500000 |    3896168750 |
|      CAS_CMD_WR STAT      | UMC10C1 |       492237400 |             0 |     492237400 |  6.152968e+06 |
|      CAS_CMD_RD STAT      | UMC11C0 |    311982100000 |             0 |  311982100000 |    3899776250 |
|      CAS_CMD_WR STAT      | UMC11C1 |       496898100 |             0 |     496898100 |  6.211226e+06 |
+---------------------------+---------+-----------------+---------------+---------------+---------------+

+-----------------------------------+-------------+------------+------------+------------+------------+------------+------------+------------+------------+------------+-------------+-------------+-------------+-------------+-------------+-------------+-------------+-------------+-------------+-------------+-------------+-------------+-------------+-------------+-------------+-------------+-------------+-------------+-------------+-------------+-------------+-------------+-------------+-------------+-------------+-------------+-------------+-------------+-------------+-------------+-------------+-------------+-------------+-------------+-------------+-------------+-------------+-------------+-------------+-------------+-------------+-------------+-------------+-------------+-------------+-------------+-------------+-------------+-------------+-------------+-------------+-------------+-------------+-------------+-------------+-------------+-------------+-------------+-------------+-------------+-------------+-------------+-------------+-------------+-------------+-------------+-------------+-------------+-------------+-------------+
|               Metric              |  HWThread 0 | HWThread 1 | HWThread 2 | HWThread 3 | HWThread 4 | HWThread 5 | HWThread 6 | HWThread 7 | HWThread 8 | HWThread 9 | HWThread 10 | HWThread 11 | HWThread 12 | HWThread 13 | HWThread 14 | HWThread 15 | HWThread 16 | HWThread 17 | HWThread 18 | HWThread 19 | HWThread 20 | HWThread 21 | HWThread 22 | HWThread 23 | HWThread 24 | HWThread 25 | HWThread 26 | HWThread 27 | HWThread 28 | HWThread 29 | HWThread 30 | HWThread 31 | HWThread 32 | HWThread 33 | HWThread 34 | HWThread 35 | HWThread 36 | HWThread 37 | HWThread 38 | HWThread 39 | HWThread 40 | HWThread 41 | HWThread 42 | HWThread 43 | HWThread 44 | HWThread 45 | HWThread 46 | HWThread 47 | HWThread 48 | HWThread 49 | HWThread 50 | HWThread 51 | HWThread 52 | HWThread 53 | HWThread 54 | HWThread 55 | HWThread 56 | HWThread 57 | HWThread 58 | HWThread 59 | HWThread 60 | HWThread 61 | HWThread 62 | HWThread 63 | HWThread 64 | HWThread 65 | HWThread 66 | HWThread 67 | HWThread 68 | HWThread 69 | HWThread 70 | HWThread 71 | HWThread 72 | HWThread 73 | HWThread 74 | HWThread 75 | HWThread 76 | HWThread 77 | HWThread 78 | HWThread 79 |
+-----------------------------------+-------------+------------+------------+------------+------------+------------+------------+------------+------------+------------+-------------+-------------+-------------+-------------+-------------+-------------+-------------+-------------+-------------+-------------+-------------+-------------+-------------+-------------+-------------+-------------+-------------+-------------+-------------+-------------+-------------+-------------+-------------+-------------+-------------+-------------+-------------+-------------+-------------+-------------+-------------+-------------+-------------+-------------+-------------+-------------+-------------+-------------+-------------+-------------+-------------+-------------+-------------+-------------+-------------+-------------+-------------+-------------+-------------+-------------+-------------+-------------+-------------+-------------+-------------+-------------+-------------+-------------+-------------+-------------+-------------+-------------+-------------+-------------+-------------+-------------+-------------+-------------+-------------+-------------+
|        Runtime (RDTSC) [s]        |    915.6299 |   909.9021 |   907.4916 |   909.5892 |   908.3494 |   909.2758 |   912.9367 |   913.7110 |   912.6591 |   907.7593 |    910.6565 |    906.1762 |    912.9359 |    915.2061 |    905.6207 |    912.6591 |    906.7418 |    913.5517 |    907.0565 |    913.8675 |    905.7822 |    905.4564 |    909.4360 |    913.2396 |    914.7504 |    905.2999 |    904.8232 |    903.7858 |    914.4609 |    914.4609 |    903.8992 |    909.1185 |    909.7468 |    910.3403 |    910.3406 |    907.3712 |    912.1203 |    912.1203 |    910.0610 |    908.9465 |    906.4739 |    905.6212 |    906.4739 |    914.0294 |    914.0295 |    905.1408 |    913.3972 |    904.8235 |    904.1933 |    909.9020 |    908.6326 |    914.7500 |    904.6703 |    907.0561 |    911.3766 |    911.9634 |    911.0943 |    907.9181 |    911.7022 |    906.7417 |    914.7503 |    907.9182 |    904.3562 |    911.7024 |    912.2725 |    905.7823 |    915.2053 |    904.5134 |    911.3767 |    912.2728 |    910.7792 |    910.3409 |    908.1873 |    906.0614 |    910.7795 |    908.1870 |    908.6327 |    914.2949 |    903.9125 |    907.0561 |
|        Runtime unhalted [s]       |   1284.5158 |  1283.3681 |  1283.5747 |  1283.2104 |  1283.3658 |  1283.6293 |  1283.6024 |  1283.5570 |  1283.5524 |  1283.1139 |   1283.5277 |   1283.5308 |   1283.4951 |   1283.4643 |   1283.3981 |   1283.3216 |   1283.4389 |   1283.4435 |   1283.2658 |   1283.5039 |   1283.2547 |   1283.4974 |   1283.4901 |   1283.3335 |   1283.3024 |   1283.4277 |   1283.5166 |   1283.4435 |   1283.3743 |   1283.3797 |   1283.1639 |   1283.4524 |   1283.4997 |   1283.5527 |   1283.3447 |   1283.4866 |   1283.4824 |   1283.5362 |   1283.3258 |   1283.3704 |   1283.3704 |   1283.3635 |   1283.3266 |   1283.4551 |   1283.2885 |   1283.3389 |   1283.3374 |   1283.3654 |   1283.4347 |   1283.5501 |   1283.2739 |   1283.4589 |   1283.4635 |   1283.5189 |   1283.5431 |   1283.2666 |   1283.4681 |   1283.3701 |   1283.5174 |   1283.6712 |   1283.4081 |   1283.5989 |   1283.5989 |   1283.3485 |   1283.6647 |   1283.4758 |   1283.5670 |   1283.5804 |   1283.4947 |   1283.6331 |   1283.3204 |   1283.6247 |   1283.5527 |   1283.5266 |   1283.4485 |   1283.5704 |   1283.5208 |   1283.3485 |   1283.3143 |   1283.5062 |
|            Clock [MHz]            |   3695.1948 |  3693.3817 |  3694.0704 |  3693.9815 |  3694.0387 |  3693.9052 |  3694.0510 |  3693.8968 |  3693.9543 |  3693.9663 |   3693.9338 |   3694.0009 |   3693.7627 |   3694.0075 |   3693.7935 |   3693.7918 |   3694.0210 |   3694.0311 |   3693.7949 |   3693.9485 |   3693.7219 |   3694.0131 |   3694.1651 |   3694.1816 |   3693.8387 |   3694.0502 |   3693.8215 |   3694.0610 |   3693.9750 |   3693.8426 |   3693.8806 |   3694.0786 |   3694.0276 |   3693.7667 |   3693.5988 |   3693.8515 |   3693.7497 |   3694.0667 |   3693.9361 |   3693.9859 |   3693.7846 |   3694.0352 |   3694.0327 |   3693.9857 |   3693.9451 |   3694.0839 |   3694.0857 |   3694.0643 |   3694.0261 |   3693.9744 |   3693.9550 |   3693.7986 |   3694.0273 |   3693.9744 |   3694.0583 |   3694.0079 |   3693.7497 |   3693.7332 |   3693.8740 |   3694.0039 |   3693.9182 |   3693.9231 |   3694.0285 |   3693.6979 |   3694.0149 |   3693.9464 |   3693.9807 |   3693.9927 |   3693.9314 |   3693.8660 |   3693.9537 |   3693.9611 |   3693.9775 |   3694.0249 |   3693.7624 |   3693.7595 |   3694.0114 |   3694.0188 |   3693.9973 |   3693.7460 |
|                CPI                |      0.9959 |     0.9967 |     0.9974 |     0.9970 |     0.9974 |     1.0018 |     0.9996 |     0.9983 |     0.9610 |     0.9645 |      0.9615 |      0.9650 |      0.9650 |      0.9646 |      0.9651 |      0.9671 |      0.9755 |      0.9754 |      0.9783 |      0.9800 |      0.9787 |      0.9814 |      0.9794 |      0.9792 |      0.9897 |      0.9965 |      0.9932 |      0.9916 |      0.9884 |      0.9898 |      0.9901 |      0.9938 |      0.9665 |      0.9647 |      0.9660 |      0.9692 |      0.9646 |      0.9687 |      0.9659 |      0.9706 |      0.9790 |      0.9771 |      0.9795 |      0.9814 |      0.9796 |      0.9856 |      0.9830 |      0.9847 |      0.9863 |      0.9873 |      0.9847 |      0.9874 |      0.9877 |      0.9874 |      0.9859 |      0.9891 |      0.9586 |      0.9628 |      0.9611 |      0.9627 |      0.9630 |      0.9672 |      0.9631 |      0.9629 |      0.9808 |      0.9820 |      0.9775 |      0.9814 |      0.9803 |      0.9850 |      0.9798 |      0.9831 |      0.9710 |      0.9731 |      0.9706 |      0.9729 |      0.9724 |      0.9757 |      0.9717 |      0.9754 |
|  Memory read bandwidth [MBytes/s] | 261604.8078 |          0 |          0 |          0 |          0 |          0 |          0 |          0 |          0 |          0 |           0 |           0 |           0 |           0 |           0 |           0 |           0 |           0 |           0 |           0 |           0 |           0 |           0 |           0 |           0 |           0 |           0 |           0 |           0 |           0 |           0 |           0 |           0 |           0 |           0 |           0 |           0 |           0 |           0 |           0 |           0 |           0 |           0 |           0 |           0 |           0 |           0 |           0 |           0 |           0 |           0 |           0 |           0 |           0 |           0 |           0 |           0 |           0 |           0 |           0 |           0 |           0 |           0 |           0 |           0 |           0 |           0 |           0 |           0 |           0 |           0 |           0 |           0 |           0 |           0 |           0 |           0 |           0 |           0 |           0 |
|  Memory read data volume [GBytes] | 239533.1840 |          0 |          0 |          0 |          0 |          0 |          0 |          0 |          0 |          0 |           0 |           0 |           0 |           0 |           0 |           0 |           0 |           0 |           0 |           0 |           0 |           0 |           0 |           0 |           0 |           0 |           0 |           0 |           0 |           0 |           0 |           0 |           0 |           0 |           0 |           0 |           0 |           0 |           0 |           0 |           0 |           0 |           0 |           0 |           0 |           0 |           0 |           0 |           0 |           0 |           0 |           0 |           0 |           0 |           0 |           0 |           0 |           0 |           0 |           0 |           0 |           0 |           0 |           0 |           0 |           0 |           0 |           0 |           0 |           0 |           0 |           0 |           0 |           0 |           0 |           0 |           0 |           0 |           0 |           0 |
| Memory write bandwidth [MBytes/s] |    415.3968 |          0 |          0 |          0 |          0 |          0 |          0 |          0 |          0 |          0 |           0 |           0 |           0 |           0 |           0 |           0 |           0 |           0 |           0 |           0 |           0 |           0 |           0 |           0 |           0 |           0 |           0 |           0 |           0 |           0 |           0 |           0 |           0 |           0 |           0 |           0 |           0 |           0 |           0 |           0 |           0 |           0 |           0 |           0 |           0 |           0 |           0 |           0 |           0 |           0 |           0 |           0 |           0 |           0 |           0 |           0 |           0 |           0 |           0 |           0 |           0 |           0 |           0 |           0 |           0 |           0 |           0 |           0 |           0 |           0 |           0 |           0 |           0 |           0 |           0 |           0 |           0 |           0 |           0 |           0 |
| Memory write data volume [GBytes] |    380.3497 |          0 |          0 |          0 |          0 |          0 |          0 |          0 |          0 |          0 |           0 |           0 |           0 |           0 |           0 |           0 |           0 |           0 |           0 |           0 |           0 |           0 |           0 |           0 |           0 |           0 |           0 |           0 |           0 |           0 |           0 |           0 |           0 |           0 |           0 |           0 |           0 |           0 |           0 |           0 |           0 |           0 |           0 |           0 |           0 |           0 |           0 |           0 |           0 |           0 |           0 |           0 |           0 |           0 |           0 |           0 |           0 |           0 |           0 |           0 |           0 |           0 |           0 |           0 |           0 |           0 |           0 |           0 |           0 |           0 |           0 |           0 |           0 |           0 |           0 |           0 |           0 |           0 |           0 |           0 |
|    Memory bandwidth [MBytes/s]    | 262020.2045 |          0 |          0 |          0 |          0 |          0 |          0 |          0 |          0 |          0 |           0 |           0 |           0 |           0 |           0 |           0 |           0 |           0 |           0 |           0 |           0 |           0 |           0 |           0 |           0 |           0 |           0 |           0 |           0 |           0 |           0 |           0 |           0 |           0 |           0 |           0 |           0 |           0 |           0 |           0 |           0 |           0 |           0 |           0 |           0 |           0 |           0 |           0 |           0 |           0 |           0 |           0 |           0 |           0 |           0 |           0 |           0 |           0 |           0 |           0 |           0 |           0 |           0 |           0 |           0 |           0 |           0 |           0 |           0 |           0 |           0 |           0 |           0 |           0 |           0 |           0 |           0 |           0 |           0 |           0 |
|    Memory data volume [GBytes]    | 239913.5337 |          0 |          0 |          0 |          0 |          0 |          0 |          0 |          0 |          0 |           0 |           0 |           0 |           0 |           0 |           0 |           0 |           0 |           0 |           0 |           0 |           0 |           0 |           0 |           0 |           0 |           0 |           0 |           0 |           0 |           0 |           0 |           0 |           0 |           0 |           0 |           0 |           0 |           0 |           0 |           0 |           0 |           0 |           0 |           0 |           0 |           0 |           0 |           0 |           0 |           0 |           0 |           0 |           0 |           0 |           0 |           0 |           0 |           0 |           0 |           0 |           0 |           0 |           0 |           0 |           0 |           0 |           0 |           0 |           0 |           0 |           0 |           0 |           0 |           0 |           0 |           0 |           0 |           0 |           0 |
+-----------------------------------+-------------+------------+------------+------------+------------+------------+------------+------------+------------+------------+-------------+-------------+-------------+-------------+-------------+-------------+-------------+-------------+-------------+-------------+-------------+-------------+-------------+-------------+-------------+-------------+-------------+-------------+-------------+-------------+-------------+-------------+-------------+-------------+-------------+-------------+-------------+-------------+-------------+-------------+-------------+-------------+-------------+-------------+-------------+-------------+-------------+-------------+-------------+-------------+-------------+-------------+-------------+-------------+-------------+-------------+-------------+-------------+-------------+-------------+-------------+-------------+-------------+-------------+-------------+-------------+-------------+-------------+-------------+-------------+-------------+-------------+-------------+-------------+-------------+-------------+-------------+-------------+-------------+-------------+

+----------------------------------------+-------------+-----------+-------------+-----------+
|                 Metric                 |     Sum     |    Min    |     Max     |    Avg    |
+----------------------------------------+-------------+-----------+-------------+-----------+
|        Runtime (RDTSC) [s] STAT        |  72765.7077 |  903.7858 |    915.6299 |  909.5713 |
|        Runtime unhalted [s] STAT       | 102676.5997 | 1283.1139 |   1284.5158 | 1283.4575 |
|            Clock [MHz] STAT            | 295515.8517 | 3693.3817 |   3695.1948 | 3693.9481 |
|                CPI STAT                |     78.2749 |    0.9586 |      1.0018 |    0.9784 |
|  Memory read bandwidth [MBytes/s] STAT | 261604.8078 |         0 | 261604.8078 | 3270.0601 |
|  Memory read data volume [GBytes] STAT | 239533.1840 |         0 | 239533.1840 | 2994.1648 |
| Memory write bandwidth [MBytes/s] STAT |    415.3968 |         0 |    415.3968 |    5.1925 |
| Memory write data volume [GBytes] STAT |    380.3497 |         0 |    380.3497 |    4.7544 |
|    Memory bandwidth [MBytes/s] STAT    | 262020.2045 |         0 | 262020.2045 | 3275.2526 |
|    Memory data volume [GBytes] STAT    | 239913.5337 |         0 | 239913.5337 | 2998.9192 |
+----------------------------------------+-------------+-----------+-------------+-----------+

