INFO: You are running LIKWID in a cpuset with 96 CPUs. Taking given IDs as logical ID in cpuset
--------------------------------------------------------------------------------
CPU name:	AMD EPYC 9A14 96-Core Processor                
CPU type:	AMD K19 (Zen4) architecture
CPU clock:	2.60 GHz
--------------------------------------------------------------------------------
Sys.CPU_THREADS       192
SLURM_CPUS_PER_TASK   96
OMP_NUM_THREADS       96
OMP_PROC_BIND         close
OMP_PLACES            cores
BLAS_NUM_THREADS      1
Threads.nthreads()    1

Successfully read data from: /public/home/halili/jld2file/cc-pvdz/h2o-1.0-cc-pvdz.jld2
  name: h2o
  ratio: 1.0
  basis: cc-pvdz
  nα: 5, nβ: 5, ne: 10, norb: 24, nq: 48

  ngs: 25495
  ncs: 128793

Warming up JIT and Hardware...
Warm-up completed.
  Step 001:  residual: 9.9885e-01,  e: -76.02676073376620
  Step 002:  residual: 3.3618e-01,  e: -76.22561643779886
  Step 003:  residual: 9.9286e-02,  e: -76.24222290584414
  Step 004:  residual: 3.2400e-02,  e: -76.24360734427401
  Step 005:  residual: 1.2871e-02,  e: -76.24376885653811
  Step 006:  residual: 4.3599e-03,  e: -76.24379383490454
  Step 007:  residual: 1.6905e-03,  e: -76.24379667642252
  Step 008:  residual: 7.0448e-04,  e: -76.24379712049114
  Step 009:  residual: 3.1828e-04,  e: -76.24379720589882
  Step 010:  residual: 1.2649e-04,  e: -76.24379722155582
  Step 011:  residual: 4.7677e-05,  e: -76.24379722386431
  Step 012:  residual: 1.7064e-05,  e: -76.24379722415685
  Step 013:  residual: 6.0873e-06,  e: -76.24379722419391

Convergence reached!
877.189081 seconds (7.21 M allocations: 91.224 GiB, 0.06% gc time, 0.23% compilation time)
--------------------------------------------------------------------------------
Region hvec_direct_agg, Group 1: MEM
+-------------------+------------+------------+------------+------------+------------+------------+------------+------------+------------+------------+-------------+-------------+-------------+-------------+-------------+-------------+-------------+-------------+-------------+-------------+-------------+-------------+-------------+-------------+-------------+-------------+-------------+-------------+-------------+-------------+-------------+-------------+-------------+-------------+-------------+-------------+-------------+-------------+-------------+-------------+-------------+-------------+-------------+-------------+-------------+-------------+-------------+-------------+-------------+-------------+-------------+-------------+-------------+-------------+-------------+-------------+-------------+-------------+-------------+-------------+-------------+-------------+-------------+-------------+-------------+-------------+-------------+-------------+-------------+-------------+-------------+-------------+-------------+-------------+-------------+-------------+-------------+-------------+-------------+-------------+-------------+-------------+-------------+-------------+-------------+-------------+-------------+-------------+-------------+-------------+-------------+-------------+-------------+-------------+-------------+-------------+
|    Region Info    | HWThread 0 | HWThread 1 | HWThread 2 | HWThread 3 | HWThread 4 | HWThread 5 | HWThread 6 | HWThread 7 | HWThread 8 | HWThread 9 | HWThread 10 | HWThread 11 | HWThread 12 | HWThread 13 | HWThread 14 | HWThread 15 | HWThread 16 | HWThread 17 | HWThread 18 | HWThread 19 | HWThread 20 | HWThread 21 | HWThread 22 | HWThread 23 | HWThread 24 | HWThread 25 | HWThread 26 | HWThread 27 | HWThread 28 | HWThread 29 | HWThread 30 | HWThread 31 | HWThread 32 | HWThread 33 | HWThread 34 | HWThread 35 | HWThread 36 | HWThread 37 | HWThread 38 | HWThread 39 | HWThread 40 | HWThread 41 | HWThread 42 | HWThread 43 | HWThread 44 | HWThread 45 | HWThread 46 | HWThread 47 | HWThread 48 | HWThread 49 | HWThread 50 | HWThread 51 | HWThread 52 | HWThread 53 | HWThread 54 | HWThread 55 | HWThread 56 | HWThread 57 | HWThread 58 | HWThread 59 | HWThread 60 | HWThread 61 | HWThread 62 | HWThread 63 | HWThread 64 | HWThread 65 | HWThread 66 | HWThread 67 | HWThread 68 | HWThread 69 | HWThread 70 | HWThread 71 | HWThread 72 | HWThread 73 | HWThread 74 | HWThread 75 | HWThread 76 | HWThread 77 | HWThread 78 | HWThread 79 | HWThread 80 | HWThread 81 | HWThread 82 | HWThread 83 | HWThread 84 | HWThread 85 | HWThread 86 | HWThread 87 | HWThread 88 | HWThread 89 | HWThread 90 | HWThread 91 | HWThread 92 | HWThread 93 | HWThread 94 | HWThread 95 |
+-------------------+------------+------------+------------+------------+------------+------------+------------+------------+------------+------------+-------------+-------------+-------------+-------------+-------------+-------------+-------------+-------------+-------------+-------------+-------------+-------------+-------------+-------------+-------------+-------------+-------------+-------------+-------------+-------------+-------------+-------------+-------------+-------------+-------------+-------------+-------------+-------------+-------------+-------------+-------------+-------------+-------------+-------------+-------------+-------------+-------------+-------------+-------------+-------------+-------------+-------------+-------------+-------------+-------------+-------------+-------------+-------------+-------------+-------------+-------------+-------------+-------------+-------------+-------------+-------------+-------------+-------------+-------------+-------------+-------------+-------------+-------------+-------------+-------------+-------------+-------------+-------------+-------------+-------------+-------------+-------------+-------------+-------------+-------------+-------------+-------------+-------------+-------------+-------------+-------------+-------------+-------------+-------------+-------------+-------------+
| RDTSC Runtime [s] | 859.079300 | 847.962200 | 847.500400 | 846.041400 | 847.963200 | 851.769100 | 844.966700 | 852.225900 | 849.479300 | 851.536200 |  844.730400 |  838.071700 |  849.244800 |  855.686500 |  854.277700 |  847.266100 |  855.920500 |  841.830500 |  840.333500 |  850.072700 |  853.809500 |  839.403800 |  854.748100 |  842.759900 |  844.966100 |  840.562300 |  840.099600 |  854.042200 |  854.981800 |  856.144300 |  838.707200 |  846.634200 |  843.227400 |  843.637700 |  853.573700 |  844.276100 |  841.202100 |  853.103300 |  843.227100 |  842.292700 |  856.143400 |  851.996800 |  855.217100 |  851.997200 |  844.050400 |  858.213500 |  849.245200 |  844.502900 |  841.433800 |  841.434000 |  840.791500 |  842.060500 |  842.525500 |  852.872100 |  853.338200 |  842.993100 |  857.740000 |  856.801800 |  846.220800 |  839.635900 |  850.305100 |  858.449300 |  850.305100 |  837.886000 |  845.631000 |  850.541200 |  858.690100 |  857.504800 |  845.388300 |  848.604100 |  840.791700 |  848.604300 |  839.175800 |  848.370800 |  856.565100 |  845.211100 |  854.513600 |  850.717800 |  857.038100 |  843.637600 |  851.139900 |  838.304200 |  855.450700 |  838.304200 |  851.139900 |  839.868600 |  849.008800 |  845.807100 |  846.867500 |  857.972500 |  849.478800 |  852.635800 |  846.867800 |  857.274500 |  838.941700 |  847.728300 |
|     call count    |         13 |         13 |         13 |         13 |         13 |         13 |         13 |         13 |         13 |         13 |          13 |          13 |          13 |          13 |          13 |          13 |          13 |          13 |          13 |          13 |          13 |          13 |          13 |          13 |          13 |          13 |          13 |          13 |          13 |          13 |          13 |          13 |          13 |          13 |          13 |          13 |          13 |          13 |          13 |          13 |          13 |          13 |          13 |          13 |          13 |          13 |          13 |          13 |          13 |          13 |          13 |          13 |          13 |          13 |          13 |          13 |          13 |          13 |          13 |          13 |          13 |          13 |          13 |          13 |          13 |          13 |          13 |          13 |          13 |          13 |          13 |          13 |          13 |          13 |          13 |          13 |          13 |          13 |          13 |          13 |          13 |          13 |          13 |          13 |          13 |          13 |          13 |          13 |          13 |          13 |          13 |          13 |          13 |          13 |          13 |          13 |
+-------------------+------------+------------+------------+------------+------------+------------+------------+------------+------------+------------+-------------+-------------+-------------+-------------+-------------+-------------+-------------+-------------+-------------+-------------+-------------+-------------+-------------+-------------+-------------+-------------+-------------+-------------+-------------+-------------+-------------+-------------+-------------+-------------+-------------+-------------+-------------+-------------+-------------+-------------+-------------+-------------+-------------+-------------+-------------+-------------+-------------+-------------+-------------+-------------+-------------+-------------+-------------+-------------+-------------+-------------+-------------+-------------+-------------+-------------+-------------+-------------+-------------+-------------+-------------+-------------+-------------+-------------+-------------+-------------+-------------+-------------+-------------+-------------+-------------+-------------+-------------+-------------+-------------+-------------+-------------+-------------+-------------+-------------+-------------+-------------+-------------+-------------+-------------+-------------+-------------+-------------+-------------+-------------+-------------+-------------+

+----------------------+---------+----------------+---------------+---------------+---------------+---------------+---------------+---------------+---------------+---------------+---------------+---------------+---------------+---------------+---------------+---------------+---------------+---------------+---------------+---------------+---------------+---------------+---------------+---------------+---------------+---------------+---------------+---------------+---------------+---------------+---------------+---------------+---------------+---------------+---------------+---------------+---------------+---------------+---------------+---------------+---------------+---------------+---------------+---------------+---------------+---------------+---------------+---------------+---------------+---------------+---------------+---------------+---------------+---------------+---------------+---------------+---------------+---------------+---------------+---------------+---------------+---------------+---------------+---------------+---------------+---------------+---------------+---------------+---------------+---------------+---------------+---------------+---------------+---------------+---------------+---------------+---------------+---------------+---------------+---------------+---------------+---------------+---------------+---------------+---------------+---------------+---------------+---------------+---------------+---------------+---------------+---------------+---------------+---------------+---------------+---------------+---------------+
|         Event        | Counter |   HWThread 0   |   HWThread 1  |   HWThread 2  |   HWThread 3  |   HWThread 4  |   HWThread 5  |   HWThread 6  |   HWThread 7  |   HWThread 8  |   HWThread 9  |  HWThread 10  |  HWThread 11  |  HWThread 12  |  HWThread 13  |  HWThread 14  |  HWThread 15  |  HWThread 16  |  HWThread 17  |  HWThread 18  |  HWThread 19  |  HWThread 20  |  HWThread 21  |  HWThread 22  |  HWThread 23  |  HWThread 24  |  HWThread 25  |  HWThread 26  |  HWThread 27  |  HWThread 28  |  HWThread 29  |  HWThread 30  |  HWThread 31  |  HWThread 32  |  HWThread 33  |  HWThread 34  |  HWThread 35  |  HWThread 36  |  HWThread 37  |  HWThread 38  |  HWThread 39  |  HWThread 40  |  HWThread 41  |  HWThread 42  |  HWThread 43  |  HWThread 44  |  HWThread 45  |  HWThread 46  |  HWThread 47  |  HWThread 48  |  HWThread 49  |  HWThread 50  |  HWThread 51  |  HWThread 52  |  HWThread 53  |  HWThread 54  |  HWThread 55  |  HWThread 56  |  HWThread 57  |  HWThread 58  |  HWThread 59  |  HWThread 60  |  HWThread 61  |  HWThread 62  |  HWThread 63  |  HWThread 64  |  HWThread 65  |  HWThread 66  |  HWThread 67  |  HWThread 68  |  HWThread 69  |  HWThread 70  |  HWThread 71  |  HWThread 72  |  HWThread 73  |  HWThread 74  |  HWThread 75  |  HWThread 76  |  HWThread 77  |  HWThread 78  |  HWThread 79  |  HWThread 80  |  HWThread 81  |  HWThread 82  |  HWThread 83  |  HWThread 84  |  HWThread 85  |  HWThread 86  |  HWThread 87  |  HWThread 88  |  HWThread 89  |  HWThread 90  |  HWThread 91  |  HWThread 92  |  HWThread 93  |  HWThread 94  |  HWThread 95  |
+----------------------+---------+----------------+---------------+---------------+---------------+---------------+---------------+---------------+---------------+---------------+---------------+---------------+---------------+---------------+---------------+---------------+---------------+---------------+---------------+---------------+---------------+---------------+---------------+---------------+---------------+---------------+---------------+---------------+---------------+---------------+---------------+---------------+---------------+---------------+---------------+---------------+---------------+---------------+---------------+---------------+---------------+---------------+---------------+---------------+---------------+---------------+---------------+---------------+---------------+---------------+---------------+---------------+---------------+---------------+---------------+---------------+---------------+---------------+---------------+---------------+---------------+---------------+---------------+---------------+---------------+---------------+---------------+---------------+---------------+---------------+---------------+---------------+---------------+---------------+---------------+---------------+---------------+---------------+---------------+---------------+---------------+---------------+---------------+---------------+---------------+---------------+---------------+---------------+---------------+---------------+---------------+---------------+---------------+---------------+---------------+---------------+---------------+
|   ACTUAL_CPU_CLOCK   |  FIXC1  |  3083340000000 | 3080552000000 | 3081391000000 | 3080556000000 | 3081011000000 | 3080832000000 | 3080508000000 | 3081302000000 | 3080557000000 | 3080890000000 | 3080841000000 | 3081208000000 | 3080847000000 | 3080335000000 | 3080637000000 | 3080488000000 | 3080883000000 | 3080448000000 | 3080856000000 | 3080940000000 | 3080844000000 | 3080406000000 | 3080574000000 | 3080586000000 | 3080585000000 | 3080765000000 | 3081332000000 | 3080703000000 | 3080403000000 | 3080694000000 | 3080873000000 | 3081140000000 | 3080779000000 | 3079862000000 | 3080218000000 | 3080900000000 | 3080294000000 | 3081250000000 | 3080432000000 | 3080388000000 | 3080545000000 | 3080067000000 | 3080005000000 | 3080184000000 | 3080593000000 | 3080444000000 | 3080839000000 | 3080924000000 | 3080443000000 | 3080963000000 | 3080340000000 | 3080737000000 | 3081051000000 | 3080743000000 | 3080837000000 | 3080999000000 | 3080251000000 | 3080563000000 | 3080626000000 | 3080191000000 | 3081126000000 | 3080613000000 | 3080542000000 | 3080731000000 | 3080533000000 | 3080256000000 | 3080613000000 | 3080728000000 | 3080884000000 | 3080321000000 | 3080864000000 | 3080595000000 | 3080947000000 | 3080412000000 | 3080632000000 | 3081096000000 | 3080995000000 | 3080693000000 | 3080794000000 | 3080549000000 | 3080173000000 | 3080868000000 | 3081037000000 | 3080377000000 | 3080122000000 | 3080408000000 | 3080836000000 | 3080690000000 | 3080575000000 | 3080671000000 | 3080274000000 | 3081028000000 | 3080523000000 | 3080623000000 | 3080405000000 | 3080695000000 |
|     MAX_CPU_CLOCK    |  FIXC2  |  3.162378e+180 | 2177581000000 | 2177754000000 | 2177335000000 | 2177471000000 | 2177316000000 | 2177144000000 | 2177663000000 | 2177287000000 | 2177549000000 | 2177410000000 | 2177658000000 | 2177539000000 | 2177052000000 | 2177225000000 | 2177234000000 | 2177385000000 | 2177241000000 | 2177432000000 | 2177582000000 | 2177393000000 | 2177101000000 | 2177330000000 | 2177329000000 | 2177180000000 | 2177323000000 | 2177718000000 | 2177427000000 | 2177219000000 | 2177352000000 | 2177546000000 | 2177701000000 | 2177384000000 | 2176800000000 | 2176947000000 | 2177405000000 | 2176982000000 | 2177787000000 | 2177237000000 | 2177059000000 | 2177348000000 | 2177009000000 | 2176989000000 | 2177089000000 | 2177237000000 | 2177246000000 | 2177625000000 | 2177436000000 | 2177295000000 | 2177522000000 | 2177189000000 | 2177447000000 | 2177570000000 | 2177488000000 | 2177646000000 | 2177643000000 | 2177110000000 | 2177288000000 | 2177224000000 | 2177083000000 | 2177718000000 | 2177248000000 | 2177280000000 | 2177298000000 | 2177305000000 | 2176974000000 | 2177347000000 | 2177457000000 | 2177566000000 | 2177164000000 | 2177405000000 | 2177321000000 | 2177469000000 | 2177238000000 | 2177372000000 | 2177666000000 | 2177635000000 | 2177258000000 | 2177373000000 | 2177158000000 | 2177041000000 | 2177559000000 | 2177549000000 | 2177194000000 | 2177001000000 | 2177243000000 | 2177417000000 | 2177336000000 | 2177373000000 | 2177302000000 | 2177121000000 | 2177666000000 | 2177271000000 | 2177248000000 | 2177255000000 | 2177383000000 |
| RETIRED_INSTRUCTIONS |   PMC0  |  1.120431e+219 | 2775632000000 | 2778600000000 | 2769383000000 | 2776201000000 | 2782251000000 | 2772339000000 | 2769896000000 | 2886167000000 | 2899123000000 | 2894336000000 | 2889225000000 | 2891493000000 | 2884446000000 | 2890911000000 | 2891424000000 | 2836547000000 | 2819596000000 | 2827344000000 | 2828660000000 | 2818373000000 | 2810444000000 | 2820302000000 | 2816551000000 | 2791374000000 | 2793840000000 | 2791089000000 | 2794306000000 | 2800849000000 | 2782970000000 | 2794629000000 | 2787437000000 | 2878225000000 | 2880928000000 | 2889838000000 | 2879092000000 | 2886621000000 | 2866432000000 | 2881894000000 | 2877748000000 | 2822439000000 | 2822135000000 | 2826991000000 | 2816178000000 | 2823625000000 | 2811026000000 | 2812632000000 | 2809384000000 | 2791736000000 | 2784922000000 | 2790162000000 | 2770965000000 | 2786637000000 | 2777424000000 | 2789026000000 | 2777046000000 | 2902071000000 | 2890043000000 | 2899614000000 | 2884171000000 | 2898979000000 | 2889675000000 | 2887437000000 | 2884467000000 | 2828253000000 | 2831147000000 | 2826344000000 | 2825608000000 | 2821917000000 | 2820655000000 | 2830444000000 | 2819229000000 | 2768407000000 | 2784362000000 | 2777207000000 | 2780545000000 | 2773932000000 | 2765416000000 | 2773022000000 | 2770314000000 | 2898485000000 | 2895169000000 | 2888557000000 | 2894971000000 | 2890271000000 | 2883064000000 | 2905810000000 | 2907345000000 | 2822759000000 | 2817755000000 | 2815418000000 | 2817723000000 | 2808494000000 | 2813212000000 | 2804217000000 | 2806136000000 |
|  CPU_CLOCKS_UNHALTED |   PMC1  |  3066906000000 | 3065972000000 | 3066921000000 | 3066184000000 | 3066600000000 | 3066321000000 | 3066066000000 | 3067097000000 | 3065999000000 | 3066749000000 | 3066849000000 | 3066974000000 | 3066508000000 | 3066439000000 | 3066570000000 | 3066438000000 | 3066446000000 | 3066309000000 | 3066709000000 | 3066807000000 | 3066636000000 | 3066183000000 | 3066523000000 | 3066203000000 | 3066330000000 | 3066666000000 | 3067071000000 | 3066468000000 | 3065973000000 | 3066615000000 | 3066958000000 | 3067040000000 | 3066615000000 | 3065508000000 | 3065892000000 | 3066257000000 | 3066051000000 | 3067310000000 | 3066270000000 | 3066319000000 | 3066441000000 | 3065775000000 | 3066038000000 | 3066152000000 | 3066135000000 | 3066396000000 | 3066761000000 | 3066784000000 | 3066227000000 | 3066747000000 | 3066283000000 | 3066793000000 | 3066963000000 | 3066424000000 | 3066732000000 | 3066893000000 | 3066272000000 | 3066379000000 | 3066387000000 | 3066141000000 | 3066624000000 | 3066558000000 | 3066245000000 | 3066288000000 | 3066196000000 | 3065299000000 | 3066386000000 | 3066572000000 | 3066744000000 | 3066122000000 | 3066612000000 | 3066598000000 | 3066834000000 | 3066188000000 | 3066338000000 | 3066685000000 | 3066961000000 | 3066738000000 | 3066533000000 | 3066375000000 | 3066150000000 | 3066985000000 | 3067093000000 | 3066407000000 | 3066030000000 | 3066481000000 | 3066889000000 | 3066812000000 | 3066238000000 | 3066436000000 | 3065895000000 | 3066748000000 | 3066262000000 | 3066378000000 | 3065985000000 | 3066110000000 |
|      CAS_CMD_RD      |  UMC0C0 | -7.994305e+115 |             0 |             0 |             0 |             0 |             0 |             0 |             0 |             0 |             0 |             0 |             0 |             0 |             0 |             0 |             0 |             0 |             0 |             0 |             0 |             0 |             0 |             0 |             0 |             0 |             0 |             0 |             0 |             0 |             0 |             0 |             0 |             0 |             0 |             0 |             0 |             0 |             0 |             0 |             0 |             0 |             0 |             0 |             0 |             0 |             0 |             0 |             0 |             0 |             0 |             0 |             0 |             0 |             0 |             0 |             0 |             0 |             0 |             0 |             0 |             0 |             0 |             0 |             0 |             0 |             0 |             0 |             0 |             0 |             0 |             0 |             0 |             0 |             0 |             0 |             0 |             0 |             0 |             0 |             0 |             0 |             0 |             0 |             0 |             0 |             0 |             0 |             0 |             0 |             0 |             0 |             0 |             0 |             0 |             0 |             0 |
|      CAS_CMD_WR      |  UMC0C1 |  6.849790e+180 |             0 |             0 |             0 |             0 |             0 |             0 |             0 |             0 |             0 |             0 |             0 |             0 |             0 |             0 |             0 |             0 |             0 |             0 |             0 |             0 |             0 |             0 |             0 |             0 |             0 |             0 |             0 |             0 |             0 |             0 |             0 |             0 |             0 |             0 |             0 |             0 |             0 |             0 |             0 |             0 |             0 |             0 |             0 |             0 |             0 |             0 |             0 |             0 |             0 |             0 |             0 |             0 |             0 |             0 |             0 |             0 |             0 |             0 |             0 |             0 |             0 |             0 |             0 |             0 |             0 |             0 |             0 |             0 |             0 |             0 |             0 |             0 |             0 |             0 |             0 |             0 |             0 |             0 |             0 |             0 |             0 |             0 |             0 |             0 |             0 |             0 |             0 |             0 |             0 |             0 |             0 |             0 |             0 |             0 |             0 |
|      CAS_CMD_RD      |  UMC1C0 |   316306300000 |             0 |             0 |             0 |             0 |             0 |             0 |             0 |             0 |             0 |             0 |             0 |             0 |             0 |             0 |             0 |             0 |             0 |             0 |             0 |             0 |             0 |             0 |             0 |             0 |             0 |             0 |             0 |             0 |             0 |             0 |             0 |             0 |             0 |             0 |             0 |             0 |             0 |             0 |             0 |             0 |             0 |             0 |             0 |             0 |             0 |             0 |             0 |             0 |             0 |             0 |             0 |             0 |             0 |             0 |             0 |             0 |             0 |             0 |             0 |             0 |             0 |             0 |             0 |             0 |             0 |             0 |             0 |             0 |             0 |             0 |             0 |             0 |             0 |             0 |             0 |             0 |             0 |             0 |             0 |             0 |             0 |             0 |             0 |             0 |             0 |             0 |             0 |             0 |             0 |             0 |             0 |             0 |             0 |             0 |             0 |
|      CAS_CMD_WR      |  UMC1C1 |      525789700 |             0 |             0 |             0 |             0 |             0 |             0 |             0 |             0 |             0 |             0 |             0 |             0 |             0 |             0 |             0 |             0 |             0 |             0 |             0 |             0 |             0 |             0 |             0 |             0 |             0 |             0 |             0 |             0 |             0 |             0 |             0 |             0 |             0 |             0 |             0 |             0 |             0 |             0 |             0 |             0 |             0 |             0 |             0 |             0 |             0 |             0 |             0 |             0 |             0 |             0 |             0 |             0 |             0 |             0 |             0 |             0 |             0 |             0 |             0 |             0 |             0 |             0 |             0 |             0 |             0 |             0 |             0 |             0 |             0 |             0 |             0 |             0 |             0 |             0 |             0 |             0 |             0 |             0 |             0 |             0 |             0 |             0 |             0 |             0 |             0 |             0 |             0 |             0 |             0 |             0 |             0 |             0 |             0 |             0 |             0 |
|      CAS_CMD_RD      |  UMC2C0 |   316304300000 |             0 |             0 |             0 |             0 |             0 |             0 |             0 |             0 |             0 |             0 |             0 |             0 |             0 |             0 |             0 |             0 |             0 |             0 |             0 |             0 |             0 |             0 |             0 |             0 |             0 |             0 |             0 |             0 |             0 |             0 |             0 |             0 |             0 |             0 |             0 |             0 |             0 |             0 |             0 |             0 |             0 |             0 |             0 |             0 |             0 |             0 |             0 |             0 |             0 |             0 |             0 |             0 |             0 |             0 |             0 |             0 |             0 |             0 |             0 |             0 |             0 |             0 |             0 |             0 |             0 |             0 |             0 |             0 |             0 |             0 |             0 |             0 |             0 |             0 |             0 |             0 |             0 |             0 |             0 |             0 |             0 |             0 |             0 |             0 |             0 |             0 |             0 |             0 |             0 |             0 |             0 |             0 |             0 |             0 |             0 |
|      CAS_CMD_WR      |  UMC2C1 |  1.507633e+161 |             0 |             0 |             0 |             0 |             0 |             0 |             0 |             0 |             0 |             0 |             0 |             0 |             0 |             0 |             0 |             0 |             0 |             0 |             0 |             0 |             0 |             0 |             0 |             0 |             0 |             0 |             0 |             0 |             0 |             0 |             0 |             0 |             0 |             0 |             0 |             0 |             0 |             0 |             0 |             0 |             0 |             0 |             0 |             0 |             0 |             0 |             0 |             0 |             0 |             0 |             0 |             0 |             0 |             0 |             0 |             0 |             0 |             0 |             0 |             0 |             0 |             0 |             0 |             0 |             0 |             0 |             0 |             0 |             0 |             0 |             0 |             0 |             0 |             0 |             0 |             0 |             0 |             0 |             0 |             0 |             0 |             0 |             0 |             0 |             0 |             0 |             0 |             0 |             0 |             0 |             0 |             0 |             0 |             0 |             0 |
|      CAS_CMD_RD      |  UMC3C0 |   316584300000 |             0 |             0 |             0 |             0 |             0 |             0 |             0 |             0 |             0 |             0 |             0 |             0 |             0 |             0 |             0 |             0 |             0 |             0 |             0 |             0 |             0 |             0 |             0 |             0 |             0 |             0 |             0 |             0 |             0 |             0 |             0 |             0 |             0 |             0 |             0 |             0 |             0 |             0 |             0 |             0 |             0 |             0 |             0 |             0 |             0 |             0 |             0 |             0 |             0 |             0 |             0 |             0 |             0 |             0 |             0 |             0 |             0 |             0 |             0 |             0 |             0 |             0 |             0 |             0 |             0 |             0 |             0 |             0 |             0 |             0 |             0 |             0 |             0 |             0 |             0 |             0 |             0 |             0 |             0 |             0 |             0 |             0 |             0 |             0 |             0 |             0 |             0 |             0 |             0 |             0 |             0 |             0 |             0 |             0 |             0 |
|      CAS_CMD_WR      |  UMC3C1 |      522135200 |             0 |             0 |             0 |             0 |             0 |             0 |             0 |             0 |             0 |             0 |             0 |             0 |             0 |             0 |             0 |             0 |             0 |             0 |             0 |             0 |             0 |             0 |             0 |             0 |             0 |             0 |             0 |             0 |             0 |             0 |             0 |             0 |             0 |             0 |             0 |             0 |             0 |             0 |             0 |             0 |             0 |             0 |             0 |             0 |             0 |             0 |             0 |             0 |             0 |             0 |             0 |             0 |             0 |             0 |             0 |             0 |             0 |             0 |             0 |             0 |             0 |             0 |             0 |             0 |             0 |             0 |             0 |             0 |             0 |             0 |             0 |             0 |             0 |             0 |             0 |             0 |             0 |             0 |             0 |             0 |             0 |             0 |             0 |             0 |             0 |             0 |             0 |             0 |             0 |             0 |             0 |             0 |             0 |             0 |             0 |
|      CAS_CMD_RD      |  UMC4C0 |   316217800000 |             0 |             0 |             0 |             0 |             0 |             0 |             0 |             0 |             0 |             0 |             0 |             0 |             0 |             0 |             0 |             0 |             0 |             0 |             0 |             0 |             0 |             0 |             0 |             0 |             0 |             0 |             0 |             0 |             0 |             0 |             0 |             0 |             0 |             0 |             0 |             0 |             0 |             0 |             0 |             0 |             0 |             0 |             0 |             0 |             0 |             0 |             0 |             0 |             0 |             0 |             0 |             0 |             0 |             0 |             0 |             0 |             0 |             0 |             0 |             0 |             0 |             0 |             0 |             0 |             0 |             0 |             0 |             0 |             0 |             0 |             0 |             0 |             0 |             0 |             0 |             0 |             0 |             0 |             0 |             0 |             0 |             0 |             0 |             0 |             0 |             0 |             0 |             0 |             0 |             0 |             0 |             0 |             0 |             0 |             0 |
|      CAS_CMD_WR      |  UMC4C1 |      521926300 |             0 |             0 |             0 |             0 |             0 |             0 |             0 |             0 |             0 |             0 |             0 |             0 |             0 |             0 |             0 |             0 |             0 |             0 |             0 |             0 |             0 |             0 |             0 |             0 |             0 |             0 |             0 |             0 |             0 |             0 |             0 |             0 |             0 |             0 |             0 |             0 |             0 |             0 |             0 |             0 |             0 |             0 |             0 |             0 |             0 |             0 |             0 |             0 |             0 |             0 |             0 |             0 |             0 |             0 |             0 |             0 |             0 |             0 |             0 |             0 |             0 |             0 |             0 |             0 |             0 |             0 |             0 |             0 |             0 |             0 |             0 |             0 |             0 |             0 |             0 |             0 |             0 |             0 |             0 |             0 |             0 |             0 |             0 |             0 |             0 |             0 |             0 |             0 |             0 |             0 |             0 |             0 |             0 |             0 |             0 |
|      CAS_CMD_RD      |  UMC5C0 |   316293900000 |             0 |             0 |             0 |             0 |             0 |             0 |             0 |             0 |             0 |             0 |             0 |             0 |             0 |             0 |             0 |             0 |             0 |             0 |             0 |             0 |             0 |             0 |             0 |             0 |             0 |             0 |             0 |             0 |             0 |             0 |             0 |             0 |             0 |             0 |             0 |             0 |             0 |             0 |             0 |             0 |             0 |             0 |             0 |             0 |             0 |             0 |             0 |             0 |             0 |             0 |             0 |             0 |             0 |             0 |             0 |             0 |             0 |             0 |             0 |             0 |             0 |             0 |             0 |             0 |             0 |             0 |             0 |             0 |             0 |             0 |             0 |             0 |             0 |             0 |             0 |             0 |             0 |             0 |             0 |             0 |             0 |             0 |             0 |             0 |             0 |             0 |             0 |             0 |             0 |             0 |             0 |             0 |             0 |             0 |             0 |
|      CAS_CMD_WR      |  UMC5C1 |      509232800 |             0 |             0 |             0 |             0 |             0 |             0 |             0 |             0 |             0 |             0 |             0 |             0 |             0 |             0 |             0 |             0 |             0 |             0 |             0 |             0 |             0 |             0 |             0 |             0 |             0 |             0 |             0 |             0 |             0 |             0 |             0 |             0 |             0 |             0 |             0 |             0 |             0 |             0 |             0 |             0 |             0 |             0 |             0 |             0 |             0 |             0 |             0 |             0 |             0 |             0 |             0 |             0 |             0 |             0 |             0 |             0 |             0 |             0 |             0 |             0 |             0 |             0 |             0 |             0 |             0 |             0 |             0 |             0 |             0 |             0 |             0 |             0 |             0 |             0 |             0 |             0 |             0 |             0 |             0 |             0 |             0 |             0 |             0 |             0 |             0 |             0 |             0 |             0 |             0 |             0 |             0 |             0 |             0 |             0 |             0 |
|      CAS_CMD_RD      |  UMC6C0 |   316351800000 |             0 |             0 |             0 |             0 |             0 |             0 |             0 |             0 |             0 |             0 |             0 |             0 |             0 |             0 |             0 |             0 |             0 |             0 |             0 |             0 |             0 |             0 |             0 |             0 |             0 |             0 |             0 |             0 |             0 |             0 |             0 |             0 |             0 |             0 |             0 |             0 |             0 |             0 |             0 |             0 |             0 |             0 |             0 |             0 |             0 |             0 |             0 |             0 |             0 |             0 |             0 |             0 |             0 |             0 |             0 |             0 |             0 |             0 |             0 |             0 |             0 |             0 |             0 |             0 |             0 |             0 |             0 |             0 |             0 |             0 |             0 |             0 |             0 |             0 |             0 |             0 |             0 |             0 |             0 |             0 |             0 |             0 |             0 |             0 |             0 |             0 |             0 |             0 |             0 |             0 |             0 |             0 |             0 |             0 |             0 |
|      CAS_CMD_WR      |  UMC6C1 |      531948000 |             0 |             0 |             0 |             0 |             0 |             0 |             0 |             0 |             0 |             0 |             0 |             0 |             0 |             0 |             0 |             0 |             0 |             0 |             0 |             0 |             0 |             0 |             0 |             0 |             0 |             0 |             0 |             0 |             0 |             0 |             0 |             0 |             0 |             0 |             0 |             0 |             0 |             0 |             0 |             0 |             0 |             0 |             0 |             0 |             0 |             0 |             0 |             0 |             0 |             0 |             0 |             0 |             0 |             0 |             0 |             0 |             0 |             0 |             0 |             0 |             0 |             0 |             0 |             0 |             0 |             0 |             0 |             0 |             0 |             0 |             0 |             0 |             0 |             0 |             0 |             0 |             0 |             0 |             0 |             0 |             0 |             0 |             0 |             0 |             0 |             0 |             0 |             0 |             0 |             0 |             0 |             0 |             0 |             0 |             0 |
|      CAS_CMD_RD      |  UMC7C0 |   316120100000 |             0 |             0 |             0 |             0 |             0 |             0 |             0 |             0 |             0 |             0 |             0 |             0 |             0 |             0 |             0 |             0 |             0 |             0 |             0 |             0 |             0 |             0 |             0 |             0 |             0 |             0 |             0 |             0 |             0 |             0 |             0 |             0 |             0 |             0 |             0 |             0 |             0 |             0 |             0 |             0 |             0 |             0 |             0 |             0 |             0 |             0 |             0 |             0 |             0 |             0 |             0 |             0 |             0 |             0 |             0 |             0 |             0 |             0 |             0 |             0 |             0 |             0 |             0 |             0 |             0 |             0 |             0 |             0 |             0 |             0 |             0 |             0 |             0 |             0 |             0 |             0 |             0 |             0 |             0 |             0 |             0 |             0 |             0 |             0 |             0 |             0 |             0 |             0 |             0 |             0 |             0 |             0 |             0 |             0 |             0 |
|      CAS_CMD_WR      |  UMC7C1 |      533207500 |             0 |             0 |             0 |             0 |             0 |             0 |             0 |             0 |             0 |             0 |             0 |             0 |             0 |             0 |             0 |             0 |             0 |             0 |             0 |             0 |             0 |             0 |             0 |             0 |             0 |             0 |             0 |             0 |             0 |             0 |             0 |             0 |             0 |             0 |             0 |             0 |             0 |             0 |             0 |             0 |             0 |             0 |             0 |             0 |             0 |             0 |             0 |             0 |             0 |             0 |             0 |             0 |             0 |             0 |             0 |             0 |             0 |             0 |             0 |             0 |             0 |             0 |             0 |             0 |             0 |             0 |             0 |             0 |             0 |             0 |             0 |             0 |             0 |             0 |             0 |             0 |             0 |             0 |             0 |             0 |             0 |             0 |             0 |             0 |             0 |             0 |             0 |             0 |             0 |             0 |             0 |             0 |             0 |             0 |             0 |
|      CAS_CMD_RD      |  UMC8C0 |   316104500000 |             0 |             0 |             0 |             0 |             0 |             0 |             0 |             0 |             0 |             0 |             0 |             0 |             0 |             0 |             0 |             0 |             0 |             0 |             0 |             0 |             0 |             0 |             0 |             0 |             0 |             0 |             0 |             0 |             0 |             0 |             0 |             0 |             0 |             0 |             0 |             0 |             0 |             0 |             0 |             0 |             0 |             0 |             0 |             0 |             0 |             0 |             0 |             0 |             0 |             0 |             0 |             0 |             0 |             0 |             0 |             0 |             0 |             0 |             0 |             0 |             0 |             0 |             0 |             0 |             0 |             0 |             0 |             0 |             0 |             0 |             0 |             0 |             0 |             0 |             0 |             0 |             0 |             0 |             0 |             0 |             0 |             0 |             0 |             0 |             0 |             0 |             0 |             0 |             0 |             0 |             0 |             0 |             0 |             0 |             0 |
|      CAS_CMD_WR      |  UMC8C1 |      518619400 |             0 |             0 |             0 |             0 |             0 |             0 |             0 |             0 |             0 |             0 |             0 |             0 |             0 |             0 |             0 |             0 |             0 |             0 |             0 |             0 |             0 |             0 |             0 |             0 |             0 |             0 |             0 |             0 |             0 |             0 |             0 |             0 |             0 |             0 |             0 |             0 |             0 |             0 |             0 |             0 |             0 |             0 |             0 |             0 |             0 |             0 |             0 |             0 |             0 |             0 |             0 |             0 |             0 |             0 |             0 |             0 |             0 |             0 |             0 |             0 |             0 |             0 |             0 |             0 |             0 |             0 |             0 |             0 |             0 |             0 |             0 |             0 |             0 |             0 |             0 |             0 |             0 |             0 |             0 |             0 |             0 |             0 |             0 |             0 |             0 |             0 |             0 |             0 |             0 |             0 |             0 |             0 |             0 |             0 |             0 |
|      CAS_CMD_RD      |  UMC9C0 |   316540400000 |             0 |             0 |             0 |             0 |             0 |             0 |             0 |             0 |             0 |             0 |             0 |             0 |             0 |             0 |             0 |             0 |             0 |             0 |             0 |             0 |             0 |             0 |             0 |             0 |             0 |             0 |             0 |             0 |             0 |             0 |             0 |             0 |             0 |             0 |             0 |             0 |             0 |             0 |             0 |             0 |             0 |             0 |             0 |             0 |             0 |             0 |             0 |             0 |             0 |             0 |             0 |             0 |             0 |             0 |             0 |             0 |             0 |             0 |             0 |             0 |             0 |             0 |             0 |             0 |             0 |             0 |             0 |             0 |             0 |             0 |             0 |             0 |             0 |             0 |             0 |             0 |             0 |             0 |             0 |             0 |             0 |             0 |             0 |             0 |             0 |             0 |             0 |             0 |             0 |             0 |             0 |             0 |             0 |             0 |             0 |
|      CAS_CMD_WR      |  UMC9C1 |      517084400 |             0 |             0 |             0 |             0 |             0 |             0 |             0 |             0 |             0 |             0 |             0 |             0 |             0 |             0 |             0 |             0 |             0 |             0 |             0 |             0 |             0 |             0 |             0 |             0 |             0 |             0 |             0 |             0 |             0 |             0 |             0 |             0 |             0 |             0 |             0 |             0 |             0 |             0 |             0 |             0 |             0 |             0 |             0 |             0 |             0 |             0 |             0 |             0 |             0 |             0 |             0 |             0 |             0 |             0 |             0 |             0 |             0 |             0 |             0 |             0 |             0 |             0 |             0 |             0 |             0 |             0 |             0 |             0 |             0 |             0 |             0 |             0 |             0 |             0 |             0 |             0 |             0 |             0 |             0 |             0 |             0 |             0 |             0 |             0 |             0 |             0 |             0 |             0 |             0 |             0 |             0 |             0 |             0 |             0 |             0 |
|      CAS_CMD_RD      | UMC10C0 |   316318900000 |             0 |             0 |             0 |             0 |             0 |             0 |             0 |             0 |             0 |             0 |             0 |             0 |             0 |             0 |             0 |             0 |             0 |             0 |             0 |             0 |             0 |             0 |             0 |             0 |             0 |             0 |             0 |             0 |             0 |             0 |             0 |             0 |             0 |             0 |             0 |             0 |             0 |             0 |             0 |             0 |             0 |             0 |             0 |             0 |             0 |             0 |             0 |             0 |             0 |             0 |             0 |             0 |             0 |             0 |             0 |             0 |             0 |             0 |             0 |             0 |             0 |             0 |             0 |             0 |             0 |             0 |             0 |             0 |             0 |             0 |             0 |             0 |             0 |             0 |             0 |             0 |             0 |             0 |             0 |             0 |             0 |             0 |             0 |             0 |             0 |             0 |             0 |             0 |             0 |             0 |             0 |             0 |             0 |             0 |             0 |
|      CAS_CMD_WR      | UMC10C1 |      519986300 |             0 |             0 |             0 |             0 |             0 |             0 |             0 |             0 |             0 |             0 |             0 |             0 |             0 |             0 |             0 |             0 |             0 |             0 |             0 |             0 |             0 |             0 |             0 |             0 |             0 |             0 |             0 |             0 |             0 |             0 |             0 |             0 |             0 |             0 |             0 |             0 |             0 |             0 |             0 |             0 |             0 |             0 |             0 |             0 |             0 |             0 |             0 |             0 |             0 |             0 |             0 |             0 |             0 |             0 |             0 |             0 |             0 |             0 |             0 |             0 |             0 |             0 |             0 |             0 |             0 |             0 |             0 |             0 |             0 |             0 |             0 |             0 |             0 |             0 |             0 |             0 |             0 |             0 |             0 |             0 |             0 |             0 |             0 |             0 |             0 |             0 |             0 |             0 |             0 |             0 |             0 |             0 |             0 |             0 |             0 |
|      CAS_CMD_RD      | UMC11C0 |   316231300000 |             0 |             0 |             0 |             0 |             0 |             0 |             0 |             0 |             0 |             0 |             0 |             0 |             0 |             0 |             0 |             0 |             0 |             0 |             0 |             0 |             0 |             0 |             0 |             0 |             0 |             0 |             0 |             0 |             0 |             0 |             0 |             0 |             0 |             0 |             0 |             0 |             0 |             0 |             0 |             0 |             0 |             0 |             0 |             0 |             0 |             0 |             0 |             0 |             0 |             0 |             0 |             0 |             0 |             0 |             0 |             0 |             0 |             0 |             0 |             0 |             0 |             0 |             0 |             0 |             0 |             0 |             0 |             0 |             0 |             0 |             0 |             0 |             0 |             0 |             0 |             0 |             0 |             0 |             0 |             0 |             0 |             0 |             0 |             0 |             0 |             0 |             0 |             0 |             0 |             0 |             0 |             0 |             0 |             0 |             0 |
|      CAS_CMD_WR      | UMC11C1 |      514514500 |             0 |             0 |             0 |             0 |             0 |             0 |             0 |             0 |             0 |             0 |             0 |             0 |             0 |             0 |             0 |             0 |             0 |             0 |             0 |             0 |             0 |             0 |             0 |             0 |             0 |             0 |             0 |             0 |             0 |             0 |             0 |             0 |             0 |             0 |             0 |             0 |             0 |             0 |             0 |             0 |             0 |             0 |             0 |             0 |             0 |             0 |             0 |             0 |             0 |             0 |             0 |             0 |             0 |             0 |             0 |             0 |             0 |             0 |             0 |             0 |             0 |             0 |             0 |             0 |             0 |             0 |             0 |             0 |             0 |             0 |             0 |             0 |             0 |             0 |             0 |             0 |             0 |             0 |             0 |             0 |             0 |             0 |             0 |             0 |             0 |             0 |             0 |             0 |             0 |             0 |             0 |             0 |             0 |             0 |             0 |
+----------------------+---------+----------------+---------------+---------------+---------------+---------------+---------------+---------------+---------------+---------------+---------------+---------------+---------------+---------------+---------------+---------------+---------------+---------------+---------------+---------------+---------------+---------------+---------------+---------------+---------------+---------------+---------------+---------------+---------------+---------------+---------------+---------------+---------------+---------------+---------------+---------------+---------------+---------------+---------------+---------------+---------------+---------------+---------------+---------------+---------------+---------------+---------------+---------------+---------------+---------------+---------------+---------------+---------------+---------------+---------------+---------------+---------------+---------------+---------------+---------------+---------------+---------------+---------------+---------------+---------------+---------------+---------------+---------------+---------------+---------------+---------------+---------------+---------------+---------------+---------------+---------------+---------------+---------------+---------------+---------------+---------------+---------------+---------------+---------------+---------------+---------------+---------------+---------------+---------------+---------------+---------------+---------------+---------------+---------------+---------------+---------------+---------------+

+---------------------------+---------+-----------------+----------------+---------------+----------------+
|           Event           | Counter |       Sum       |       Min      |      Max      |       Avg      |
+---------------------------+---------+-----------------+----------------+---------------+----------------+
|   ACTUAL_CPU_CLOCK STAT   |  FIXC1  | 295746024000000 |  3079862000000 | 3083340000000 |  3080687750000 |
|     MAX_CPU_CLOCK STAT    |  FIXC2  |   3.162378e+180 |  2176800000000 | 3.162378e+180 |  3.294144e+178 |
| RETIRED_INSTRUCTIONS STAT |   PMC0  |   1.120431e+219 |  2765416000000 | 1.120431e+219 |  1.167116e+217 |
|  CPU_CLOCKS_UNHALTED STAT |   PMC1  | 294380270000000 |  3065299000000 | 3067310000000 |   3.066461e+12 |
|      CAS_CMD_RD STAT      |  UMC0C0 |  -7.994305e+115 | -7.994305e+115 |             0 | -8.327401e+113 |
|      CAS_CMD_WR STAT      |  UMC0C1 |   6.849790e+180 |              0 | 6.849790e+180 |  7.135198e+178 |
|      CAS_CMD_RD STAT      |  UMC1C0 |    316306300000 |              0 |  316306300000 |   3.294857e+09 |
|      CAS_CMD_WR STAT      |  UMC1C1 |       525789700 |              0 |     525789700 |   5.476976e+06 |
|      CAS_CMD_RD STAT      |  UMC2C0 |    316304300000 |              0 |  316304300000 |   3.294836e+09 |
|      CAS_CMD_WR STAT      |  UMC2C1 |   1.507633e+161 |              0 | 1.507633e+161 |  1.570451e+159 |
|      CAS_CMD_RD STAT      |  UMC3C0 |    316584300000 |              0 |  316584300000 |     3297753125 |
|      CAS_CMD_WR STAT      |  UMC3C1 |       522135200 |              0 |     522135200 |   5.438908e+06 |
|      CAS_CMD_RD STAT      |  UMC4C0 |    316217800000 |              0 |  316217800000 |   3.293935e+09 |
|      CAS_CMD_WR STAT      |  UMC4C1 |       521926300 |              0 |     521926300 |   5.436732e+06 |
|      CAS_CMD_RD STAT      |  UMC5C0 |    316293900000 |              0 |  316293900000 |     3294728125 |
|      CAS_CMD_WR STAT      |  UMC5C1 |       509232800 |              0 |     509232800 |   5.304508e+06 |
|      CAS_CMD_RD STAT      |  UMC6C0 |    316351800000 |              0 |  316351800000 |     3295331250 |
|      CAS_CMD_WR STAT      |  UMC6C1 |       531948000 |              0 |     531948000 |        5541125 |
|      CAS_CMD_RD STAT      |  UMC7C0 |    316120100000 |              0 |  316120100000 |   3.292918e+09 |
|      CAS_CMD_WR STAT      |  UMC7C1 |       533207500 |              0 |     533207500 |   5.554245e+06 |
|      CAS_CMD_RD STAT      |  UMC8C0 |    316104500000 |              0 |  316104500000 |   3.292755e+09 |
|      CAS_CMD_WR STAT      |  UMC8C1 |       518619400 |              0 |     518619400 |   5.402285e+06 |
|      CAS_CMD_RD STAT      |  UMC9C0 |    316540400000 |              0 |  316540400000 |   3.297296e+09 |
|      CAS_CMD_WR STAT      |  UMC9C1 |       517084400 |              0 |     517084400 |   5.386296e+06 |
|      CAS_CMD_RD STAT      | UMC10C0 |    316318900000 |              0 |  316318900000 |   3.294989e+09 |
|      CAS_CMD_WR STAT      | UMC10C1 |       519986300 |              0 |     519986300 |   5.416524e+06 |
|      CAS_CMD_RD STAT      | UMC11C0 |    316231300000 |              0 |  316231300000 |   3.294076e+09 |
|      CAS_CMD_WR STAT      | UMC11C1 |       514514500 |              0 |     514514500 |   5.359526e+06 |
+---------------------------+---------+-----------------+----------------+---------------+----------------+

+-----------------------------------+----------------+------------+------------+------------+------------+------------+------------+------------+------------+------------+-------------+-------------+-------------+-------------+-------------+-------------+-------------+-------------+-------------+-------------+-------------+-------------+-------------+-------------+-------------+-------------+-------------+-------------+-------------+-------------+-------------+-------------+-------------+-------------+-------------+-------------+-------------+-------------+-------------+-------------+-------------+-------------+-------------+-------------+-------------+-------------+-------------+-------------+-------------+-------------+-------------+-------------+-------------+-------------+-------------+-------------+-------------+-------------+-------------+-------------+-------------+-------------+-------------+-------------+-------------+-------------+-------------+-------------+-------------+-------------+-------------+-------------+-------------+-------------+-------------+-------------+-------------+-------------+-------------+-------------+-------------+-------------+-------------+-------------+-------------+-------------+-------------+-------------+-------------+-------------+-------------+-------------+-------------+-------------+-------------+-------------+
|               Metric              |   HWThread 0   | HWThread 1 | HWThread 2 | HWThread 3 | HWThread 4 | HWThread 5 | HWThread 6 | HWThread 7 | HWThread 8 | HWThread 9 | HWThread 10 | HWThread 11 | HWThread 12 | HWThread 13 | HWThread 14 | HWThread 15 | HWThread 16 | HWThread 17 | HWThread 18 | HWThread 19 | HWThread 20 | HWThread 21 | HWThread 22 | HWThread 23 | HWThread 24 | HWThread 25 | HWThread 26 | HWThread 27 | HWThread 28 | HWThread 29 | HWThread 30 | HWThread 31 | HWThread 32 | HWThread 33 | HWThread 34 | HWThread 35 | HWThread 36 | HWThread 37 | HWThread 38 | HWThread 39 | HWThread 40 | HWThread 41 | HWThread 42 | HWThread 43 | HWThread 44 | HWThread 45 | HWThread 46 | HWThread 47 | HWThread 48 | HWThread 49 | HWThread 50 | HWThread 51 | HWThread 52 | HWThread 53 | HWThread 54 | HWThread 55 | HWThread 56 | HWThread 57 | HWThread 58 | HWThread 59 | HWThread 60 | HWThread 61 | HWThread 62 | HWThread 63 | HWThread 64 | HWThread 65 | HWThread 66 | HWThread 67 | HWThread 68 | HWThread 69 | HWThread 70 | HWThread 71 | HWThread 72 | HWThread 73 | HWThread 74 | HWThread 75 | HWThread 76 | HWThread 77 | HWThread 78 | HWThread 79 | HWThread 80 | HWThread 81 | HWThread 82 | HWThread 83 | HWThread 84 | HWThread 85 | HWThread 86 | HWThread 87 | HWThread 88 | HWThread 89 | HWThread 90 | HWThread 91 | HWThread 92 | HWThread 93 | HWThread 94 | HWThread 95 |
+-----------------------------------+----------------+------------+------------+------------+------------+------------+------------+------------+------------+------------+-------------+-------------+-------------+-------------+-------------+-------------+-------------+-------------+-------------+-------------+-------------+-------------+-------------+-------------+-------------+-------------+-------------+-------------+-------------+-------------+-------------+-------------+-------------+-------------+-------------+-------------+-------------+-------------+-------------+-------------+-------------+-------------+-------------+-------------+-------------+-------------+-------------+-------------+-------------+-------------+-------------+-------------+-------------+-------------+-------------+-------------+-------------+-------------+-------------+-------------+-------------+-------------+-------------+-------------+-------------+-------------+-------------+-------------+-------------+-------------+-------------+-------------+-------------+-------------+-------------+-------------+-------------+-------------+-------------+-------------+-------------+-------------+-------------+-------------+-------------+-------------+-------------+-------------+-------------+-------------+-------------+-------------+-------------+-------------+-------------+-------------+
|        Runtime (RDTSC) [s]        |       859.0793 |   847.9622 |   847.5004 |   846.0414 |   847.9632 |   851.7691 |   844.9667 |   852.2259 |   849.4793 |   851.5362 |    844.7304 |    838.0717 |    849.2448 |    855.6865 |    854.2777 |    847.2661 |    855.9205 |    841.8305 |    840.3335 |    850.0727 |    853.8095 |    839.4038 |    854.7481 |    842.7599 |    844.9661 |    840.5623 |    840.0996 |    854.0422 |    854.9818 |    856.1443 |    838.7072 |    846.6342 |    843.2274 |    843.6377 |    853.5737 |    844.2761 |    841.2021 |    853.1033 |    843.2271 |    842.2927 |    856.1434 |    851.9968 |    855.2171 |    851.9972 |    844.0504 |    858.2135 |    849.2452 |    844.5029 |    841.4338 |    841.4340 |    840.7915 |    842.0605 |    842.5255 |    852.8721 |    853.3382 |    842.9931 |    857.7400 |    856.8018 |    846.2208 |    839.6359 |    850.3051 |    858.4493 |    850.3051 |    837.8860 |    845.6310 |    850.5412 |    858.6901 |    857.5048 |    845.3883 |    848.6041 |    840.7917 |    848.6043 |    839.1758 |    848.3708 |    856.5651 |    845.2111 |    854.5136 |    850.7178 |    857.0381 |    843.6376 |    851.1399 |    838.3042 |    855.4507 |    838.3042 |    851.1399 |    839.8686 |    849.0088 |    845.8071 |    846.8675 |    857.9725 |    849.4788 |    852.6358 |    846.8678 |    857.2745 |    838.9417 |    847.7283 |
|        Runtime unhalted [s]       |      1185.9366 |  1184.8643 |  1185.1870 |  1184.8658 |  1185.0408 |  1184.9720 |  1184.8474 |  1185.1528 |  1184.8662 |  1184.9943 |   1184.9755 |   1185.1166 |   1184.9778 |   1184.7808 |   1184.8970 |   1184.8397 |   1184.9916 |   1184.8243 |   1184.9812 |   1185.0135 |   1184.9766 |   1184.8081 |   1184.8728 |   1184.8774 |   1184.8770 |   1184.9462 |   1185.1643 |   1184.9224 |   1184.8070 |   1184.9189 |   1184.9878 |   1185.0905 |   1184.9516 |   1184.5989 |   1184.7358 |   1184.9981 |   1184.7651 |   1185.1328 |   1184.8181 |   1184.8012 |   1184.8616 |   1184.6778 |   1184.6539 |   1184.7228 |   1184.8801 |   1184.8228 |   1184.9747 |   1185.0074 |   1184.8224 |   1185.0224 |   1184.7828 |   1184.9355 |   1185.0562 |   1184.9378 |   1184.9739 |   1185.0362 |   1184.7485 |   1184.8685 |   1184.8928 |   1184.7254 |   1185.0851 |   1184.8878 |   1184.8605 |   1184.9331 |   1184.8570 |   1184.7504 |   1184.8878 |   1184.9320 |   1184.9920 |   1184.7754 |   1184.9843 |   1184.8808 |   1185.0162 |   1184.8105 |   1184.8951 |   1185.0735 |   1185.0347 |   1184.9185 |   1184.9574 |   1184.8631 |   1184.7185 |   1184.9858 |   1185.0508 |   1184.7970 |   1184.6989 |   1184.8089 |   1184.9735 |   1184.9174 |   1184.8731 |   1184.9101 |   1184.7574 |   1185.0474 |   1184.8531 |   1184.8916 |   1184.8078 |   1184.9193 |
|            Clock [MHz]            |              0 |  3678.0206 |  3678.7301 |  3678.4409 |  3678.7544 |  3678.8026 |  3678.7063 |  3678.7775 |  3678.5232 |  3678.4782 |   3678.6545 |   3678.6737 |   3678.4438 |   3678.6552 |   3678.7235 |   3678.5304 |   3678.7469 |   3678.4708 |   3678.6353 |   3678.4822 |   3678.6868 |   3678.6572 |   3678.4709 |   3678.4869 |   3678.7374 |   3678.7108 |   3678.7204 |   3678.4610 |   3678.4542 |   3678.5770 |   3678.4630 |   3678.5199 |   3678.6244 |   3678.5161 |   3678.6929 |   3678.7334 |   3678.7245 |   3678.5060 |   3678.4584 |   3678.7066 |   3678.4058 |   3678.4078 |   3678.3675 |   3678.4123 |   3678.6507 |   3678.4575 |   3678.2889 |   3678.7097 |   3678.3736 |   3678.6110 |   3678.4296 |   3678.4678 |   3678.6350 |   3678.4057 |   3678.2511 |   3678.4496 |   3678.4568 |   3678.5287 |   3678.7120 |   3678.4308 |   3678.4745 |   3678.6560 |   3678.5171 |   3678.7124 |   3678.4641 |   3678.6926 |   3678.4887 |   3678.4402 |   3678.4423 |   3678.4492 |   3678.6904 |   3678.5111 |   3678.6814 |   3678.4328 |   3678.4692 |   3678.5265 |   3678.4583 |   3678.7346 |   3678.6609 |   3678.7316 |   3678.4803 |   3678.4350 |   3678.6537 |   3678.4654 |   3678.4870 |   3678.4196 |   3678.6367 |   3678.5992 |   3678.3994 |   3678.6340 |   3678.4657 |   3678.4453 |   3678.5096 |   3678.6679 |   3678.3958 |   3678.5258 |
|                CPI                |              0 |     1.1046 |     1.1038 |     1.1072 |     1.1046 |     1.1021 |     1.1059 |     1.1073 |     1.0623 |     1.0578 |      1.0596 |      1.0615 |      1.0605 |      1.0631 |      1.0608 |      1.0605 |      1.0810 |      1.0875 |      1.0847 |      1.0842 |      1.0881 |      1.0910 |      1.0873 |      1.0886 |      1.0985 |      1.0977 |      1.0989 |      1.0974 |      1.0947 |      1.1019 |      1.0974 |      1.1003 |      1.0655 |      1.0641 |      1.0609 |      1.0650 |      1.0622 |      1.0701 |      1.0640 |      1.0655 |      1.0865 |      1.0863 |      1.0846 |      1.0888 |      1.0859 |      1.0908 |      1.0904 |      1.0916 |      1.0983 |      1.1012 |      1.0990 |      1.1068 |      1.1006 |      1.1041 |      1.0996 |      1.1044 |      1.0566 |      1.0610 |      1.0575 |      1.0631 |      1.0578 |      1.0612 |      1.0619 |      1.0630 |      1.0841 |      1.0827 |      1.0849 |      1.0853 |      1.0868 |      1.0870 |      1.0834 |      1.0877 |      1.1078 |      1.1012 |      1.1041 |      1.1029 |      1.1056 |      1.1090 |      1.1058 |      1.1069 |      1.0578 |      1.0593 |      1.0618 |      1.0592 |      1.0608 |      1.0636 |      1.0554 |      1.0548 |      1.0863 |      1.0883 |      1.0890 |      1.0884 |      1.0918 |      1.0900 |      1.0933 |      1.0926 |
|  Memory read bandwidth [MBytes/s] | -5.955626e+108 |          0 |          0 |          0 |          0 |          0 |          0 |          0 |          0 |          0 |           0 |           0 |           0 |           0 |           0 |           0 |           0 |           0 |           0 |           0 |           0 |           0 |           0 |           0 |           0 |           0 |           0 |           0 |           0 |           0 |           0 |           0 |           0 |           0 |           0 |           0 |           0 |           0 |           0 |           0 |           0 |           0 |           0 |           0 |           0 |           0 |           0 |           0 |           0 |           0 |           0 |           0 |           0 |           0 |           0 |           0 |           0 |           0 |           0 |           0 |           0 |           0 |           0 |           0 |           0 |           0 |           0 |           0 |           0 |           0 |           0 |           0 |           0 |           0 |           0 |           0 |           0 |           0 |           0 |           0 |           0 |           0 |           0 |           0 |           0 |           0 |           0 |           0 |           0 |           0 |           0 |           0 |           0 |           0 |           0 |           0 |
|  Memory read data volume [GBytes] | -5.116355e+108 |          0 |          0 |          0 |          0 |          0 |          0 |          0 |          0 |          0 |           0 |           0 |           0 |           0 |           0 |           0 |           0 |           0 |           0 |           0 |           0 |           0 |           0 |           0 |           0 |           0 |           0 |           0 |           0 |           0 |           0 |           0 |           0 |           0 |           0 |           0 |           0 |           0 |           0 |           0 |           0 |           0 |           0 |           0 |           0 |           0 |           0 |           0 |           0 |           0 |           0 |           0 |           0 |           0 |           0 |           0 |           0 |           0 |           0 |           0 |           0 |           0 |           0 |           0 |           0 |           0 |           0 |           0 |           0 |           0 |           0 |           0 |           0 |           0 |           0 |           0 |           0 |           0 |           0 |           0 |           0 |           0 |           0 |           0 |           0 |           0 |           0 |           0 |           0 |           0 |           0 |           0 |           0 |           0 |           0 |           0 |
| Memory write bandwidth [MBytes/s] |  5.102981e+173 |          0 |          0 |          0 |          0 |          0 |          0 |          0 |          0 |          0 |           0 |           0 |           0 |           0 |           0 |           0 |           0 |           0 |           0 |           0 |           0 |           0 |           0 |           0 |           0 |           0 |           0 |           0 |           0 |           0 |           0 |           0 |           0 |           0 |           0 |           0 |           0 |           0 |           0 |           0 |           0 |           0 |           0 |           0 |           0 |           0 |           0 |           0 |           0 |           0 |           0 |           0 |           0 |           0 |           0 |           0 |           0 |           0 |           0 |           0 |           0 |           0 |           0 |           0 |           0 |           0 |           0 |           0 |           0 |           0 |           0 |           0 |           0 |           0 |           0 |           0 |           0 |           0 |           0 |           0 |           0 |           0 |           0 |           0 |           0 |           0 |           0 |           0 |           0 |           0 |           0 |           0 |           0 |           0 |           0 |           0 |
| Memory write data volume [GBytes] |  4.383866e+173 |          0 |          0 |          0 |          0 |          0 |          0 |          0 |          0 |          0 |           0 |           0 |           0 |           0 |           0 |           0 |           0 |           0 |           0 |           0 |           0 |           0 |           0 |           0 |           0 |           0 |           0 |           0 |           0 |           0 |           0 |           0 |           0 |           0 |           0 |           0 |           0 |           0 |           0 |           0 |           0 |           0 |           0 |           0 |           0 |           0 |           0 |           0 |           0 |           0 |           0 |           0 |           0 |           0 |           0 |           0 |           0 |           0 |           0 |           0 |           0 |           0 |           0 |           0 |           0 |           0 |           0 |           0 |           0 |           0 |           0 |           0 |           0 |           0 |           0 |           0 |           0 |           0 |           0 |           0 |           0 |           0 |           0 |           0 |           0 |           0 |           0 |           0 |           0 |           0 |           0 |           0 |           0 |           0 |           0 |           0 |
|    Memory bandwidth [MBytes/s]    |  5.102981e+173 |          0 |          0 |          0 |          0 |          0 |          0 |          0 |          0 |          0 |           0 |           0 |           0 |           0 |           0 |           0 |           0 |           0 |           0 |           0 |           0 |           0 |           0 |           0 |           0 |           0 |           0 |           0 |           0 |           0 |           0 |           0 |           0 |           0 |           0 |           0 |           0 |           0 |           0 |           0 |           0 |           0 |           0 |           0 |           0 |           0 |           0 |           0 |           0 |           0 |           0 |           0 |           0 |           0 |           0 |           0 |           0 |           0 |           0 |           0 |           0 |           0 |           0 |           0 |           0 |           0 |           0 |           0 |           0 |           0 |           0 |           0 |           0 |           0 |           0 |           0 |           0 |           0 |           0 |           0 |           0 |           0 |           0 |           0 |           0 |           0 |           0 |           0 |           0 |           0 |           0 |           0 |           0 |           0 |           0 |           0 |
|    Memory data volume [GBytes]    |  4.383866e+173 |          0 |          0 |          0 |          0 |          0 |          0 |          0 |          0 |          0 |           0 |           0 |           0 |           0 |           0 |           0 |           0 |           0 |           0 |           0 |           0 |           0 |           0 |           0 |           0 |           0 |           0 |           0 |           0 |           0 |           0 |           0 |           0 |           0 |           0 |           0 |           0 |           0 |           0 |           0 |           0 |           0 |           0 |           0 |           0 |           0 |           0 |           0 |           0 |           0 |           0 |           0 |           0 |           0 |           0 |           0 |           0 |           0 |           0 |           0 |           0 |           0 |           0 |           0 |           0 |           0 |           0 |           0 |           0 |           0 |           0 |           0 |           0 |           0 |           0 |           0 |           0 |           0 |           0 |           0 |           0 |           0 |           0 |           0 |           0 |           0 |           0 |           0 |           0 |           0 |           0 |           0 |           0 |           0 |           0 |           0 |
+-----------------------------------+----------------+------------+------------+------------+------------+------------+------------+------------+------------+------------+-------------+-------------+-------------+-------------+-------------+-------------+-------------+-------------+-------------+-------------+-------------+-------------+-------------+-------------+-------------+-------------+-------------+-------------+-------------+-------------+-------------+-------------+-------------+-------------+-------------+-------------+-------------+-------------+-------------+-------------+-------------+-------------+-------------+-------------+-------------+-------------+-------------+-------------+-------------+-------------+-------------+-------------+-------------+-------------+-------------+-------------+-------------+-------------+-------------+-------------+-------------+-------------+-------------+-------------+-------------+-------------+-------------+-------------+-------------+-------------+-------------+-------------+-------------+-------------+-------------+-------------+-------------+-------------+-------------+-------------+-------------+-------------+-------------+-------------+-------------+-------------+-------------+-------------+-------------+-------------+-------------+-------------+-------------+-------------+-------------+-------------+

+----------------------------------------+----------------+----------------+---------------+----------------+
|                 Metric                 |       Sum      |       Min      |      Max      |       Avg      |
+----------------------------------------+----------------+----------------+---------------+----------------+
|        Runtime (RDTSC) [s] STAT        |     81431.2921 |       837.8860 |      859.0793 |       848.2426 |
|        Runtime unhalted [s] STAT       |    113751.9851 |      1184.5989 |     1185.9366 |      1184.9165 |
|            Clock [MHz] STAT            |    349462.0641 |              0 |     3678.8026 |      3640.2298 |
|                CPI STAT                |       102.9367 |              0 |        1.1090 |         1.0723 |
|  Memory read bandwidth [MBytes/s] STAT | -5.955626e+108 | -5.955626e+108 |             0 | -6.203777e+106 |
|  Memory read data volume [GBytes] STAT | -5.116355e+108 | -5.116355e+108 |             0 | -5.329536e+106 |
| Memory write bandwidth [MBytes/s] STAT |  5.102981e+173 |              0 | 5.102981e+173 |  5.315605e+171 |
| Memory write data volume [GBytes] STAT |  4.383866e+173 |              0 | 4.383866e+173 |  4.566527e+171 |
|    Memory bandwidth [MBytes/s] STAT    |  5.102981e+173 |              0 | 5.102981e+173 |  5.315605e+171 |
|    Memory data volume [GBytes] STAT    |  4.383866e+173 |              0 | 4.383866e+173 |  4.566527e+171 |
+----------------------------------------+----------------+----------------+---------------+----------------+

