INFO: You are running LIKWID in a cpuset with 112 CPUs. Taking given IDs as logical ID in cpuset
--------------------------------------------------------------------------------
CPU name:	AMD EPYC 9A14 96-Core Processor                
CPU type:	AMD K19 (Zen4) architecture
CPU clock:	2.60 GHz
--------------------------------------------------------------------------------
Use symmetry. Molecule point group: Coov
Norb: 20   Ne: (7, 7)
Running RHF...
converged SCF energy = -92.827631799365
Running FCI ...
Guessing CI wfn symmetry = 0
Num symmetry allowed elements 1502950144
tol 1e-10  toloose 1e-05
max_cycle 100  max_space 12  max_memory 683566  incore True
    CPU time for contract_2e  19694.66 sec, wall time    204.90 sec
davidson 0 1  |r|= 0.77  e= [-116.65141583]  max|de|= -117  lindep=    1
    CPU time for contract_2e  19500.29 sec, wall time    214.28 sec
davidson 1 2  |r|= 0.371  e= [-116.83564519]  max|de|= -0.184  lindep= 0.978
    CPU time for contract_2e  19549.51 sec, wall time    220.24 sec
davidson 2 3  |r|= 0.145  e= [-116.87066041]  max|de|= -0.035  lindep= 0.996
    CPU time for contract_2e  19520.92 sec, wall time    225.76 sec
davidson 3 4  |r|= 0.0579  e= [-116.87548655]  max|de|= -0.00483  lindep= 0.981
    CPU time for contract_2e  19753.34 sec, wall time    239.40 sec
davidson 4 5  |r|= 0.0283  e= [-116.87622039]  max|de|= -0.000734  lindep= 0.934
    CPU time for contract_2e  19579.82 sec, wall time    251.94 sec
davidson 5 6  |r|= 0.0133  e= [-116.8764033]  max|de|= -0.000183  lindep= 0.902
    CPU time for contract_2e  19552.63 sec, wall time    261.34 sec
davidson 6 7  |r|= 0.00565  e= [-116.87644024]  max|de|= -3.69e-05  lindep= 0.927
    CPU time for contract_2e  19647.44 sec, wall time    270.86 sec
davidson 7 8  |r|= 0.00224  e= [-116.87644619]  max|de|= -5.95e-06  lindep= 0.932
    CPU time for contract_2e  19622.01 sec, wall time    279.37 sec
davidson 8 9  |r|= 0.000882  e= [-116.87644712]  max|de|= -9.33e-07  lindep= 0.918
    CPU time for contract_2e  19639.73 sec, wall time    288.64 sec
davidson 9 10  |r|= 0.000388  e= [-116.87644727]  max|de|= -1.55e-07  lindep= 0.919
    CPU time for contract_2e  19682.59 sec, wall time    297.57 sec
davidson 10 11  |r|= 0.000183  e= [-116.8764473]  max|de|= -3.05e-08  lindep= 0.897
    CPU time for contract_2e  19718.77 sec, wall time    306.72 sec
davidson 11 12  |r|= 8.85e-05  e= [-116.87644731]  max|de|= -7.18e-09  lindep= 0.904
    CPU time for contract_2e  20146.24 sec, wall time    324.08 sec
davidson 12 1  |r|= 8.85e-05  e= [-116.87644731]  max|de|= 9.31e-12  lindep=    1
    CPU time for contract_2e  19810.20 sec, wall time    218.06 sec
davidson 13 2  |r|= 3.82e-05  e= [-116.87644731]  max|de|= -1.28e-09  lindep= 0.995
    CPU time for contract_2e  19683.84 sec, wall time    221.27 sec
davidson 14 3  |r|= 2.39e-05  e= [-116.87644731]  max|de|= -4.53e-10  lindep= 0.908
    CPU time for contract_2e  19778.13 sec, wall time    228.09 sec
davidson 15 4  |r|= 1.11e-05  e= [-116.87644731]  max|de|= -1.15e-10  lindep= 0.858
    CPU time for contract_2e  19891.60 sec, wall time    242.72 sec
root 0 converged  |r|= 4.65e-06  e= -116.87644731371981  max|de|= -2.31e-11
converged 16 5  |r|= 4.65e-06  e= [-116.87644731]  max|de|= -2.31e-11
--------------------------------------------------------------------------------
Group 1: L3
+-----------------------------+---------+----------------+----------------+----------------+----------------+----------------+----------------+----------------+----------------+----------------+----------------+----------------+----------------+----------------+----------------+----------------+----------------+----------------+----------------+----------------+----------------+----------------+----------------+----------------+----------------+----------------+----------------+----------------+----------------+----------------+----------------+----------------+----------------+----------------+----------------+----------------+----------------+----------------+----------------+----------------+----------------+----------------+----------------+----------------+----------------+----------------+----------------+----------------+----------------+----------------+---------------+---------------+---------------+---------------+----------------+----------------+----------------+---------------+---------------+---------------+---------------+---------------+---------------+---------------+---------------+---------------+---------------+---------------+---------------+---------------+---------------+---------------+---------------+---------------+---------------+---------------+---------------+---------------+---------------+---------------+---------------+---------------+---------------+---------------+---------------+---------------+---------------+---------------+---------------+---------------+---------------+---------------+---------------+---------------+---------------+---------------+---------------+----------------+----------------+----------------+----------------+----------------+----------------+----------------+----------------+----------------+----------------+----------------+----------------+----------------+----------------+----------------+----------------+
|            Event            | Counter |   HWThread 0   |   HWThread 1   |   HWThread 2   |   HWThread 3   |   HWThread 4   |   HWThread 5   |   HWThread 6   |   HWThread 7   |   HWThread 8   |   HWThread 9   |   HWThread 10  |   HWThread 11  |   HWThread 12  |   HWThread 13  |   HWThread 14  |   HWThread 15  |   HWThread 16  |   HWThread 17  |   HWThread 18  |   HWThread 19  |   HWThread 20  |   HWThread 21  |   HWThread 22  |   HWThread 23  |   HWThread 24  |   HWThread 25  |   HWThread 26  |   HWThread 27  |   HWThread 28  |   HWThread 29  |   HWThread 30  |   HWThread 31  |   HWThread 32  |   HWThread 33  |   HWThread 34  |   HWThread 35  |   HWThread 36  |   HWThread 37  |   HWThread 38  |   HWThread 39  |   HWThread 40  |   HWThread 41  |   HWThread 42  |   HWThread 43  |   HWThread 44  |   HWThread 45  |   HWThread 46  |   HWThread 47  |   HWThread 48  |  HWThread 49  |  HWThread 50  |  HWThread 51  |  HWThread 52  |   HWThread 53  |   HWThread 54  |   HWThread 55  |  HWThread 56  |  HWThread 57  |  HWThread 58  |  HWThread 59  |  HWThread 60  |  HWThread 61  |  HWThread 62  |  HWThread 63  |  HWThread 64  |  HWThread 65  |  HWThread 66  |  HWThread 67  |  HWThread 68  |  HWThread 69  |  HWThread 70  |  HWThread 71  |  HWThread 72  |  HWThread 73  |  HWThread 74  |  HWThread 75  |  HWThread 76  |  HWThread 77  |  HWThread 78  |  HWThread 79  |  HWThread 80  |  HWThread 81  |  HWThread 82  |  HWThread 83  |  HWThread 84  |  HWThread 85  |  HWThread 86  |  HWThread 87  |  HWThread 88  |  HWThread 89  |  HWThread 90  |  HWThread 91  |  HWThread 92  |  HWThread 93  |  HWThread 94  |  HWThread 95  |   HWThread 96  |   HWThread 97  |   HWThread 98  |   HWThread 99  |  HWThread 100  |  HWThread 101  |  HWThread 102  |  HWThread 103  |  HWThread 104  |  HWThread 105  |  HWThread 106  |  HWThread 107  |  HWThread 108  |  HWThread 109  |  HWThread 110  |  HWThread 111  |
+-----------------------------+---------+----------------+----------------+----------------+----------------+----------------+----------------+----------------+----------------+----------------+----------------+----------------+----------------+----------------+----------------+----------------+----------------+----------------+----------------+----------------+----------------+----------------+----------------+----------------+----------------+----------------+----------------+----------------+----------------+----------------+----------------+----------------+----------------+----------------+----------------+----------------+----------------+----------------+----------------+----------------+----------------+----------------+----------------+----------------+----------------+----------------+----------------+----------------+----------------+----------------+---------------+---------------+---------------+---------------+----------------+----------------+----------------+---------------+---------------+---------------+---------------+---------------+---------------+---------------+---------------+---------------+---------------+---------------+---------------+---------------+---------------+---------------+---------------+---------------+---------------+---------------+---------------+---------------+---------------+---------------+---------------+---------------+---------------+---------------+---------------+---------------+---------------+---------------+---------------+---------------+---------------+---------------+---------------+---------------+---------------+---------------+---------------+----------------+----------------+----------------+----------------+----------------+----------------+----------------+----------------+----------------+----------------+----------------+----------------+----------------+----------------+----------------+----------------+
|       ACTUAL_CPU_CLOCK      |  FIXC1  | 16500961925316 | 12219854496815 | 12156917691929 | 12201524609130 | 12169364054243 | 12171722947983 | 12169359323754 | 12159914638382 | 11825503376943 | 11758143842035 | 11811156383281 | 11824812596838 | 11855381249686 | 11820221988273 | 11871323525578 | 11868806871632 | 11768952672384 | 11744236678500 | 11781063990751 | 11804144685403 | 11809670137986 | 11843432510734 | 11884755679818 | 11894649055155 | 12115867296086 | 12110920516568 | 12114378220362 | 12114582371217 | 12119918654463 | 12140343018141 | 12131892817503 | 12163636179405 | 11829734171705 | 11774411793184 | 11866388273759 | 11801260260540 | 11923401143209 | 11834709331825 | 11909292588133 | 11957992270648 | 11945274872981 | 11925255396025 | 11906364639000 | 11949585039917 | 12000712307329 | 12003318356442 | 12007929008067 | 12026431842776 | 10266148105292 | 9896715750009 | 9862877389037 | 9922255189733 | 9999009442192 | 10029620450654 | 10114373807795 | 10227242890618 | 9540429237758 | 9394147397823 | 9442322782688 | 9424627211747 | 9592170349636 | 9531669462451 | 9703686532562 | 9823138482061 | 9566566142723 | 9392365917520 | 9462954607192 | 9508389289496 | 9634677273625 | 9632367675200 | 9792662783211 | 9868617516011 | 7832282556145 | 7560288205826 | 7478484519586 | 7568018887935 | 7581354715611 | 7607584570068 | 7821541485344 | 7691878402790 | 7308427711363 | 7329486874554 | 7201202637623 | 7244274353315 | 7271009683597 | 7327183380662 | 7349019211759 | 7392702265427 | 7387308492174 | 7304138763811 | 7344898492664 | 7384296972811 | 7404391656700 | 7497874122199 | 7639421347223 | 7531985567980 | 12587185945180 | 12580520981554 | 12562197382979 | 12555404207014 | 12556446592740 | 12554044075314 | 12573093806473 | 12577103098578 | 12576787189419 | 12578865772214 | 12559622696371 | 12597545060554 | 12586654749101 | 12561186398487 | 12573474319397 | 12454381131487 |
|        MAX_CPU_CLOCK        |  FIXC2  | 11627558532382 |  8685008783074 |  8589053232474 |  8623341247950 |  8598561033608 |  8601879233818 |  8600822313538 |  8590451549394 |  8358318915778 |  8314717573682 |  8347330922944 |  8355763333892 |  8375944601960 |  8352821541948 |  8385815919676 |  8390192614154 |  8311366486800 |  8296585858834 |  8323281550194 |  8338544846086 |  8340238428860 |  8363355731094 |  8393206022682 |  8398452224916 |  8555470029626 |  8555767721904 |  8556630060472 |  8553403887444 |  8559926496446 |  8571879719182 |  8564332578568 |  8588750220700 |  8352538952160 |  8321873241396 |  8380265079212 |  8333781560208 |  8419326322056 |  8359321310132 |  8413966428244 |  8440499444988 |  8435147658990 |  8422862266572 |  8409064193712 |  8437608269792 |  8477299313912 |  8478556141770 |  8483091383364 |  8492801824910 |  7469654259626 | 7367582536444 | 7362801873908 | 7385124706206 | 7405393347638 |  7407954936902 |  7455842258228 |  7492228847168 | 7229245785372 | 7159313083728 | 7191441220496 | 7171477899690 | 7245788701476 | 7221877596648 | 7294151650240 | 7349274820732 | 7255910049440 | 7183051564026 | 7207669880242 | 7228258034894 | 7273113255382 | 7263276381764 | 7326168692388 | 7351024305456 | 6459746939308 | 6312612375706 | 6288697729522 | 6337910010640 | 6341943469836 | 6351353990176 | 6459130000674 | 6391223382388 | 6175903228534 | 6207707725778 | 6142993990718 | 6168569093362 | 6172567068902 | 6202544734282 | 6205606456010 | 6222940853116 | 6220190468596 | 6186835431816 | 6214553332520 | 6228740248354 | 6242294301724 | 6273496848138 | 6354306139870 | 6296657899818 |  8866626125708 |  8856037175726 |  8837850851596 |  8834076660812 |  8835004695478 |  8831479591142 |  8848211069828 |  8852614846686 |  8859236654970 |  8864265643610 |  8845865890576 |  8877207750866 |  8868002881894 |  8844715311146 |  8855611333140 |  8768550680942 |
|     RETIRED_INSTRUCTIONS    |   PMC0  | 10720524937462 |  7664320200920 |  7664152955834 |  7665219506608 |  7664815006520 |  7665682236952 |  7665107939930 |  7663666861109 |  7678899357133 |  7679602069602 |  7680735416706 |  7679467337806 |  7678425171580 |  7678888658673 |  7677852699037 |  7678934350829 |  7673585719701 |  7672383209479 |  7672602087086 |  7673864612031 |  7672991289205 |  7672772261690 |  7670862523631 |  7670519492386 |  7665202291401 |  7666473350607 |  7663655516861 |  7664795282608 |  7667048459221 |  7665501659072 |  7664615555588 |  7664419051961 |  7661174376864 |  7661718762838 |  7660960597199 |  7660292043878 |  7659476036693 |  7659652633579 |  7661064020990 |  7658163624250 |  7650849582955 |  7651572665444 |  7651451801307 |  7650640299937 |  7649484303971 |  7650124657339 |  7650399294120 |  7647620725360 |  7650353305681 | 7643477311328 | 7642885338944 | 7643206967721 | 7643535443858 |  7642385977056 |  7645192657643 |  7644498743550 | 7648150611624 | 7644837301292 | 7645561462079 | 7644668561563 | 7646832582741 | 7645563638982 | 7648336405432 | 7649774634559 | 7639252113799 | 7638057971816 | 7637486975929 | 7638489311250 | 7639358247337 | 7638768088594 | 7640612923985 | 7641340238011 | 7634762818221 | 7627760293269 | 7628113435818 | 7628914474776 | 7627266274215 | 7627766690916 | 7628362154577 | 7627270024424 | 7628116812154 | 7626276435709 | 7627069821354 | 7625309192419 | 7624419106363 | 7625259154086 | 7623930637572 | 7623761275099 | 7617819478460 | 7617848361735 | 7617342356692 | 7617460656229 | 7615956081166 | 7616878675580 | 7617512843901 | 7616695606634 |  7576012372588 |  7570688911150 |  7569781300525 |  7570156081038 |  7571931523278 |  7569595924994 |  7570188079910 |  7571909349542 |  7598048418609 |  7599745548249 |  7601924738485 |  7596805026512 |  7599926311345 |  7592277348573 |  7592218038815 |  7384216034504 |
|     CPU_CLOCKS_UNHALTED     |   PMC1  | 13545506972625 | 11082780799861 | 11099548317738 | 11119766404944 | 11096927685286 | 11082820676260 | 11085593826618 | 11087501159476 | 10728756943213 | 10690754203190 | 10759630888692 | 10769475475553 | 10754705360116 | 10772383710397 | 10803522325208 | 10803003165133 | 10707759692571 | 10693884168251 | 10733519456671 | 10743860177737 | 10736709617083 | 10785545364018 | 10794633940626 | 10816860385444 | 11039150123821 | 11038196827685 | 11042372643778 | 11043615176120 | 11047888611192 | 11065138242512 | 11068896447250 | 11086980386348 | 10776647914961 | 10725536000204 | 10820157366861 | 10744887409065 | 10840645219134 | 10779985317531 | 10835936849329 | 10892573154418 | 10866178353218 | 10870254530022 | 10859982680555 | 10896720887403 | 10922564822957 | 10935953211919 | 10928263895206 | 10961615256781 |  9312730171049 | 9035343080034 | 9018120173902 | 9070300787692 | 9145713027942 |  9180086180427 |  9241617362885 |  9322710264655 | 8696306735512 | 8587422452886 | 8629163375965 | 8620664829999 | 8753542013212 | 8712085051602 | 8855257770789 | 8962728103679 | 8734568065130 | 8586988966449 | 8661493516617 | 8698046397232 | 8803147058321 | 8816550800156 | 8934894334906 | 9021067119373 | 7250682908961 | 7031047805327 | 6959349680962 | 7016486469749 | 7041178288305 | 7065503586162 | 7258105120795 | 7147644768254 | 6783920310943 | 6799385043645 | 6703542441071 | 6734833035919 | 6769710014112 | 6810751062687 | 6829267136261 | 6880166268628 | 6888772996553 | 6816007180043 | 6852518478679 | 6881550304775 | 6902877461190 | 6978499458286 | 7094033141021 | 7019332826278 | 11925676695884 | 11923372569609 | 11925994501222 | 11914339355373 | 11920017403507 | 11914218292775 | 11923208248415 | 11924117633252 | 11887804906618 | 11902607206212 | 11912978989170 | 11903090746767 | 11909000933297 | 11892180374423 | 11906159691009 | 11786465820105 |
|       L2_PF_HIT_IN_L3       |   PMC2  |    70191760395 |     8083568462 |     7987361775 |     7929031457 |     7875961658 |     7598655412 |     7723330135 |     7623677957 |     7080815522 |     6873250189 |     6691786579 |     7412661373 |     7250449272 |     7315747278 |     7344576091 |     7474588779 |     7063075123 |     6855977173 |     7345461565 |     7496954480 |     8074976893 |     8807742558 |     7714304767 |     7672665022 |     6928423151 |     6710931707 |     6802475092 |     7021189377 |     7123738597 |     6639140063 |     7234377642 |     6756442569 |     7502206041 |     6835636025 |     7492214201 |     7080091727 |     7317660208 |     7111973015 |     7799237040 |     6907231746 |     7495215880 |     7153202556 |     7179697780 |     7610788699 |     7401597487 |     7152310802 |     6741468154 |     6431617104 |     7878632828 |    8115044951 |    7117577947 |    7474676197 |    7553012832 |     7243771924 |     7524849924 |     7518219677 |    6902459274 |    7137923207 |    7434308671 |    7999781278 |    7781008007 |    7408029742 |    7557396350 |    7251658825 |    7936516729 |    7473163073 |    7604673043 |    9049609814 |    7873088949 |    7280145254 |    7682925638 |    7406193842 |    6873267212 |    7404676293 |    7496984330 |    7752297711 |    8189872809 |    7648062404 |    7956999088 |    7639144431 |    7619562626 |    7588679766 |    7506060412 |    7699898107 |    7854223888 |    7517510194 |    7478936165 |    7308350479 |    8125248659 |    7271695511 |    7596457728 |    7742562480 |    8382643525 |    7714652076 |    8134686035 |    7983956083 |     8031185642 |     8098576801 |     8576245448 |     8263685465 |     8184788118 |     8347784669 |     8526987726 |     8533220797 |     9114346033 |     8618814095 |     8960066770 |     8742878030 |     8985127333 |     8529775747 |     9626978195 |     7672487958 |
|       L2_PF_MISS_IN_L3      |   PMC3  |   213524288457 |    25664631045 |    25897887725 |    26608116557 |    26396306145 |    26000959282 |    25803448314 |    26021134166 |    26607930172 |    26633536525 |    26711877312 |    26456445240 |    26066379573 |    26133496519 |    26344846272 |    26276808390 |    25946346587 |    25691283742 |    25549926684 |    25541170438 |    25366814938 |    25691718028 |    25595488192 |    25826991109 |    26366677228 |    26348770847 |    26045471254 |    25816914565 |    25964466135 |    26288936054 |    25976153589 |    26522680006 |    26353170675 |    26721758010 |    26590811958 |    26446455216 |    26615339779 |    26363914879 |    26459368213 |    26815455241 |    26168770234 |    26286477119 |    26315393088 |    26493967649 |    26374103911 |    26310844843 |    26689744728 |    26974060244 |    26246833668 |   26228831552 |   26465294977 |   26449671248 |   26449328956 |    26275197335 |    26595775511 |    26355409090 |   26599659512 |   25852255051 |   25953918316 |   25958418273 |   25765736332 |   25764382561 |   25866428089 |   26519500566 |   25930432441 |   25980451382 |   25557823927 |   25809961805 |   25852559890 |   25932621986 |   25885212220 |   26310967906 |   27179680710 |   26586347634 |   26338384345 |   26413770692 |   26099065192 |   26324527817 |   26146922855 |   26586064964 |   26656514404 |   26777744536 |   26586120301 |   26708156295 |   26398045163 |   26965358501 |   26651622185 |   26854089834 |   27282897297 |   27360364422 |   26781412324 |   26992130628 |   26736682611 |   26754063285 |   26744827094 |   26959425923 |    32898676068 |    32622347341 |    32090350916 |    32019407574 |    31909912383 |    32265524261 |    32008998553 |    32386099195 |    32216777535 |    32331929875 |    31759819218 |    32630741841 |    31947396709 |    32262274770 |    31920222384 |    28600416372 |
| L2_CACHE_MISS_AFTER_L1_MISS |   PMC4  |    27525963887 |    19442454587 |    19479303900 |    19869612066 |    19574486941 |    19333137706 |    19250234893 |    19354976002 |    19515103295 |    19279019545 |    19088436679 |    19400635967 |    19126491686 |    19167301836 |    19136766568 |    19188426487 |    19033498511 |    19325255636 |    19250156345 |    19185452201 |    19251890691 |    19785647065 |    19208701413 |    19143881855 |    19153782601 |    18684746595 |    18918000311 |    18928484742 |    18792452886 |    18917474811 |    18969296301 |    18781906854 |    19372201195 |    19017771882 |    19474985188 |    19234816288 |    19459841438 |    19036599838 |    19281360940 |    19146953853 |    19038291494 |    18887457650 |    18726989190 |    19104374732 |    19095925059 |    19110148951 |    19037294670 |    19134680685 |    19483995888 |   20052013484 |   19760403084 |   20001519916 |   19817191539 |    19937047524 |    20063924840 |    20338431604 |   19724643653 |   19892761379 |   19831361568 |   20294466483 |   19803118748 |   19671377707 |   19705743021 |   20032824567 |   20023922963 |   19488037128 |   19585718341 |   20049213070 |   19675458563 |   19485050698 |   19596002157 |   19525326884 |   18737249586 |   18957945117 |   18694896379 |   18807519075 |   18906366165 |   18796238593 |   19231217405 |   18945005581 |   18473201115 |   18615686560 |   18295213319 |   18878354786 |   18509272121 |   18752858818 |   18584316794 |   18536632897 |   19188554274 |   18734533558 |   18655298688 |   18731974978 |   18918845638 |   18757287022 |   18715609214 |   18790713205 |    13602278203 |    13665301693 |    13787865910 |    13525275879 |    13737253283 |    13950562365 |    14132867783 |    14166803181 |    13589269694 |    13527415353 |    13779573937 |    14033273618 |    13795552496 |    13929785283 |    14102839697 |    13483381765 |
+-----------------------------+---------+----------------+----------------+----------------+----------------+----------------+----------------+----------------+----------------+----------------+----------------+----------------+----------------+----------------+----------------+----------------+----------------+----------------+----------------+----------------+----------------+----------------+----------------+----------------+----------------+----------------+----------------+----------------+----------------+----------------+----------------+----------------+----------------+----------------+----------------+----------------+----------------+----------------+----------------+----------------+----------------+----------------+----------------+----------------+----------------+----------------+----------------+----------------+----------------+----------------+---------------+---------------+---------------+---------------+----------------+----------------+----------------+---------------+---------------+---------------+---------------+---------------+---------------+---------------+---------------+---------------+---------------+---------------+---------------+---------------+---------------+---------------+---------------+---------------+---------------+---------------+---------------+---------------+---------------+---------------+---------------+---------------+---------------+---------------+---------------+---------------+---------------+---------------+---------------+---------------+---------------+---------------+---------------+---------------+---------------+---------------+---------------+----------------+----------------+----------------+----------------+----------------+----------------+----------------+----------------+----------------+----------------+----------------+----------------+----------------+----------------+----------------+----------------+

+----------------------------------+---------+------------------+---------------+----------------+--------------+
|               Event              | Counter |        Sum       |      Min      |       Max      |      Avg     |
+----------------------------------+---------+------------------+---------------+----------------+--------------+
|       ACTUAL_CPU_CLOCK STAT      |  FIXC1  | 1192312079272897 | 7201202637623 | 16500961925316 |      nil     |
|        MAX_CPU_CLOCK STAT        |  FIXC2  |  876028285177500 | 6142993990718 | 11627558532382 | 7.821681e+12 |
|     RETIRED_INSTRUCTIONS STAT    |   PMC0  |  858542156980213 | 7384216034504 | 10720524937462 | 7.665555e+12 |
|     CPU_CLOCKS_UNHALTED STAT     |   PMC1  | 1095772538841639 | 6703542441071 | 13545506972625 | 9.783683e+12 |
|       L2_PF_HIT_IN_L3 STAT       |   PMC2  |     917421291393 |    6431617104 |    70191760395 | 8.191262e+09 |
|       L2_PF_MISS_IN_L3 STAT      |   PMC3  |    3225029323478 |   25366814938 |   213524288457 | 2.879490e+10 |
| L2_CACHE_MISS_AFTER_L1_MISS STAT |   PMC4  |    2076086319753 |   13483381765 |    27525963887 | 1.853648e+10 |
+----------------------------------+---------+------------------+---------------+----------------+--------------+

+-------------------------+------------+------------+------------+------------+------------+------------+------------+------------+------------+------------+-------------+-------------+-------------+-------------+-------------+-------------+-------------+-------------+-------------+-------------+-------------+-------------+-------------+-------------+-------------+-------------+-------------+-------------+-------------+-------------+-------------+-------------+-------------+-------------+-------------+-------------+-------------+-------------+-------------+-------------+-------------+-------------+-------------+-------------+-------------+-------------+-------------+-------------+-------------+-------------+-------------+-------------+-------------+-------------+-------------+-------------+-------------+-------------+-------------+-------------+-------------+-------------+-------------+-------------+-------------+-------------+-------------+-------------+-------------+-------------+-------------+-------------+-------------+-------------+-------------+-------------+-------------+-------------+-------------+-------------+-------------+-------------+-------------+-------------+-------------+-------------+-------------+-------------+-------------+-------------+-------------+-------------+-------------+-------------+-------------+-------------+-------------+-------------+-------------+-------------+--------------+--------------+--------------+--------------+--------------+--------------+--------------+--------------+--------------+--------------+--------------+--------------+
|          Metric         | HWThread 0 | HWThread 1 | HWThread 2 | HWThread 3 | HWThread 4 | HWThread 5 | HWThread 6 | HWThread 7 | HWThread 8 | HWThread 9 | HWThread 10 | HWThread 11 | HWThread 12 | HWThread 13 | HWThread 14 | HWThread 15 | HWThread 16 | HWThread 17 | HWThread 18 | HWThread 19 | HWThread 20 | HWThread 21 | HWThread 22 | HWThread 23 | HWThread 24 | HWThread 25 | HWThread 26 | HWThread 27 | HWThread 28 | HWThread 29 | HWThread 30 | HWThread 31 | HWThread 32 | HWThread 33 | HWThread 34 | HWThread 35 | HWThread 36 | HWThread 37 | HWThread 38 | HWThread 39 | HWThread 40 | HWThread 41 | HWThread 42 | HWThread 43 | HWThread 44 | HWThread 45 | HWThread 46 | HWThread 47 | HWThread 48 | HWThread 49 | HWThread 50 | HWThread 51 | HWThread 52 | HWThread 53 | HWThread 54 | HWThread 55 | HWThread 56 | HWThread 57 | HWThread 58 | HWThread 59 | HWThread 60 | HWThread 61 | HWThread 62 | HWThread 63 | HWThread 64 | HWThread 65 | HWThread 66 | HWThread 67 | HWThread 68 | HWThread 69 | HWThread 70 | HWThread 71 | HWThread 72 | HWThread 73 | HWThread 74 | HWThread 75 | HWThread 76 | HWThread 77 | HWThread 78 | HWThread 79 | HWThread 80 | HWThread 81 | HWThread 82 | HWThread 83 | HWThread 84 | HWThread 85 | HWThread 86 | HWThread 87 | HWThread 88 | HWThread 89 | HWThread 90 | HWThread 91 | HWThread 92 | HWThread 93 | HWThread 94 | HWThread 95 | HWThread 96 | HWThread 97 | HWThread 98 | HWThread 99 | HWThread 100 | HWThread 101 | HWThread 102 | HWThread 103 | HWThread 104 | HWThread 105 | HWThread 106 | HWThread 107 | HWThread 108 | HWThread 109 | HWThread 110 | HWThread 111 |
+-------------------------+------------+------------+------------+------------+------------+------------+------------+------------+------------+------------+-------------+-------------+-------------+-------------+-------------+-------------+-------------+-------------+-------------+-------------+-------------+-------------+-------------+-------------+-------------+-------------+-------------+-------------+-------------+-------------+-------------+-------------+-------------+-------------+-------------+-------------+-------------+-------------+-------------+-------------+-------------+-------------+-------------+-------------+-------------+-------------+-------------+-------------+-------------+-------------+-------------+-------------+-------------+-------------+-------------+-------------+-------------+-------------+-------------+-------------+-------------+-------------+-------------+-------------+-------------+-------------+-------------+-------------+-------------+-------------+-------------+-------------+-------------+-------------+-------------+-------------+-------------+-------------+-------------+-------------+-------------+-------------+-------------+-------------+-------------+-------------+-------------+-------------+-------------+-------------+-------------+-------------+-------------+-------------+-------------+-------------+-------------+-------------+-------------+-------------+--------------+--------------+--------------+--------------+--------------+--------------+--------------+--------------+--------------+--------------+--------------+--------------+
|   Runtime (RDTSC) [s]   |  4567.4190 |  4567.4190 |  4567.4190 |  4567.4190 |  4567.4190 |  4567.4190 |  4567.4190 |  4567.4190 |  4567.4190 |  4567.4190 |   4567.4190 |   4567.4190 |   4567.4190 |   4567.4190 |   4567.4190 |   4567.4190 |   4567.4190 |   4567.4190 |   4567.4190 |   4567.4190 |   4567.4190 |   4567.4190 |   4567.4190 |   4567.4190 |   4567.4190 |   4567.4190 |   4567.4190 |   4567.4190 |   4567.4190 |   4567.4190 |   4567.4190 |   4567.4190 |   4567.4190 |   4567.4190 |   4567.4190 |   4567.4190 |   4567.4190 |   4567.4190 |   4567.4190 |   4567.4190 |   4567.4190 |   4567.4190 |   4567.4190 |   4567.4190 |   4567.4190 |   4567.4190 |   4567.4190 |   4567.4190 |   4567.4190 |   4567.4190 |   4567.4190 |   4567.4190 |   4567.4190 |   4567.4190 |   4567.4190 |   4567.4190 |   4567.4190 |   4567.4190 |   4567.4190 |   4567.4190 |   4567.4190 |   4567.4190 |   4567.4190 |   4567.4190 |   4567.4190 |   4567.4190 |   4567.4190 |   4567.4190 |   4567.4190 |   4567.4190 |   4567.4190 |   4567.4190 |   4567.4190 |   4567.4190 |   4567.4190 |   4567.4190 |   4567.4190 |   4567.4190 |   4567.4190 |   4567.4190 |   4567.4190 |   4567.4190 |   4567.4190 |   4567.4190 |   4567.4190 |   4567.4190 |   4567.4190 |   4567.4190 |   4567.4190 |   4567.4190 |   4567.4190 |   4567.4190 |   4567.4190 |   4567.4190 |   4567.4190 |   4567.4190 |   4567.4190 |   4567.4190 |   4567.4190 |   4567.4190 |    4567.4190 |    4567.4190 |    4567.4190 |    4567.4190 |    4567.4190 |    4567.4190 |    4567.4190 |    4567.4190 |    4567.4190 |    4567.4190 |    4567.4190 |    4567.4190 |
|   Runtime unhalted [s]  |  6346.5309 |  4699.9493 |  4675.7428 |  4692.8993 |  4680.5299 |  4681.4371 |  4680.5281 |  4676.8955 |  4548.2756 |  4522.3681 |   4542.7575 |   4548.0099 |   4559.7671 |   4546.2443 |   4565.8988 |   4564.9308 |   4526.5253 |   4517.0192 |   4531.1835 |   4540.0607 |   4542.1859 |   4555.1715 |   4571.0650 |   4574.8701 |   4659.9542 |   4658.0516 |   4659.3815 |   4659.4600 |   4661.5124 |   4669.3679 |   4666.1178 |   4678.3268 |   4549.9029 |   4528.6250 |   4564.0006 |   4538.9513 |   4585.9287 |   4551.8164 |   4580.5023 |   4599.2329 |   4594.3416 |   4586.6418 |   4579.3761 |   4595.9994 |   4615.6637 |   4616.6661 |   4618.4394 |   4625.5559 |   3948.5229 |   3806.4334 |   3793.4186 |   3816.2563 |   3845.7772 |   3857.5506 |   3890.1481 |   3933.5594 |   3669.4000 |   3613.1377 |   3631.6667 |   3624.8607 |   3689.3004 |   3666.0308 |   3732.1913 |   3778.1344 |   3679.4526 |   3612.4525 |   3639.6020 |   3657.0769 |   3705.6493 |   3704.7609 |   3766.4130 |   3795.6264 |   3012.4197 |   2907.8064 |   2876.3434 |   2910.7798 |   2915.9089 |   2925.9973 |   3008.2886 |   2958.4181 |   2810.9369 |   2819.0366 |   2769.6964 |   2786.2625 |   2796.5453 |   2818.1506 |   2826.5490 |   2843.3502 |   2841.2757 |   2809.2873 |   2824.9641 |   2840.1174 |   2847.8461 |   2883.8010 |   2938.2423 |   2896.9208 |   4841.2308 |   4838.6673 |   4831.6198 |   4829.0070 |    4829.4079 |    4828.4839 |    4835.8107 |    4837.3528 |    4837.2313 |    4838.0307 |    4830.6295 |    4845.2151 |    4841.0265 |    4831.2309 |    4835.9571 |    4790.1520 |
|       Clock [MHz]       |  3689.7215 |  3658.2100 |  3680.0273 |  3678.8441 |  3679.7216 |  3679.0152 |  3678.7528 |  3680.3354 |  3678.5237 |  3676.7502 |   3678.8972 |   3679.4338 |   3680.0574 |   3679.3008 |   3680.6683 |   3677.9684 |   3681.6139 |   3680.4273 |   3680.1269 |   3680.5872 |   3681.5624 |   3681.8821 |   3681.5884 |   3682.3515 |   3681.9975 |   3680.3662 |   3681.0459 |   3682.4964 |   3681.3112 |   3682.3728 |   3683.0524 |   3682.1910 |   3682.3862 |   3678.6713 |   3681.5751 |   3681.7910 |   3682.1008 |   3680.9459 |   3680.0867 |   3683.5196 |   3681.9367 |   3681.1274 |   3681.3268 |   3682.1911 |   3680.6318 |   3680.8853 |   3680.3306 |   3681.7870 |   3573.3856 |   3492.5204 |   3482.8389 |   3493.2158 |   3510.6029 |   3520.1326 |   3527.0787 |   3549.1177 |   3431.2138 |   3411.6061 |   3413.7819 |   3416.8694 |   3441.9462 |   3431.5609 |   3458.8747 |   3475.1907 |   3427.9703 |   3399.6866 |   3413.5379 |   3420.1580 |   3444.2105 |   3448.0483 |   3475.3356 |   3490.4492 |   3152.4318 |   3113.8816 |   3091.9021 |   3104.6239 |   3108.1167 |   3114.2490 |   3148.4093 |   3129.1132 |   3076.7792 |   3069.8360 |   3047.8796 |   3053.3973 |   3062.6810 |   3071.4257 |   3079.0590 |   3088.7333 |   3087.8444 |   3069.5401 |   3072.9022 |   3082.3489 |   3084.0258 |   3107.4298 |   3125.8288 |   3110.0849 |   3690.9921 |   3693.4486 |   3695.6583 |   3695.2378 |    3695.1564 |    3695.9241 |    3694.5329 |    3693.8726 |    3691.0189 |    3689.5346 |    3691.5530 |    3689.6264 |    3690.2633 |    3692.4929 |    3691.5573 |    3692.8970 |
|           CPI           |     1.2635 |     1.4460 |     1.4482 |     1.4507 |     1.4478 |     1.4458 |     1.4462 |     1.4468 |     1.3972 |     1.3921 |      1.4009 |      1.4024 |      1.4006 |      1.4029 |      1.4071 |      1.4068 |      1.3954 |      1.3938 |      1.3989 |      1.4001 |      1.3993 |      1.4057 |      1.4072 |      1.4102 |      1.4402 |      1.4398 |      1.4409 |      1.4408 |      1.4410 |      1.4435 |      1.4442 |      1.4466 |      1.4067 |      1.3999 |      1.4124 |      1.4027 |      1.4153 |      1.4074 |      1.4144 |      1.4223 |      1.4203 |      1.4207 |      1.4193 |      1.4243 |      1.4279 |      1.4295 |      1.4285 |      1.4333 |      1.2173 |      1.1821 |      1.1799 |      1.1867 |      1.1965 |      1.2012 |      1.2088 |      1.2195 |      1.1370 |      1.1233 |      1.1287 |      1.1277 |      1.1447 |      1.1395 |      1.1578 |      1.1716 |      1.1434 |      1.1242 |      1.1341 |      1.1387 |      1.1523 |      1.1542 |      1.1694 |      1.1806 |      0.9497 |      0.9218 |      0.9123 |      0.9197 |      0.9232 |      0.9263 |      0.9515 |      0.9371 |      0.8893 |      0.8916 |      0.8789 |      0.8832 |      0.8879 |      0.8932 |      0.8958 |      0.9025 |      0.9043 |      0.8947 |      0.8996 |      0.9034 |      0.9064 |      0.9162 |      0.9313 |      0.9216 |      1.5741 |      1.5749 |      1.5755 |      1.5739 |       1.5742 |       1.5740 |       1.5750 |       1.5748 |       1.5646 |       1.5662 |       1.5671 |       1.5669 |       1.5670 |       1.5664 |       1.5682 |       1.5962 |
| L3 bandwidth [MBytes/s] |  4361.2134 |   745.3229 |   747.7596 |   762.3633 |   754.5163 |   741.7091 |   739.5268 |   742.6484 |   745.5078 |   739.6500 |    735.5345 |    746.4311 |    734.8510 |    737.2783 |    740.2159 |    741.8082 |    729.2405 |    726.8528 |    730.6785 |    731.7719 |    738.3592 |    760.6587 |    735.9044 |    737.6565 |    734.9290 |    725.0582 |    725.3595 |    725.3685 |    726.9668 |    726.4749 |    731.1589 |    729.4942 |    745.8403 |    736.6985 |    750.4704 |    739.3075 |    748.1560 |    735.8202 |    750.2175 |    740.8247 |    738.4796 |    733.2230 |    731.7509 |    745.5818 |    740.8526 |    736.6724 |    735.2040 |    736.2107 |    751.1913 |    762.2110 |    747.4615 |    755.6249 |    754.1349 |    749.0412 |    759.2496 |    759.6351 |    745.8288 |    741.0111 |    745.7283 |    760.2041 |    747.5538 |    740.4625 |    744.4669 |    753.9170 |    755.1345 |    741.8338 |    739.1233 |    769.3978 |    748.2718 |    738.4171 |    744.9514 |    746.0492 |    739.7116 |    741.9363 |    736.0693 |    742.2813 |    745.3880 |    739.4121 |    747.3474 |    745.0365 |    739.1382 |    742.4007 |    734.0674 |    746.6646 |    739.3100 |    745.9545 |    738.6561 |    738.4347 |    765.0248 |    747.7882 |    743.1161 |    749.1905 |    757.1985 |    745.8182 |    750.9904 |    752.9377 |    764.1202 |    762.0756 |    763.0317 |    753.9785 |     754.3090 |     764.5648 |     766.0358 |     771.8827 |     769.5605 |     763.3638 |     763.6622 |     776.3775 |     766.8657 |     766.7782 |     779.7845 |     697.1995 |
| L3 data volume [GBytes] | 19919.4888 |  3404.2019 |  3415.3314 |  3482.0326 |  3446.1923 |  3387.6962 |  3377.7289 |  3391.9864 |  3405.0463 |  3378.2916 |   3359.4944 |   3409.2635 |   3356.3725 |   3367.4589 |   3380.8761 |   3388.1487 |   3330.7469 |   3319.8411 |   3337.3149 |   3342.3089 |   3372.3957 |   3474.2469 |   3361.1836 |   3369.1864 |   3356.7285 |   3311.6447 |   3313.0206 |   3313.0617 |   3320.3621 |   3318.1153 |   3339.5090 |   3331.9059 |   3406.5650 |   3364.8106 |   3427.7127 |   3376.7272 |   3417.1419 |   3360.7992 |   3426.5578 |   3383.6570 |   3372.9458 |   3348.9368 |   3342.2131 |   3405.3844 |   3383.7841 |   3364.6915 |   3357.9845 |   3362.5829 |   3431.0056 |   3481.3370 |   3413.9697 |   3451.2555 |   3444.4501 |   3421.1851 |   3467.8112 |   3469.5719 |   3406.5128 |   3384.5081 |   3406.0537 |   3472.1706 |   3414.3912 |   3382.0026 |   3400.2923 |   3443.4550 |   3449.0158 |   3388.2657 |   3375.8858 |   3514.1622 |   3417.6709 |   3372.6603 |   3402.5050 |   3407.5193 |   3378.5726 |   3388.7340 |   3361.9370 |   3390.3096 |   3404.4995 |   3377.2050 |   3413.4489 |   3402.8938 |   3375.9538 |   3390.8551 |   3352.7932 |   3410.3302 |   3376.7386 |   3407.0866 |   3373.7520 |   3372.7407 |   3494.1888 |   3415.4620 |   3394.1228 |   3421.8668 |   3458.4430 |   3406.4642 |   3430.0878 |   3438.9821 |   3490.0570 |   3480.7185 |   3485.0856 |   3443.7356 |    3445.2450 |    3492.0878 |    3498.8067 |    3525.5119 |    3514.9052 |    3486.6022 |    3487.9654 |    3546.0412 |    3502.5969 |    3502.1975 |    3561.6026 |    3184.4023 |
+-------------------------+------------+------------+------------+------------+------------+------------+------------+------------+------------+------------+-------------+-------------+-------------+-------------+-------------+-------------+-------------+-------------+-------------+-------------+-------------+-------------+-------------+-------------+-------------+-------------+-------------+-------------+-------------+-------------+-------------+-------------+-------------+-------------+-------------+-------------+-------------+-------------+-------------+-------------+-------------+-------------+-------------+-------------+-------------+-------------+-------------+-------------+-------------+-------------+-------------+-------------+-------------+-------------+-------------+-------------+-------------+-------------+-------------+-------------+-------------+-------------+-------------+-------------+-------------+-------------+-------------+-------------+-------------+-------------+-------------+-------------+-------------+-------------+-------------+-------------+-------------+-------------+-------------+-------------+-------------+-------------+-------------+-------------+-------------+-------------+-------------+-------------+-------------+-------------+-------------+-------------+-------------+-------------+-------------+-------------+-------------+-------------+-------------+-------------+--------------+--------------+--------------+--------------+--------------+--------------+--------------+--------------+--------------+--------------+--------------+--------------+

+------------------------------+-------------+-----------+------------+-----------+
|            Metric            |     Sum     |    Min    |     Max    |    Avg    |
+------------------------------+-------------+-----------+------------+-----------+
|   Runtime (RDTSC) [s] STAT   | 511550.9280 | 4567.4190 |  4567.4190 | 4567.4190 |
|   Runtime unhalted [s] STAT  | 458582.0823 | 2769.6964 |  6346.5309 | 4094.4829 |
|       Clock [MHz] STAT       | 393148.1166 | 3047.8796 |  3695.9241 | 3510.2510 |
|           CPI STAT           |    142.9572 |    0.8789 |     1.5962 |    1.2764 |
| L3 bandwidth [MBytes/s] STAT |  87135.9434 |  697.1995 |  4361.2134 |  777.9995 |
| L3 data volume [GBytes] STAT | 397986.3641 | 3184.4023 | 19919.4888 | 3553.4497 |
+------------------------------+-------------+-----------+------------+-----------+

