INFO: You are running LIKWID in a cpuset with 128 CPUs. Taking given IDs as logical ID in cpuset
--------------------------------------------------------------------------------
CPU name:	AMD EPYC 9A14 96-Core Processor                
CPU type:	AMD K19 (Zen4) architecture
CPU clock:	2.60 GHz
--------------------------------------------------------------------------------
Use symmetry. Molecule point group: Coov
Norb: 20   Ne: (7, 7)
Running RHF...
converged SCF energy = -92.827631799365
Running FCI ...
Guessing CI wfn symmetry = 0
Num symmetry allowed elements 1502950144
tol 1e-10  toloose 1e-05
max_cycle 100  max_space 12  max_memory 683571  incore True
    CPU time for contract_2e  23340.54 sec, wall time    211.70 sec
davidson 0 1  |r|= 0.77  e= [-116.65141583]  max|de|= -117  lindep=    1
    CPU time for contract_2e  23077.60 sec, wall time    220.69 sec
davidson 1 2  |r|= 0.371  e= [-116.83564519]  max|de|= -0.184  lindep= 0.978
    CPU time for contract_2e  23131.45 sec, wall time    227.11 sec
davidson 2 3  |r|= 0.145  e= [-116.87066041]  max|de|= -0.035  lindep= 0.996
    CPU time for contract_2e  23014.38 sec, wall time    231.13 sec
davidson 3 4  |r|= 0.0579  e= [-116.87548655]  max|de|= -0.00483  lindep= 0.981
    CPU time for contract_2e  23154.85 sec, wall time    241.52 sec
davidson 4 5  |r|= 0.0283  e= [-116.87622039]  max|de|= -0.000734  lindep= 0.934
    CPU time for contract_2e  23021.18 sec, wall time    257.14 sec
davidson 5 6  |r|= 0.0133  e= [-116.8764033]  max|de|= -0.000183  lindep= 0.902
    CPU time for contract_2e  22916.29 sec, wall time    265.38 sec
davidson 6 7  |r|= 0.00565  e= [-116.87644024]  max|de|= -3.69e-05  lindep= 0.927
    CPU time for contract_2e  22862.37 sec, wall time    274.00 sec
davidson 7 8  |r|= 0.00224  e= [-116.87644619]  max|de|= -5.95e-06  lindep= 0.932
    CPU time for contract_2e  23053.64 sec, wall time    285.12 sec
davidson 8 9  |r|= 0.000882  e= [-116.87644712]  max|de|= -9.33e-07  lindep= 0.918
    CPU time for contract_2e  23011.32 sec, wall time    292.97 sec
davidson 9 10  |r|= 0.000388  e= [-116.87644727]  max|de|= -1.55e-07  lindep= 0.919
    CPU time for contract_2e  23092.84 sec, wall time    302.41 sec
davidson 10 11  |r|= 0.000183  e= [-116.8764473]  max|de|= -3.05e-08  lindep= 0.897
    CPU time for contract_2e  22995.79 sec, wall time    310.54 sec
davidson 11 12  |r|= 8.85e-05  e= [-116.87644731]  max|de|= -7.18e-09  lindep= 0.904
    CPU time for contract_2e  23345.71 sec, wall time    327.14 sec
davidson 12 1  |r|= 8.85e-05  e= [-116.87644731]  max|de|= 9.28e-12  lindep=    1
    CPU time for contract_2e  22927.45 sec, wall time    219.14 sec
davidson 13 2  |r|= 3.82e-05  e= [-116.87644731]  max|de|= -1.28e-09  lindep= 0.995
    CPU time for contract_2e  23066.99 sec, wall time    225.80 sec
davidson 14 3  |r|= 2.39e-05  e= [-116.87644731]  max|de|= -4.53e-10  lindep= 0.908
    CPU time for contract_2e  23241.22 sec, wall time    234.27 sec
davidson 15 4  |r|= 1.11e-05  e= [-116.87644731]  max|de|= -1.15e-10  lindep= 0.858
    CPU time for contract_2e  23309.11 sec, wall time    244.64 sec
root 0 converged  |r|= 4.65e-06  e= -116.87644731371978  max|de|= -2.31e-11
converged 16 5  |r|= 4.65e-06  e= [-116.87644731]  max|de|= -2.31e-11
--------------------------------------------------------------------------------
Group 1: L3
+-----------------------------+---------+----------------+----------------+----------------+----------------+----------------+----------------+----------------+----------------+----------------+----------------+----------------+----------------+----------------+----------------+----------------+----------------+----------------+----------------+----------------+----------------+----------------+----------------+----------------+----------------+----------------+----------------+----------------+----------------+----------------+----------------+----------------+----------------+----------------+----------------+----------------+----------------+----------------+----------------+----------------+----------------+----------------+----------------+----------------+----------------+----------------+----------------+----------------+----------------+---------------+---------------+---------------+---------------+---------------+---------------+---------------+---------------+---------------+---------------+---------------+---------------+---------------+---------------+---------------+---------------+---------------+---------------+---------------+---------------+---------------+---------------+---------------+---------------+---------------+---------------+---------------+---------------+---------------+---------------+---------------+---------------+---------------+---------------+---------------+---------------+---------------+---------------+---------------+---------------+---------------+---------------+---------------+---------------+---------------+---------------+---------------+---------------+----------------+----------------+----------------+----------------+----------------+----------------+----------------+----------------+----------------+----------------+----------------+----------------+----------------+----------------+----------------+----------------+----------------+----------------+----------------+----------------+----------------+----------------+----------------+----------------+----------------+----------------+----------------+----------------+----------------+----------------+----------------+----------------+
|            Event            | Counter |   HWThread 0   |   HWThread 1   |   HWThread 2   |   HWThread 3   |   HWThread 4   |   HWThread 5   |   HWThread 6   |   HWThread 7   |   HWThread 8   |   HWThread 9   |   HWThread 10  |   HWThread 11  |   HWThread 12  |   HWThread 13  |   HWThread 14  |   HWThread 15  |   HWThread 16  |   HWThread 17  |   HWThread 18  |   HWThread 19  |   HWThread 20  |   HWThread 21  |   HWThread 22  |   HWThread 23  |   HWThread 24  |   HWThread 25  |   HWThread 26  |   HWThread 27  |   HWThread 28  |   HWThread 29  |   HWThread 30  |   HWThread 31  |   HWThread 32  |   HWThread 33  |   HWThread 34  |   HWThread 35  |   HWThread 36  |   HWThread 37  |   HWThread 38  |   HWThread 39  |   HWThread 40  |   HWThread 41  |   HWThread 42  |   HWThread 43  |   HWThread 44  |   HWThread 45  |   HWThread 46  |   HWThread 47  |  HWThread 48  |  HWThread 49  |  HWThread 50  |  HWThread 51  |  HWThread 52  |  HWThread 53  |  HWThread 54  |  HWThread 55  |  HWThread 56  |  HWThread 57  |  HWThread 58  |  HWThread 59  |  HWThread 60  |  HWThread 61  |  HWThread 62  |  HWThread 63  |  HWThread 64  |  HWThread 65  |  HWThread 66  |  HWThread 67  |  HWThread 68  |  HWThread 69  |  HWThread 70  |  HWThread 71  |  HWThread 72  |  HWThread 73  |  HWThread 74  |  HWThread 75  |  HWThread 76  |  HWThread 77  |  HWThread 78  |  HWThread 79  |  HWThread 80  |  HWThread 81  |  HWThread 82  |  HWThread 83  |  HWThread 84  |  HWThread 85  |  HWThread 86  |  HWThread 87  |  HWThread 88  |  HWThread 89  |  HWThread 90  |  HWThread 91  |  HWThread 92  |  HWThread 93  |  HWThread 94  |  HWThread 95  |   HWThread 96  |   HWThread 97  |   HWThread 98  |   HWThread 99  |  HWThread 100  |  HWThread 101  |  HWThread 102  |  HWThread 103  |  HWThread 104  |  HWThread 105  |  HWThread 106  |  HWThread 107  |  HWThread 108  |  HWThread 109  |  HWThread 110  |  HWThread 111  |  HWThread 112  |  HWThread 113  |  HWThread 114  |  HWThread 115  |  HWThread 116  |  HWThread 117  |  HWThread 118  |  HWThread 119  |  HWThread 120  |  HWThread 121  |  HWThread 122  |  HWThread 123  |  HWThread 124  |  HWThread 125  |  HWThread 126  |  HWThread 127  |
+-----------------------------+---------+----------------+----------------+----------------+----------------+----------------+----------------+----------------+----------------+----------------+----------------+----------------+----------------+----------------+----------------+----------------+----------------+----------------+----------------+----------------+----------------+----------------+----------------+----------------+----------------+----------------+----------------+----------------+----------------+----------------+----------------+----------------+----------------+----------------+----------------+----------------+----------------+----------------+----------------+----------------+----------------+----------------+----------------+----------------+----------------+----------------+----------------+----------------+----------------+---------------+---------------+---------------+---------------+---------------+---------------+---------------+---------------+---------------+---------------+---------------+---------------+---------------+---------------+---------------+---------------+---------------+---------------+---------------+---------------+---------------+---------------+---------------+---------------+---------------+---------------+---------------+---------------+---------------+---------------+---------------+---------------+---------------+---------------+---------------+---------------+---------------+---------------+---------------+---------------+---------------+---------------+---------------+---------------+---------------+---------------+---------------+---------------+----------------+----------------+----------------+----------------+----------------+----------------+----------------+----------------+----------------+----------------+----------------+----------------+----------------+----------------+----------------+----------------+----------------+----------------+----------------+----------------+----------------+----------------+----------------+----------------+----------------+----------------+----------------+----------------+----------------+----------------+----------------+----------------+
|       ACTUAL_CPU_CLOCK      |  FIXC1  | 16786680693682 | 12427005075408 | 12413603892322 | 12444758413733 | 12410063860653 | 12411129697650 | 12431269822466 | 12423751402411 | 11990118115188 | 11895571526715 | 11838300477705 | 11893366166148 | 11952489629234 | 11924466516393 | 11963991675691 | 12003836762885 | 11690089564809 | 11560721969976 | 11643155449507 | 11662895707322 | 11842366513368 | 11813202303931 | 11791276960163 | 11820899039101 | 12134105924103 | 12100820311853 | 12101369052033 | 12118646067787 | 12144701339991 | 12121467162314 | 12146367142669 | 12182916330918 | 11861076115536 | 11824988560174 | 11872994127347 | 11984078477180 | 12008441890076 | 11992969905297 | 12011286874949 | 12030730519082 | 12184948269363 | 12215141735083 | 12179788036159 | 12219537448582 | 12241685538508 | 12251131258482 | 12243879207987 | 12277498292829 | 9903185058326 | 9505128058723 | 9439564793882 | 9558041354223 | 9639986142135 | 9700100994600 | 9831622900121 | 9793448311330 | 9107049106948 | 9023399806071 | 9016829055823 | 9104607307849 | 9172797044741 | 9210496992685 | 9266058691136 | 9344737286623 | 9456300252672 | 9354612782465 | 9321379332087 | 9449347207432 | 9463444839704 | 9513505931063 | 9520337198814 | 9649983947761 | 7731713707053 | 7526541908071 | 7474184813226 | 7464872540559 | 7547846148311 | 7566462757351 | 7606174946069 | 7651203526300 | 7265375784709 | 7172011126874 | 7176143728629 | 7230372884795 | 7252602013807 | 7247246580439 | 7329859614430 | 7358965248826 | 7387676333301 | 7370726584685 | 7356353032824 | 7638913621004 | 7540398452844 | 7455942916528 | 7533429403608 | 7547787630399 | 12858690863236 | 12843263775462 | 12843533585512 | 12841599517106 | 12835965078251 | 12836426253959 | 12841625772681 | 12837385761793 | 12844545375474 | 12830172933389 | 12830168001809 | 12831996764028 | 12829784054795 | 12830122178181 | 12829600238129 | 12829986690302 | 12854342345923 | 12840994469436 | 12838136221199 | 12837413833509 | 12842678015727 | 12837913887728 | 12839428609047 | 12840648541120 | 12815237180521 | 12813681366184 | 12815794968940 | 12809311659703 | 12830635546626 | 12823722998659 | 12813022249723 | 12735521717473 |
|        MAX_CPU_CLOCK        |  FIXC2  | 11823424938078 |  8819775927586 |  8768029721412 |  8786435938046 |  8759239992594 |  8761624401738 |  8775923040664 |  8769989588932 |  8456416396298 |  8394942501504 |  8352160113596 |  8394020963484 |  8431332517946 |  8412188384470 |  8442458551618 |  8469049784364 |  8259702895860 |  8181175360020 |  8227730063774 |  8239061981670 |  8359242404786 |  8335780756238 |  8324396609282 |  8344598183194 |  8564485259512 |  8537432194538 |  8533093107890 |  8547815422224 |  8568432246036 |  8546750398394 |  8567408754164 |  8593299078364 |  8377823901252 |  8363083972542 |  8394676034966 |  8462163612942 |  8477828481538 |  8466926548938 |  8481141885658 |  8492952661206 |  8594471167542 |  8621330289338 |  8595099605300 |  8620455219402 |  8633595021116 |  8642464233286 |  8637101708352 |  8660975377002 | 7378997728362 | 7286622461482 | 7263600084156 | 7325526461084 | 7359226401748 | 7366855709876 | 7436237853954 | 7419387120626 | 7078540065558 | 7046778304306 | 7045836889468 | 7092904718926 | 7107620861146 | 7144318461618 | 7165765805796 | 7204550326116 | 7269361318180 | 7216508017238 | 7200284076128 | 7264227949108 | 7260976584836 | 7287765891952 | 7289489537226 | 7361294328102 | 6486617716462 | 6368207974986 | 6360646790732 | 6351459426026 | 6387480950786 | 6395830013612 | 6414361912400 | 6442893604368 | 6220064238440 | 6195797801518 | 6197747278476 | 6209618054952 | 6231230924282 | 6215621686404 | 6258017920336 | 6259075697394 | 6321176506190 | 6309624771762 | 6307347234682 | 6437655213912 | 6396241973862 | 6351874420398 | 6388023255172 | 6386958364644 |  9048977311920 |  9032425036622 |  9032637067038 |  9029810808486 |  9025316666834 |  9025865768296 |  9030942934546 |  9025786789006 |  9036776202662 |  9021540982090 |  9021180770940 |  9022784384822 |  9021169355666 |  9021429269710 |  9020927071338 |  9021408282588 |  9046682030958 |  9034252670794 |  9029572250140 |  9028717421906 |  9036383668078 |  9029417903870 |  9032289536634 |  9034115542166 |  9012093239604 |  9011262312208 |  9012663371608 |  9006730924464 |  9026259203858 |  9020778315094 |  9009338351260 |  8955731018754 |
|     RETIRED_INSTRUCTIONS    |   PMC0  |  9901635993732 |  6828147516975 |  6828880850652 |  6827942852700 |  6827886108047 |  6828594287364 |  6828316859013 |  6827782447625 |  6836810347303 |  6835503586391 |  6836897477851 |  6838209455837 |  6837563766457 |  6837686866801 |  6837414098009 |  6837649260240 |  6831635582555 |  6829164481831 |  6830043673769 |  6828265059027 |  6830878401501 |  6830972580485 |  6830782001382 |  6830423389350 |  6827610701843 |  6827211253337 |  6825845382501 |  6825790263343 |  6826972445545 |  6825190793966 |  6824863859353 |  6826147008817 |  6835217714470 |  6835081772487 |  6835232443627 |  6835884844787 |  6835918343087 |  6835886887610 |  6835911906228 |  6835040995169 |  6825027419028 |  6825209887279 |  6824679026656 |  6826615608095 |  6824813225857 |  6825485519570 |  6824741140421 |  6824461542693 | 6821551192802 | 6814024088314 | 6812174044033 | 6814166582990 | 6812733078883 | 6813942209735 | 6815836733768 | 6814575609204 | 6816108958083 | 6813807427610 | 6813174690549 | 6814943342637 | 6813048804870 | 6814299386775 | 6815028579148 | 6814972538939 | 6801966659437 | 6799464677048 | 6798564465283 | 6801222807264 | 6799262062497 | 6800096655899 | 6799767128966 | 6801667603688 | 6795503760761 | 6787277285586 | 6788536504207 | 6787272202508 | 6786310937281 | 6787602715596 | 6786559808036 | 6787168770539 | 6782768931968 | 6781369978890 | 6778480597718 | 6779488956724 | 6774451779422 | 6775966995025 | 6774835733925 | 6773993397313 | 6772507412979 | 6770191705196 | 6770795140732 | 6771537399849 | 6768469219681 | 6769575800359 | 6768697229257 | 6767107691741 |  6718235783320 |  6713998251055 |  6713964264681 |  6714202575914 |  6714987032884 |  6713801634596 |  6714268876973 |  6710843807726 |  6759067027120 |  6753394141867 |  6751732668014 |  6751326145981 |  6751749308428 |  6750498902343 |  6750217130669 |  6748821294336 |  6718059719272 |  6715093150476 |  6713747105020 |  6710894163520 |  6716862979726 |  6711531228486 |  6712208586415 |  6712111792495 |  6740371274633 |  6739703198622 |  6742527040682 |  6738759367443 |  6738166405857 |  6736883369382 |  6735004468351 |  6535806389767 |
|     CPU_CLOCKS_UNHALTED     |   PMC1  | 13679194832870 | 11164438941160 | 11223733775845 | 11256904552409 | 11220449903305 | 11221488438264 | 11220974602269 | 11228667656076 | 10743967743116 | 10729470056129 | 10697573367857 | 10723075637826 | 10780887730578 | 10740833399489 | 10773862465123 | 10828597684415 | 10503637656771 | 10446154710091 | 10527381714301 | 10524275644182 | 10674658609297 | 10637870123125 | 10634045450302 | 10659930326749 | 10931562976837 | 10927794344814 | 10940348931517 | 10920564223104 | 10958889351385 | 10955377334703 | 10960500118008 | 11001289637350 | 10711220318980 | 10676346120929 | 10722213516384 | 10812094081423 | 10823658944870 | 10810871104690 | 10816796844006 | 10849974618509 | 11000198806441 | 11010536751107 | 11019637726115 | 11045884582102 | 11031138326939 | 11075010155066 | 11066211543266 | 11101631769810 | 8941038651859 | 8596890782363 | 8549233606642 | 8650878143664 | 8722599466901 | 8787939866362 | 8877821878316 | 8856647459053 | 8248999556460 | 8192314911709 | 8194301994644 | 8257174538468 | 8336600577013 | 8336987297083 | 8402172814828 | 8468197904808 | 8582087635983 | 8495981082616 | 8485953258409 | 8588726611524 | 8606561137080 | 8642209894408 | 8651169299107 | 8750885051321 | 7118211404061 | 6944321205264 | 6906420373412 | 6894872261995 | 6977980712932 | 6974240967130 | 7027083201407 | 7045423693553 | 6711217881252 | 6628210029506 | 6646329685315 | 6688170597928 | 6714359090050 | 6706131523430 | 6779020940511 | 6816776555159 | 6828031538821 | 6834505336154 | 6820710291839 | 7044668257647 | 6964796627077 | 6903377395016 | 6968651275895 | 6988160509527 | 12032007209116 | 12038145054849 | 12035608771826 | 12024126601609 | 12036972435043 | 12032698012022 | 12029472010500 | 12039699383133 | 12014827041850 | 11994243252216 | 12012375143001 | 11999974116984 | 12010314155689 | 12010703775635 | 12001732566166 | 11994785013479 | 12017557897816 | 12006590496452 | 12019162137208 | 12007067358271 | 12002202135727 | 12012353985914 | 12012911357159 | 12007687467734 | 12060906593146 | 12065044801746 | 12071055477252 | 12064528653544 | 12076361107308 | 12071658289137 | 12073663505450 | 11957004463842 |
|       L2_PF_HIT_IN_L3       |   PMC2  |    69777162461 |     6472129476 |     6334782559 |     6851109184 |     6513212803 |     6115247950 |     6278975077 |     5965307829 |     5793942498 |     6092000188 |     6057787547 |     5986399897 |     5841288662 |     5818976017 |     5932810945 |     5566960668 |     5740759778 |     5569065419 |     5857190176 |     5715265148 |     6076343334 |     5693057022 |     6018938695 |     6057946614 |     5814004234 |     5818258566 |     6340430209 |     5874192187 |     5984758105 |     6201261244 |     6240298792 |     6207467567 |     6501633499 |     5922872802 |     6147730690 |     6079456156 |     6408259047 |     6357386078 |     6862102771 |     6812754014 |     5780999027 |     5929229184 |     6102217200 |     5937570813 |     6314290663 |     6387618027 |     5961478594 |     5701968325 |    5687562413 |    5812092115 |    5724743093 |    5930319973 |    6452520360 |    5637961379 |    5696957666 |    5446880382 |    6299565358 |    6105093141 |    6200462939 |    6404238663 |    6778234508 |    6339427032 |    6202629615 |    6284853414 |    6060505139 |    6056893081 |    6264785450 |    6262407444 |    6655091571 |    6341248664 |    6470754925 |    6341877906 |    5830776212 |    6565458670 |    6747807589 |    6637881711 |    6851556369 |    6249201671 |    6770428456 |    6681725539 |    6179523040 |    6070111570 |    6447855285 |    6426496986 |    6120539720 |    6000887479 |    6580190719 |    6434670360 |    6550879976 |    7100861472 |    6931671887 |    6677617048 |    6720468957 |    6974192280 |    6890366756 |    7384056282 |     6751098752 |     7239745452 |     8921959668 |     6408745094 |     7327997433 |     7438530744 |     7106116893 |     6043960901 |     7294338826 |     6577447859 |     8532574934 |     7050867035 |     7559053151 |     7278655606 |     7911128427 |     6110320011 |     6011448244 |     6545668423 |     6949301255 |     6343877671 |     7016754642 |     6643547965 |     6843008767 |     7113421634 |     6731237638 |     6554571533 |     7013007343 |     6665405227 |     7288247522 |     7055006750 |     7824024809 |     7407925241 |
|       L2_PF_MISS_IN_L3      |   PMC3  |   211635650258 |    23226296523 |    23899231056 |    23569842260 |    23485747144 |    23954958390 |    23827200670 |    24113464258 |    24761999133 |    24451751697 |    24267619528 |    24491550182 |    24384876393 |    24420883569 |    24294491369 |    24559547458 |    23919032125 |    24079897228 |    23682640189 |    23622580187 |    23775096545 |    24010958938 |    23873621144 |    24058034583 |    23252079827 |    23280970059 |    22997594773 |    23124180787 |    23071575872 |    22854361982 |    22627410568 |    22981313272 |    24290506667 |    24260016064 |    24473854365 |    24507909596 |    24359560828 |    24092833013 |    23940383856 |    24338337746 |    23387088930 |    23439551480 |    23284748087 |    23491171339 |    23041891971 |    23544517394 |    23491623520 |    23878498568 |   24643772236 |   24485688080 |   24385777150 |   24391625915 |   23762430075 |   24627242132 |   24316409242 |   24897567490 |   23665498397 |   23856146070 |   23517810880 |   23838343452 |   23366150304 |   23989487249 |   23896168001 |   23635432988 |   24616779023 |   24120540970 |   23906340114 |   24116111697 |   23842322305 |   23973296400 |   24050230455 |   24412131775 |   24965825529 |   23877926292 |   24284563397 |   24124872825 |   23947049121 |   24274037319 |   24093566603 |   24298246907 |   24702295781 |   24589896762 |   24232010197 |   23749345175 |   24013728906 |   24158039817 |   24131210981 |   23904401175 |   24912897134 |   24663803398 |   24702810701 |   25123996142 |   24724669954 |   24889353465 |   24771588087 |   24468397467 |    31070219524 |    30574559191 |    30490994064 |    30792912285 |    30198465568 |    30576213272 |    30474222609 |    31315345359 |    31216034210 |    31155826478 |    30910456842 |    30977738890 |    31078953854 |    31265671534 |    31199086049 |    31857703641 |    31365131589 |    31156086267 |    30109298355 |    30556534062 |    30192301890 |    30245564268 |    30498430516 |    31041566181 |    31557038952 |    31318133181 |    31158086693 |    31201579734 |    31288845241 |    31364756313 |    31089821045 |    27639663022 |
| L2_CACHE_MISS_AFTER_L1_MISS |   PMC4  |    26521637942 |    18183585008 |    18279266113 |    18416536750 |    18232908776 |    18020242554 |    18195328426 |    18043339557 |    18112133062 |    18359979930 |    17699663292 |    17818715662 |    17526704759 |    17697136276 |    17570547036 |    17591427026 |    17479600470 |    17560414727 |    17449113154 |    17762429179 |    17884641487 |    17567215749 |    17685688585 |    17607102793 |    17554180425 |    17591541984 |    17732668417 |    17738770495 |    17460225617 |    17706046562 |    17650155874 |    17669586739 |    17986955770 |    17702986719 |    17819552257 |    17890960006 |    17815963356 |    17859892537 |    17889975175 |    17902148986 |    17533320088 |    17790229422 |    17639237327 |    17740105794 |    17594556566 |    17883203433 |    17612788118 |    17811250292 |   18038162206 |   18185735437 |   18216083604 |   18156909719 |   18602624563 |   18147647523 |   18302520290 |   18179442195 |   18400479791 |   18238317965 |   18166209704 |   18281124209 |   18410168516 |   18442230130 |   18224265042 |   18455676543 |   18282875781 |   18344806072 |   18247687435 |   18315015933 |   18281662074 |   18201865093 |   18113400306 |   18339364567 |   17239759025 |   17631508508 |   17530958363 |   17318018339 |   17637034850 |   17161950370 |   17500247472 |   17310196958 |   17337171874 |   17336732451 |   17411136941 |   17445573595 |   17650309761 |   17545329314 |   17569051125 |   17759079651 |   17350577655 |   18018460828 |   17597372231 |   17648016026 |   17547014742 |   17787897350 |   17522962600 |   18030211677 |    13531729755 |    13666229822 |    13811487500 |    13543791635 |    13575580539 |    13793772068 |    13556334375 |    13630635258 |    12593171819 |    12397037482 |    12803435262 |    12603279942 |    12840823332 |    12826022833 |    12893618717 |    12810020192 |    13833110120 |    14097776559 |    13829449745 |    13915238089 |    13890854374 |    14205555821 |    14146605491 |    14436221581 |    12383246335 |    12420300646 |    12404789142 |    12401045419 |    12608797848 |    12760947367 |    12780903048 |    12702751382 |
+-----------------------------+---------+----------------+----------------+----------------+----------------+----------------+----------------+----------------+----------------+----------------+----------------+----------------+----------------+----------------+----------------+----------------+----------------+----------------+----------------+----------------+----------------+----------------+----------------+----------------+----------------+----------------+----------------+----------------+----------------+----------------+----------------+----------------+----------------+----------------+----------------+----------------+----------------+----------------+----------------+----------------+----------------+----------------+----------------+----------------+----------------+----------------+----------------+----------------+----------------+---------------+---------------+---------------+---------------+---------------+---------------+---------------+---------------+---------------+---------------+---------------+---------------+---------------+---------------+---------------+---------------+---------------+---------------+---------------+---------------+---------------+---------------+---------------+---------------+---------------+---------------+---------------+---------------+---------------+---------------+---------------+---------------+---------------+---------------+---------------+---------------+---------------+---------------+---------------+---------------+---------------+---------------+---------------+---------------+---------------+---------------+---------------+---------------+----------------+----------------+----------------+----------------+----------------+----------------+----------------+----------------+----------------+----------------+----------------+----------------+----------------+----------------+----------------+----------------+----------------+----------------+----------------+----------------+----------------+----------------+----------------+----------------+----------------+----------------+----------------+----------------+----------------+----------------+----------------+----------------+

+----------------------------------+---------+------------------+---------------+----------------+--------------+
|               Event              | Counter |        Sum       |      Min      |       Max      |      Avg     |
+----------------------------------+---------+------------------+---------------+----------------+--------------+
|       ACTUAL_CPU_CLOCK STAT      |  FIXC1  | 1398847700982244 | 7172011126874 | 16786680693682 |      nil     |
|        MAX_CPU_CLOCK STAT        |  FIXC2  | 1026401024351404 | 6195797801518 | 11823424938078 | 8.018758e+12 |
|     RETIRED_INSTRUCTIONS STAT    |   PMC0  |  872205635300435 | 6535806389767 |  9901635993732 | 6.814107e+12 |
|     CPU_CLOCKS_UNHALTED STAT     |   PMC1  | 1280000312196230 | 6628210029506 | 13679194832870 |      nil     |
|       L2_PF_HIT_IN_L3 STAT       |   PMC2  |     886656225456 |    5446880382 |    69777162461 | 6.927002e+09 |
|       L2_PF_MISS_IN_L3 STAT      |   PMC3  |    3481234027605 |   22627410568 |   211635650258 | 2.719714e+10 |
| L2_CACHE_MISS_AFTER_L1_MISS STAT |   PMC4  |    2145997070174 |   12383246335 |    26521637942 | 1.676560e+10 |
+----------------------------------+---------+------------------+---------------+----------------+--------------+

+-------------------------+------------+------------+------------+------------+------------+------------+------------+------------+------------+------------+-------------+-------------+-------------+-------------+-------------+-------------+-------------+-------------+-------------+-------------+-------------+-------------+-------------+-------------+-------------+-------------+-------------+-------------+-------------+-------------+-------------+-------------+-------------+-------------+-------------+-------------+-------------+-------------+-------------+-------------+-------------+-------------+-------------+-------------+-------------+-------------+-------------+-------------+-------------+-------------+-------------+-------------+-------------+-------------+-------------+-------------+-------------+-------------+-------------+-------------+-------------+-------------+-------------+-------------+-------------+-------------+-------------+-------------+-------------+-------------+-------------+-------------+-------------+-------------+-------------+-------------+-------------+-------------+-------------+-------------+-------------+-------------+-------------+-------------+-------------+-------------+-------------+-------------+-------------+-------------+-------------+-------------+-------------+-------------+-------------+-------------+-------------+-------------+-------------+-------------+--------------+--------------+--------------+--------------+--------------+--------------+--------------+--------------+--------------+--------------+--------------+--------------+--------------+--------------+--------------+--------------+--------------+--------------+--------------+--------------+--------------+--------------+--------------+--------------+--------------+--------------+--------------+--------------+
|          Metric         | HWThread 0 | HWThread 1 | HWThread 2 | HWThread 3 | HWThread 4 | HWThread 5 | HWThread 6 | HWThread 7 | HWThread 8 | HWThread 9 | HWThread 10 | HWThread 11 | HWThread 12 | HWThread 13 | HWThread 14 | HWThread 15 | HWThread 16 | HWThread 17 | HWThread 18 | HWThread 19 | HWThread 20 | HWThread 21 | HWThread 22 | HWThread 23 | HWThread 24 | HWThread 25 | HWThread 26 | HWThread 27 | HWThread 28 | HWThread 29 | HWThread 30 | HWThread 31 | HWThread 32 | HWThread 33 | HWThread 34 | HWThread 35 | HWThread 36 | HWThread 37 | HWThread 38 | HWThread 39 | HWThread 40 | HWThread 41 | HWThread 42 | HWThread 43 | HWThread 44 | HWThread 45 | HWThread 46 | HWThread 47 | HWThread 48 | HWThread 49 | HWThread 50 | HWThread 51 | HWThread 52 | HWThread 53 | HWThread 54 | HWThread 55 | HWThread 56 | HWThread 57 | HWThread 58 | HWThread 59 | HWThread 60 | HWThread 61 | HWThread 62 | HWThread 63 | HWThread 64 | HWThread 65 | HWThread 66 | HWThread 67 | HWThread 68 | HWThread 69 | HWThread 70 | HWThread 71 | HWThread 72 | HWThread 73 | HWThread 74 | HWThread 75 | HWThread 76 | HWThread 77 | HWThread 78 | HWThread 79 | HWThread 80 | HWThread 81 | HWThread 82 | HWThread 83 | HWThread 84 | HWThread 85 | HWThread 86 | HWThread 87 | HWThread 88 | HWThread 89 | HWThread 90 | HWThread 91 | HWThread 92 | HWThread 93 | HWThread 94 | HWThread 95 | HWThread 96 | HWThread 97 | HWThread 98 | HWThread 99 | HWThread 100 | HWThread 101 | HWThread 102 | HWThread 103 | HWThread 104 | HWThread 105 | HWThread 106 | HWThread 107 | HWThread 108 | HWThread 109 | HWThread 110 | HWThread 111 | HWThread 112 | HWThread 113 | HWThread 114 | HWThread 115 | HWThread 116 | HWThread 117 | HWThread 118 | HWThread 119 | HWThread 120 | HWThread 121 | HWThread 122 | HWThread 123 | HWThread 124 | HWThread 125 | HWThread 126 | HWThread 127 |
+-------------------------+------------+------------+------------+------------+------------+------------+------------+------------+------------+------------+-------------+-------------+-------------+-------------+-------------+-------------+-------------+-------------+-------------+-------------+-------------+-------------+-------------+-------------+-------------+-------------+-------------+-------------+-------------+-------------+-------------+-------------+-------------+-------------+-------------+-------------+-------------+-------------+-------------+-------------+-------------+-------------+-------------+-------------+-------------+-------------+-------------+-------------+-------------+-------------+-------------+-------------+-------------+-------------+-------------+-------------+-------------+-------------+-------------+-------------+-------------+-------------+-------------+-------------+-------------+-------------+-------------+-------------+-------------+-------------+-------------+-------------+-------------+-------------+-------------+-------------+-------------+-------------+-------------+-------------+-------------+-------------+-------------+-------------+-------------+-------------+-------------+-------------+-------------+-------------+-------------+-------------+-------------+-------------+-------------+-------------+-------------+-------------+-------------+-------------+--------------+--------------+--------------+--------------+--------------+--------------+--------------+--------------+--------------+--------------+--------------+--------------+--------------+--------------+--------------+--------------+--------------+--------------+--------------+--------------+--------------+--------------+--------------+--------------+--------------+--------------+--------------+--------------+
|   Runtime (RDTSC) [s]   |  4653.9820 |  4653.9820 |  4653.9820 |  4653.9820 |  4653.9820 |  4653.9820 |  4653.9820 |  4653.9820 |  4653.9820 |  4653.9820 |   4653.9820 |   4653.9820 |   4653.9820 |   4653.9820 |   4653.9820 |   4653.9820 |   4653.9820 |   4653.9820 |   4653.9820 |   4653.9820 |   4653.9820 |   4653.9820 |   4653.9820 |   4653.9820 |   4653.9820 |   4653.9820 |   4653.9820 |   4653.9820 |   4653.9820 |   4653.9820 |   4653.9820 |   4653.9820 |   4653.9820 |   4653.9820 |   4653.9820 |   4653.9820 |   4653.9820 |   4653.9820 |   4653.9820 |   4653.9820 |   4653.9820 |   4653.9820 |   4653.9820 |   4653.9820 |   4653.9820 |   4653.9820 |   4653.9820 |   4653.9820 |   4653.9820 |   4653.9820 |   4653.9820 |   4653.9820 |   4653.9820 |   4653.9820 |   4653.9820 |   4653.9820 |   4653.9820 |   4653.9820 |   4653.9820 |   4653.9820 |   4653.9820 |   4653.9820 |   4653.9820 |   4653.9820 |   4653.9820 |   4653.9820 |   4653.9820 |   4653.9820 |   4653.9820 |   4653.9820 |   4653.9820 |   4653.9820 |   4653.9820 |   4653.9820 |   4653.9820 |   4653.9820 |   4653.9820 |   4653.9820 |   4653.9820 |   4653.9820 |   4653.9820 |   4653.9820 |   4653.9820 |   4653.9820 |   4653.9820 |   4653.9820 |   4653.9820 |   4653.9820 |   4653.9820 |   4653.9820 |   4653.9820 |   4653.9820 |   4653.9820 |   4653.9820 |   4653.9820 |   4653.9820 |   4653.9820 |   4653.9820 |   4653.9820 |   4653.9820 |    4653.9820 |    4653.9820 |    4653.9820 |    4653.9820 |    4653.9820 |    4653.9820 |    4653.9820 |    4653.9820 |    4653.9820 |    4653.9820 |    4653.9820 |    4653.9820 |    4653.9820 |    4653.9820 |    4653.9820 |    4653.9820 |    4653.9820 |    4653.9820 |    4653.9820 |    4653.9820 |    4653.9820 |    4653.9820 |    4653.9820 |    4653.9820 |    4653.9820 |    4653.9820 |    4653.9820 |    4653.9820 |
|   Runtime unhalted [s]  |  6456.4300 |  4779.6279 |  4774.4736 |  4786.4562 |  4773.1121 |  4773.5220 |  4781.2682 |  4778.3765 |  4611.5941 |  4575.2300 |   4553.2026 |   4574.3818 |   4597.1216 |   4586.3435 |   4601.5455 |   4616.8705 |   4496.1983 |   4446.4414 |   4478.1467 |   4485.7391 |   4554.7665 |   4543.5494 |   4535.1166 |   4546.5097 |   4666.9742 |   4654.1720 |   4654.3830 |   4661.0281 |   4671.0493 |   4662.1131 |   4671.6900 |   4685.7475 |   4561.9625 |   4548.0826 |   4566.5463 |   4609.2712 |   4618.6417 |   4612.6910 |   4619.7360 |   4627.2143 |   4686.5290 |   4698.1419 |   4684.5443 |   4699.8325 |   4708.3510 |   4711.9840 |   4709.1948 |   4722.1252 |   3808.9258 |   3655.8266 |   3630.6099 |   3676.1779 |   3707.6952 |   3730.8164 |   3781.4018 |   3766.7193 |   3502.7190 |   3470.5461 |   3468.0189 |   3501.7798 |   3528.0067 |   3542.5067 |   3563.8766 |   3594.1377 |   3637.0466 |   3597.9360 |   3585.1539 |   3634.3724 |   3639.7946 |   3659.0489 |   3661.6763 |   3711.5405 |   2973.7426 |   2894.8302 |   2874.6928 |   2871.1112 |   2903.0242 |   2910.1844 |   2925.4584 |   2942.7771 |   2794.3815 |   2758.4719 |   2760.0614 |   2780.9188 |   2789.4685 |   2787.4087 |   2819.1830 |   2830.3775 |   2841.4203 |   2834.9011 |   2829.3728 |   2938.0502 |   2900.1597 |   2867.6767 |   2897.4793 |   2903.0017 |   4945.6613 |   4939.7278 |   4939.8316 |   4939.0877 |    4936.9206 |    4937.0980 |    4939.0978 |    4937.4670 |    4940.2207 |    4934.6929 |    4934.6910 |    4935.3943 |    4934.5433 |    4934.6733 |    4934.4726 |    4934.6212 |    4943.9888 |    4938.8550 |    4937.7557 |    4937.4778 |    4939.5025 |    4937.6701 |    4938.2527 |    4938.7219 |    4928.9483 |    4928.3499 |    4929.1629 |    4926.6693 |    4934.8708 |    4932.2121 |    4928.0964 |    4898.2885 |
|       Clock [MHz]       |  3691.4239 |  3663.3744 |  3681.0207 |  3682.5284 |  3683.6637 |  3682.9775 |  3682.9436 |  3683.2064 |  3686.4597 |  3684.1726 |   3685.2159 |   3683.8940 |   3685.8236 |   3685.5504 |   3684.5084 |   3685.1721 |   3679.8134 |   3674.0210 |   3679.2817 |   3680.4507 |   3683.3583 |   3684.6288 |   3682.8197 |   3683.1335 |   3683.6546 |   3685.1904 |   3687.2315 |   3686.1360 |   3685.1728 |   3687.4535 |   3686.1186 |   3686.0712 |   3680.9952 |   3676.2637 |   3677.2969 |   3682.1003 |   3682.7685 |   3682.7593 |   3682.2019 |   3683.0336 |   3686.1832 |   3683.8048 |   3684.3527 |   3685.5045 |   3686.5653 |   3685.6236 |   3685.7289 |   3685.6616 |   3489.3931 |   3391.5958 |   3378.8774 |   3392.3640 |   3405.7803 |   3423.4696 |   3437.5128 |   3431.9424 |   3345.0789 |   3329.2927 |   3327.3128 |   3337.4093 |   3355.4434 |   3351.9277 |   3362.0550 |   3372.3497 |   3382.1852 |   3370.3197 |   3365.9134 |   3382.0866 |   3388.6491 |   3394.0526 |   3395.6866 |   3408.3548 |   3099.0590 |   3072.9156 |   3055.1669 |   3055.7741 |   3072.3155 |   3075.8728 |   3083.0831 |   3087.6010 |   3036.9357 |   3009.6508 |   3010.4377 |   3027.3887 |   3026.1635 |   3031.5229 |   3045.3081 |   3056.8838 |   3038.6615 |   3037.2403 |   3032.4120 |   3085.1499 |   3065.0799 |   3051.9194 |   3066.1869 |   3072.5430 |   3694.6188 |   3696.9487 |   3696.9395 |   3697.5398 |    3697.7578 |    3697.6657 |    3697.0838 |    3697.9744 |    3695.5373 |    3697.6361 |    3697.7823 |    3697.6521 |    3697.6763 |    3697.6673 |    3697.7227 |    3697.6368 |    3694.3065 |    3695.5477 |    3696.6402 |    3696.7822 |    3695.1606 |    3696.6394 |    3695.9002 |    3695.5042 |    3697.2035 |    3697.0955 |    3697.1305 |    3697.6942 |    3695.8365 |    3696.0897 |    3697.6948 |    3697.3289 |
|           CPI           |     1.3815 |     1.6351 |     1.6436 |     1.6487 |     1.6433 |     1.6433 |     1.6433 |     1.6446 |     1.5715 |     1.5697 |      1.5647 |      1.5681 |      1.5767 |      1.5708 |      1.5757 |      1.5837 |      1.5375 |      1.5296 |      1.5413 |      1.5413 |      1.5627 |      1.5573 |      1.5568 |      1.5607 |      1.6011 |      1.6006 |      1.6028 |      1.5999 |      1.6052 |      1.6051 |      1.6060 |      1.6116 |      1.5671 |      1.5620 |      1.5687 |      1.5817 |      1.5834 |      1.5815 |      1.5823 |      1.5874 |      1.6117 |      1.6132 |      1.6147 |      1.6181 |      1.6163 |      1.6226 |      1.6215 |      1.6267 |      1.3107 |      1.2616 |      1.2550 |      1.2695 |      1.2803 |      1.2897 |      1.3025 |      1.2997 |      1.2102 |      1.2023 |      1.2027 |      1.2116 |      1.2236 |      1.2235 |      1.2329 |      1.2426 |      1.2617 |      1.2495 |      1.2482 |      1.2628 |      1.2658 |      1.2709 |      1.2723 |      1.2866 |      1.0475 |      1.0231 |      1.0174 |      1.0159 |      1.0282 |      1.0275 |      1.0354 |      1.0381 |      0.9895 |      0.9774 |      0.9805 |      0.9865 |      0.9911 |      0.9897 |      1.0006 |      1.0063 |      1.0082 |      1.0095 |      1.0074 |      1.0403 |      1.0290 |      1.0198 |      1.0295 |      1.0327 |      1.7909 |      1.7930 |      1.7926 |      1.7908 |       1.7926 |       1.7922 |       1.7916 |       1.7941 |       1.7776 |       1.7760 |       1.7792 |       1.7774 |       1.7788 |       1.7792 |       1.7780 |       1.7773 |       1.7888 |       1.7880 |       1.7902 |       1.7892 |       1.7869 |       1.7898 |       1.7897 |       1.7890 |       1.7894 |       1.7901 |       1.7903 |       1.7903 |       1.7922 |       1.7919 |       1.7927 |       1.8295 |
| L3 bandwidth [MBytes/s] |  4234.6113 |   658.4574 |   667.1384 |   671.5968 |   663.2685 |   661.3237 |   664.2261 |   661.7591 |   669.2670 |   672.5077 |    660.4247 |    664.1596 |    656.6815 |    659.2135 |    657.3000 |    656.2010 |    648.2451 |    649.2075 |    646.1762 |    647.7072 |    656.4506 |    650.0581 |    654.2801 |    656.2718 |    641.1062 |    642.0758 |    647.3004 |    642.7135 |    639.6801 |    643.0508 |    639.6981 |    644.3806 |    670.7938 |    658.5105 |    666.1463 |    666.6577 |    668.1079 |    664.3445 |    669.6024 |    674.5637 |    642.2221 |    648.5149 |    646.6886 |    648.6502 |    645.6508 |    657.5405 |    647.2343 |    651.7150 |    665.1611 |    666.7290 |    664.5713 |    666.6650 |    671.3229 |    665.7573 |    664.4239 |    667.2843 |    665.1067 |    662.8241 |    658.4914 |    667.2817 |    667.7059 |    670.6844 |    664.5226 |    665.2500 |    673.2837 |    667.2616 |    665.8393 |    669.6172 |    670.7935 |    667.1814 |    668.8038 |    675.1156 |    660.5799 |    661.1098 |    667.8266 |    661.1907 |    666.0707 |    655.7507 |    665.0888 |    664.0702 |    663.0914 |    660.0351 |    661.3313 |    654.8737 |    657.1175 |    656.0129 |    663.9366 |    661.4296 |    671.2786 |    684.6009 |    677.0200 |    680.0147 |    673.7237 |    682.7900 |    676.3745 |    685.9697 |    706.1899 |    707.9430 |    731.9247 |    697.8344 |     702.7382 |     712.4533 |     703.2144 |     701.1966 |     702.7588 |     689.3752 |     718.4759 |     696.2727 |     707.9196 |     706.4278 |     715.1393 |     698.2826 |     704.2185 |     712.3298 |     699.7954 |     698.7998 |     702.7088 |     702.6367 |     708.0463 |     723.2167 |     696.8178 |     691.6125 |     695.5026 |     691.2691 |     703.8912 |     703.8200 |     710.8889 |     656.6467 |
| L3 data volume [GBytes] | 19707.8048 |  3064.4487 |  3104.8499 |  3125.5992 |  3086.8396 |  3077.7887 |  3091.2963 |  3079.8151 |  3114.7568 |  3129.8388 |   3073.6045 |   3090.9866 |   3056.1837 |   3067.9677 |   3059.0624 |   3053.9478 |   3016.9211 |   3021.4002 |   3007.2924 |   3014.4176 |   3055.1092 |   3025.3588 |   3045.0079 |   3054.2774 |   2983.6969 |   2988.2093 |   3012.5244 |   2991.1772 |   2977.0598 |   2992.7469 |   2977.1434 |   2998.9355 |   3121.8621 |   3064.6960 |   3100.2328 |   3102.6128 |   3109.3621 |   3091.8471 |   3116.3176 |   3139.4074 |   2988.8901 |   3018.1766 |   3009.6770 |   3018.8063 |   3004.8473 |   3060.1817 |   3012.2170 |   3033.0699 |   3095.6478 |   3102.9450 |   3092.9026 |   3102.6468 |   3124.3248 |   3098.4225 |   3092.2168 |   3105.5290 |   3095.3948 |   3084.7717 |   3064.6069 |   3105.5172 |   3107.4914 |   3121.3532 |   3092.6760 |   3096.0616 |   3133.4502 |   3105.4234 |   3098.8040 |   3116.3862 |   3121.8609 |   3105.0503 |   3112.6007 |   3141.9760 |   3074.3271 |   3076.7932 |   3108.0531 |   3077.1695 |   3099.8810 |   3051.8521 |   3095.3115 |   3090.5708 |   3086.0154 |   3071.7914 |   3077.8242 |   3047.7706 |   3058.2130 |   3053.0724 |   3089.9490 |   3078.2817 |   3124.1187 |   3186.1200 |   3150.8387 |   3164.7763 |   3135.4978 |   3177.6924 |   3147.8347 |   3192.4906 |   3286.5951 |   3294.7542 |   3406.3642 |   3247.7087 |    3270.5308 |    3315.7450 |    3272.7471 |    3263.3563 |    3270.6269 |    3208.3400 |    3343.7739 |    3240.4407 |    3294.6451 |    3287.7024 |    3328.2453 |    3249.7948 |    3277.4202 |    3315.1700 |    3256.8352 |    3252.2016 |    3270.3943 |    3270.0588 |    3295.2349 |    3365.8374 |    3242.9775 |    3218.7523 |    3236.8565 |    3217.1539 |    3275.8970 |    3275.5655 |    3308.4639 |    3056.0217 |
+-------------------------+------------+------------+------------+------------+------------+------------+------------+------------+------------+------------+-------------+-------------+-------------+-------------+-------------+-------------+-------------+-------------+-------------+-------------+-------------+-------------+-------------+-------------+-------------+-------------+-------------+-------------+-------------+-------------+-------------+-------------+-------------+-------------+-------------+-------------+-------------+-------------+-------------+-------------+-------------+-------------+-------------+-------------+-------------+-------------+-------------+-------------+-------------+-------------+-------------+-------------+-------------+-------------+-------------+-------------+-------------+-------------+-------------+-------------+-------------+-------------+-------------+-------------+-------------+-------------+-------------+-------------+-------------+-------------+-------------+-------------+-------------+-------------+-------------+-------------+-------------+-------------+-------------+-------------+-------------+-------------+-------------+-------------+-------------+-------------+-------------+-------------+-------------+-------------+-------------+-------------+-------------+-------------+-------------+-------------+-------------+-------------+-------------+-------------+--------------+--------------+--------------+--------------+--------------+--------------+--------------+--------------+--------------+--------------+--------------+--------------+--------------+--------------+--------------+--------------+--------------+--------------+--------------+--------------+--------------+--------------+--------------+--------------+--------------+--------------+--------------+--------------+

+------------------------------+-------------+-----------+------------+-----------+
|            Metric            |     Sum     |    Min    |     Max    |    Avg    |
+------------------------------+-------------+-----------+------------+-----------+
|   Runtime (RDTSC) [s] STAT   | 595709.6960 | 4653.9820 |  4653.9820 | 4653.9820 |
|   Runtime unhalted [s] STAT  | 538019.5407 | 2758.4719 |  6456.4300 | 4203.2777 |
|       Clock [MHz] STAT       | 449610.0340 | 3009.6508 |  3697.9744 | 3512.5784 |
|           CPI STAT           |    187.9493 |    0.9774 |     1.8295 |    1.4684 |
| L3 bandwidth [MBytes/s] STAT |  89576.7941 |  639.6801 |  4234.6113 |  699.8187 |
| L3 data volume [GBytes] STAT | 416888.7886 | 2977.0598 | 19707.8048 | 3256.9437 |
+------------------------------+-------------+-----------+------------+-----------+

