--------------------------------------------------------------------------------
CPU name:	AMD EPYC 9A14 96-Core Processor                
CPU type:	AMD K19 (Zen4) architecture
CPU clock:	2.60 GHz
--------------------------------------------------------------------------------
Use symmetry. Molecule point group: Coov
Norb: 20   Ne: (7, 7)
Running RHF...
converged SCF energy = -92.827631799365
Running FCI ...
Guessing CI wfn symmetry = 0
Num symmetry allowed elements 1502950144
tol 1e-10  toloose 1e-05
max_cycle 100  max_space 12  max_memory 683548  incore True
    CPU time for contract_2e  44693.92 sec, wall time    281.88 sec
davidson 0 1  |r|= 0.77  e= [-116.65141583]  max|de|= -117  lindep=    1
    CPU time for contract_2e  44801.65 sec, wall time    292.72 sec
davidson 1 2  |r|= 0.371  e= [-116.83564519]  max|de|= -0.184  lindep= 0.978
    CPU time for contract_2e  45016.34 sec, wall time    300.46 sec
davidson 2 3  |r|= 0.145  e= [-116.87066041]  max|de|= -0.035  lindep= 0.996
    CPU time for contract_2e  44762.35 sec, wall time    304.00 sec
davidson 3 4  |r|= 0.0579  e= [-116.87548655]  max|de|= -0.00483  lindep= 0.981
    CPU time for contract_2e  45001.25 sec, wall time    311.05 sec
davidson 4 5  |r|= 0.0283  e= [-116.87622039]  max|de|= -0.000734  lindep= 0.934
    CPU time for contract_2e  45358.89 sec, wall time    319.19 sec
davidson 5 6  |r|= 0.0133  e= [-116.8764033]  max|de|= -0.000183  lindep= 0.902
    CPU time for contract_2e  45952.52 sec, wall time    341.12 sec
davidson 6 7  |r|= 0.00565  e= [-116.87644024]  max|de|= -3.69e-05  lindep= 0.927
    CPU time for contract_2e  46201.75 sec, wall time    356.85 sec
davidson 7 8  |r|= 0.00224  e= [-116.87644619]  max|de|= -5.95e-06  lindep= 0.932
    CPU time for contract_2e  45568.66 sec, wall time    363.76 sec
davidson 8 9  |r|= 0.000882  e= [-116.87644712]  max|de|= -9.33e-07  lindep= 0.918
    CPU time for contract_2e  45630.39 sec, wall time    372.22 sec
davidson 9 10  |r|= 0.000388  e= [-116.87644727]  max|de|= -1.55e-07  lindep= 0.919
    CPU time for contract_2e  45386.28 sec, wall time    373.94 sec
davidson 10 11  |r|= 0.000183  e= [-116.8764473]  max|de|= -3.05e-08  lindep= 0.897
    CPU time for contract_2e  45405.19 sec, wall time    381.83 sec
davidson 11 12  |r|= 8.85e-05  e= [-116.87644731]  max|de|= -7.18e-09  lindep= 0.904
    CPU time for contract_2e  45364.33 sec, wall time    399.17 sec
davidson 12 1  |r|= 8.85e-05  e= [-116.87644731]  max|de|= 9.24e-12  lindep=    1
    CPU time for contract_2e  44384.07 sec, wall time    291.27 sec
davidson 13 2  |r|= 3.82e-05  e= [-116.87644731]  max|de|= -1.28e-09  lindep= 0.995
    CPU time for contract_2e  44194.58 sec, wall time    295.10 sec
davidson 14 3  |r|= 2.39e-05  e= [-116.87644731]  max|de|= -4.53e-10  lindep= 0.908
    CPU time for contract_2e  44467.18 sec, wall time    302.44 sec
davidson 15 4  |r|= 1.11e-05  e= [-116.87644731]  max|de|= -1.15e-10  lindep= 0.858
    CPU time for contract_2e  44279.47 sec, wall time    307.14 sec
root 0 converged  |r|= 4.65e-06  e= -116.87644731371986  max|de|= -2.31e-11
converged 16 5  |r|= 4.65e-06  e= [-116.87644731]  max|de|= -2.31e-11
--------------------------------------------------------------------------------
Group 1: L3
+-----------------------------+---------+----------------+---------------+---------------+---------------+---------------+---------------+---------------+---------------+---------------+---------------+---------------+---------------+---------------+---------------+---------------+---------------+---------------+---------------+---------------+---------------+---------------+---------------+---------------+---------------+---------------+---------------+---------------+---------------+---------------+---------------+---------------+---------------+---------------+---------------+---------------+---------------+---------------+---------------+---------------+---------------+---------------+---------------+---------------+---------------+---------------+---------------+---------------+---------------+----------------+----------------+----------------+----------------+----------------+----------------+----------------+----------------+----------------+----------------+----------------+----------------+----------------+----------------+----------------+----------------+----------------+----------------+----------------+----------------+----------------+----------------+----------------+----------------+----------------+----------------+----------------+----------------+----------------+----------------+----------------+----------------+----------------+----------------+----------------+----------------+----------------+----------------+----------------+----------------+----------------+----------------+----------------+----------------+----------------+----------------+----------------+----------------+----------------+----------------+----------------+----------------+----------------+----------------+----------------+----------------+----------------+----------------+----------------+----------------+----------------+----------------+----------------+----------------+----------------+----------------+----------------+----------------+----------------+----------------+----------------+----------------+----------------+----------------+----------------+----------------+----------------+----------------+----------------+----------------+----------------+----------------+----------------+----------------+----------------+----------------+----------------+----------------+----------------+----------------+----------------+----------------+----------------+----------------+----------------+----------------+----------------+----------------+----------------+----------------+----------------+----------------+----------------+----------------+----------------+----------------+----------------+----------------+----------------+----------------+----------------+----------------+----------------+----------------+----------------+----------------+----------------+----------------+----------------+----------------+----------------+----------------+----------------+----------------+----------------+----------------+----------------+----------------+----------------+----------------+----------------+----------------+----------------+----------------+----------------+----------------+----------------+----------------+----------------+----------------+----------------+----------------+----------------+----------------+
|            Event            | Counter |   HWThread 0   |   HWThread 1  |   HWThread 2  |   HWThread 3  |   HWThread 4  |   HWThread 5  |   HWThread 6  |   HWThread 7  |   HWThread 8  |   HWThread 9  |  HWThread 10  |  HWThread 11  |  HWThread 12  |  HWThread 13  |  HWThread 14  |  HWThread 15  |  HWThread 16  |  HWThread 17  |  HWThread 18  |  HWThread 19  |  HWThread 20  |  HWThread 21  |  HWThread 22  |  HWThread 23  |  HWThread 24  |  HWThread 25  |  HWThread 26  |  HWThread 27  |  HWThread 28  |  HWThread 29  |  HWThread 30  |  HWThread 31  |  HWThread 32  |  HWThread 33  |  HWThread 34  |  HWThread 35  |  HWThread 36  |  HWThread 37  |  HWThread 38  |  HWThread 39  |  HWThread 40  |  HWThread 41  |  HWThread 42  |  HWThread 43  |  HWThread 44  |  HWThread 45  |  HWThread 46  |  HWThread 47  |   HWThread 48  |   HWThread 49  |   HWThread 50  |   HWThread 51  |   HWThread 52  |   HWThread 53  |   HWThread 54  |   HWThread 55  |   HWThread 56  |   HWThread 57  |   HWThread 58  |   HWThread 59  |   HWThread 60  |   HWThread 61  |   HWThread 62  |   HWThread 63  |   HWThread 64  |   HWThread 65  |   HWThread 66  |   HWThread 67  |   HWThread 68  |   HWThread 69  |   HWThread 70  |   HWThread 71  |   HWThread 72  |   HWThread 73  |   HWThread 74  |   HWThread 75  |   HWThread 76  |   HWThread 77  |   HWThread 78  |   HWThread 79  |   HWThread 80  |   HWThread 81  |   HWThread 82  |   HWThread 83  |   HWThread 84  |   HWThread 85  |   HWThread 86  |   HWThread 87  |   HWThread 88  |   HWThread 89  |   HWThread 90  |   HWThread 91  |   HWThread 92  |   HWThread 93  |   HWThread 94  |   HWThread 95  |   HWThread 96  |   HWThread 97  |   HWThread 98  |   HWThread 99  |  HWThread 100  |  HWThread 101  |  HWThread 102  |  HWThread 103  |  HWThread 104  |  HWThread 105  |  HWThread 106  |  HWThread 107  |  HWThread 108  |  HWThread 109  |  HWThread 110  |  HWThread 111  |  HWThread 112  |  HWThread 113  |  HWThread 114  |  HWThread 115  |  HWThread 116  |  HWThread 117  |  HWThread 118  |  HWThread 119  |  HWThread 120  |  HWThread 121  |  HWThread 122  |  HWThread 123  |  HWThread 124  |  HWThread 125  |  HWThread 126  |  HWThread 127  |  HWThread 128  |  HWThread 129  |  HWThread 130  |  HWThread 131  |  HWThread 132  |  HWThread 133  |  HWThread 134  |  HWThread 135  |  HWThread 136  |  HWThread 137  |  HWThread 138  |  HWThread 139  |  HWThread 140  |  HWThread 141  |  HWThread 142  |  HWThread 143  |  HWThread 144  |  HWThread 145  |  HWThread 146  |  HWThread 147  |  HWThread 148  |  HWThread 149  |  HWThread 150  |  HWThread 151  |  HWThread 152  |  HWThread 153  |  HWThread 154  |  HWThread 155  |  HWThread 156  |  HWThread 157  |  HWThread 158  |  HWThread 159  |  HWThread 160  |  HWThread 161  |  HWThread 162  |  HWThread 163  |  HWThread 164  |  HWThread 165  |  HWThread 166  |  HWThread 167  |  HWThread 168  |  HWThread 169  |  HWThread 170  |  HWThread 171  |  HWThread 172  |  HWThread 173  |  HWThread 174  |  HWThread 175  |  HWThread 176  |  HWThread 177  |  HWThread 178  |  HWThread 179  |  HWThread 180  |  HWThread 181  |  HWThread 182  |  HWThread 183  |  HWThread 184  |  HWThread 185  |  HWThread 186  |  HWThread 187  |  HWThread 188  |  HWThread 189  |  HWThread 190  |  HWThread 191  |
+-----------------------------+---------+----------------+---------------+---------------+---------------+---------------+---------------+---------------+---------------+---------------+---------------+---------------+---------------+---------------+---------------+---------------+---------------+---------------+---------------+---------------+---------------+---------------+---------------+---------------+---------------+---------------+---------------+---------------+---------------+---------------+---------------+---------------+---------------+---------------+---------------+---------------+---------------+---------------+---------------+---------------+---------------+---------------+---------------+---------------+---------------+---------------+---------------+---------------+---------------+----------------+----------------+----------------+----------------+----------------+----------------+----------------+----------------+----------------+----------------+----------------+----------------+----------------+----------------+----------------+----------------+----------------+----------------+----------------+----------------+----------------+----------------+----------------+----------------+----------------+----------------+----------------+----------------+----------------+----------------+----------------+----------------+----------------+----------------+----------------+----------------+----------------+----------------+----------------+----------------+----------------+----------------+----------------+----------------+----------------+----------------+----------------+----------------+----------------+----------------+----------------+----------------+----------------+----------------+----------------+----------------+----------------+----------------+----------------+----------------+----------------+----------------+----------------+----------------+----------------+----------------+----------------+----------------+----------------+----------------+----------------+----------------+----------------+----------------+----------------+----------------+----------------+----------------+----------------+----------------+----------------+----------------+----------------+----------------+----------------+----------------+----------------+----------------+----------------+----------------+----------------+----------------+----------------+----------------+----------------+----------------+----------------+----------------+----------------+----------------+----------------+----------------+----------------+----------------+----------------+----------------+----------------+----------------+----------------+----------------+----------------+----------------+----------------+----------------+----------------+----------------+----------------+----------------+----------------+----------------+----------------+----------------+----------------+----------------+----------------+----------------+----------------+----------------+----------------+----------------+----------------+----------------+----------------+----------------+----------------+----------------+----------------+----------------+----------------+----------------+----------------+----------------+----------------+----------------+
|       ACTUAL_CPU_CLOCK      |  FIXC1  | 11788867248930 | 6941589367982 | 6803419567537 | 6742351804776 | 6659239788154 | 6888450869360 | 6807715947620 | 6792195841036 | 6680914026937 | 6605330329671 | 6570979280447 | 6551747356163 | 6486577297043 | 6571363125009 | 6538950493209 | 6663108374605 | 6928178479589 | 6866174408507 | 6809619911711 | 6857297814866 | 6797092594725 | 6888098337473 | 6915562890109 | 6953959478358 | 8557153027912 | 8614963909931 | 8449075921065 | 8636197863791 | 8585690241517 | 8617010996650 | 8852175486842 | 8911357737309 | 8272463384784 | 8285845504738 | 8217064448949 | 8327046358110 | 8339941240767 | 8244424257211 | 8495368100079 | 8456180020644 | 8410851449554 | 8298364770931 | 8236997068782 | 8414052846409 | 8411149137349 | 8496085640620 | 8466748051844 | 8693780781048 | 12749790758760 | 12695833133111 | 12687475645390 | 12725528148718 | 12765749914385 | 12766291676886 | 12823103118909 | 12798122596374 | 11915976875781 | 11881105842690 | 11805579337006 | 11916533757740 | 12052737100650 | 12197680586153 | 11980487035266 | 12239651230629 | 11969638131624 | 11950768623436 | 11834640836870 | 12030063047708 | 12005336102098 | 12050549135457 | 12206801385329 | 12246626072799 | 13020883016615 | 12998105524537 | 12992519192167 | 13038922726985 | 13040540523857 | 13022253399486 | 13057665490542 | 13095446761513 | 12239084540006 | 12163423694595 | 12129588783552 | 12274868593040 | 12354031120744 | 12363924287402 | 12485581249154 | 12501330235100 | 11748514972323 | 11726005327057 | 11560763087243 | 11781534859311 | 11758185313655 | 11513664015780 | 12012862143764 | 12130048374123 | 17253769344970 | 17249986855524 | 17177552803474 | 17300950525728 | 17286255617801 | 17316950814829 | 17338481360184 | 17333545630733 | 14581198621732 | 14758545513389 | 14816174713467 | 14960060464783 | 14980241701203 | 15126737978779 | 14956248640597 | 15227551579804 | 16746818702820 | 16744427980023 | 16713575236193 | 16832674736208 | 16809898870538 | 16833276272711 | 16869024177072 | 16908590213574 | 17501711289736 | 17505659222722 | 17475784146167 | 17502527842572 | 17491516861726 | 17506917263903 | 17518454540666 | 17514712848255 | 17465553892108 | 17446809918200 | 17418189985034 | 17473306894986 | 17471895058011 | 17471329045734 | 17470450507587 | 17453777590240 | 17444364341691 | 17467470219271 | 17439430608560 | 17464452913375 | 17481683973615 | 17473385283778 | 17453140845503 | 17479350423678 | 17380200989171 | 17400353399625 | 17362169977661 | 17428529413357 | 17405315895139 | 17403561413720 | 17419366411413 | 17416919529813 | 17267431967181 | 17277214701517 | 17222518218735 | 17255037261295 | 17272631305079 | 17333172642853 | 17304538724071 | 17309378579286 | 17132041628184 | 17158791208684 | 17140226228891 | 17232329971476 | 17188626749139 | 17238153633258 | 17241638729625 | 17248783073991 | 17513616940107 | 17480310582106 | 17479958677161 | 17496351835068 | 17467523556481 | 17480073063560 | 17465663718900 | 17485744967599 | 17479598822125 | 17462873531753 | 17444895608811 | 17450244403491 | 17455626916653 | 17483562094175 | 17460652909870 | 17448911275855 | 17528911673397 | 17530099374312 | 17505318196462 | 17509753125859 | 17492602948051 | 17495991724146 | 17198873502312 | 16924749426374 |
|        MAX_CPU_CLOCK        |  FIXC2  | 10337547472330 | 7338945056118 | 7337336559046 | 7351811109006 | 7335815365320 | 7403580263066 | 7401218145386 | 7401100162742 | 7090148979732 | 7180814986228 | 7221665757592 | 7226378406702 | 7195465691310 | 7216079665990 | 7222938251672 | 7269356880864 | 7343689932462 | 7370715967966 | 7360119944918 | 7406030583874 | 7369965336812 | 7398821083628 | 7428085347852 | 7433403100890 | 8116166422338 | 8152105856700 | 8075072554172 | 8139933040538 | 8117296492890 | 8146520082142 | 8242887791294 | 8262414346654 | 7966147147400 | 7982520839878 | 7967142408134 | 8012253802826 | 8018312046446 | 7969388487242 | 8071068926648 | 8045055653596 | 8074756445548 | 8008291463172 | 7999750914272 | 8060271047348 | 8066996170116 | 8107205742012 | 8100488915792 | 8176875196776 |  9915928114378 |  9886091767812 |  9894897693850 |  9906969938788 |  9926769226972 |  9927799253294 |  9949261284274 |  9932254507734 |  9525574427694 |  9512710633374 |  9477430955512 |  9537441374084 |  9586862644190 |  9656782060796 |  9545867739538 |  9674626407004 |  9579343070518 |  9579451323520 |  9526915697286 |  9613680435060 |  9604290466550 |  9613092463026 |  9673920316918 |  9696315697198 | 10058966863296 | 10050845617826 | 10053682461524 | 10074628440500 | 10072053148248 | 10064604347538 | 10076557092576 | 10102886036048 |  9661462143710 |  9633866736208 |  9630134899294 |  9682009830428 |  9719792745026 |  9711985016942 |  9775772994312 |  9773764597428 |  9482476334630 |  9466414559628 |  9396399202476 |  9504793725960 |  9489380702880 |  9386771645758 |  9604026451994 |  9651162961284 | 12156303025516 | 12147700522802 | 12098526234236 | 12190489087036 | 12175046702026 | 12197331439852 | 12211428666216 | 12210572533796 | 10483956525120 | 10721091938466 | 10769869197126 | 10861459201138 | 10863591844430 | 10950110126462 | 10862730529976 | 11022235538912 | 11794543408232 | 11788390549390 | 11771966801088 | 11854367947344 | 11834863596244 | 11851081320364 | 11880355623110 | 11902696755872 | 12325743541384 | 12332167546712 | 12306100234922 | 12326131916150 | 12317766266104 | 12329084491256 | 12340378426220 | 12335640382052 | 12301073929040 | 12284003765280 | 12261363230688 | 12305602709400 | 12307410555596 | 12301065696088 | 12303002078952 | 12288076149180 | 12278426941950 | 12298971122100 | 12275893588842 | 12294096172176 | 12309964847882 | 12300837236532 | 12283574531644 | 12306258433534 | 12243564649524 | 12260045172284 | 12230769546190 | 12284208273428 | 12261392269256 | 12256434943792 | 12272508553708 | 12266621732768 | 12166831625624 | 12174326144500 | 12132637323300 | 12152443985526 | 12163257572388 | 12212026152430 | 12187810294764 | 12189270470312 | 12064395962346 | 12084125680016 | 12072957439660 | 12144410627700 | 12107561965902 | 12146788602286 | 12142082536714 | 12147583487624 | 12363694395286 | 12330956213394 | 12330518633784 | 12346205310010 | 12319886653074 | 12331495577154 | 12318094145292 | 12337036780406 | 12315508526698 | 12300661402536 | 12284603325982 | 12288273803988 | 12294028137430 | 12319184223190 | 12297410299824 | 12287253500080 | 12353779014772 | 12355097885078 | 12333300214534 | 12334953358182 | 12320335720576 | 12322590423572 | 12114450237942 | 11931288067296 |
|     RETIRED_INSTRUCTIONS    |   PMC0  |  7959041274733 | 4869060506324 | 4884888748286 | 4865672647055 | 4864106833485 | 4878430535648 | 4860958171391 | 4859976716247 | 4898885310262 | 4882052418007 | 4872702684801 | 4864993242480 | 4877016303540 | 4877103474049 | 4862078355003 | 4881080880273 | 4861945924760 | 4851343491330 | 4853092013148 | 4831379503680 | 4825260633398 | 4846880706237 | 4827236129144 | 4828626893831 | 4824256170489 | 4824781829320 | 4819893318916 | 4821666747022 | 4821785888285 | 4818073887464 | 4822800333694 | 4821595128301 | 4834225915920 | 4826494693110 | 4826765534147 | 4826430266681 | 4828974788443 | 4826029349450 | 4829007452211 | 4826634241733 | 4830126490488 | 4824036974973 | 4824286463445 | 4819987764007 | 4822831736142 | 4819962263576 | 4822187489417 | 4822868494655 |  4845571176044 |  4844600838711 |  4845131057482 |  4845544651858 |  4846048960652 |  4847396387254 |  4845882236871 |  4847387585456 |  4852051422648 |  4849242095809 |  4849379244984 |  4848690489627 |  4850771194465 |  4847936227325 |  4849601765574 |  4850396869072 |  4840278550825 |  4839436400881 |  4842436486656 |  4839111198012 |  4839644180440 |  4839308364901 |  4839362928372 |  4839908233684 |  4842452633678 |  4842428386348 |  4843090549556 |  4842578721612 |  4840374864340 |  4839811703104 |  4841497192402 |  4841404222707 |  4847887469289 |  4847048344295 |  4848229517599 |  4846830008703 |  4848263220068 |  4846366288550 |  4848555622809 |  4847510014526 |  4838170822570 |  4833938903402 |  4835214971356 |  4836455994025 |  4835063504654 |  4834196072177 |  4834836386704 |  4836528445896 |  4849589394767 |  4843710645117 |  4843052780678 |  4845315190398 |  4843472732060 |  4843682902701 |  4842437495591 |  4843659727403 |  4863471995697 |  4855753355303 |  4858410701580 |  4853935566799 |  4864869240072 |  4857437697109 |  4850111438667 |  4857953588922 |  4851820091109 |  4847928573644 |  4846677601380 |  4848143057292 |  4846717865802 |  4846874789176 |  4847874635402 |  4845888544671 |  4826244582025 |  4824578398298 |  4825316323686 |  4822600653478 |  4824974624301 |  4821942842707 |  4820606043850 |  4820125601664 |  4846182706875 |  4843633098877 |  4845100241955 |  4839684196196 |  4843331936243 |  4840871640791 |  4839455214529 |  4840214429513 |  4838075675702 |  4827133942369 |  4826999538213 |  4822836756878 |  4826421581200 |  4823893549233 |  4820302482365 |  4823197104225 |  4836499821964 |  4836223233116 |  4836413494433 |  4839344787851 |  4834000748747 |  4833591353812 |  4833390660758 |  4832720567145 |  4861833976091 |  4861868457901 |  4858407912030 |  4854435431952 |  4858795651631 |  4859513141398 |  4853300897907 |  4856569553448 |  4839683546766 |  4838825734872 |  4837492382237 |  4839233670563 |  4836696727139 |  4839414705306 |  4837535649614 |  4837314285737 |  4773179120663 |  4768398179102 |  4771090865450 |  4769477692979 |  4769967809365 |  4768506228652 |  4766345612887 |  4770372979541 |  4824872708974 |  4821783695442 |  4823012368398 |  4819004690642 |  4821646822056 |  4819634649034 |  4819046692926 |  4820311094994 |  4805945207099 |  4803606027509 |  4801949408236 |  4799259587253 |  4799453969782 |  4795726555062 |  4544668012599 |  4333972644427 |
|     CPU_CLOCKS_UNHALTED     |   PMC1  |  9020056051655 | 6146213759385 | 6054712050365 | 6012929700858 | 5946896138938 | 6113388638028 | 6058235794343 | 6053042882282 | 5955970610942 | 5897935931701 | 5871423516549 | 5851958029090 | 5803454263650 | 5874926109871 | 5856034145690 | 5948240567592 | 6172662944502 | 6136708590828 | 6104197247825 | 6115865546260 | 6092810737001 | 6155972451551 | 6188511618187 | 6225483761378 | 7527481966652 | 7566281473766 | 7447983096359 | 7599860040797 | 7559405003141 | 7575573397211 | 7769973809520 | 7804078107366 | 7272934162941 | 7300779202450 | 7239961031879 | 7323003902495 | 7337051273111 | 7257326635783 | 7468405454603 | 7444752959876 | 7390009611236 | 7319711705582 | 7274922365057 | 7419514317610 | 7409043515768 | 7482253784756 | 7448450456942 | 7643043205544 | 10866178773609 | 10821817892515 | 10823400095700 | 10833386940067 | 10884252139161 | 10874248237914 | 10940856800729 | 10912105306763 | 10167311019236 | 10148166402524 | 10087949354990 | 10158142953136 | 10244268975929 | 10341477693290 | 10187469654498 | 10451401669025 | 10224725483428 | 10218089417493 | 10136389863149 | 10291963838591 | 10250692199453 | 10314529559052 | 10428228698924 | 10464929105565 | 11105805047915 | 11068396408948 | 11018378581446 | 11105847763175 | 11110757048684 | 11101918423862 | 11136409974599 | 11163338137827 | 10449235407442 | 10383342354249 | 10356910749376 | 10498065771782 | 10551263527107 | 10583624509720 | 10665797743826 | 10692086423324 | 10032002338395 | 10041470715364 |  9924337644352 | 10095874613384 | 10073271017224 |  9872666747306 | 10287896435552 | 10377662916962 | 15538948580374 | 15560964390800 | 15477544704594 | 15558568282922 | 15587139944628 | 15620089787741 | 15636671878923 | 15630955515798 | 13095446431563 | 13265438449515 | 13316126630046 | 13441130407448 | 13464638397005 | 13611723726379 | 13453183735317 | 13686951311506 | 15016665663091 | 15043972666953 | 15026291117710 | 15121108034591 | 15101613225159 | 15134761686205 | 15153325188596 | 15197904256266 | 15873941840787 | 15866510386738 | 15869051818964 | 15889775043719 | 15882365831174 | 15899564458362 | 15869332019070 | 15900056767277 | 15827767024241 | 15828144679936 | 15830399786578 | 15849798119230 | 15829423559408 | 15853355273481 | 15842889448949 | 15841712049222 | 15835541819492 | 15813446568259 | 15827912740196 | 15844811480820 | 15841706472863 | 15862646014747 | 15829934826409 | 15857401032934 | 15728659695813 | 15745883432052 | 15735983694013 | 15737343634678 | 15759353508139 | 15769226697491 | 15764175106625 | 15776691010481 | 15592332545807 | 15613011073535 | 15582966977431 | 15589871223501 | 15588246036003 | 15667205124448 | 15649702787684 | 15643995329904 | 15459557379297 | 15486807514105 | 15485892417154 | 15536432569330 | 15506214670173 | 15546351790669 | 15561743227147 | 15567179215532 | 16091540282106 | 16062195723781 | 16093791522196 | 16086019563194 | 16044279603535 | 16078151479076 | 16068313958859 | 16073348780941 | 15938613945851 | 15941879282720 | 15950236461666 | 15943991775964 | 15932810986132 | 15951881419717 | 15937953002653 | 15943753746347 | 16013241452359 | 16007957450027 | 15998827695081 | 16010859168545 | 15975497576993 | 16006926836914 | 15681112976695 | 15390300857323 |
|       L2_PF_HIT_IN_L3       |   PMC2  |    66694747183 |    4085695605 |    4255128567 |    3914066282 |    4647160456 |    4176727505 |    4593625636 |    4103050114 |    4073246508 |    4112655158 |    4403809971 |    4157850255 |    4435294578 |    4245647693 |    4314355909 |    4004998090 |    4001538959 |    4121004077 |    4150174971 |    4121549033 |    4475310124 |    4067203599 |    4138478013 |    3781996542 |    3644491698 |    3717731056 |    4031467757 |    3905868075 |    4017920498 |    3698403455 |    3996736830 |    4231261375 |    3877636185 |    3874444060 |    4282897003 |    3916176415 |    4144921513 |    4002281750 |    4302088196 |    4208250955 |    3757062885 |    3931537334 |    3849823551 |    4027235250 |    4077213538 |    4083281802 |    4347794914 |    3938935149 |     4032898324 |     3690596393 |     4248217621 |     3789770679 |     4276008864 |     3900570899 |     4070599259 |     3640641080 |     3593260971 |     3550991481 |     3695720527 |     3813564459 |     3824271178 |     3773604900 |     3949504605 |     3693398786 |     3777767084 |     3798460964 |     3794476092 |     3734102453 |     3962636671 |     3698580478 |     3859097791 |     3504397136 |     3890290564 |     3865610252 |     3938157643 |     4151710632 |     4631222078 |     4235067197 |     4112454704 |     3685374358 |     3861286969 |     3846549484 |     4563401132 |     4519679525 |     4109436100 |     4190388623 |     4025388008 |     4027754977 |     3899456215 |     3999383148 |     4044386341 |     4674915917 |     3955405565 |     3892114817 |     4040107392 |     3977229017 |     4382562667 |     3989510092 |     4177574785 |     4089927310 |     4210818182 |     3985323225 |     4271349680 |     4076162252 |     3827160668 |     3836244551 |     3885939979 |     3835283886 |     4398005775 |     4126719695 |     4047136082 |     3506945028 |     4197153642 |     4419283124 |     4395068172 |     4039501547 |     4356940787 |     4370009005 |     4373137141 |     3938312915 |     3859399436 |     3991967436 |     3958491929 |     4281856046 |     4010353958 |     4057147604 |     4031433301 |     3485247656 |     4069632391 |     4061943253 |     4175022185 |     4423730475 |     4470750161 |     4209450887 |     4333717214 |     4326360231 |     3759395844 |     4741487050 |     4804469112 |     4040721417 |     5043917786 |     4264560075 |     4467422408 |     4147788585 |     4024697777 |     4245060969 |     4049634741 |     4695910136 |     4723298970 |     4129757375 |     4340063064 |     4919025309 |     3863899303 |     3922822435 |     4113691673 |     4293077912 |     4104907710 |     3917900724 |     3964920263 |     3816754188 |     4198710102 |     4043425486 |     4254541787 |     4555060798 |     4234238731 |     4777318327 |     4177736828 |     3765979506 |     4102219183 |     3750704118 |     4201953893 |     4142246765 |     4362593745 |     3905640950 |     4183961292 |     4037879327 |     4274024328 |     4556693520 |     4226122673 |     4286738626 |     4338443773 |     4160054749 |     4831170964 |     4084282887 |     3960377202 |     3951615224 |     4183297205 |     4313376561 |     6020117251 |     4183104951 |     4171856303 |     4204996329 |
|       L2_PF_MISS_IN_L3      |   PMC3  |   207849858328 |   16954433326 |   17018273402 |   17224612590 |   17143934254 |   17333268383 |   17234406572 |   17351000949 |   18785150136 |   18413325756 |   18218398940 |   18342858252 |   17826624228 |   17819005708 |   17921652235 |   18797875176 |   17370256494 |   17206682235 |   16751885947 |   17285787486 |   16857832431 |   16939435245 |   17222225524 |   17267893474 |   16608187340 |   16673495599 |   16399213457 |   16261267982 |   16329794036 |   16278223045 |   16514347235 |   16613395126 |   16812101443 |   16668670441 |   16718408908 |   16794994704 |   16735482759 |   16775241486 |   16606848696 |   16646379180 |   16437671643 |   15825909547 |   16259613021 |   16000152342 |   16077736265 |   15724031404 |   16108049829 |   16029675563 |    17761956756 |    17548935349 |    17569094441 |    17540395593 |    17378114013 |    17588825426 |    17562283019 |    17806351810 |    19079537102 |    18911180578 |    18989119084 |    18908356043 |    18596156211 |    18765238784 |    18692177504 |    19050763446 |    17768331876 |    17988048692 |    17772385833 |    17742365601 |    17836704232 |    17811993808 |    17748997354 |    18024866994 |    17182572826 |    17093167425 |    17343270849 |    17208006086 |    16747161399 |    16630938710 |    16759691733 |    17256767505 |    18209105026 |    18062814294 |    17912152494 |    17917245127 |    17998666497 |    17777616531 |    18141629954 |    17959200598 |    17349514976 |    16892404807 |    17083980365 |    17011971434 |    16933137104 |    17045376792 |    16902260393 |    17206258391 |    22351580914 |    21956322630 |    21960515516 |    22200973191 |    21618822357 |    21919537621 |    21376731039 |    22014767662 |    24536979312 |    24299031920 |    24310691776 |    24122487667 |    23572293443 |    23763223403 |    23495815004 |    24429480508 |    21924535166 |    21547743331 |    21720374536 |    21566619266 |    21222495474 |    21137821837 |    21242235845 |    21484468362 |    21222207381 |    21396437473 |    21254004207 |    21072598819 |    20759923337 |    21180905684 |    20734969116 |    21422901092 |    23027918951 |    22676012699 |    22803508744 |    22537867272 |    22328900735 |    22230559526 |    22362080310 |    22556395439 |    21147216496 |    20968810541 |    20766419873 |    20757772498 |    20737131585 |    20732057707 |    20458776084 |    21026134172 |    20219534262 |    20071782319 |    19929310028 |    20150738778 |    19656067401 |    19945047510 |    19791997420 |    19986685961 |    21954726139 |    21569139943 |    21450627150 |    20962564732 |    21002868010 |    21447551862 |    20906390125 |    21384946867 |    20323322478 |    20254793417 |    20126454331 |    20543834504 |    20052277724 |    20194357986 |    20262185362 |    20574705723 |    21105980534 |    20672608129 |    20217210242 |    20015731396 |    19962533353 |    20299469741 |    19819633824 |    20296266024 |    22607121846 |    22389262624 |    22199710439 |    22322393622 |    22363509436 |    22761256044 |    22468214004 |    22623020555 |    21292208311 |    21336476913 |    21309662158 |    21153652375 |    20925990175 |    21262034399 |    18730102860 |    16459656233 |
| L2_CACHE_MISS_AFTER_L1_MISS |   PMC4  |    22972152210 |   14127625447 |   14220403019 |   14165711262 |   14403181020 |   14293319310 |   14312344736 |   14255851337 |   13055591540 |   13154881339 |   13107354688 |   13049200289 |   13070814493 |   13113615616 |   12619787736 |   12356589682 |   13470585501 |   13336576072 |   13403583841 |   13336301243 |   13246529745 |   13523697377 |   13142896409 |   13140410531 |   14553295467 |   14530038432 |   14588102591 |   14466253787 |   14743922126 |   15072995701 |   14504405823 |   14880612481 |   14204335764 |   13959856218 |   14177603781 |   14126891638 |   14146752255 |   14313398112 |   14118285259 |   14475866631 |   14541879222 |   14738950303 |   14601758081 |   14563827942 |   14884339282 |   14943291407 |   14932838573 |   14936600625 |    15566945814 |    15317666283 |    15464952533 |    15316520750 |    15341982439 |    15455093953 |    15299506465 |    15351723816 |    14918449989 |    14931560494 |    14890072010 |    14849631372 |    14882447279 |    14842114933 |    15091546978 |    14798670494 |    15812228245 |    15660226398 |    15480669656 |    15571076620 |    15729402318 |    15693027208 |    15690995123 |    15635684553 |    15721124032 |    15888209011 |    16050070177 |    15837884719 |    16389522292 |    16227968213 |    15648321288 |    15588576763 |    15449442918 |    15684734519 |    15517919907 |    15737470261 |    15383646776 |    15290370418 |    15218816185 |    15245806484 |    16000103966 |    16263278498 |    16291464620 |    16385046306 |    16291279070 |    16145547352 |    16384391961 |    16235327085 |    12920158630 |    12944637106 |    12874596823 |    12984202101 |    12899713882 |    12928276514 |    12949427079 |    12985669682 |    12625429107 |    12759227169 |    12654768238 |    12852048811 |    12806194289 |    12671585591 |    13258150322 |    12890324965 |    13140261202 |    13288300196 |    13230194954 |    13196976454 |    13147589934 |    13411152077 |    13262831342 |    13220030699 |    13419801523 |    13391501084 |    13304465302 |    13565255470 |    13316584858 |    13684614842 |    13857317113 |    13496578646 |    12515898750 |    12579833723 |    12356264041 |    12920829289 |    12649874230 |    12596516863 |    12641302848 |    12564243553 |    13492922709 |    13779500374 |    13645851452 |    13624352021 |    13676686547 |    13629360884 |    13689254541 |    13604987960 |    13882976022 |    13902016261 |    13857993741 |    14187626889 |    14113114165 |    13834631367 |    13935878501 |    14102579824 |    13000316018 |    13134945455 |    13091372329 |    13496990454 |    13091485114 |    13373769025 |    13713748910 |    13237562472 |    14078992542 |    14106436209 |    14004315255 |    14237716876 |    14146169600 |    14209847153 |    14170056626 |    14090841453 |    13626864545 |    13683609301 |    13713654292 |    14016414831 |    13862327370 |    13653823240 |    13992790784 |    14113766250 |    12239725300 |    12198824064 |    12119906934 |    12062635550 |    12067325021 |    12230861444 |    12330607192 |    12333589075 |    14271402573 |    14296986783 |    14261512191 |    14309625901 |    14814509830 |    14276404379 |    12113671278 |    10397613089 |
+-----------------------------+---------+----------------+---------------+---------------+---------------+---------------+---------------+---------------+---------------+---------------+---------------+---------------+---------------+---------------+---------------+---------------+---------------+---------------+---------------+---------------+---------------+---------------+---------------+---------------+---------------+---------------+---------------+---------------+---------------+---------------+---------------+---------------+---------------+---------------+---------------+---------------+---------------+---------------+---------------+---------------+---------------+---------------+---------------+---------------+---------------+---------------+---------------+---------------+---------------+----------------+----------------+----------------+----------------+----------------+----------------+----------------+----------------+----------------+----------------+----------------+----------------+----------------+----------------+----------------+----------------+----------------+----------------+----------------+----------------+----------------+----------------+----------------+----------------+----------------+----------------+----------------+----------------+----------------+----------------+----------------+----------------+----------------+----------------+----------------+----------------+----------------+----------------+----------------+----------------+----------------+----------------+----------------+----------------+----------------+----------------+----------------+----------------+----------------+----------------+----------------+----------------+----------------+----------------+----------------+----------------+----------------+----------------+----------------+----------------+----------------+----------------+----------------+----------------+----------------+----------------+----------------+----------------+----------------+----------------+----------------+----------------+----------------+----------------+----------------+----------------+----------------+----------------+----------------+----------------+----------------+----------------+----------------+----------------+----------------+----------------+----------------+----------------+----------------+----------------+----------------+----------------+----------------+----------------+----------------+----------------+----------------+----------------+----------------+----------------+----------------+----------------+----------------+----------------+----------------+----------------+----------------+----------------+----------------+----------------+----------------+----------------+----------------+----------------+----------------+----------------+----------------+----------------+----------------+----------------+----------------+----------------+----------------+----------------+----------------+----------------+----------------+----------------+----------------+----------------+----------------+----------------+----------------+----------------+----------------+----------------+----------------+----------------+----------------+----------------+----------------+----------------+----------------+----------------+

+----------------------------------+---------+------------------+---------------+----------------+--------------+
|               Event              | Counter |        Sum       |      Min      |       Max      |      Avg     |
+----------------------------------+---------+------------------+---------------+----------------+--------------+
|       ACTUAL_CPU_CLOCK STAT      |  FIXC1  | 2606999844608019 | 6486577297043 | 17530099374312 |      nil     |
|        MAX_CPU_CLOCK STAT        |  FIXC2  | 2000796675670884 | 7090148979732 | 12363694395286 |      nil     |
|     RETIRED_INSTRUCTIONS STAT    |   PMC0  |  931050220818977 | 4333972644427 |  7959041274733 | 4.849220e+12 |
|     CPU_CLOCKS_UNHALTED STAT     |   PMC1  | 2322834739231151 | 5803454263650 | 16093791522196 |      nil     |
|       L2_PF_HIT_IN_L3 STAT       |   PMC2  |     852068927988 |    3485247656 |    66694747183 | 4.437859e+09 |
|       L2_PF_MISS_IN_L3 STAT      |   PMC3  |    3909395331777 |   15724031404 |   207849858328 | 2.036143e+10 |
| L2_CACHE_MISS_AFTER_L1_MISS STAT |   PMC4  |    2708249003756 |   10397613089 |    22972152210 | 1.410546e+10 |
+----------------------------------+---------+------------------+---------------+----------------+--------------+

+-------------------------+------------+------------+------------+------------+------------+------------+------------+------------+------------+------------+-------------+-------------+-------------+-------------+-------------+-------------+-------------+-------------+-------------+-------------+-------------+-------------+-------------+-------------+-------------+-------------+-------------+-------------+-------------+-------------+-------------+-------------+-------------+-------------+-------------+-------------+-------------+-------------+-------------+-------------+-------------+-------------+-------------+-------------+-------------+-------------+-------------+-------------+-------------+-------------+-------------+-------------+-------------+-------------+-------------+-------------+-------------+-------------+-------------+-------------+-------------+-------------+-------------+-------------+-------------+-------------+-------------+-------------+-------------+-------------+-------------+-------------+-------------+-------------+-------------+-------------+-------------+-------------+-------------+-------------+-------------+-------------+-------------+-------------+-------------+-------------+-------------+-------------+-------------+-------------+-------------+-------------+-------------+-------------+-------------+-------------+-------------+-------------+-------------+-------------+--------------+--------------+--------------+--------------+--------------+--------------+--------------+--------------+--------------+--------------+--------------+--------------+--------------+--------------+--------------+--------------+--------------+--------------+--------------+--------------+--------------+--------------+--------------+--------------+--------------+--------------+--------------+--------------+--------------+--------------+--------------+--------------+--------------+--------------+--------------+--------------+--------------+--------------+--------------+--------------+--------------+--------------+--------------+--------------+--------------+--------------+--------------+--------------+--------------+--------------+--------------+--------------+--------------+--------------+--------------+--------------+--------------+--------------+--------------+--------------+--------------+--------------+--------------+--------------+--------------+--------------+--------------+--------------+--------------+--------------+--------------+--------------+--------------+--------------+--------------+--------------+--------------+--------------+--------------+--------------+--------------+--------------+--------------+--------------+--------------+--------------+--------------+--------------+--------------+--------------+--------------+--------------+
|          Metric         | HWThread 0 | HWThread 1 | HWThread 2 | HWThread 3 | HWThread 4 | HWThread 5 | HWThread 6 | HWThread 7 | HWThread 8 | HWThread 9 | HWThread 10 | HWThread 11 | HWThread 12 | HWThread 13 | HWThread 14 | HWThread 15 | HWThread 16 | HWThread 17 | HWThread 18 | HWThread 19 | HWThread 20 | HWThread 21 | HWThread 22 | HWThread 23 | HWThread 24 | HWThread 25 | HWThread 26 | HWThread 27 | HWThread 28 | HWThread 29 | HWThread 30 | HWThread 31 | HWThread 32 | HWThread 33 | HWThread 34 | HWThread 35 | HWThread 36 | HWThread 37 | HWThread 38 | HWThread 39 | HWThread 40 | HWThread 41 | HWThread 42 | HWThread 43 | HWThread 44 | HWThread 45 | HWThread 46 | HWThread 47 | HWThread 48 | HWThread 49 | HWThread 50 | HWThread 51 | HWThread 52 | HWThread 53 | HWThread 54 | HWThread 55 | HWThread 56 | HWThread 57 | HWThread 58 | HWThread 59 | HWThread 60 | HWThread 61 | HWThread 62 | HWThread 63 | HWThread 64 | HWThread 65 | HWThread 66 | HWThread 67 | HWThread 68 | HWThread 69 | HWThread 70 | HWThread 71 | HWThread 72 | HWThread 73 | HWThread 74 | HWThread 75 | HWThread 76 | HWThread 77 | HWThread 78 | HWThread 79 | HWThread 80 | HWThread 81 | HWThread 82 | HWThread 83 | HWThread 84 | HWThread 85 | HWThread 86 | HWThread 87 | HWThread 88 | HWThread 89 | HWThread 90 | HWThread 91 | HWThread 92 | HWThread 93 | HWThread 94 | HWThread 95 | HWThread 96 | HWThread 97 | HWThread 98 | HWThread 99 | HWThread 100 | HWThread 101 | HWThread 102 | HWThread 103 | HWThread 104 | HWThread 105 | HWThread 106 | HWThread 107 | HWThread 108 | HWThread 109 | HWThread 110 | HWThread 111 | HWThread 112 | HWThread 113 | HWThread 114 | HWThread 115 | HWThread 116 | HWThread 117 | HWThread 118 | HWThread 119 | HWThread 120 | HWThread 121 | HWThread 122 | HWThread 123 | HWThread 124 | HWThread 125 | HWThread 126 | HWThread 127 | HWThread 128 | HWThread 129 | HWThread 130 | HWThread 131 | HWThread 132 | HWThread 133 | HWThread 134 | HWThread 135 | HWThread 136 | HWThread 137 | HWThread 138 | HWThread 139 | HWThread 140 | HWThread 141 | HWThread 142 | HWThread 143 | HWThread 144 | HWThread 145 | HWThread 146 | HWThread 147 | HWThread 148 | HWThread 149 | HWThread 150 | HWThread 151 | HWThread 152 | HWThread 153 | HWThread 154 | HWThread 155 | HWThread 156 | HWThread 157 | HWThread 158 | HWThread 159 | HWThread 160 | HWThread 161 | HWThread 162 | HWThread 163 | HWThread 164 | HWThread 165 | HWThread 166 | HWThread 167 | HWThread 168 | HWThread 169 | HWThread 170 | HWThread 171 | HWThread 172 | HWThread 173 | HWThread 174 | HWThread 175 | HWThread 176 | HWThread 177 | HWThread 178 | HWThread 179 | HWThread 180 | HWThread 181 | HWThread 182 | HWThread 183 | HWThread 184 | HWThread 185 | HWThread 186 | HWThread 187 | HWThread 188 | HWThread 189 | HWThread 190 | HWThread 191 |
+-------------------------+------------+------------+------------+------------+------------+------------+------------+------------+------------+------------+-------------+-------------+-------------+-------------+-------------+-------------+-------------+-------------+-------------+-------------+-------------+-------------+-------------+-------------+-------------+-------------+-------------+-------------+-------------+-------------+-------------+-------------+-------------+-------------+-------------+-------------+-------------+-------------+-------------+-------------+-------------+-------------+-------------+-------------+-------------+-------------+-------------+-------------+-------------+-------------+-------------+-------------+-------------+-------------+-------------+-------------+-------------+-------------+-------------+-------------+-------------+-------------+-------------+-------------+-------------+-------------+-------------+-------------+-------------+-------------+-------------+-------------+-------------+-------------+-------------+-------------+-------------+-------------+-------------+-------------+-------------+-------------+-------------+-------------+-------------+-------------+-------------+-------------+-------------+-------------+-------------+-------------+-------------+-------------+-------------+-------------+-------------+-------------+-------------+-------------+--------------+--------------+--------------+--------------+--------------+--------------+--------------+--------------+--------------+--------------+--------------+--------------+--------------+--------------+--------------+--------------+--------------+--------------+--------------+--------------+--------------+--------------+--------------+--------------+--------------+--------------+--------------+--------------+--------------+--------------+--------------+--------------+--------------+--------------+--------------+--------------+--------------+--------------+--------------+--------------+--------------+--------------+--------------+--------------+--------------+--------------+--------------+--------------+--------------+--------------+--------------+--------------+--------------+--------------+--------------+--------------+--------------+--------------+--------------+--------------+--------------+--------------+--------------+--------------+--------------+--------------+--------------+--------------+--------------+--------------+--------------+--------------+--------------+--------------+--------------+--------------+--------------+--------------+--------------+--------------+--------------+--------------+--------------+--------------+--------------+--------------+--------------+--------------+--------------+--------------+--------------+--------------+
|   Runtime (RDTSC) [s]   |  5851.8022 |  5851.8022 |  5851.8022 |  5851.8022 |  5851.8022 |  5851.8022 |  5851.8022 |  5851.8022 |  5851.8022 |  5851.8022 |   5851.8022 |   5851.8022 |   5851.8022 |   5851.8022 |   5851.8022 |   5851.8022 |   5851.8022 |   5851.8022 |   5851.8022 |   5851.8022 |   5851.8022 |   5851.8022 |   5851.8022 |   5851.8022 |   5851.8022 |   5851.8022 |   5851.8022 |   5851.8022 |   5851.8022 |   5851.8022 |   5851.8022 |   5851.8022 |   5851.8022 |   5851.8022 |   5851.8022 |   5851.8022 |   5851.8022 |   5851.8022 |   5851.8022 |   5851.8022 |   5851.8022 |   5851.8022 |   5851.8022 |   5851.8022 |   5851.8022 |   5851.8022 |   5851.8022 |   5851.8022 |   5851.8022 |   5851.8022 |   5851.8022 |   5851.8022 |   5851.8022 |   5851.8022 |   5851.8022 |   5851.8022 |   5851.8022 |   5851.8022 |   5851.8022 |   5851.8022 |   5851.8022 |   5851.8022 |   5851.8022 |   5851.8022 |   5851.8022 |   5851.8022 |   5851.8022 |   5851.8022 |   5851.8022 |   5851.8022 |   5851.8022 |   5851.8022 |   5851.8022 |   5851.8022 |   5851.8022 |   5851.8022 |   5851.8022 |   5851.8022 |   5851.8022 |   5851.8022 |   5851.8022 |   5851.8022 |   5851.8022 |   5851.8022 |   5851.8022 |   5851.8022 |   5851.8022 |   5851.8022 |   5851.8022 |   5851.8022 |   5851.8022 |   5851.8022 |   5851.8022 |   5851.8022 |   5851.8022 |   5851.8022 |   5851.8022 |   5851.8022 |   5851.8022 |   5851.8022 |    5851.8022 |    5851.8022 |    5851.8022 |    5851.8022 |    5851.8022 |    5851.8022 |    5851.8022 |    5851.8022 |    5851.8022 |    5851.8022 |    5851.8022 |    5851.8022 |    5851.8022 |    5851.8022 |    5851.8022 |    5851.8022 |    5851.8022 |    5851.8022 |    5851.8022 |    5851.8022 |    5851.8022 |    5851.8022 |    5851.8022 |    5851.8022 |    5851.8022 |    5851.8022 |    5851.8022 |    5851.8022 |    5851.8022 |    5851.8022 |    5851.8022 |    5851.8022 |    5851.8022 |    5851.8022 |    5851.8022 |    5851.8022 |    5851.8022 |    5851.8022 |    5851.8022 |    5851.8022 |    5851.8022 |    5851.8022 |    5851.8022 |    5851.8022 |    5851.8022 |    5851.8022 |    5851.8022 |    5851.8022 |    5851.8022 |    5851.8022 |    5851.8022 |    5851.8022 |    5851.8022 |    5851.8022 |    5851.8022 |    5851.8022 |    5851.8022 |    5851.8022 |    5851.8022 |    5851.8022 |    5851.8022 |    5851.8022 |    5851.8022 |    5851.8022 |    5851.8022 |    5851.8022 |    5851.8022 |    5851.8022 |    5851.8022 |    5851.8022 |    5851.8022 |    5851.8022 |    5851.8022 |    5851.8022 |    5851.8022 |    5851.8022 |    5851.8022 |    5851.8022 |    5851.8022 |    5851.8022 |    5851.8022 |    5851.8022 |    5851.8022 |    5851.8022 |    5851.8022 |    5851.8022 |    5851.8022 |    5851.8022 |    5851.8022 |    5851.8022 |    5851.8022 |    5851.8022 |
|   Runtime unhalted [s]  |  4534.2527 |  2669.8850 |  2616.7420 |  2593.2540 |  2561.2873 |  2649.4468 |  2618.3944 |  2612.4251 |  2569.6237 |  2540.5526 |   2527.3404 |   2519.9434 |   2494.8776 |   2527.4880 |   2515.0214 |   2562.7752 |   2664.7269 |   2640.8788 |   2619.1267 |   2637.4647 |   2614.3085 |   2649.3112 |   2659.8747 |   2674.6429 |   3291.2657 |   3313.5010 |   3249.6969 |   3321.6680 |   3302.2417 |   3314.2883 |   3404.7377 |   3427.5005 |   3181.7679 |   3186.9150 |   3160.4603 |   3202.7617 |   3207.7213 |   3170.9834 |   3267.5019 |   3252.4293 |   3234.9949 |   3191.7301 |   3168.1268 |   3236.2263 |   3235.1094 |   3267.7778 |   3256.4940 |   3343.8157 |   4903.8446 |   4883.0913 |   4879.8769 |   4894.5127 |   4909.9828 |   4910.1912 |   4932.0421 |   4922.4341 |   4583.1418 |   4569.7297 |   4540.6805 |   4583.3560 |   4635.7427 |   4691.4911 |   4607.9538 |   4707.6339 |   4603.7811 |   4596.5235 |   4551.8582 |   4627.0218 |   4617.5113 |   4634.9012 |   4694.9992 |   4710.3166 |   5008.1125 |   4999.3518 |   4997.2032 |   5015.0510 |   5015.6732 |   5008.6396 |   5022.2599 |   5036.7914 |   4707.4160 |   4678.3152 |   4665.3016 |   4721.1793 |   4751.6269 |   4755.4320 |   4802.2239 |   4808.2813 |   4518.7323 |   4510.0746 |   4446.5189 |   4531.4325 |   4522.4518 |   4428.4036 |   4620.4060 |   4665.4783 |   6636.1720 |   6634.7171 |   6606.8574 |   6654.3189 |    6648.6669 |    6660.4729 |    6668.7540 |    6666.8556 |    5608.2436 |    5676.4550 |    5698.6205 |    5753.9620 |    5761.7242 |    5818.0698 |    5752.4959 |    5856.8449 |    6441.1878 |    6440.2683 |    6428.4016 |    6474.2099 |    6465.4498 |    6474.4412 |    6488.1907 |    6503.4086 |    6731.5358 |    6733.0542 |    6721.5636 |    6731.8498 |    6727.6148 |    6733.5381 |    6737.9756 |    6736.5365 |    6717.6289 |    6710.4195 |    6699.4117 |    6720.6108 |    6720.0678 |    6719.8501 |    6719.5122 |    6713.0994 |    6709.4789 |    6718.3659 |    6707.5813 |    6717.2054 |    6723.8328 |    6720.6410 |    6712.8545 |    6722.9353 |    6684.8003 |    6692.5513 |    6677.8652 |    6703.3884 |    6694.4600 |    6693.7852 |    6699.8642 |    6698.9230 |    6641.4269 |    6645.1895 |    6624.1521 |    6636.6596 |    6643.4267 |    6666.7122 |    6655.6990 |    6657.5605 |    6589.3528 |    6599.6413 |    6592.5008 |    6627.9259 |    6611.1167 |    6630.1658 |    6631.5063 |    6634.2541 |    6736.1149 |    6723.3046 |    6723.1693 |    6729.4744 |    6718.3864 |    6723.2132 |    6717.6711 |    6725.3948 |    6723.0308 |    6716.5979 |    6709.6832 |    6711.7405 |    6713.8107 |    6724.5552 |    6715.7438 |    6711.2278 |    6741.9976 |    6742.4544 |    6732.9231 |    6734.6288 |    6728.0325 |    6729.3359 |    6615.0578 |    6509.6238 |
|       Clock [MHz]       |  2964.9742 |  2459.1875 |  2410.7666 |  2384.4237 |  2360.1664 |  2419.0572 |  2391.4680 |  2386.0540 |  2449.8917 |  2391.5924 |   2365.6967 |   2357.2346 |   2343.8135 |   2367.6664 |   2353.7509 |   2383.1273 |   2452.8506 |   2421.9854 |   2405.4943 |   2407.3202 |   2397.8615 |   2420.4893 |   2420.5664 |   2432.2647 |   2741.2252 |   2747.5779 |   2720.3773 |   2758.4690 |   2749.9840 |   2750.1151 |   2792.1387 |   2804.1631 |   2699.9324 |   2698.7529 |   2681.5165 |   2702.1076 |   2704.2472 |   2689.6867 |   2736.6389 |   2732.8231 |   2708.1760 |   2694.1328 |   2677.0643 |   2714.0756 |   2710.8772 |   2724.6708 |   2717.5138 |   2764.3159 |   3342.9974 |   3338.8963 |   3333.7288 |   3339.6529 |   3343.5265 |   3343.3214 |   3350.9555 |   3350.1541 |   3252.4066 |   3247.2740 |   3238.6427 |   3248.5116 |   3268.7036 |   3284.0608 |   3263.0627 |   3289.2827 |   3248.7153 |   3243.5572 |   3229.7516 |   3253.4533 |   3249.9404 |   3259.1930 |   3280.6940 |   3283.7952 |   3365.5296 |   3362.3569 |   3359.9635 |   3364.9532 |   3366.2312 |   3363.9985 |   3369.1452 |   3370.0879 |   3293.6120 |   3282.6272 |   3274.7644 |   3296.2314 |   3304.5935 |   3309.8986 |   3320.6570 |   3325.5288 |   3221.2732 |   3220.5565 |   3198.8318 |   3222.7420 |   3221.5790 |   3189.0671 |   3252.0671 |   3267.7531 |   3690.1908 |   3691.9945 |   3691.4346 |   3689.9051 |    3691.4471 |    3691.2457 |    3691.5685 |    3690.7764 |    3616.0495 |    3579.0758 |    3576.7783 |    3581.0594 |    3585.1864 |    3591.6429 |    3579.7280 |    3591.9208 |    3691.6247 |    3693.0242 |    3691.3624 |    3691.8248 |    3692.9056 |    3692.9806 |    3691.7040 |    3693.4174 |    3691.7624 |    3690.6717 |    3692.1776 |    3691.8183 |    3692.0015 |    3691.8599 |    3690.9118 |    3691.5408 |    3691.5240 |    3692.6866 |    3693.4364 |    3691.8035 |    3690.9629 |    3692.7471 |    3691.9802 |    3692.9370 |    3693.8459 |    3692.5602 |    3693.5633 |    3693.3863 |    3692.2645 |    3693.2503 |    3694.1556 |    3692.8836 |    3690.7385 |    3690.0509 |    3690.7666 |    3688.7560 |    3690.6978 |    3691.8183 |    3690.3314 |    3691.5838 |    3689.9171 |    3689.7348 |    3690.6919 |    3691.6339 |    3692.1128 |    3690.2577 |    3691.4815 |    3692.0716 |    3692.0697 |    3691.7970 |    3691.2141 |    3689.2146 |    3691.0577 |    3689.7389 |    3691.9152 |    3691.7725 |    3682.9340 |    3685.6895 |    3685.7461 |    3684.5153 |    3686.3026 |    3685.4782 |    3686.4465 |    3685.0182 |    3690.1623 |    3691.0812 |    3692.1012 |    3692.1301 |    3691.5402 |    3689.8977 |    3691.5876 |    3692.1546 |    3689.1090 |    3688.9651 |    3690.2608 |    3690.7010 |    3691.4607 |    3691.5003 |    3691.1581 |    3688.0880 |
|           CPI           |     1.1333 |     1.2623 |     1.2395 |     1.2358 |     1.2226 |     1.2531 |     1.2463 |     1.2455 |     1.2158 |     1.2081 |      1.2050 |      1.2029 |      1.1900 |      1.2046 |      1.2044 |      1.2186 |      1.2696 |      1.2650 |      1.2578 |      1.2659 |      1.2627 |      1.2701 |      1.2820 |      1.2893 |      1.5603 |      1.5682 |      1.5453 |      1.5762 |      1.5678 |      1.5723 |      1.6111 |      1.6186 |      1.5045 |      1.5126 |      1.5000 |      1.5173 |      1.5194 |      1.5038 |      1.5466 |      1.5424 |      1.5300 |      1.5173 |      1.5080 |      1.5393 |      1.5362 |      1.5523 |      1.5446 |      1.5848 |      2.2425 |      2.2338 |      2.2339 |      2.2357 |      2.2460 |      2.2433 |      2.2578 |      2.2511 |      2.0955 |      2.0927 |      2.0803 |      2.0950 |      2.1119 |      2.1332 |      2.1007 |      2.1548 |      2.1124 |      2.1114 |      2.0932 |      2.1268 |      2.1181 |      2.1314 |      2.1549 |      2.1622 |      2.2934 |      2.2857 |      2.2751 |      2.2934 |      2.2954 |      2.2939 |      2.3002 |      2.3058 |      2.1554 |      2.1422 |      2.1362 |      2.1660 |      2.1763 |      2.1838 |      2.1998 |      2.2057 |      2.0735 |      2.0773 |      2.0525 |      2.0875 |      2.0834 |      2.0423 |      2.1279 |      2.1457 |      3.2042 |      3.2126 |      3.1958 |      3.2111 |       3.2182 |       3.2248 |       3.2291 |       3.2271 |       2.6926 |       2.7319 |       2.7408 |       2.7691 |       2.7677 |       2.8022 |       2.7738 |       2.8174 |       3.0951 |       3.1032 |       3.1003 |       3.1189 |       3.1158 |       3.1226 |       3.1258 |       3.1362 |       3.2891 |       3.2887 |       3.2887 |       3.2949 |       3.2917 |       3.2973 |       3.2920 |       3.2987 |       3.2660 |       3.2678 |       3.2673 |       3.2750 |       3.2683 |       3.2749 |       3.2737 |       3.2729 |       3.2731 |       3.2759 |       3.2790 |       3.2854 |       3.2823 |       3.2883 |       3.2840 |       3.2877 |       3.2521 |       3.2558 |       3.2536 |       3.2520 |       3.2601 |       3.2624 |       3.2615 |       3.2646 |       3.2071 |       3.2113 |       3.2074 |       3.2115 |       3.2083 |       3.2240 |       3.2245 |       3.2212 |       3.1943 |       3.2005 |       3.2012 |       3.2105 |       3.2060 |       3.2124 |       3.2169 |       3.2181 |       3.3712 |       3.3685 |       3.3732 |       3.3727 |       3.3636 |       3.3717 |       3.3712 |       3.3694 |       3.3034 |       3.3062 |       3.3071 |       3.3086 |       3.3044 |       3.3098 |       3.3073 |       3.3076 |       3.3320 |       3.3325 |       3.3317 |       3.3361 |       3.3286 |       3.3377 |       3.4504 |       3.5511 |
| L3 bandwidth [MBytes/s] |  3253.8817 |   384.6228 |   388.1887 |   386.1171 |   395.8496 |   391.5738 |   395.2601 |   390.5521 |   392.7842 |   390.2345 |    390.7671 |    388.8023 |    386.4271 |    384.7377 |    381.2109 |    384.5321 |    381.0642 |    379.1162 |    375.1940 |    379.9843 |    378.1910 |    377.6514 |    377.3590 |    373.9325 |    380.6660 |    381.9269 |    382.9935 |    378.7785 |    383.7903 |    383.3308 |    382.9575 |    390.7202 |    381.6296 |    377.3521 |    384.7448 |    381.0170 |    383.0851 |    383.7824 |    383.0858 |    386.4026 |    379.9075 |    377.2803 |    379.6294 |    378.3173 |    383.2178 |    380.0605 |    387.0390 |    381.7514 |    408.6186 |    399.8188 |    407.7487 |    400.7975 |    404.6191 |    404.0546 |    403.9222 |    402.4603 |    411.1280 |    408.9678 |    410.9494 |    410.9126 |    407.9741 |    408.8281 |    412.6808 |    410.5985 |    408.5806 |    409.5475 |    405.1815 |    405.1816 |    410.4444 |    406.8884 |    407.9327 |    406.4657 |    402.4085 |    402.9882 |    408.2872 |    406.8228 |    413.0601 |    405.6894 |    399.4171 |    399.5292 |    410.3470 |    411.1592 |    415.5271 |    417.5058 |    410.0398 |    407.4875 |    408.8814 |    407.2073 |    407.3857 |    406.3576 |    409.2533 |    416.3852 |    406.6283 |    405.5698 |    408.2354 |    409.2421 |    433.6912 |    425.3374 |    426.6740 |    429.5440 |     423.5753 |     424.7103 |     422.1333 |     427.3730 |     448.2948 |     447.2551 |     446.7837 |     446.3289 |     445.9644 |     443.6134 |     446.2335 |     446.5141 |     429.4002 |     429.3277 |     430.3154 |     424.3818 |     423.5498 |     425.6492 |     425.2032 |     422.6288 |     421.0823 |     424.1281 |     421.2524 |     425.6571 |     416.5485 |     425.6895 |     422.4200 |     420.0249 |     433.2444 |     430.0109 |     430.1968 |     436.1862 |     431.4516 |     426.9348 |     430.2221 |     431.4240 |     419.9681 |     431.8921 |     428.9057 |     420.2230 |     431.5414 |     422.4447 |     422.3295 |     424.1173 |     416.9897 |     417.9921 |     413.8151 |     426.9101 |     420.9846 |     414.6080 |     416.3415 |     426.6259 |     424.5551 |     422.4548 |     422.7696 |     423.8299 |     417.7777 |     423.6832 |     421.9971 |     420.4026 |     422.1718 |     420.0241 |     419.8125 |     430.2167 |     420.3307 |     428.5205 |     422.2697 |     420.3180 |     424.7314 |     416.7678 |     417.0511 |     417.5058 |     417.6486 |     414.0556 |     415.5589 |     420.4972 |     427.8572 |     428.1187 |     421.5671 |     422.9455 |     424.0119 |     428.1995 |     433.4254 |     426.9825 |     432.2660 |     432.9342 |     434.7868 |     435.0294 |     456.7276 |     434.4266 |     382.9590 |     339.7218 |
| L3 data volume [GBytes] | 19041.0725 |  2250.7363 |  2271.6035 |  2259.4810 |  2316.4336 |  2291.4122 |  2312.9841 |  2285.4338 |  2298.4952 |  2283.5752 |   2286.6921 |   2275.1942 |   2261.2949 |   2251.4092 |   2230.7709 |   2250.2056 |   2229.9124 |   2218.5128 |   2195.5613 |   2223.5928 |   2213.0990 |   2209.9415 |   2208.2304 |   2188.1792 |   2227.5824 |   2234.9610 |   2241.2022 |   2216.5370 |   2245.8647 |   2243.1758 |   2240.9914 |   2286.4172 |   2233.2207 |   2208.1901 |   2251.4502 |   2229.6360 |   2241.7380 |   2245.8190 |   2241.7422 |   2261.1518 |   2223.1433 |   2207.7694 |   2221.5165 |   2213.8378 |   2242.5145 |   2224.0387 |   2264.8757 |   2233.9335 |   2391.1553 |   2339.6607 |   2386.0649 |   2345.3880 |   2367.7507 |   2364.4474 |   2363.6729 |   2355.1179 |   2405.8399 |   2393.1989 |   2404.7943 |   2404.5793 |   2387.3840 |   2392.3814 |   2414.9267 |   2402.7413 |   2390.9329 |   2396.5911 |   2371.0420 |   2371.0429 |   2401.8396 |   2381.0305 |   2387.1418 |   2378.5567 |   2354.8152 |   2358.2071 |   2389.2159 |   2380.6465 |   2417.1460 |   2374.0143 |   2337.3099 |   2337.9660 |   2401.2694 |   2406.0223 |   2431.5823 |   2443.1613 |   2399.4720 |   2384.5360 |   2392.6934 |   2382.8968 |   2383.9408 |   2377.9243 |   2394.8692 |   2436.6038 |   2379.5086 |   2373.3145 |   2388.9126 |   2394.8041 |   2537.8753 |   2488.9901 |   2496.8120 |   2513.6066 |    2478.6787 |    2485.3208 |    2470.2405 |    2500.9024 |    2623.3324 |    2617.2482 |    2614.4896 |    2611.8285 |    2609.6956 |    2595.9378 |    2611.2705 |    2612.9120 |    2512.7648 |    2512.3409 |    2518.1208 |    2483.3982 |    2478.5297 |    2490.8149 |    2488.2051 |    2473.1400 |    2464.0901 |    2481.9140 |    2465.0855 |    2490.8615 |    2437.5592 |    2491.0508 |    2471.9180 |    2457.9026 |    2535.2608 |    2516.3385 |    2517.4269 |    2552.4753 |    2524.7696 |    2498.3377 |    2517.5744 |    2524.6080 |    2457.5702 |    2527.3471 |    2509.8714 |    2459.0621 |    2525.2951 |    2472.0626 |    2471.3890 |    2481.8503 |    2440.1413 |    2446.0070 |    2421.5641 |    2498.1937 |    2463.5188 |    2426.2039 |    2436.3481 |    2496.5306 |    2484.4123 |    2472.1221 |    2473.9642 |    2480.1685 |    2444.7527 |    2479.3102 |    2469.4438 |    2460.1129 |    2470.4656 |    2457.8979 |    2456.6599 |    2517.5432 |    2459.6919 |    2507.6175 |    2471.0386 |    2459.6177 |    2485.4441 |    2438.8430 |    2440.5004 |    2443.1612 |    2443.9971 |    2422.9718 |    2431.7687 |    2460.6663 |    2503.7358 |    2505.2659 |    2466.9274 |    2474.9931 |    2481.2338 |    2505.7390 |    2536.3195 |    2498.6171 |    2529.5352 |    2533.4451 |    2544.2862 |    2545.7059 |    2672.6795 |    2542.1788 |    2241.0003 |    1987.9850 |
+-------------------------+------------+------------+------------+------------+------------+------------+------------+------------+------------+------------+-------------+-------------+-------------+-------------+-------------+-------------+-------------+-------------+-------------+-------------+-------------+-------------+-------------+-------------+-------------+-------------+-------------+-------------+-------------+-------------+-------------+-------------+-------------+-------------+-------------+-------------+-------------+-------------+-------------+-------------+-------------+-------------+-------------+-------------+-------------+-------------+-------------+-------------+-------------+-------------+-------------+-------------+-------------+-------------+-------------+-------------+-------------+-------------+-------------+-------------+-------------+-------------+-------------+-------------+-------------+-------------+-------------+-------------+-------------+-------------+-------------+-------------+-------------+-------------+-------------+-------------+-------------+-------------+-------------+-------------+-------------+-------------+-------------+-------------+-------------+-------------+-------------+-------------+-------------+-------------+-------------+-------------+-------------+-------------+-------------+-------------+-------------+-------------+-------------+-------------+--------------+--------------+--------------+--------------+--------------+--------------+--------------+--------------+--------------+--------------+--------------+--------------+--------------+--------------+--------------+--------------+--------------+--------------+--------------+--------------+--------------+--------------+--------------+--------------+--------------+--------------+--------------+--------------+--------------+--------------+--------------+--------------+--------------+--------------+--------------+--------------+--------------+--------------+--------------+--------------+--------------+--------------+--------------+--------------+--------------+--------------+--------------+--------------+--------------+--------------+--------------+--------------+--------------+--------------+--------------+--------------+--------------+--------------+--------------+--------------+--------------+--------------+--------------+--------------+--------------+--------------+--------------+--------------+--------------+--------------+--------------+--------------+--------------+--------------+--------------+--------------+--------------+--------------+--------------+--------------+--------------+--------------+--------------+--------------+--------------+--------------+--------------+--------------+--------------+--------------+--------------+--------------+

+------------------------------+--------------+-----------+------------+-----------+
|            Metric            |      Sum     |    Min    |     Max    |    Avg    |
+------------------------------+--------------+-----------+------------+-----------+
|   Runtime (RDTSC) [s] STAT   | 1.123546e+06 | 5851.8022 |  5851.8022 | 5851.8022 |
|   Runtime unhalted [s] STAT  | 1.002708e+06 | 2494.8776 |  6742.4544 | 5222.4395 |
|       Clock [MHz] STAT       |  635077.6433 | 2343.8135 |  3694.1556 | 3307.6961 |
|           CPI STAT           |     480.2984 |    1.1333 |     3.5511 |    2.5016 |
| L3 bandwidth [MBytes/s] STAT |   81694.7717 |  339.7218 |  3253.8817 |  425.4936 |
| L3 data volume [GBytes] STAT |  478061.6490 | 1987.9850 | 19041.0725 | 2489.9044 |
+------------------------------+--------------+-----------+------------+-----------+

