INFO: You are running LIKWID in a cpuset with 96 CPUs. Taking given IDs as logical ID in cpuset
--------------------------------------------------------------------------------
CPU name:	AMD EPYC 9A14 96-Core Processor                
CPU type:	AMD K19 (Zen4) architecture
CPU clock:	2.60 GHz
--------------------------------------------------------------------------------
Use symmetry. Molecule point group: Coov
Norb: 20   Ne: (7, 7)
Running RHF...
converged SCF energy = -92.827631799365
Running FCI ...
Guessing CI wfn symmetry = 0
Num symmetry allowed elements 1502950144
tol 1e-10  toloose 1e-05
max_cycle 100  max_space 12  max_memory 683568  incore True
    CPU time for contract_2e  15448.87 sec, wall time    176.25 sec
davidson 0 1  |r|= 0.77  e= [-116.65141583]  max|de|= -117  lindep=    1
    CPU time for contract_2e  15403.32 sec, wall time    185.25 sec
davidson 1 2  |r|= 0.371  e= [-116.83564519]  max|de|= -0.184  lindep= 0.978
    CPU time for contract_2e  15393.18 sec, wall time    190.61 sec
davidson 2 3  |r|= 0.145  e= [-116.87066041]  max|de|= -0.035  lindep= 0.996
    CPU time for contract_2e  15525.29 sec, wall time    197.94 sec
davidson 3 4  |r|= 0.0579  e= [-116.87548655]  max|de|= -0.00483  lindep= 0.981
    CPU time for contract_2e  15561.76 sec, wall time    204.87 sec
davidson 4 5  |r|= 0.0283  e= [-116.87622039]  max|de|= -0.000734  lindep= 0.934
    CPU time for contract_2e  16123.39 sec, wall time    231.47 sec
davidson 5 6  |r|= 0.0133  e= [-116.8764033]  max|de|= -0.000183  lindep= 0.902
    CPU time for contract_2e  16168.19 sec, wall time    240.57 sec
davidson 6 7  |r|= 0.00565  e= [-116.87644024]  max|de|= -3.69e-05  lindep= 0.927
    CPU time for contract_2e  16160.48 sec, wall time    249.64 sec
davidson 7 8  |r|= 0.00224  e= [-116.87644619]  max|de|= -5.95e-06  lindep= 0.932
    CPU time for contract_2e  16167.04 sec, wall time    258.55 sec
davidson 8 9  |r|= 0.000882  e= [-116.87644712]  max|de|= -9.33e-07  lindep= 0.918
    CPU time for contract_2e  16169.40 sec, wall time    267.33 sec
davidson 9 10  |r|= 0.000388  e= [-116.87644727]  max|de|= -1.55e-07  lindep= 0.919
    CPU time for contract_2e  16230.43 sec, wall time    276.76 sec
davidson 10 11  |r|= 0.000183  e= [-116.8764473]  max|de|= -3.05e-08  lindep= 0.897
    CPU time for contract_2e  16260.52 sec, wall time    285.98 sec
davidson 11 12  |r|= 8.85e-05  e= [-116.87644731]  max|de|= -7.18e-09  lindep= 0.904
    CPU time for contract_2e  15842.29 sec, wall time    292.95 sec
davidson 12 1  |r|= 8.85e-05  e= [-116.87644731]  max|de|= 9.39e-12  lindep=    1
    CPU time for contract_2e  15504.85 sec, wall time    186.53 sec
davidson 13 2  |r|= 3.82e-05  e= [-116.87644731]  max|de|= -1.28e-09  lindep= 0.995
    CPU time for contract_2e  15480.73 sec, wall time    191.95 sec
davidson 14 3  |r|= 2.39e-05  e= [-116.87644731]  max|de|= -4.53e-10  lindep= 0.908
    CPU time for contract_2e  15479.84 sec, wall time    197.29 sec
davidson 15 4  |r|= 1.11e-05  e= [-116.87644731]  max|de|= -1.15e-10  lindep= 0.858
    CPU time for contract_2e  15584.73 sec, wall time    205.04 sec
root 0 converged  |r|= 4.65e-06  e= -116.8764473137197  max|de|= -2.31e-11
converged 16 5  |r|= 4.65e-06  e= [-116.87644731]  max|de|= -2.31e-11
--------------------------------------------------------------------------------
Group 1: L3
+-----------------------------+---------+----------------+----------------+----------------+----------------+----------------+----------------+----------------+----------------+----------------+----------------+----------------+----------------+----------------+----------------+----------------+----------------+----------------+----------------+----------------+----------------+----------------+----------------+----------------+----------------+----------------+----------------+----------------+----------------+----------------+----------------+----------------+----------------+----------------+----------------+----------------+----------------+----------------+----------------+----------------+----------------+----------------+----------------+----------------+----------------+----------------+----------------+----------------+----------------+---------------+---------------+---------------+---------------+---------------+---------------+---------------+---------------+---------------+---------------+---------------+---------------+---------------+---------------+---------------+---------------+---------------+---------------+---------------+---------------+---------------+---------------+---------------+---------------+----------------+----------------+----------------+----------------+----------------+----------------+----------------+----------------+----------------+----------------+----------------+----------------+----------------+----------------+----------------+----------------+----------------+----------------+----------------+----------------+----------------+----------------+----------------+----------------+
|            Event            | Counter |   HWThread 0   |   HWThread 1   |   HWThread 2   |   HWThread 3   |   HWThread 4   |   HWThread 5   |   HWThread 6   |   HWThread 7   |   HWThread 8   |   HWThread 9   |   HWThread 10  |   HWThread 11  |   HWThread 12  |   HWThread 13  |   HWThread 14  |   HWThread 15  |   HWThread 16  |   HWThread 17  |   HWThread 18  |   HWThread 19  |   HWThread 20  |   HWThread 21  |   HWThread 22  |   HWThread 23  |   HWThread 24  |   HWThread 25  |   HWThread 26  |   HWThread 27  |   HWThread 28  |   HWThread 29  |   HWThread 30  |   HWThread 31  |   HWThread 32  |   HWThread 33  |   HWThread 34  |   HWThread 35  |   HWThread 36  |   HWThread 37  |   HWThread 38  |   HWThread 39  |   HWThread 40  |   HWThread 41  |   HWThread 42  |   HWThread 43  |   HWThread 44  |   HWThread 45  |   HWThread 46  |   HWThread 47  |  HWThread 48  |  HWThread 49  |  HWThread 50  |  HWThread 51  |  HWThread 52  |  HWThread 53  |  HWThread 54  |  HWThread 55  |  HWThread 56  |  HWThread 57  |  HWThread 58  |  HWThread 59  |  HWThread 60  |  HWThread 61  |  HWThread 62  |  HWThread 63  |  HWThread 64  |  HWThread 65  |  HWThread 66  |  HWThread 67  |  HWThread 68  |  HWThread 69  |  HWThread 70  |  HWThread 71  |   HWThread 72  |   HWThread 73  |   HWThread 74  |   HWThread 75  |   HWThread 76  |   HWThread 77  |   HWThread 78  |   HWThread 79  |   HWThread 80  |   HWThread 81  |   HWThread 82  |   HWThread 83  |   HWThread 84  |   HWThread 85  |   HWThread 86  |   HWThread 87  |   HWThread 88  |   HWThread 89  |   HWThread 90  |   HWThread 91  |   HWThread 92  |   HWThread 93  |   HWThread 94  |   HWThread 95  |
+-----------------------------+---------+----------------+----------------+----------------+----------------+----------------+----------------+----------------+----------------+----------------+----------------+----------------+----------------+----------------+----------------+----------------+----------------+----------------+----------------+----------------+----------------+----------------+----------------+----------------+----------------+----------------+----------------+----------------+----------------+----------------+----------------+----------------+----------------+----------------+----------------+----------------+----------------+----------------+----------------+----------------+----------------+----------------+----------------+----------------+----------------+----------------+----------------+----------------+----------------+---------------+---------------+---------------+---------------+---------------+---------------+---------------+---------------+---------------+---------------+---------------+---------------+---------------+---------------+---------------+---------------+---------------+---------------+---------------+---------------+---------------+---------------+---------------+---------------+----------------+----------------+----------------+----------------+----------------+----------------+----------------+----------------+----------------+----------------+----------------+----------------+----------------+----------------+----------------+----------------+----------------+----------------+----------------+----------------+----------------+----------------+----------------+----------------+
|       ACTUAL_CPU_CLOCK      |  FIXC1  | 15197547035630 | 10995996192512 | 10953525342566 | 10949087472581 | 10952410794101 | 10950807135951 | 10949355281787 | 10954218127594 | 10556884811484 | 10558582397817 | 10280200967519 | 10310824477757 | 10588789335915 | 10707901100207 | 10715751717335 | 10576078318733 | 10867415895856 | 10814169113273 | 10869543792683 | 10880443170394 | 10892662888471 | 10842156140437 | 10851113380673 | 10865833729198 | 10931549364407 | 10932996686159 | 10935837942670 | 10935889971302 | 10947830248409 | 10944810801490 | 10927553073854 | 10940715138155 | 10916155573395 | 10918413837609 | 10896655160731 | 10912998213798 | 10904491411862 | 10902349716973 | 10885722540394 | 10903129609717 | 10923449542872 | 10939053731043 | 10933274078402 | 10924821638708 | 10907179218111 | 10917330688926 | 10934290734561 | 10920622724865 | 8654112563102 | 8155312967441 | 8308192597117 | 8162729507452 | 9059032997563 | 8334743527182 | 8433287227380 | 8621384934378 | 8192878916668 | 8017998514961 | 8215066029427 | 8181840218962 | 8321492227690 | 8281013531473 | 8434788682682 | 8564528612895 | 8381853803986 | 8958256805191 | 8441513992422 | 8370695141691 | 8574510929325 | 8533238298759 | 8994976206734 | 8746252515394 | 10516717983304 | 10472379014567 | 10515571565787 | 10495886250434 | 10548574501628 | 10536877017863 | 10553550309062 | 10599129114167 | 10160392259247 | 10072334186525 | 10323797895267 | 10129601005466 | 10150964430112 | 10144963256567 | 10234521665427 | 10287420526431 | 10263874603613 | 10227652230841 | 10219771550392 | 10242186921117 | 10318220820365 | 10316644330643 | 10349081639001 | 10395041363572 |
|        MAX_CPU_CLOCK        |  FIXC2  | 10760626508190 |  7872400556852 |  7796730428188 |  7791870111610 |  7795526968476 |  7794183845396 |  7794081077328 |  7796154568800 |  7547123123072 |  7566179271326 |  7423698576268 |  7445396843066 |  7583240363842 |  7645919822814 |  7645239100486 |  7575693767148 |  7731527016980 |  7707900982808 |  7731986746900 |  7737293648422 |  7748239404750 |  7714280429856 |  7720711868818 |  7721932387780 |  7778554089566 |  7780054222408 |  7782283823314 |  7781638060820 |  7791932111288 |  7789867937176 |  7775935406902 |  7787133589222 |  7758378149028 |  7760763072790 |  7742107150674 |  7756023969330 |  7747789131654 |  7745610043080 |  7730821010640 |  7745370013498 |  7769449101778 |  7782433447672 |  7777697974878 |  7769252659168 |  7755425682810 |  7763523864382 |  7778550264030 |  7765516322538 | 6376893801486 | 6252817439180 | 6304997652954 | 6262113515762 | 6599941034726 | 6288523621614 | 6329982796358 | 6385590980444 | 6271668522938 | 6205983686526 | 6266589514796 | 6268165300566 | 6303500184202 | 6295797330966 | 6330833964832 | 6379512189258 | 6316993704970 | 6565029754400 | 6338914038158 | 6315851042358 | 6384216566390 | 6367497857318 | 6561758609198 | 6450324755628 |  7482198740770 |  7450151278154 |  7479843606066 |  7465029885118 |  7501721008626 |  7496859397846 |  7503018663946 |  7535951366294 |  7234930346514 |  7168272413276 |  7347343667586 |  7205161400424 |  7218455336924 |  7218890914872 |  7279212222464 |  7318415775216 |  7312220506006 |  7285536106316 |  7281479160644 |  7297932771948 |  7349661954830 |  7349742657868 |  7370111932924 |  7404236919638 |
|     RETIRED_INSTRUCTIONS    |   PMC0  | 11833609945164 |  8754984171636 |  8755980966401 |  8758794483792 |  8758679532845 |  8757566640317 |  8756573550851 |  8754925119930 |  8809607043181 |  8808288143614 |  8807284133895 |  8806881366950 |  8804567625087 |  8800774510778 |  8798383464363 |  8799911895046 |  8766247307422 |  8769590435841 |  8764216733031 |  8761849329264 |  8761176549024 |  8762717282151 |  8757215569619 |  8748625290593 |  8732473531715 |  8732905578375 |  8732655504015 |  8730252692836 |  8731808438722 |  8727109705929 |  8725234335820 |  8723614563931 |  8741861740853 |  8748851499167 |  8745299296166 |  8743461103441 |  8742096498823 |  8739580263157 |  8732482847394 |  8731618304378 |  8727378473622 |  8728821170605 |  8728678630426 |  8727176502938 |  8723395834838 |  8723839282526 |  8719818139981 |  8718446769427 | 8761921921334 | 8757692894005 | 8758576901551 | 8757549080171 | 8763691342143 | 8757004981127 | 8758892515357 | 8758247074666 | 8765567537115 | 8763457837119 | 8764885401537 | 8764778971335 | 8766150145201 | 8765207938830 | 8769336349884 | 8767214916265 | 8758884116455 | 8762066525408 | 8759105628613 | 8758904890653 | 8760605590226 | 8759463289558 | 8762688885537 | 8761314106817 |  8767209376076 |  8767215859578 |  8765452786493 |  8766283569730 |  8765823493406 |  8766513684983 |  8764819706533 |  8763740023788 |  8773050876472 |  8771437253925 |  8773099543491 |  8771056052973 |  8770842650480 |  8769406432556 |  8770141038047 |  8769383888563 |  8758772303001 |  8758080807641 |  8757236923279 |  8758323581732 |  8758462574469 |  8756568172625 |  8757974614734 |  8574278985782 |
|     CPU_CLOCKS_UNHALTED     |   PMC1  | 12496489054342 | 10001360222709 | 10026514920954 | 10016386645606 | 10007426149905 |  9998742007892 | 10008384746930 | 10004193998865 |  9661763718257 |  9672833753967 |  9438891055235 |  9463405696948 |  9689665546351 |  9798629495367 |  9809194935823 |  9681924094596 |  9942187697589 |  9907096353887 |  9965607252017 |  9965937466545 |  9961050306666 |  9937772580406 |  9933458648887 |  9947036429246 |  9994271036076 |  9983993953466 | 10008670101472 |  9994029620622 | 10000414707838 |  9992762114233 |  9975588253190 |  9987981829625 |  9981926495068 |  9989563756947 |  9988670207775 |  9982137779541 |  9975276340941 |  9965859765083 |  9947627602716 |  9976497626414 |  9989153043935 | 10001136562699 |  9992953069039 |  9992846800848 |  9980051140088 |  9993078075083 |  9990364218129 |  9989267267118 | 8031753144924 | 7639671748492 | 7780996958227 | 7635414452259 | 8436734587330 | 7821380115898 | 7890633300763 | 8087149859986 | 7669122487476 | 7517663212949 | 7698914725210 | 7668584711002 | 7798057181301 | 7757619465108 | 7909991802745 | 8029911958894 | 7870033613673 | 8372279207113 | 7923340534709 | 7864925798949 | 8042008842537 | 8010355890402 | 8409091851298 | 8198565293788 |  9699459205269 |  9660553310257 |  9704353504260 |  9689710976677 |  9728422832569 |  9722410077306 |  9733279365810 |  9774510593860 |  9397554500720 |  9339319735126 |  9529832352904 |  9376504834516 |  9411942978014 |  9402663969041 |  9464485393434 |  9517553640827 |  9491391878797 |  9473186819859 |  9468555402934 |  9479333034900 |  9527967981087 |  9503878942276 |  9567647354165 |  9598160054154 |
|       L2_PF_HIT_IN_L3       |   PMC2  |    71814009788 |     9649901823 |     9808456680 |     9901790485 |    10045293369 |     9897597590 |    10662114798 |    10501291314 |     9575695096 |     8388073242 |     9360369962 |     8904694224 |     9697630307 |     8819155483 |     8362784380 |     7980200017 |     9270570525 |     9060489564 |     9514523488 |     9948420178 |     9131039350 |     8221793193 |     9769568605 |     8835474559 |     9410768094 |     9701475260 |     9740345666 |     9709783254 |     9091158430 |     9622622447 |     8928335506 |     8841249999 |     8915517563 |     8783923403 |     9223103080 |     9007679024 |     9324153245 |    10358741465 |     9161667525 |     8312850092 |     9135900823 |     9245872236 |     9784156248 |     9205765534 |     9579161155 |    10146790067 |     9592088071 |     9266241382 |    8741294522 |    9382019574 |    8992249343 |    9867579899 |    9476181027 |    9482358417 |    9534204096 |    8848114162 |    9906277760 |    9763391948 |   10166330367 |    9977249324 |    9579852412 |   10198000199 |    9062275266 |    8317526865 |    9846876861 |   10406614340 |    9516372643 |    9525150380 |   10077105907 |    9303672518 |   10275182302 |    9697900427 |     9437853791 |     9526150999 |     9458928343 |     9658047616 |     9676233796 |     9645476740 |     9156841928 |     8780015308 |     9436531189 |    10624417481 |    10063879462 |     9122419610 |     9911940769 |    10158293541 |     9136282182 |     9149055130 |    10002068463 |     9499065284 |    10193290137 |     9843720651 |    10098062022 |    10266871253 |    10788929371 |     9179105147 |
|       L2_PF_MISS_IN_L3      |   PMC3  |   217907585112 |    28625962066 |    28222915242 |    28276631921 |    28020522981 |    28056285469 |    27597682161 |    28417152316 |    27938467280 |    28482060505 |    28005209786 |    28361125091 |    28146871852 |    28486325691 |    28652553181 |    28984124907 |    28026868958 |    28079237645 |    28030441460 |    27844305580 |    28081421602 |    28341747634 |    27744122006 |    28084490996 |    28591574391 |    28164218029 |    28206524475 |    28402690521 |    28694633422 |    28936840918 |    28623324841 |    28894203350 |    28841963121 |    29206325259 |    28811658850 |    28781861810 |    28353347534 |    28626618838 |    28033812296 |    28934260687 |    28613141725 |    28868953209 |    28583549190 |    28881165024 |    28650102984 |    28986750965 |    28876508790 |    29120389652 |   29940296170 |   28953053747 |   29028124666 |   28715229761 |   28841723238 |   28300193159 |   28428633481 |   29370022404 |   28710082562 |   28777583816 |   28657015252 |   28656731026 |   28649002018 |   29110091959 |   29238320029 |   29676685097 |   28849500424 |   28697818312 |   28939743490 |   28881716235 |   28912602317 |   29272520780 |   28684725591 |   29111567475 |    29419145640 |    28885666962 |    28670932832 |    28921697065 |    28984311524 |    29169710859 |    29577947215 |    29722228742 |    29480147050 |    29201803403 |    29008427977 |    29318994459 |    28762499697 |    29278653051 |    29653653673 |    29710999040 |    29797207421 |    29596972227 |    29430247812 |    30090990157 |    29448692299 |    29590074120 |    29469376660 |    27227353101 |
| L2_CACHE_MISS_AFTER_L1_MISS |   PMC4  |    29876093559 |    21406102604 |    21123699967 |    21293706229 |    21161768193 |    21247460943 |    21505284907 |    21351708888 |    21142796427 |    20880524397 |    20933792353 |    20877604771 |    21149935424 |    21062623813 |    21345535818 |    21045891909 |    21010977099 |    20952385006 |    21353008694 |    21214767169 |    20865552877 |    20545173247 |    21101114975 |    21363194395 |    21405065776 |    21232634975 |    20989787580 |    21403171405 |    20771852396 |    21367057213 |    20811098261 |    21104827881 |    21667216989 |    21508248132 |    21666763072 |    21584507186 |    21245443158 |    21862040732 |    21635912339 |    21747051351 |    20835632663 |    21021317915 |    21030526726 |    20876752636 |    21051617909 |    21256946407 |    21328416263 |    21361599647 |   19943579289 |   20037914748 |   19722351326 |   19890417788 |   19921114311 |   19801657322 |   19560151538 |   20352510422 |   20341317429 |   20276945205 |   19983961123 |   20322903112 |   20011070903 |   20443823105 |   19925844357 |   20466694410 |   19720921215 |   20229272668 |   19610108822 |   19554772784 |   19882503585 |   19679456342 |   20506109287 |   20252409214 |    21992898637 |    21911440367 |    22100230772 |    21958184370 |    21862206541 |    22109783597 |    21924085925 |    21898536885 |    21739349752 |    21839541084 |    22332964331 |    21584706993 |    21696501410 |    22048723687 |    21827147137 |    22334063412 |    22024587268 |    22130330323 |    21950919955 |    22143260210 |    21838648669 |    22635483375 |    22264586684 |    20356738966 |
+-----------------------------+---------+----------------+----------------+----------------+----------------+----------------+----------------+----------------+----------------+----------------+----------------+----------------+----------------+----------------+----------------+----------------+----------------+----------------+----------------+----------------+----------------+----------------+----------------+----------------+----------------+----------------+----------------+----------------+----------------+----------------+----------------+----------------+----------------+----------------+----------------+----------------+----------------+----------------+----------------+----------------+----------------+----------------+----------------+----------------+----------------+----------------+----------------+----------------+----------------+---------------+---------------+---------------+---------------+---------------+---------------+---------------+---------------+---------------+---------------+---------------+---------------+---------------+---------------+---------------+---------------+---------------+---------------+---------------+---------------+---------------+---------------+---------------+---------------+----------------+----------------+----------------+----------------+----------------+----------------+----------------+----------------+----------------+----------------+----------------+----------------+----------------+----------------+----------------+----------------+----------------+----------------+----------------+----------------+----------------+----------------+----------------+----------------+

+----------------------------------+---------+-----------------+---------------+----------------+--------------+
|               Event              | Counter |       Sum       |      Min      |       Max      |      Avg     |
+----------------------------------+---------+-----------------+---------------+----------------+--------------+
|       ACTUAL_CPU_CLOCK STAT      |  FIXC1  | 976233275460160 | 8017998514961 | 15197547035630 |      nil     |
|        MAX_CPU_CLOCK STAT        |  FIXC2  | 703043924417120 | 6205983686526 | 10760626508190 | 7.323374e+12 |
|     RETIRED_INSTRUCTIONS STAT    |   PMC0  | 843675694841144 | 8574278985782 | 11833609945164 | 8.788288e+12 |
|     CPU_CLOCKS_UNHALTED STAT     |   PMC1  | 898336953630731 | 7517663212949 | 12496489054342 | 9.357677e+12 |
|       L2_PF_HIT_IN_L3 STAT       |   PMC2  |    973967548361 |    7980200017 |    71814009788 | 1.014550e+10 |
|       L2_PF_MISS_IN_L3 STAT      |   PMC3  |   2951919247318 |   27227353101 |   217907585112 | 3.074916e+10 |
| L2_CACHE_MISS_AFTER_L1_MISS STAT |   PMC4  |   2033518922931 |   19554772784 |    29876093559 | 2.118249e+10 |
+----------------------------------+---------+-----------------+---------------+----------------+--------------+

+-------------------------+------------+------------+------------+------------+------------+------------+------------+------------+------------+------------+-------------+-------------+-------------+-------------+-------------+-------------+-------------+-------------+-------------+-------------+-------------+-------------+-------------+-------------+-------------+-------------+-------------+-------------+-------------+-------------+-------------+-------------+-------------+-------------+-------------+-------------+-------------+-------------+-------------+-------------+-------------+-------------+-------------+-------------+-------------+-------------+-------------+-------------+-------------+-------------+-------------+-------------+-------------+-------------+-------------+-------------+-------------+-------------+-------------+-------------+-------------+-------------+-------------+-------------+-------------+-------------+-------------+-------------+-------------+-------------+-------------+-------------+-------------+-------------+-------------+-------------+-------------+-------------+-------------+-------------+-------------+-------------+-------------+-------------+-------------+-------------+-------------+-------------+-------------+-------------+-------------+-------------+-------------+-------------+-------------+-------------+
|          Metric         | HWThread 0 | HWThread 1 | HWThread 2 | HWThread 3 | HWThread 4 | HWThread 5 | HWThread 6 | HWThread 7 | HWThread 8 | HWThread 9 | HWThread 10 | HWThread 11 | HWThread 12 | HWThread 13 | HWThread 14 | HWThread 15 | HWThread 16 | HWThread 17 | HWThread 18 | HWThread 19 | HWThread 20 | HWThread 21 | HWThread 22 | HWThread 23 | HWThread 24 | HWThread 25 | HWThread 26 | HWThread 27 | HWThread 28 | HWThread 29 | HWThread 30 | HWThread 31 | HWThread 32 | HWThread 33 | HWThread 34 | HWThread 35 | HWThread 36 | HWThread 37 | HWThread 38 | HWThread 39 | HWThread 40 | HWThread 41 | HWThread 42 | HWThread 43 | HWThread 44 | HWThread 45 | HWThread 46 | HWThread 47 | HWThread 48 | HWThread 49 | HWThread 50 | HWThread 51 | HWThread 52 | HWThread 53 | HWThread 54 | HWThread 55 | HWThread 56 | HWThread 57 | HWThread 58 | HWThread 59 | HWThread 60 | HWThread 61 | HWThread 62 | HWThread 63 | HWThread 64 | HWThread 65 | HWThread 66 | HWThread 67 | HWThread 68 | HWThread 69 | HWThread 70 | HWThread 71 | HWThread 72 | HWThread 73 | HWThread 74 | HWThread 75 | HWThread 76 | HWThread 77 | HWThread 78 | HWThread 79 | HWThread 80 | HWThread 81 | HWThread 82 | HWThread 83 | HWThread 84 | HWThread 85 | HWThread 86 | HWThread 87 | HWThread 88 | HWThread 89 | HWThread 90 | HWThread 91 | HWThread 92 | HWThread 93 | HWThread 94 | HWThread 95 |
+-------------------------+------------+------------+------------+------------+------------+------------+------------+------------+------------+------------+-------------+-------------+-------------+-------------+-------------+-------------+-------------+-------------+-------------+-------------+-------------+-------------+-------------+-------------+-------------+-------------+-------------+-------------+-------------+-------------+-------------+-------------+-------------+-------------+-------------+-------------+-------------+-------------+-------------+-------------+-------------+-------------+-------------+-------------+-------------+-------------+-------------+-------------+-------------+-------------+-------------+-------------+-------------+-------------+-------------+-------------+-------------+-------------+-------------+-------------+-------------+-------------+-------------+-------------+-------------+-------------+-------------+-------------+-------------+-------------+-------------+-------------+-------------+-------------+-------------+-------------+-------------+-------------+-------------+-------------+-------------+-------------+-------------+-------------+-------------+-------------+-------------+-------------+-------------+-------------+-------------+-------------+-------------+-------------+-------------+-------------+
|   Runtime (RDTSC) [s]   |  4138.2564 |  4138.2564 |  4138.2564 |  4138.2564 |  4138.2564 |  4138.2564 |  4138.2564 |  4138.2564 |  4138.2564 |  4138.2564 |   4138.2564 |   4138.2564 |   4138.2564 |   4138.2564 |   4138.2564 |   4138.2564 |   4138.2564 |   4138.2564 |   4138.2564 |   4138.2564 |   4138.2564 |   4138.2564 |   4138.2564 |   4138.2564 |   4138.2564 |   4138.2564 |   4138.2564 |   4138.2564 |   4138.2564 |   4138.2564 |   4138.2564 |   4138.2564 |   4138.2564 |   4138.2564 |   4138.2564 |   4138.2564 |   4138.2564 |   4138.2564 |   4138.2564 |   4138.2564 |   4138.2564 |   4138.2564 |   4138.2564 |   4138.2564 |   4138.2564 |   4138.2564 |   4138.2564 |   4138.2564 |   4138.2564 |   4138.2564 |   4138.2564 |   4138.2564 |   4138.2564 |   4138.2564 |   4138.2564 |   4138.2564 |   4138.2564 |   4138.2564 |   4138.2564 |   4138.2564 |   4138.2564 |   4138.2564 |   4138.2564 |   4138.2564 |   4138.2564 |   4138.2564 |   4138.2564 |   4138.2564 |   4138.2564 |   4138.2564 |   4138.2564 |   4138.2564 |   4138.2564 |   4138.2564 |   4138.2564 |   4138.2564 |   4138.2564 |   4138.2564 |   4138.2564 |   4138.2564 |   4138.2564 |   4138.2564 |   4138.2564 |   4138.2564 |   4138.2564 |   4138.2564 |   4138.2564 |   4138.2564 |   4138.2564 |   4138.2564 |   4138.2564 |   4138.2564 |   4138.2564 |   4138.2564 |   4138.2564 |   4138.2564 |
|   Runtime unhalted [s]  |  5845.2129 |  4229.2311 |  4212.8961 |  4211.1893 |  4212.4675 |  4211.8507 |  4211.2923 |  4213.1626 |  4060.3420 |  4060.9949 |   3953.9251 |   3965.7034 |   4072.6130 |   4118.4252 |   4121.4447 |   4067.7241 |   4179.7771 |   4159.2976 |   4180.5955 |   4184.7876 |   4189.4875 |   4170.0618 |   4173.5069 |   4179.1686 |   4204.4438 |   4205.0005 |   4206.0933 |   4206.1133 |   4210.7057 |   4209.5444 |   4202.9068 |   4207.9691 |   4198.5231 |   4199.3917 |   4191.0230 |   4197.3088 |   4194.0369 |   4193.2132 |   4186.8181 |   4193.5131 |   4201.3285 |   4207.3301 |   4205.1072 |   4201.8562 |   4195.0707 |   4198.9751 |   4205.4982 |   4200.2413 |   3328.5062 |   3136.6602 |   3195.4600 |   3139.5127 |   3484.2449 |   3205.6719 |   3243.5734 |   3315.9187 |   3151.1086 |   3083.8469 |   3159.6421 |   3146.8629 |   3200.5753 |   3185.0065 |   3244.1509 |   3294.0508 |   3223.7913 |   3445.4848 |   3246.7375 |   3219.4995 |   3297.8902 |   3282.0161 |   3459.6077 |   3363.9447 |   4044.8932 |   4027.8398 |   4044.4523 |   4036.8810 |   4057.1457 |   4052.6467 |   4059.0595 |   4076.5898 |   3907.8448 |   3873.9763 |   3970.6932 |   3896.0020 |   3904.2187 |   3901.9106 |   3936.3561 |   3956.7019 |   3947.6457 |   3933.7140 |   3930.6830 |   3939.3043 |   3968.5481 |   3967.9418 |   3980.4177 |   3998.0945 |
|       Clock [MHz]       |  3672.0544 |  3631.6214 |  3652.7047 |  3653.5023 |  3652.8969 |  3652.9914 |  3652.5553 |  3653.2056 |  3636.8678 |  3628.2913 |   3600.4306 |   3600.6318 |   3630.4850 |   3641.2272 |   3644.2212 |   3629.7391 |   3654.5523 |   3647.7931 |   3655.0505 |   3656.2061 |   3655.1415 |   3654.2091 |   3654.1816 |   3658.5604 |   3653.8946 |   3653.6737 |   3653.5762 |   3653.8967 |   3653.0537 |   3653.0139 |   3653.7888 |   3652.9292 |   3658.2378 |   3657.8702 |   3659.3773 |   3658.2898 |   3659.3234 |   3659.6339 |   3661.0428 |   3660.0091 |   3655.4660 |   3654.5803 |   3654.8733 |   3656.0176 |   3656.6212 |   3656.2067 |   3654.8127 |   3656.3708 |   3528.4707 |   3391.0801 |   3426.0586 |   3389.1254 |   3568.7404 |   3446.0114 |   3463.9174 |   3510.3394 |   3396.4608 |   3359.1431 |   3408.4190 |   3393.7803 |   3432.3582 |   3419.8410 |   3464.0683 |   3490.5122 |   3449.8706 |   3547.8069 |   3462.4112 |   3445.9011 |   3492.0055 |   3484.3216 |   3564.1251 |   3525.4422 |   3654.4679 |   3654.7142 |   3655.2201 |   3655.6174 |   3655.9987 |   3654.3127 |   3657.0906 |   3656.8341 |   3651.3149 |   3653.3291 |   3653.2745 |   3655.2896 |   3656.2526 |   3653.8706 |   3655.5803 |   3654.7913 |   3649.5156 |   3649.9558 |   3649.1754 |   3648.9340 |   3650.1492 |   3649.5515 |   3650.9080 |   3650.2203 |
|           CPI           |     1.0560 |     1.1424 |     1.1451 |     1.1436 |     1.1426 |     1.1417 |     1.1430 |     1.1427 |     1.0967 |     1.0982 |      1.0717 |      1.0745 |      1.1005 |      1.1134 |      1.1149 |      1.1002 |      1.1341 |      1.1297 |      1.1371 |      1.1374 |      1.1370 |      1.1341 |      1.1343 |      1.1370 |      1.1445 |      1.1433 |      1.1461 |      1.1448 |      1.1453 |      1.1450 |      1.1433 |      1.1449 |      1.1419 |      1.1418 |      1.1422 |      1.1417 |      1.1411 |      1.1403 |      1.1392 |      1.1426 |      1.1446 |      1.1458 |      1.1448 |      1.1450 |      1.1441 |      1.1455 |      1.1457 |      1.1458 |      0.9167 |      0.8723 |      0.8884 |      0.8719 |      0.9627 |      0.8932 |      0.9009 |      0.9234 |      0.8749 |      0.8578 |      0.8784 |      0.8749 |      0.8896 |      0.8850 |      0.9020 |      0.9159 |      0.8985 |      0.9555 |      0.9046 |      0.8979 |      0.9180 |      0.9145 |      0.9596 |      0.9358 |      1.1063 |      1.1019 |      1.1071 |      1.1053 |      1.1098 |      1.1090 |      1.1105 |      1.1153 |      1.0712 |      1.0647 |      1.0863 |      1.0690 |      1.0731 |      1.0722 |      1.0792 |      1.0853 |      1.0836 |      1.0817 |      1.0812 |      1.0823 |      1.0879 |      1.0853 |      1.0924 |      1.1194 |
| L3 bandwidth [MBytes/s] |  4942.7222 |   923.0085 |   914.8598 |   919.7633 |   915.9813 |   915.5755 |   924.2939 |   932.1051 |   907.1563 |   893.1399 |    901.6261 |    899.2142 |    912.3756 |    902.6890 |    902.5772 |    897.1541 |    901.7659 |    898.4207 |    910.8837 |    912.5775 |    898.2026 |    883.2120 |    906.5044 |    901.3753 |    918.7623 |    913.9823 |    911.4820 |    920.4363 |    905.6203 |    926.7906 |    902.6064 |    909.9915 |    919.0297 |    920.1711 |    923.3110 |    918.2464 |    911.2699 |    941.0325 |    909.8540 |    912.3713 |    906.0384 |    914.5671 |    918.6204 |    911.8999 |    916.8055 |    933.9661 |    924.7877 |    924.0333 |    906.6647 |    902.7646 |    893.0173 |    904.3148 |    900.6927 |    890.5657 |    889.6189 |    905.8214 |    911.8070 |    909.6456 |    909.4815 |    911.7948 |    900.7067 |    924.0903 |    900.4981 |    904.1243 |    903.4498 |    917.6225 |    898.0203 |    896.4029 |    910.4853 |    900.9499 |    919.6687 |    913.4185 |    941.0711 |    932.9264 |    931.4855 |    936.2463 |    936.0116 |    942.2321 |    938.1168 |    934.1253 |    938.0728 |    953.6888 |    949.6602 |    928.3310 |    933.6638 |    950.9036 |    937.4705 |    946.3946 |    956.1339 |    946.8934 |    952.2767 |    960.0638 |    949.3529 |    966.4736 |    966.9447 |    877.8684 |
| L3 data volume [GBytes] | 20454.2521 |  3819.6459 |  3785.9246 |  3806.2162 |  3790.5654 |  3788.8860 |  3824.9652 |  3857.2898 |  3754.0454 |  3696.0421 |   3731.1598 |   3721.1791 |   3775.6440 |   3735.5587 |   3735.0959 |   3712.6539 |   3731.7387 |   3717.8952 |   3769.4703 |   3776.4795 |   3716.9929 |   3654.9577 |   3751.3476 |   3730.1222 |   3802.0741 |   3782.2930 |   3771.9461 |   3809.0013 |   3747.6892 |   3835.2973 |   3735.2166 |   3765.7780 |   3803.1807 |   3807.9038 |   3820.8976 |   3799.9391 |   3771.0684 |   3894.2337 |   3765.2091 |   3775.6264 |   3749.4192 |   3784.7132 |   3801.4869 |   3773.6757 |   3793.9765 |   3864.9912 |   3827.0088 |   3823.8868 |   3752.0109 |   3735.8712 |   3695.5344 |   3742.2866 |   3727.2972 |   3685.3894 |   3681.4713 |   3748.5214 |   3773.2914 |   3764.3469 |   3763.6676 |   3773.2405 |   3727.3552 |   3824.1226 |   3726.4921 |   3741.4980 |   3738.7071 |   3797.3571 |   3716.2384 |   3709.5449 |   3767.8216 |   3728.3616 |   3805.8251 |   3779.9601 |   3894.3935 |   3860.6885 |   3854.7259 |   3874.4275 |   3873.4561 |   3899.1982 |   3882.1680 |   3865.6500 |   3881.9858 |   3946.6088 |   3929.9374 |   3841.6717 |   3863.7403 |   3935.0829 |   3879.4933 |   3916.4235 |   3956.7272 |   3918.4875 |   3940.7653 |   3972.9901 |   3928.6658 |   3999.5154 |   4001.4651 |   3632.8446 |
+-------------------------+------------+------------+------------+------------+------------+------------+------------+------------+------------+------------+-------------+-------------+-------------+-------------+-------------+-------------+-------------+-------------+-------------+-------------+-------------+-------------+-------------+-------------+-------------+-------------+-------------+-------------+-------------+-------------+-------------+-------------+-------------+-------------+-------------+-------------+-------------+-------------+-------------+-------------+-------------+-------------+-------------+-------------+-------------+-------------+-------------+-------------+-------------+-------------+-------------+-------------+-------------+-------------+-------------+-------------+-------------+-------------+-------------+-------------+-------------+-------------+-------------+-------------+-------------+-------------+-------------+-------------+-------------+-------------+-------------+-------------+-------------+-------------+-------------+-------------+-------------+-------------+-------------+-------------+-------------+-------------+-------------+-------------+-------------+-------------+-------------+-------------+-------------+-------------+-------------+-------------+-------------+-------------+-------------+-------------+

+------------------------------+-------------+-----------+------------+-----------+
|            Metric            |     Sum     |    Min    |     Max    |    Avg    |
+------------------------------+-------------+-----------+------------+-----------+
|   Runtime (RDTSC) [s] STAT   | 397272.6144 | 4138.2564 |  4138.2564 | 4138.2564 |
|   Runtime unhalted [s] STAT  | 375474.4941 | 3083.8469 |  5845.2129 | 3911.1926 |
|       Clock [MHz] STAT       | 345952.2592 | 3359.1431 |  3672.0544 | 3603.6694 |
|           CPI STAT           |    102.2296 |    0.8578 |     1.1461 |    1.0649 |
| L3 bandwidth [MBytes/s] STAT |  92164.8942 |  877.8684 |  4942.7222 |  960.0510 |
| L3 data volume [GBytes] STAT | 381401.9659 | 3632.8446 | 20454.2521 | 3972.9371 |
+------------------------------+-------------+-----------+------------+-----------+

