INFO: You are running LIKWID in a cpuset with 112 CPUs. Taking given IDs as logical ID in cpuset
--------------------------------------------------------------------------------
CPU name:	AMD EPYC 9A14 96-Core Processor                
CPU type:	AMD K19 (Zen4) architecture
CPU clock:	2.60 GHz
--------------------------------------------------------------------------------
Use symmetry. Molecule point group: Dooh
Norb: 18   Ne: (8, 8)
Running RHF...
SCF not converged.
SCF energy = -149.453202296994
Running FCI ...
Guessing CI wfn symmetry = 0
Num symmetry allowed elements 239373732
tol 1e-10  toloose 1e-05
max_cycle 100  max_space 12  max_memory 746676  incore True
    CPU time for contract_2e   7158.28 sec, wall time     69.08 sec
davidson 0 1  |r|= 0.965  e= [-177.41918315]  max|de|= -177  lindep=    1
    CPU time for contract_2e   7055.51 sec, wall time     69.59 sec
davidson 1 2  |r|= 0.477  e= [-177.66345341]  max|de|= -0.244  lindep= 0.976
    CPU time for contract_2e   7183.44 sec, wall time     71.45 sec
davidson 2 3  |r|= 0.189  e= [-177.71009544]  max|de|= -0.0466  lindep= 0.997
    CPU time for contract_2e   7165.08 sec, wall time     72.07 sec
davidson 3 4  |r|= 0.0734  e= [-177.71605069]  max|de|= -0.00596  lindep= 0.98
    CPU time for contract_2e   7168.11 sec, wall time     72.92 sec
davidson 4 5  |r|= 0.0317  e= [-177.71693538]  max|de|= -0.000885  lindep= 0.96
    CPU time for contract_2e   7208.45 sec, wall time     74.25 sec
davidson 5 6  |r|= 0.0142  e= [-177.71710364]  max|de|= -0.000168  lindep= 0.93
    CPU time for contract_2e   7137.93 sec, wall time     74.29 sec
davidson 6 7  |r|= 0.00606  e= [-177.71713434]  max|de|= -3.07e-05  lindep= 0.918
    CPU time for contract_2e   7258.97 sec, wall time     76.31 sec
davidson 7 8  |r|= 0.00244  e= [-177.71713934]  max|de|= -5e-06  lindep= 0.932
    CPU time for contract_2e   7189.91 sec, wall time     76.61 sec
davidson 8 9  |r|= 0.000953  e= [-177.71714013]  max|de|= -7.84e-07  lindep= 0.926
    CPU time for contract_2e   7266.78 sec, wall time     78.28 sec
davidson 9 10  |r|= 0.000379  e= [-177.71714025]  max|de|= -1.21e-07  lindep= 0.919
    CPU time for contract_2e   7281.26 sec, wall time     79.16 sec
davidson 10 11  |r|= 0.000155  e= [-177.71714027]  max|de|= -1.73e-08  lindep= 0.942
    CPU time for contract_2e   7259.29 sec, wall time     79.83 sec
davidson 11 12  |r|= 6.24e-05  e= [-177.71714027]  max|de|= -2.81e-09  lindep= 0.939
    CPU time for contract_2e   7306.53 sec, wall time     81.59 sec
davidson 12 1  |r|= 6.24e-05  e= [-177.71714027]  max|de|= 1.29e-11  lindep=    1
    CPU time for contract_2e   7258.45 sec, wall time     71.32 sec
davidson 13 2  |r|= 2.68e-05  e= [-177.71714027]  max|de|= -3.93e-10  lindep= 0.988
    CPU time for contract_2e   7286.59 sec, wall time     72.41 sec
davidson 14 3  |r|= 1.29e-05  e= [-177.71714027]  max|de|= -1.22e-10  lindep= 0.879
    CPU time for contract_2e   7314.72 sec, wall time     73.54 sec
root 0 converged  |r|= 5.47e-06  e= -177.71714027031774  max|de|= -2.3e-11
converged 15 4  |r|= 5.47e-06  e= [-177.71714027]  max|de|= -2.3e-11
--------------------------------------------------------------------------------
Group 1: L3
+-----------------------------+---------+---------------+---------------+---------------+---------------+---------------+---------------+---------------+---------------+---------------+---------------+---------------+---------------+---------------+---------------+---------------+---------------+---------------+---------------+---------------+---------------+---------------+---------------+---------------+---------------+---------------+---------------+---------------+---------------+---------------+---------------+---------------+---------------+---------------+---------------+---------------+---------------+---------------+---------------+---------------+---------------+---------------+---------------+---------------+---------------+---------------+---------------+---------------+---------------+---------------+---------------+---------------+---------------+---------------+---------------+---------------+---------------+---------------+---------------+---------------+---------------+---------------+---------------+---------------+---------------+---------------+---------------+---------------+---------------+---------------+---------------+---------------+---------------+---------------+---------------+---------------+---------------+---------------+---------------+---------------+---------------+---------------+---------------+---------------+---------------+---------------+---------------+---------------+---------------+---------------+---------------+---------------+---------------+---------------+---------------+---------------+---------------+---------------+---------------+---------------+---------------+---------------+---------------+---------------+---------------+---------------+---------------+---------------+---------------+---------------+---------------+---------------+---------------+
|            Event            | Counter |   HWThread 0  |   HWThread 1  |   HWThread 2  |   HWThread 3  |   HWThread 4  |   HWThread 5  |   HWThread 6  |   HWThread 7  |   HWThread 8  |   HWThread 9  |  HWThread 10  |  HWThread 11  |  HWThread 12  |  HWThread 13  |  HWThread 14  |  HWThread 15  |  HWThread 16  |  HWThread 17  |  HWThread 18  |  HWThread 19  |  HWThread 20  |  HWThread 21  |  HWThread 22  |  HWThread 23  |  HWThread 24  |  HWThread 25  |  HWThread 26  |  HWThread 27  |  HWThread 28  |  HWThread 29  |  HWThread 30  |  HWThread 31  |  HWThread 32  |  HWThread 33  |  HWThread 34  |  HWThread 35  |  HWThread 36  |  HWThread 37  |  HWThread 38  |  HWThread 39  |  HWThread 40  |  HWThread 41  |  HWThread 42  |  HWThread 43  |  HWThread 44  |  HWThread 45  |  HWThread 46  |  HWThread 47  |  HWThread 48  |  HWThread 49  |  HWThread 50  |  HWThread 51  |  HWThread 52  |  HWThread 53  |  HWThread 54  |  HWThread 55  |  HWThread 56  |  HWThread 57  |  HWThread 58  |  HWThread 59  |  HWThread 60  |  HWThread 61  |  HWThread 62  |  HWThread 63  |  HWThread 64  |  HWThread 65  |  HWThread 66  |  HWThread 67  |  HWThread 68  |  HWThread 69  |  HWThread 70  |  HWThread 71  |  HWThread 72  |  HWThread 73  |  HWThread 74  |  HWThread 75  |  HWThread 76  |  HWThread 77  |  HWThread 78  |  HWThread 79  |  HWThread 80  |  HWThread 81  |  HWThread 82  |  HWThread 83  |  HWThread 84  |  HWThread 85  |  HWThread 86  |  HWThread 87  |  HWThread 88  |  HWThread 89  |  HWThread 90  |  HWThread 91  |  HWThread 92  |  HWThread 93  |  HWThread 94  |  HWThread 95  |  HWThread 96  |  HWThread 97  |  HWThread 98  |  HWThread 99  |  HWThread 100 |  HWThread 101 |  HWThread 102 |  HWThread 103 |  HWThread 104 |  HWThread 105 |  HWThread 106 |  HWThread 107 |  HWThread 108 |  HWThread 109 |  HWThread 110 |  HWThread 111 |
+-----------------------------+---------+---------------+---------------+---------------+---------------+---------------+---------------+---------------+---------------+---------------+---------------+---------------+---------------+---------------+---------------+---------------+---------------+---------------+---------------+---------------+---------------+---------------+---------------+---------------+---------------+---------------+---------------+---------------+---------------+---------------+---------------+---------------+---------------+---------------+---------------+---------------+---------------+---------------+---------------+---------------+---------------+---------------+---------------+---------------+---------------+---------------+---------------+---------------+---------------+---------------+---------------+---------------+---------------+---------------+---------------+---------------+---------------+---------------+---------------+---------------+---------------+---------------+---------------+---------------+---------------+---------------+---------------+---------------+---------------+---------------+---------------+---------------+---------------+---------------+---------------+---------------+---------------+---------------+---------------+---------------+---------------+---------------+---------------+---------------+---------------+---------------+---------------+---------------+---------------+---------------+---------------+---------------+---------------+---------------+---------------+---------------+---------------+---------------+---------------+---------------+---------------+---------------+---------------+---------------+---------------+---------------+---------------+---------------+---------------+---------------+---------------+---------------+---------------+
|       ACTUAL_CPU_CLOCK      |  FIXC1  | 4721051069945 | 4088596438733 | 4088338630653 | 4088263593341 | 4087551399864 | 4084767468523 | 4080903953205 | 4087534008025 | 3866424526591 | 3712768646903 | 3657689157743 | 3729457483678 | 3644841741359 | 3739873208683 | 3636558119767 | 3593718795827 | 4068831205557 | 4076996136374 | 4085005833328 | 4075206006899 | 4065083586606 | 4081583080365 | 4083487690042 | 4084292383494 | 4066678404951 | 4071100522497 | 4066756531794 | 4074850055291 | 4071651189873 | 4071635896675 | 4076707631083 | 4076079747782 | 3810694325280 | 3824685301907 | 3889957939945 | 3873154956392 | 3932432332851 | 3889450276011 | 3969703684823 | 3960536532421 | 4050910576610 | 4055217428802 | 4064318534154 | 4070060177931 | 4051896482129 | 4064998175268 | 4047088975536 | 4064579795994 | 3376063123993 | 3356026253738 | 3367075236205 | 3380185443054 | 3368010451855 | 3384368142638 | 3426093588398 | 3434018886999 | 2782263396483 | 2838677547572 | 2821582261671 | 2750391824955 | 2842497543288 | 2877184791278 | 2850743375201 | 2907821468968 | 3425205392927 | 3410157877060 | 3412503070948 | 3432482769848 | 3436525666075 | 3460211023519 | 3488695836063 | 3517238745581 | 4043534393833 | 4035041686990 | 4024014047945 | 4039600368643 | 4033602412273 | 4033037741274 | 4038838093170 | 4047438220925 | 3808282189662 | 3821489695649 | 3794946519970 | 3864067311490 | 3853064277221 | 3870101015709 | 3888465575126 | 3921793844534 | 3957884036327 | 3957332709567 | 3945161013675 | 3963876185194 | 3963271888341 | 4033127693177 | 3990286986567 | 3977212180985 | 4042741239659 | 4042616639679 | 4042408714618 | 4042510533247 | 4043766813377 | 4042639516448 | 4042599624471 | 4042574351074 | 4042485922897 | 4042303951773 | 4044641271268 | 4048580119854 | 4058944974123 | 4048369849624 | 4016424473153 | 4006860112415 |
|        MAX_CPU_CLOCK        |  FIXC2  | 3319942369016 | 2901630522908 | 2890898513646 | 2890878581266 | 2890588154818 | 2887676182820 | 2883428296450 | 2890538676922 | 2733315573586 | 2627211890420 | 2589409849754 | 2638957998482 | 2579202016768 | 2645168597500 | 2573726503400 | 2542713072822 | 2872190790040 | 2880675229588 | 2889594161584 | 2879641531442 | 2868368293752 | 2886542518028 | 2888099296524 | 2888489505174 | 2869349963610 | 2874758560804 | 2869996535146 | 2878406284208 | 2875203898996 | 2874379571700 | 2880259789550 | 2879504452058 | 2690122509776 | 2703423608132 | 2745930442190 | 2734086195412 | 2776552380758 | 2747714721128 | 2802132032700 | 2797557350328 | 2853875246482 | 2858395044960 | 2867373519296 | 2873297061856 | 2854758577372 | 2867870324878 | 2850089799596 | 2867591177204 | 2388342358532 | 2373644656162 | 2385834569118 | 2394974674066 | 2386370372178 | 2397028247848 | 2427231975090 | 2431942079294 | 1972528854946 | 2009563272990 | 1996476132612 | 1942775776682 | 2007068548862 | 2035135153038 | 2015104269984 | 2049067063940 | 2420961616684 | 2407200205358 | 2408924371724 | 2428176263448 | 2428256423840 | 2446997463872 | 2463305958672 | 2488415868224 | 2853510186852 | 2844667581054 | 2834914600102 | 2849245887358 | 2841466975958 | 2842102689504 | 2845123122348 | 2853808438156 | 2686297642210 | 2696078760180 | 2676519934140 | 2726327484296 | 2712643069500 | 2728690804138 | 2739736241372 | 2762874842416 | 2789536349704 | 2790346788970 | 2784486040804 | 2797587705614 | 2797926574872 | 2843191801164 | 2815853568164 | 2801081083554 | 2844406285422 | 2844161090290 | 2843648049424 | 2843621921114 | 2845211387174 | 2843722822746 | 2843546380168 | 2843530497782 | 2843558790436 | 2843358695034 | 2845765789152 | 2849804579518 | 2860858452530 | 2849727348364 | 2827577632958 | 2824147998438 |
|     RETIRED_INSTRUCTIONS    |   PMC0  | 1389429903267 |  782444357132 |  782664863238 |  782082558133 |  782315549541 |  782362218370 |  780308845669 |  780067411086 |  831972779056 |  834192787559 |  836923072778 |  836367892697 |  838591927278 |  836578076700 |  838798326295 |  838887573223 |  786379397376 |  786743429770 |  787714516355 |  786203863476 |  784952912663 |  786137731313 |  783989636621 |  783237257406 |  779518866050 |  779339106532 |  779736954424 |  779716832883 |  779509425056 |  779796078398 |  778226208612 |  777924716775 |  827997032124 |  829608166649 |  822910428395 |  826242852866 |  821429649019 |  825108404671 |  817732654749 |  818476346349 |  780568244258 |  780550046854 |  780678344582 |  780361258756 |  779559694260 |  779850503063 |  777949503695 |  778005197275 |  834553945417 |  835086234027 |  835608027538 |  835467424977 |  835319315320 |  835291172659 |  835366717845 |  835123007948 |  855444602176 |  855930712696 |  855813817371 |  855144329231 |  855202023553 |  855516331703 |  855231648457 |  854805278271 |  833786219442 |  833972699557 |  834058535798 |  831720039320 |  833996924427 |  834620426099 |  834170021427 |  834314151728 |  825919476271 |  826432013623 |  827363148854 |  826225527679 |  825546275744 |  826961253727 |  822991305282 |  821984262648 |  858250186400 |  859518338138 |  859632241579 |  858988287968 |  857783516550 |  858628217286 |  857776487239 |  856765095705 |  831518664077 |  831771318577 |  832688913149 |  832304734507 |  827752159233 |  818560289219 |  826279953938 |  825396538088 |  777927588928 |  778848705409 |  778182745654 |  778229809194 |  779571010898 |  784349191414 |  784750918496 |  784389890278 |  793047065514 |  793856645686 |  793723798761 |  792976218646 |  792778942883 |  790536652346 |  731180709500 |  677701253927 |
|     CPU_CLOCKS_UNHALTED     |   PMC1  | 4194826980746 | 3745391490718 | 3751639878242 | 3746058173514 | 3743863948190 | 3744533844312 | 3744066162930 | 3747043920822 | 3568398636278 | 3448059200344 | 3404840880768 | 3471006452815 | 3401702431559 | 3482964791897 | 3394956577171 | 3362598280823 | 3737031009094 | 3744023508098 | 3749516402682 | 3742813074692 | 3736315022846 | 3744618291483 | 3737638070422 | 3740747775732 | 3739037530312 | 3738576985847 | 3741804858783 | 3737441238768 | 3737773537420 | 3740289846388 | 3738129298428 | 3740206169139 | 3544277192181 | 3553122832152 | 3611878135500 | 3597101860541 | 3635586143452 | 3603409083312 | 3661289939753 | 3652021137647 | 3740471219137 | 3742015794757 | 3748721768795 | 3744066396399 | 3736602784210 | 3744521881086 | 3733519412755 | 3740114921480 | 3188443628016 | 3185436516390 | 3189976085658 | 3198773436503 | 3188246524695 | 3204680338441 | 3237681503286 | 3244341796108 | 2678663564500 | 2733396584770 | 2721798155363 | 2665220623209 | 2744403609038 | 2767982038768 | 2746814842412 | 2801836811074 | 3257246436154 | 3247289291331 | 3255672989300 | 3262633031339 | 3266862523267 | 3286414010997 | 3308791475207 | 3329080192798 | 3768729036664 | 3764823051152 | 3764405308786 | 3768514096935 | 3765335566438 | 3761870970453 | 3767990478549 | 3772255048835 | 3551301169180 | 3563743056418 | 3547029522048 | 3600642301991 | 3600444270561 | 3609628080255 | 3626436073492 | 3654611971717 | 3714995352604 | 3713000744149 | 3701099389653 | 3711837029905 | 3714760755235 | 3742269382245 | 3733603112297 | 3732353708377 | 3809509360879 | 3808501523145 | 3816500352477 | 3815396595355 | 3812642928854 | 3810681265008 | 3809816501157 | 3812597378803 | 3810300271432 | 3807371906811 | 3811010108169 | 3805427084596 | 3813659838115 | 3807755876007 | 3769332199119 | 3747390174881 |
|       L2_PF_HIT_IN_L3       |   PMC2  |   13490291721 |    2492717207 |    2560570861 |    2570786261 |    2622413859 |    2598097632 |    2677333760 |    2509936033 |    2625057816 |    2664711806 |    2668522151 |    2599067819 |    2639707205 |    2639789801 |    2666705660 |    2588391285 |    2609073479 |    2706801899 |    2689852605 |    2686155647 |    2667484950 |    2655580233 |    2665591642 |    2628449209 |    2544611993 |    2634881868 |    2656991442 |    2651571810 |    2597343936 |    2595541500 |    2602467065 |    2538591258 |    2409229931 |    2478843402 |    2490111653 |    2471999456 |    2510237776 |    2507698560 |    2507132284 |    2492993587 |    2431660392 |    2575167776 |    2581117919 |    2661897107 |    2590889288 |    2671748165 |    2615182603 |    2594752248 |    2113906192 |    2426109949 |    2480806606 |    2472607205 |    2547307783 |    2510920915 |    2543066924 |    2446116848 |    2547665615 |    2554878538 |    2618408024 |    2638268199 |    2659062163 |    2632091902 |    2615029842 |    2489779812 |    2520219215 |    2529899786 |    2515426631 |    2417707884 |    2534273039 |    2522816006 |    2546595142 |    2375673225 |    2474655827 |    2464915147 |    2542984900 |    2466880762 |    2550806169 |    2487157354 |    2492119275 |    2295092606 |    2536971468 |    2582560126 |    2631947534 |    2582296263 |    2649721228 |    2601572087 |    2668952893 |    2535379213 |    2358189626 |    2378969050 |    2474400980 |    2434660145 |    2462242985 |    2482547712 |    2498802155 |    2512715101 |    2886597396 |    2822465463 |    2952779648 |    2886606234 |    2928523445 |    2823522350 |    2931186484 |    2799314716 |    2940786306 |    2964669833 |    3010116510 |    2990562926 |    3045022705 |    2966325917 |    2926552750 |    1766105131 |
|       L2_PF_MISS_IN_L3      |   PMC3  |   37910785476 |    5814692143 |    5848070593 |    5762229398 |    5756061089 |    5693414039 |    5651930292 |    5779572733 |    5652399922 |    5484398442 |    5508696223 |    5563963751 |    5514901550 |    5513857913 |    5517059780 |    5491714258 |    5613910744 |    5513287255 |    5640617013 |    5536448852 |    5543224725 |    5592959021 |    5640619770 |    5678739917 |    5707465559 |    5609584235 |    5567400762 |    5604740388 |    5666544076 |    5626639724 |    5678433173 |    5738197323 |    5687046186 |    5659065157 |    5509333867 |    5695118600 |    5764777718 |    5815455350 |    5852626119 |    5813817357 |    5857728931 |    5751619874 |    5809585286 |    5770569277 |    5800509328 |    5784031080 |    5782841929 |    5875933189 |    6320559956 |    5982316017 |    5994804967 |    5974940525 |    5961956079 |    6021979109 |    6036609804 |    6080858901 |    6260935953 |    6229149279 |    6233060981 |    6104439208 |    6206354689 |    6224320177 |    6259651233 |    6356846234 |    6144815692 |    6108752390 |    6190564937 |    6008226002 |    6155123455 |    6220742773 |    6152417104 |    6311912335 |    6218034728 |    6155516804 |    6141795011 |    6161743772 |    6149020314 |    6168265493 |    6244956689 |    6337254500 |    6495550406 |    6467561901 |    6468689955 |    6456094353 |    6399311177 |    6453393763 |    6484352399 |    6516965353 |    6463677315 |    6422161580 |    6428734577 |    6391929122 |    6419405159 |    6379456298 |    6450406572 |    6310607423 |    7376746268 |    7273481985 |    7255125529 |    7234335982 |    7202279965 |    6955094617 |    6932174148 |    7008011846 |    7051363691 |    6951264118 |    6971777389 |    7005388054 |    7017366363 |    6968978543 |    6394403858 |    5764722343 |
| L2_CACHE_MISS_AFTER_L1_MISS |   PMC4  |    7825256934 |    5345906427 |    5278764197 |    5283534900 |    5298402186 |    5277917311 |    5294317630 |    5282224500 |    5442351815 |    5418858784 |    5342534526 |    5366424566 |    5270055341 |    5333401790 |    5249327811 |    5235261954 |    5326805582 |    5287024729 |    5261782843 |    5237933036 |    5247525857 |    5260539023 |    5243060108 |    5299765925 |    5339782581 |    5382437888 |    5306279865 |    5284312124 |    5317275214 |    5320700743 |    5276246797 |    5304403565 |    5403702373 |    5342852976 |    5619238933 |    5347410018 |    5420056011 |    5375757415 |    5440059882 |    5449405788 |    5287741388 |    5248762467 |    5314440934 |    5258812623 |    5311105366 |    5311039976 |    5301024854 |    5356072701 |    5299554383 |    5265686183 |    5230634506 |    5286564261 |    5191710324 |    5280150863 |    5342145689 |    5300270616 |    5052209567 |    5099764637 |    5061252542 |    4991307588 |    5077836468 |    5107823949 |    5063668358 |    5110269312 |    5278528391 |    5115924426 |    5319167569 |    5526932101 |    5239429322 |    5286925594 |    5293841568 |    5347967723 |    5601273745 |    5520673833 |    5592859115 |    5497858238 |    5553551139 |    5561558927 |    5596206923 |    5563289992 |    5336991566 |    5255092273 |    5293238789 |    5329508769 |    5383535809 |    5338008898 |    5363717740 |    5395797768 |    5703825426 |    5651852865 |    5620891439 |    5679777396 |    5714320982 |    5702797277 |    5689647139 |    5735456141 |    4579291335 |    4646678814 |    4667087720 |    4679586148 |    4731691393 |    5191496806 |    5187559957 |    5169907794 |    4922025393 |    4921665151 |    4959938255 |    4993024019 |    4936699478 |    5019481286 |    4380150618 |    3843360814 |
+-----------------------------+---------+---------------+---------------+---------------+---------------+---------------+---------------+---------------+---------------+---------------+---------------+---------------+---------------+---------------+---------------+---------------+---------------+---------------+---------------+---------------+---------------+---------------+---------------+---------------+---------------+---------------+---------------+---------------+---------------+---------------+---------------+---------------+---------------+---------------+---------------+---------------+---------------+---------------+---------------+---------------+---------------+---------------+---------------+---------------+---------------+---------------+---------------+---------------+---------------+---------------+---------------+---------------+---------------+---------------+---------------+---------------+---------------+---------------+---------------+---------------+---------------+---------------+---------------+---------------+---------------+---------------+---------------+---------------+---------------+---------------+---------------+---------------+---------------+---------------+---------------+---------------+---------------+---------------+---------------+---------------+---------------+---------------+---------------+---------------+---------------+---------------+---------------+---------------+---------------+---------------+---------------+---------------+---------------+---------------+---------------+---------------+---------------+---------------+---------------+---------------+---------------+---------------+---------------+---------------+---------------+---------------+---------------+---------------+---------------+---------------+---------------+---------------+---------------+

+----------------------------------+---------+-----------------+---------------+---------------+--------------+
|               Event              | Counter |       Sum       |      Min      |      Max      |      Avg     |
+----------------------------------+---------+-----------------+---------------+---------------+--------------+
|       ACTUAL_CPU_CLOCK STAT      |  FIXC1  | 428625931555749 | 2750391824955 | 4721051069945 | 3.827017e+12 |
|        MAX_CPU_CLOCK STAT        |  FIXC2  | 302547509244994 | 1942775776682 | 3319942369016 | 2.701317e+12 |
|     RETIRED_INSTRUCTIONS STAT    |   PMC0  |  91604776363299 |  677701253927 | 1389429903267 | 8.178998e+11 |
|     CPU_CLOCKS_UNHALTED STAT     |   PMC1  | 399817893625791 | 2665220623209 | 4194826980746 | 3.569803e+12 |
|       L2_PF_HIT_IN_L3 STAT       |   PMC2  |    301402069425 |    1766105131 |   13490291721 | 2.691090e+09 |
|       L2_PF_MISS_IN_L3 STAT      |   PMC3  |    716141356550 |    5484398442 |   37910785476 | 6.394119e+09 |
| L2_CACHE_MISS_AFTER_L1_MISS STAT |   PMC4  |    592708843367 |    3843360814 |    7825256934 | 5.292043e+09 |
+----------------------------------+---------+-----------------+---------------+---------------+--------------+

+-------------------------+------------+------------+------------+------------+------------+------------+------------+------------+------------+------------+-------------+-------------+-------------+-------------+-------------+-------------+-------------+-------------+-------------+-------------+-------------+-------------+-------------+-------------+-------------+-------------+-------------+-------------+-------------+-------------+-------------+-------------+-------------+-------------+-------------+-------------+-------------+-------------+-------------+-------------+-------------+-------------+-------------+-------------+-------------+-------------+-------------+-------------+-------------+-------------+-------------+-------------+-------------+-------------+-------------+-------------+-------------+-------------+-------------+-------------+-------------+-------------+-------------+-------------+-------------+-------------+-------------+-------------+-------------+-------------+-------------+-------------+-------------+-------------+-------------+-------------+-------------+-------------+-------------+-------------+-------------+-------------+-------------+-------------+-------------+-------------+-------------+-------------+-------------+-------------+-------------+-------------+-------------+-------------+-------------+-------------+-------------+-------------+-------------+-------------+--------------+--------------+--------------+--------------+--------------+--------------+--------------+--------------+--------------+--------------+--------------+--------------+
|          Metric         | HWThread 0 | HWThread 1 | HWThread 2 | HWThread 3 | HWThread 4 | HWThread 5 | HWThread 6 | HWThread 7 | HWThread 8 | HWThread 9 | HWThread 10 | HWThread 11 | HWThread 12 | HWThread 13 | HWThread 14 | HWThread 15 | HWThread 16 | HWThread 17 | HWThread 18 | HWThread 19 | HWThread 20 | HWThread 21 | HWThread 22 | HWThread 23 | HWThread 24 | HWThread 25 | HWThread 26 | HWThread 27 | HWThread 28 | HWThread 29 | HWThread 30 | HWThread 31 | HWThread 32 | HWThread 33 | HWThread 34 | HWThread 35 | HWThread 36 | HWThread 37 | HWThread 38 | HWThread 39 | HWThread 40 | HWThread 41 | HWThread 42 | HWThread 43 | HWThread 44 | HWThread 45 | HWThread 46 | HWThread 47 | HWThread 48 | HWThread 49 | HWThread 50 | HWThread 51 | HWThread 52 | HWThread 53 | HWThread 54 | HWThread 55 | HWThread 56 | HWThread 57 | HWThread 58 | HWThread 59 | HWThread 60 | HWThread 61 | HWThread 62 | HWThread 63 | HWThread 64 | HWThread 65 | HWThread 66 | HWThread 67 | HWThread 68 | HWThread 69 | HWThread 70 | HWThread 71 | HWThread 72 | HWThread 73 | HWThread 74 | HWThread 75 | HWThread 76 | HWThread 77 | HWThread 78 | HWThread 79 | HWThread 80 | HWThread 81 | HWThread 82 | HWThread 83 | HWThread 84 | HWThread 85 | HWThread 86 | HWThread 87 | HWThread 88 | HWThread 89 | HWThread 90 | HWThread 91 | HWThread 92 | HWThread 93 | HWThread 94 | HWThread 95 | HWThread 96 | HWThread 97 | HWThread 98 | HWThread 99 | HWThread 100 | HWThread 101 | HWThread 102 | HWThread 103 | HWThread 104 | HWThread 105 | HWThread 106 | HWThread 107 | HWThread 108 | HWThread 109 | HWThread 110 | HWThread 111 |
+-------------------------+------------+------------+------------+------------+------------+------------+------------+------------+------------+------------+-------------+-------------+-------------+-------------+-------------+-------------+-------------+-------------+-------------+-------------+-------------+-------------+-------------+-------------+-------------+-------------+-------------+-------------+-------------+-------------+-------------+-------------+-------------+-------------+-------------+-------------+-------------+-------------+-------------+-------------+-------------+-------------+-------------+-------------+-------------+-------------+-------------+-------------+-------------+-------------+-------------+-------------+-------------+-------------+-------------+-------------+-------------+-------------+-------------+-------------+-------------+-------------+-------------+-------------+-------------+-------------+-------------+-------------+-------------+-------------+-------------+-------------+-------------+-------------+-------------+-------------+-------------+-------------+-------------+-------------+-------------+-------------+-------------+-------------+-------------+-------------+-------------+-------------+-------------+-------------+-------------+-------------+-------------+-------------+-------------+-------------+-------------+-------------+-------------+-------------+--------------+--------------+--------------+--------------+--------------+--------------+--------------+--------------+--------------+--------------+--------------+--------------+
|   Runtime (RDTSC) [s]   |  1277.3989 |  1277.3989 |  1277.3989 |  1277.3989 |  1277.3989 |  1277.3989 |  1277.3989 |  1277.3989 |  1277.3989 |  1277.3989 |   1277.3989 |   1277.3989 |   1277.3989 |   1277.3989 |   1277.3989 |   1277.3989 |   1277.3989 |   1277.3989 |   1277.3989 |   1277.3989 |   1277.3989 |   1277.3989 |   1277.3989 |   1277.3989 |   1277.3989 |   1277.3989 |   1277.3989 |   1277.3989 |   1277.3989 |   1277.3989 |   1277.3989 |   1277.3989 |   1277.3989 |   1277.3989 |   1277.3989 |   1277.3989 |   1277.3989 |   1277.3989 |   1277.3989 |   1277.3989 |   1277.3989 |   1277.3989 |   1277.3989 |   1277.3989 |   1277.3989 |   1277.3989 |   1277.3989 |   1277.3989 |   1277.3989 |   1277.3989 |   1277.3989 |   1277.3989 |   1277.3989 |   1277.3989 |   1277.3989 |   1277.3989 |   1277.3989 |   1277.3989 |   1277.3989 |   1277.3989 |   1277.3989 |   1277.3989 |   1277.3989 |   1277.3989 |   1277.3989 |   1277.3989 |   1277.3989 |   1277.3989 |   1277.3989 |   1277.3989 |   1277.3989 |   1277.3989 |   1277.3989 |   1277.3989 |   1277.3989 |   1277.3989 |   1277.3989 |   1277.3989 |   1277.3989 |   1277.3989 |   1277.3989 |   1277.3989 |   1277.3989 |   1277.3989 |   1277.3989 |   1277.3989 |   1277.3989 |   1277.3989 |   1277.3989 |   1277.3989 |   1277.3989 |   1277.3989 |   1277.3989 |   1277.3989 |   1277.3989 |   1277.3989 |   1277.3989 |   1277.3989 |   1277.3989 |   1277.3989 |    1277.3989 |    1277.3989 |    1277.3989 |    1277.3989 |    1277.3989 |    1277.3989 |    1277.3989 |    1277.3989 |    1277.3989 |    1277.3989 |    1277.3989 |    1277.3989 |
|   Runtime unhalted [s]  |  1815.7915 |  1572.5393 |  1572.4402 |  1572.4113 |  1572.1374 |  1571.0666 |  1569.5807 |  1572.1307 |  1487.0885 |  1427.9900 |   1406.8055 |   1434.4088 |   1401.8642 |   1438.4148 |   1398.6782 |   1382.2015 |   1564.9373 |   1568.0777 |   1571.1583 |   1567.3892 |   1563.4959 |   1569.8419 |   1570.5744 |   1570.8839 |   1564.1093 |   1565.8101 |   1564.1393 |   1567.2522 |   1566.0219 |   1566.0160 |   1567.9667 |   1567.7252 |   1465.6537 |   1471.0349 |   1496.1398 |   1489.6771 |   1512.4761 |   1495.9445 |   1526.8113 |   1523.2854 |   1558.0447 |   1559.7012 |   1563.2017 |   1565.4100 |   1558.4239 |   1563.4631 |   1556.5749 |   1563.3021 |   1298.4877 |   1290.7812 |   1295.0308 |   1300.0732 |   1295.3905 |   1301.6819 |   1317.7302 |   1320.7784 |   1070.1028 |   1091.8006 |   1085.2255 |   1057.8445 |   1093.2698 |   1106.6111 |   1096.4413 |   1118.3945 |   1317.3886 |   1311.6010 |   1312.5030 |   1320.1876 |   1321.7425 |   1330.8523 |   1341.8080 |   1352.7861 |   1555.2077 |   1551.9413 |   1547.6999 |   1553.6947 |   1551.3877 |   1551.1706 |   1553.4015 |   1556.7092 |   1464.7260 |   1469.8058 |   1459.5969 |   1486.1818 |   1481.9499 |   1488.5025 |   1495.5658 |   1508.3844 |   1522.2653 |   1522.0532 |   1517.3718 |   1524.5699 |   1524.3375 |   1551.2052 |   1534.7279 |   1529.6992 |   1554.9027 |   1554.8548 |   1554.7748 |   1554.8140 |    1555.2971 |    1554.8636 |    1554.8482 |    1554.8385 |    1554.8045 |    1554.7345 |    1555.6335 |    1557.1484 |    1561.1349 |    1557.0675 |    1544.7808 |    1541.1022 |
|       Clock [MHz]       |  3697.2676 |  3663.5731 |  3676.9417 |  3676.8996 |  3676.6284 |  3677.8294 |  3679.7639 |  3676.6757 |  3677.8371 |  3674.3077 |   3672.6431 |   3674.3956 |   3674.2275 |   3676.0063 |   3673.6762 |   3674.6795 |   3683.2324 |   3679.7535 |   3675.6027 |   3679.4582 |   3684.7438 |   3676.4056 |   3676.1385 |   3676.3662 |   3684.9283 |   3681.9949 |   3684.1689 |   3680.7157 |   3681.9225 |   3682.9646 |   3680.0239 |   3680.4223 |   3683.0260 |   3678.3609 |   3683.2238 |   3683.2008 |   3682.3759 |   3680.3516 |   3683.3435 |   3680.8469 |   3690.5441 |   3688.6260 |   3685.3284 |   3682.9263 |   3690.3001 |   3685.3062 |   3691.9596 |   3685.2856 |   3675.2485 |   3676.0582 |   3669.3169 |   3669.5460 |   3669.5120 |   3670.9391 |   3669.9544 |   3671.3195 |   3667.3099 |   3672.7140 |   3674.5260 |   3680.8203 |   3682.2276 |   3675.7607 |   3678.1830 |   3689.6426 |   3678.5058 |   3683.2823 |   3683.1772 |   3675.3685 |   3679.5760 |   3676.5612 |   3682.2857 |   3674.9516 |   3684.2954 |   3687.9857 |   3690.5597 |   3686.2196 |   3690.8229 |   3689.4808 |   3690.8646 |   3687.4670 |   3685.9354 |   3685.3000 |   3686.4463 |   3685.0161 |   3693.0597 |   3687.5737 |   3690.1348 |   3690.5941 |   3688.9585 |   3687.3734 |   3683.7693 |   3683.9108 |   3682.9030 |   3688.1497 |   3684.4002 |   3691.6950 |   3695.3625 |   3695.5672 |   3696.0438 |   3696.1709 |    3695.2540 |    3696.1576 |    3696.3505 |    3696.3480 |    3696.2304 |    3696.3241 |    3695.3330 |    3693.6895 |    3688.8375 |    3693.5978 |    3693.1572 |    3688.8370 |
|           CPI           |     3.0191 |     4.7868 |     4.7934 |     4.7899 |     4.7856 |     4.7862 |     4.7982 |     4.8035 |     4.2891 |     4.1334 |      4.0683 |      4.1501 |      4.0564 |      4.1633 |      4.0474 |      4.0084 |      4.7522 |      4.7589 |      4.7600 |      4.7606 |      4.7599 |      4.7633 |      4.7675 |      4.7760 |      4.7966 |      4.7971 |      4.7988 |      4.7933 |      4.7950 |      4.7965 |      4.8034 |      4.8079 |      4.2805 |      4.2829 |      4.3892 |      4.3536 |      4.4259 |      4.3672 |      4.4774 |      4.4620 |      4.7920 |      4.7941 |      4.8019 |      4.7979 |      4.7932 |      4.8016 |      4.7992 |      4.8073 |      3.8205 |      3.8145 |      3.8176 |      3.8287 |      3.8168 |      3.8366 |      3.8758 |      3.8849 |      3.1313 |      3.1935 |      3.1804 |      3.1167 |      3.2091 |      3.2355 |      3.2118 |      3.2777 |      3.9066 |      3.8938 |      3.9034 |      3.9228 |      3.9171 |      3.9376 |      3.9666 |      3.9902 |      4.5631 |      4.5555 |      4.5499 |      4.5611 |      4.5610 |      4.5490 |      4.5784 |      4.5892 |      4.1378 |      4.1462 |      4.1262 |      4.1917 |      4.1974 |      4.2039 |      4.2277 |      4.2656 |      4.4677 |      4.4640 |      4.4448 |      4.4597 |      4.4878 |      4.5718 |      4.5186 |      4.5219 |      4.8970 |      4.8899 |      4.9044 |      4.9027 |       4.8907 |       4.8584 |       4.8548 |       4.8606 |       4.8046 |       4.7960 |       4.8014 |       4.7989 |       4.8105 |       4.8167 |       5.1551 |       5.5296 |
| L3 bandwidth [MBytes/s] |  2967.3467 |   684.0559 |   685.7638 |   682.2139 |   685.2363 |   679.8530 |   682.5661 |   679.9684 |   687.3873 |   679.7798 |    677.3641 |    677.8503 |    672.6000 |    675.7256 |    673.0223 |    667.1240 |    678.8690 |    676.7309 |    680.9965 |    674.3973 |    674.2820 |    676.8293 |    678.8431 |    681.7331 |    680.9768 |    682.7326 |    677.9112 |    678.4098 |    680.4409 |    678.5229 |    679.2376 |    680.4423 |    676.3734 |    675.4106 |    682.3208 |    677.1024 |    686.1479 |    686.3403 |    691.3959 |    689.2114 |    680.2389 |    680.1597 |    686.6526 |    685.9579 |    686.5203 |    689.7426 |    686.3472 |    692.7456 |    688.0993 |    685.0978 |    686.7078 |    688.1039 |    686.4436 |    692.0589 |    697.5085 |    692.7701 |    694.4518 |    695.6032 |    697.0526 |    688.0990 |    698.5823 |    699.6335 |    698.3366 |    699.2658 |    698.5978 |    689.1292 |    702.6859 |    699.0639 |    697.8594 |    702.9527 |    701.0673 |    703.2067 |    716.1535 |    708.4950 |    715.3356 |    707.7624 |    714.1201 |    712.2966 |    718.1235 |    711.2271 |    719.9387 |    716.7172 |    721.1593 |    719.8578 |    723.0978 |    721.1141 |    727.3292 |    723.8781 |    727.7635 |    724.1207 |    727.6801 |    726.7953 |    731.2845 |    729.7229 |    733.4332 |    729.4212 |    743.6429 |    738.6323 |    745.2641 |    741.5333 |     744.6379 |     750.0298 |     754.0784 |     750.3866 |     747.2272 |     743.3906 |     748.6129 |     750.9748 |     751.4815 |     749.2619 |     686.4503 |     569.8674 |
| L3 data volume [GBytes] |  3790.4854 |   873.8122 |   875.9940 |   871.4592 |   875.3201 |   868.4435 |   871.9092 |   868.5909 |   878.0678 |   868.3500 |    865.2642 |    865.8852 |    859.1785 |    863.1712 |    859.7180 |    852.1835 |    867.1865 |    864.4553 |    869.9042 |    861.4744 |    861.3271 |    864.5810 |    867.1534 |    870.8451 |    869.8790 |    872.1219 |    865.9630 |    866.6000 |    869.1944 |    866.7444 |    867.6574 |    869.1963 |    863.9986 |    862.7687 |    871.5958 |    864.9298 |    876.4846 |    876.7303 |    883.1884 |    880.3979 |    868.9364 |    868.8352 |    877.1292 |    876.2419 |    876.9603 |    881.0764 |    876.7392 |    884.9125 |    878.9773 |    875.1432 |    877.1997 |    878.9832 |    876.8623 |    884.0353 |    890.9966 |    884.9438 |    887.0919 |    888.5627 |    890.4142 |    878.9770 |    892.3682 |    893.7111 |    892.0544 |    893.2413 |    892.3881 |    880.2929 |    897.6102 |    892.9834 |    891.4449 |    897.9510 |    895.5426 |    898.2754 |    914.8137 |    905.0308 |    913.7689 |    904.0949 |    912.2162 |    909.8868 |    917.3301 |    908.5208 |    919.6489 |    915.5337 |    921.2081 |    919.5456 |    923.6844 |    921.1504 |    929.0895 |    924.6811 |    929.6443 |    924.9909 |    929.5377 |    928.4075 |    934.1420 |    932.1473 |    936.8868 |    931.7618 |    949.9286 |    943.5281 |    951.9995 |    947.2338 |     951.1997 |     958.0873 |     963.2589 |     958.5430 |     954.5072 |     949.6063 |     956.2773 |     959.2944 |     959.9417 |     957.1063 |     876.8709 |     727.9481 |
+-------------------------+------------+------------+------------+------------+------------+------------+------------+------------+------------+------------+-------------+-------------+-------------+-------------+-------------+-------------+-------------+-------------+-------------+-------------+-------------+-------------+-------------+-------------+-------------+-------------+-------------+-------------+-------------+-------------+-------------+-------------+-------------+-------------+-------------+-------------+-------------+-------------+-------------+-------------+-------------+-------------+-------------+-------------+-------------+-------------+-------------+-------------+-------------+-------------+-------------+-------------+-------------+-------------+-------------+-------------+-------------+-------------+-------------+-------------+-------------+-------------+-------------+-------------+-------------+-------------+-------------+-------------+-------------+-------------+-------------+-------------+-------------+-------------+-------------+-------------+-------------+-------------+-------------+-------------+-------------+-------------+-------------+-------------+-------------+-------------+-------------+-------------+-------------+-------------+-------------+-------------+-------------+-------------+-------------+-------------+-------------+-------------+-------------+-------------+--------------+--------------+--------------+--------------+--------------+--------------+--------------+--------------+--------------+--------------+--------------+--------------+

+------------------------------+-------------+-----------+-----------+-----------+
|            Metric            |     Sum     |    Min    |    Max    |    Avg    |
+------------------------------+-------------+-----------+-----------+-----------+
|   Runtime (RDTSC) [s] STAT   | 143068.6768 | 1277.3989 | 1277.3989 | 1277.3989 |
|   Runtime unhalted [s] STAT  | 164856.3617 | 1057.8445 | 1815.7915 | 1471.9318 |
|       Clock [MHz] STAT       | 412510.1638 | 3663.5731 | 3697.2676 | 3683.1265 |
|           CPI STAT           |    491.5928 |    3.0191 |    5.5296 |    4.3892 |
| L3 bandwidth [MBytes/s] STAT |  80676.5572 |  569.8674 | 2967.3467 |  720.3264 |
| L3 data volume [GBytes] STAT | 103056.1455 |  727.9481 | 3790.4854 |  920.1442 |
+------------------------------+-------------+-----------+-----------+-----------+

