INFO: You are running LIKWID in a cpuset with 128 CPUs. Taking given IDs as logical ID in cpuset
--------------------------------------------------------------------------------
CPU name:	AMD EPYC 9A14 96-Core Processor                
CPU type:	AMD K19 (Zen4) architecture
CPU clock:	2.60 GHz
--------------------------------------------------------------------------------
Use symmetry. Molecule point group: Dooh
Norb: 18   Ne: (8, 8)
Running RHF...
SCF not converged.
SCF energy = -149.453202296864
Running FCI ...
Guessing CI wfn symmetry = 0
Num symmetry allowed elements 239373732
tol 1e-10  toloose 1e-05
max_cycle 100  max_space 12  max_memory 746704  incore True
    CPU time for contract_2e   8113.90 sec, wall time     69.67 sec
davidson 0 1  |r|= 0.965  e= [-177.41918315]  max|de|= -177  lindep=    1
    CPU time for contract_2e   7897.24 sec, wall time     69.51 sec
davidson 1 2  |r|= 0.477  e= [-177.66345341]  max|de|= -0.244  lindep= 0.976
    CPU time for contract_2e   7731.83 sec, wall time     69.08 sec
davidson 2 3  |r|= 0.189  e= [-177.71009544]  max|de|= -0.0466  lindep= 0.997
    CPU time for contract_2e   7662.85 sec, wall time     69.41 sec
davidson 3 4  |r|= 0.0734  e= [-177.71605069]  max|de|= -0.00596  lindep= 0.98
    CPU time for contract_2e   7712.10 sec, wall time     70.73 sec
davidson 4 5  |r|= 0.0317  e= [-177.71693538]  max|de|= -0.000885  lindep= 0.96
    CPU time for contract_2e   7754.77 sec, wall time     71.91 sec
davidson 5 6  |r|= 0.0142  e= [-177.71710364]  max|de|= -0.000168  lindep= 0.93
    CPU time for contract_2e   7700.94 sec, wall time     72.25 sec
davidson 6 7  |r|= 0.00606  e= [-177.71713434]  max|de|= -3.07e-05  lindep= 0.918
    CPU time for contract_2e   7654.08 sec, wall time     72.79 sec
davidson 7 8  |r|= 0.00244  e= [-177.71713934]  max|de|= -5e-06  lindep= 0.932
    CPU time for contract_2e   7672.42 sec, wall time     73.75 sec
davidson 8 9  |r|= 0.000953  e= [-177.71714013]  max|de|= -7.84e-07  lindep= 0.926
    CPU time for contract_2e   7689.20 sec, wall time     74.78 sec
davidson 9 10  |r|= 0.000379  e= [-177.71714025]  max|de|= -1.21e-07  lindep= 0.919
    CPU time for contract_2e   7674.54 sec, wall time     75.56 sec
davidson 10 11  |r|= 0.000155  e= [-177.71714027]  max|de|= -1.73e-08  lindep= 0.942
    CPU time for contract_2e   7683.56 sec, wall time     76.53 sec
davidson 11 12  |r|= 6.24e-05  e= [-177.71714027]  max|de|= -2.81e-09  lindep= 0.939
    CPU time for contract_2e   7752.13 sec, wall time     78.30 sec
davidson 12 1  |r|= 6.24e-05  e= [-177.71714027]  max|de|= 1.26e-11  lindep=    1
    CPU time for contract_2e   7638.58 sec, wall time     67.55 sec
davidson 13 2  |r|= 2.68e-05  e= [-177.71714027]  max|de|= -3.93e-10  lindep= 0.988
    CPU time for contract_2e   7721.39 sec, wall time     69.58 sec
davidson 14 3  |r|= 1.29e-05  e= [-177.71714027]  max|de|= -1.22e-10  lindep= 0.879
    CPU time for contract_2e   7760.30 sec, wall time     70.80 sec
root 0 converged  |r|= 5.47e-06  e= -177.717140270318  max|de|= -2.3e-11
converged 15 4  |r|= 5.47e-06  e= [-177.71714027]  max|de|= -2.3e-11
--------------------------------------------------------------------------------
Group 1: L3
+-----------------------------+---------+---------------+---------------+---------------+---------------+---------------+---------------+---------------+---------------+---------------+---------------+---------------+---------------+---------------+---------------+---------------+---------------+---------------+---------------+---------------+---------------+---------------+---------------+---------------+---------------+---------------+---------------+---------------+---------------+---------------+---------------+---------------+---------------+---------------+---------------+---------------+---------------+---------------+---------------+---------------+---------------+---------------+---------------+---------------+---------------+---------------+---------------+---------------+---------------+---------------+---------------+---------------+---------------+---------------+---------------+---------------+---------------+---------------+---------------+---------------+---------------+---------------+---------------+---------------+---------------+---------------+---------------+---------------+---------------+---------------+---------------+---------------+---------------+---------------+---------------+---------------+---------------+---------------+---------------+---------------+---------------+---------------+---------------+---------------+---------------+---------------+---------------+---------------+---------------+---------------+---------------+---------------+---------------+---------------+---------------+---------------+---------------+---------------+---------------+---------------+---------------+---------------+---------------+---------------+---------------+---------------+---------------+---------------+---------------+---------------+---------------+---------------+---------------+---------------+---------------+---------------+---------------+---------------+---------------+---------------+---------------+---------------+---------------+---------------+---------------+---------------+---------------+---------------+---------------+
|            Event            | Counter |   HWThread 0  |   HWThread 1  |   HWThread 2  |   HWThread 3  |   HWThread 4  |   HWThread 5  |   HWThread 6  |   HWThread 7  |   HWThread 8  |   HWThread 9  |  HWThread 10  |  HWThread 11  |  HWThread 12  |  HWThread 13  |  HWThread 14  |  HWThread 15  |  HWThread 16  |  HWThread 17  |  HWThread 18  |  HWThread 19  |  HWThread 20  |  HWThread 21  |  HWThread 22  |  HWThread 23  |  HWThread 24  |  HWThread 25  |  HWThread 26  |  HWThread 27  |  HWThread 28  |  HWThread 29  |  HWThread 30  |  HWThread 31  |  HWThread 32  |  HWThread 33  |  HWThread 34  |  HWThread 35  |  HWThread 36  |  HWThread 37  |  HWThread 38  |  HWThread 39  |  HWThread 40  |  HWThread 41  |  HWThread 42  |  HWThread 43  |  HWThread 44  |  HWThread 45  |  HWThread 46  |  HWThread 47  |  HWThread 48  |  HWThread 49  |  HWThread 50  |  HWThread 51  |  HWThread 52  |  HWThread 53  |  HWThread 54  |  HWThread 55  |  HWThread 56  |  HWThread 57  |  HWThread 58  |  HWThread 59  |  HWThread 60  |  HWThread 61  |  HWThread 62  |  HWThread 63  |  HWThread 64  |  HWThread 65  |  HWThread 66  |  HWThread 67  |  HWThread 68  |  HWThread 69  |  HWThread 70  |  HWThread 71  |  HWThread 72  |  HWThread 73  |  HWThread 74  |  HWThread 75  |  HWThread 76  |  HWThread 77  |  HWThread 78  |  HWThread 79  |  HWThread 80  |  HWThread 81  |  HWThread 82  |  HWThread 83  |  HWThread 84  |  HWThread 85  |  HWThread 86  |  HWThread 87  |  HWThread 88  |  HWThread 89  |  HWThread 90  |  HWThread 91  |  HWThread 92  |  HWThread 93  |  HWThread 94  |  HWThread 95  |  HWThread 96  |  HWThread 97  |  HWThread 98  |  HWThread 99  |  HWThread 100 |  HWThread 101 |  HWThread 102 |  HWThread 103 |  HWThread 104 |  HWThread 105 |  HWThread 106 |  HWThread 107 |  HWThread 108 |  HWThread 109 |  HWThread 110 |  HWThread 111 |  HWThread 112 |  HWThread 113 |  HWThread 114 |  HWThread 115 |  HWThread 116 |  HWThread 117 |  HWThread 118 |  HWThread 119 |  HWThread 120 |  HWThread 121 |  HWThread 122 |  HWThread 123 |  HWThread 124 |  HWThread 125 |  HWThread 126 |  HWThread 127 |
+-----------------------------+---------+---------------+---------------+---------------+---------------+---------------+---------------+---------------+---------------+---------------+---------------+---------------+---------------+---------------+---------------+---------------+---------------+---------------+---------------+---------------+---------------+---------------+---------------+---------------+---------------+---------------+---------------+---------------+---------------+---------------+---------------+---------------+---------------+---------------+---------------+---------------+---------------+---------------+---------------+---------------+---------------+---------------+---------------+---------------+---------------+---------------+---------------+---------------+---------------+---------------+---------------+---------------+---------------+---------------+---------------+---------------+---------------+---------------+---------------+---------------+---------------+---------------+---------------+---------------+---------------+---------------+---------------+---------------+---------------+---------------+---------------+---------------+---------------+---------------+---------------+---------------+---------------+---------------+---------------+---------------+---------------+---------------+---------------+---------------+---------------+---------------+---------------+---------------+---------------+---------------+---------------+---------------+---------------+---------------+---------------+---------------+---------------+---------------+---------------+---------------+---------------+---------------+---------------+---------------+---------------+---------------+---------------+---------------+---------------+---------------+---------------+---------------+---------------+---------------+---------------+---------------+---------------+---------------+---------------+---------------+---------------+---------------+---------------+---------------+---------------+---------------+---------------+---------------+---------------+
|       ACTUAL_CPU_CLOCK      |  FIXC1  | 4557885530088 | 3926870792101 | 3918376426682 | 3917397481575 | 3920141833189 | 3914815319029 | 3913195770010 | 3905890945151 | 2804140758169 | 2797198232784 | 2787849429935 | 2747214049430 | 2810336292587 | 2905738952485 | 2749653517985 | 2728804820715 | 3908660875947 | 3922093709285 | 3918123012248 | 3909579447964 | 3902260842229 | 3893011618040 | 3902425947530 | 3899727479292 | 3905504024728 | 3898892300860 | 3905780231552 | 3894824273253 | 3896395545902 | 3886241095665 | 3893699006141 | 3899989749607 | 3162258832689 | 3103253461461 | 3079220386446 | 3245421718852 | 3263638993770 | 3205799435057 | 3283171968335 | 3388731134710 | 3829955768831 | 3859296423916 | 3894998005815 | 3875732303609 | 3869216354333 | 3857189040314 | 3877800264932 | 3889408191134 | 3088422678972 | 3090659108682 | 3078883763170 | 3048779811437 | 3068655658722 | 3071082315514 | 3118963334171 | 3108747073595 | 2749713209847 | 2714623110771 | 2739071981810 | 2744151485324 | 2762536406611 | 2785225348609 | 2851121431228 | 2823102988088 | 3134414981247 | 3144923429733 | 3129158134896 | 3146246094338 | 3153834658450 | 3165438496133 | 3183665911548 | 3206128628962 | 3806181781423 | 3767873950362 | 3779974244162 | 3808308691346 | 3817027610051 | 3813042937572 | 3830347153361 | 3827948598855 | 3594956869083 | 3561324379819 | 3577952900865 | 3652273704113 | 3671886023978 | 3653859065108 | 3679063958658 | 3661621703683 | 3672208796880 | 3680066308065 | 3654539047996 | 3675843971728 | 3687149019518 | 3662184687580 | 3701572629547 | 3715191640457 | 3898089888543 | 3903466196227 | 3900244104295 | 3893640543147 | 3896399133912 | 3891668116001 | 3890119055273 | 3900765454496 | 3894796890506 | 3902426503609 | 3892652268254 | 3893583166035 | 3901841683376 | 3889272472609 | 3884359330769 | 3892468378548 | 3892830932976 | 3894245593668 | 3889236296297 | 3903299261969 | 3891434961308 | 3892726360982 | 3897223526909 | 3891230802531 | 3897622827311 | 3907942193806 | 3903384175629 | 3895573112945 | 3892659853499 | 3891136668812 | 3871864590009 | 3861571877940 |
|        MAX_CPU_CLOCK        |  FIXC2  | 3204535645194 | 2787323463054 | 2770589489356 | 2769356348850 | 2771782929214 | 2768000255982 | 2767396384038 | 2760523280996 | 2023389896996 | 1995686617262 | 1994438549818 | 1962798899724 | 2005977547860 | 2071666831130 | 1963257227932 | 1946048423046 | 2758980495050 | 2772986203104 | 2768957083958 | 2760024276880 | 2751839486266 | 2742557513956 | 2752540764428 | 2749635528536 | 2755851643376 | 2748437050242 | 2755881372608 | 2745060543212 | 2746804330426 | 2736432038132 | 2744457808066 | 2750281591148 | 2245207065062 | 2197275251730 | 2179947115372 | 2301025445082 | 2311661819064 | 2269993788166 | 2323559619992 | 2390009674416 | 2707579089020 | 2727335683852 | 2751820051864 | 2734546468628 | 2731894045868 | 2718523604758 | 2735412216316 | 2743206813594 | 2189902516854 | 2191846066098 | 2182607639160 | 2160998903154 | 2175069467168 | 2175799988960 | 2210012980708 | 2203915646972 | 1950453133122 | 1927392205518 | 1940006007498 | 1946085967618 | 1953379215866 | 1973226742162 | 2015246397450 | 1996410784316 | 2213603105922 | 2222424761960 | 2209528256468 | 2219243723944 | 2226859093264 | 2238451620964 | 2248651582372 | 2268492056636 | 2685089979936 | 2653631000852 | 2660587163416 | 2686507382598 | 2694043140490 | 2690812245394 | 2702098101690 | 2697944922400 | 2534760145320 | 2511318260334 | 2523995096844 | 2576023907288 | 2591841909670 | 2575924224276 | 2591803131710 | 2582989141070 | 2593853225418 | 2601386005946 | 2584741544710 | 2595792457518 | 2607073403298 | 2583369464338 | 2615634972574 | 2625223701048 | 2746021204030 | 2751311104438 | 2748340006022 | 2741307590658 | 2743885627548 | 2739917858158 | 2737748113022 | 2749124369004 | 2744293001580 | 2751309270762 | 2741052077686 | 2744217276294 | 2751818325308 | 2737630299950 | 2732489407934 | 2741434882004 | 2740977810324 | 2741883347398 | 2736961354972 | 2751193361774 | 2738940983740 | 2740899645276 | 2744981991752 | 2738612241040 | 2746564772484 | 2757015311830 | 2752502131132 | 2744260135994 | 2741118481114 | 2739701805282 | 2730037059360 | 2720094376012 |
|     RETIRED_INSTRUCTIONS    |   PMC0  | 1340094732949 |  744784197588 |  746392626917 |  745475369206 |  746291905500 |  745653361739 |  745555132797 |  745376681441 |  782350265405 |  781470336490 |  782584815164 |  782363330272 |  782005838847 |  780787833667 |  781175302379 |  781318068753 |  742276218311 |  743344800721 |  743646541574 |  742229877506 |  741866919975 |  741900326507 |  740649193757 |  739242744810 |  733879994198 |  733033837044 |  733484960326 |  733301110835 |  733022897120 |  732612819504 |  732316718311 |  732048734282 |  774086164135 |  771181769174 |  774699300147 |  773632726702 |  773116190995 |  772397124812 |  766613357770 |  764863117748 |  744047078887 |  741257149924 |  740453452804 |  739548748267 |  740360506253 |  740081847281 |  738871348231 |  737635142261 |  771997401677 |  772617526738 |  772615755324 |  772719321935 |  772340233450 |  772422286217 |  772491435636 |  772620032360 |  795272841956 |  796137972349 |  795637093917 |  795803148860 |  794830385956 |  795448763953 |  795413755251 |  795307087759 |  771907962267 |  772119398948 |  771780383005 |  771403761903 |  772393979561 |  772469742378 |  772878480259 |  772517019842 |  771071454356 |  770833817477 |  770404129722 |  770786956509 |  769650472227 |  770392707116 |  769703317373 |  769628906765 |  799950250378 |  801302824907 |  801283123560 |  800980549506 |  801333837808 |  800741946204 |  800939710433 |  801206805137 |  774729710287 |  775158995922 |  775117628554 |  774518817592 |  770111159151 |  769436431709 |  769950794362 |  769767808657 |  694739758696 |  694291917734 |  692569083223 |  693975773052 |  694052899117 |  693428700547 |  692427141712 |  692431903185 |  718090565303 |  717399334640 |  716926551062 |  717003367712 |  717092100608 |  716094463807 |  715115320670 |  715136475198 |  693798158384 |  693154744030 |  693150143685 |  692315223754 |  693270334150 |  692949312668 |  692603949808 |  692042495899 |  732360995078 |  732952311329 |  733216926649 |  732440240916 |  731815699013 |  711399248585 |  681921716235 |  573582072913 |
|     CPU_CLOCKS_UNHALTED     |   PMC1  | 4011136399838 | 3571330146601 | 3573049938375 | 3572053239867 | 3572075380070 | 3569827465386 | 3565301620422 | 3563118396241 | 2607836505200 | 2644652819556 | 2634381639002 | 2607748636763 | 2657234076706 | 2734571806533 | 2612779462103 | 2599673138023 | 3564803695652 | 3568573314043 | 3571081312794 | 3564315006560 | 3561103036453 | 3563064727239 | 3558031576682 | 3556892433933 | 3556378642539 | 3559383504639 | 3563990439685 | 3558293031557 | 3554853673827 | 3554254252941 | 3551801729309 | 3557072044104 | 2950805785745 | 2900148918801 | 2902007459734 | 3021867367469 | 3038809344032 | 2996242719952 | 3055911907967 | 3149591766652 | 3494834030805 | 3526820349151 | 3558720214022 | 3542578707154 | 3530662820828 | 3530015522609 | 3538136838327 | 3548146615340 | 2899115336320 | 2906837620780 | 2900197534550 | 2876243524943 | 2894651141598 | 2896110552684 | 2936073453053 | 2925036126242 | 2623988516126 | 2593371082381 | 2623059090413 | 2621852428376 | 2646257959924 | 2659947232511 | 2716503356517 | 2694318799764 | 2968454416907 | 2976681739549 | 2968239697513 | 2984427605085 | 2986350093060 | 2989782435864 | 3010197460394 | 3023683181404 | 3526394508690 | 3501699668630 | 3517751170359 | 3528588522470 | 3533877064284 | 3530158023165 | 3545321549707 | 3546282697311 | 3341458624444 | 3310789353133 | 3325883926254 | 3387247615073 | 3399894943171 | 3394145550576 | 3413915059676 | 3389360728465 | 3408428611890 | 3411472925565 | 3390875768259 | 3410181026852 | 3417081845328 | 3404522852668 | 3431054961331 | 3440515220236 | 3600918783574 | 3602145020085 | 3572565420957 | 3602714751156 | 3601374601559 | 3601822676161 | 3599401247421 | 3603874431781 | 3592654218112 | 3593374918382 | 3596840117855 | 3588981292988 | 3595835118279 | 3591466608910 | 3589996060437 | 3593921434785 | 3597668145409 | 3599929992469 | 3601258319381 | 3598267541224 | 3601224368033 | 3595216750348 | 3600602143079 | 3597820039264 | 3621477440214 | 3622648545605 | 3621479409510 | 3622208482620 | 3621274058441 | 3621053777149 | 3586212253004 | 3581794817570 |
|       L2_PF_HIT_IN_L3       |   PMC2  |   12798513318 |    1934958818 |    1964862790 |    1981651880 |    2071018902 |    2025158561 |    2056335390 |    2002583137 |    1767918204 |    1977128432 |    1905939152 |    1957023700 |    1907458823 |    1995104525 |    1979896947 |    1950436822 |    1897671375 |    1896812508 |    1952788732 |    1893634090 |    1929106778 |    1871541884 |    1969779742 |    1851993881 |    2087106930 |    2094125574 |    2068833604 |    1987589177 |    1929237110 |    1977390530 |    1902832665 |    1944193616 |    1863984259 |    1982813550 |    1961029102 |    2062044038 |    2087819178 |    1954109522 |    1903192390 |    1688014337 |    2101195659 |    2204176946 |    2290902536 |    2311116893 |    2330743610 |    2335017274 |    2314529787 |    2245057433 |    2230308394 |    2175422357 |    2087506181 |    2117684806 |    2107916053 |    2208489246 |    2283270062 |    2137548119 |    2100687029 |    2064519947 |    2237014110 |    2023209075 |    2194646030 |    2108419200 |    2285828669 |    2169156640 |    1971045904 |    2077594894 |    2051691187 |    2047818086 |    1894167134 |    1972105729 |    1893586543 |    1911875172 |    2265670104 |    2262901080 |    2216594992 |    2128951602 |    2063910518 |    2027891817 |    2065367076 |    1977744838 |    2296468720 |    2410083873 |    2544975688 |    2489732298 |    2547006896 |    2520226004 |    2456656884 |    2384862925 |    2080517890 |    2238951752 |    2238441562 |    2358727073 |    2322873711 |    2340857198 |    2345857950 |    2217921914 |    2563535792 |    2516866391 |    2627823247 |    2563135828 |    2711347539 |    2694030969 |    2729129237 |    2614918409 |    2820897138 |    2764312952 |    2753611679 |    2753018725 |    2693984973 |    2818691369 |    2743130720 |    2657086165 |    2458926972 |    2572244270 |    2514101513 |    2566930680 |    2533598949 |    2485017965 |    2514847101 |    2329595978 |    2689990522 |    2690830454 |    2835801531 |    2703754565 |    2745595015 |    2619619795 |    2600914304 |    1343390950 |
|       L2_PF_MISS_IN_L3      |   PMC3  |   38077879669 |    4741410037 |    4757398546 |    4755139889 |    4717209148 |    4687624596 |    4680841240 |    4688867450 |    5481088961 |    5346153946 |    5362428499 |    5349499365 |    5369943487 |    5381194305 |    5312387484 |    5351781494 |    4772794479 |    4775320424 |    4703932969 |    4633703091 |    4655909711 |    4612399743 |    4697407729 |    4765196643 |    4710059859 |    4667817521 |    4716773916 |    4739543214 |    4740982958 |    4693838477 |    4757918917 |    4824345451 |    5663498533 |    5532037216 |    5502657051 |    5652154905 |    5615578320 |    5605937835 |    5440244326 |    5764637655 |    4647083368 |    4592243354 |    4623851989 |    4544841480 |    4570093665 |    4495283268 |    4558607900 |    4683591957 |    4926044202 |    4955141528 |    4952721266 |    4941921046 |    4967064626 |    4935641334 |    4917724631 |    5012128189 |    6225582392 |    6133882109 |    6056126609 |    6128159461 |    6037975154 |    6088387021 |    6054457589 |    6123640680 |    5261500722 |    5233461399 |    5211316390 |    5247282887 |    5313451207 |    5326147745 |    5387304227 |    5531913707 |    5042265898 |    5037113095 |    5068390081 |    5143692986 |    5109081486 |    5254037037 |    5230600683 |    5274421174 |    6188018210 |    6146034337 |    6090232100 |    6003562735 |    6011633905 |    5952791793 |    5961774824 |    6146213098 |    5593040061 |    5486786346 |    5408025885 |    5366549928 |    5516768814 |    5413347032 |    5566810425 |    5589609038 |    7336987859 |    7317023467 |    7250268524 |    7238291475 |    7210578516 |    7191143104 |    7242618063 |    7389413029 |    8128761823 |    8095881342 |    8077114495 |    8083708914 |    8130565952 |    8066714894 |    8084728017 |    8318499433 |    6729114444 |    6669609510 |    6725041217 |    6400448895 |    6513345524 |    6505403631 |    6583491687 |    6728254100 |    7392383066 |    7368963181 |    7369461252 |    7378040460 |    7306077695 |    7169877991 |    6756138650 |    5122130968 |
| L2_CACHE_MISS_AFTER_L1_MISS |   PMC4  |    8037432418 |    5256848270 |    5294031924 |    5269245388 |    5295058744 |    5263018549 |    5283233917 |    5302623738 |    4487977719 |    4463931506 |    4390143240 |    4438388548 |    4398328930 |    4469324399 |    4426776675 |    4456696847 |    5262420998 |    5182124162 |    5189438445 |    5167587137 |    5134044538 |    5088214629 |    5170318257 |    5190199119 |    5258766998 |    5202437172 |    5194138277 |    5210774935 |    5168477216 |    5159611799 |    5087846459 |    5174597431 |    4582283271 |    4576911434 |    4559464601 |    4680070572 |    4670047455 |    4628517557 |    4963317940 |    4700390359 |    5121159906 |    5126437885 |    5203383453 |    5221105142 |    5241277599 |    5236793770 |    5230756028 |    5219771377 |    4963663484 |    4942919569 |    4851810213 |    4888089366 |    4874028780 |    4956866727 |    4921490175 |    4913105620 |    4300169891 |    4286089037 |    4268659905 |    4266290110 |    4257092872 |    4267603583 |    4293962475 |    4275353082 |    4903224883 |    4932775971 |    4901866598 |    4965739414 |    4840605262 |    4895423717 |    4866368831 |    5012526415 |    5142987072 |    5232334695 |    5189418758 |    5257087970 |    5262084306 |    5186366993 |    5141401351 |    5114784978 |    4435355154 |    4382123327 |    4393907056 |    4478824391 |    4496818269 |    4518589641 |    4440831849 |    4377283295 |    4950296970 |    5003796944 |    4962406486 |    5020749846 |    5075123247 |    5128261937 |    5165827579 |    5133835176 |    3650802992 |    3620406000 |    3583846640 |    3632895803 |    3661124368 |    3726908329 |    3614690470 |    3759085507 |    2973540780 |    2965135883 |    3034691175 |    2935829805 |    2980312962 |    3022899479 |    3105856750 |    3179307622 |    4616999774 |    4730500576 |    4761854793 |    5169305318 |    5095793669 |    5131340368 |    5144285631 |    5202264979 |    4273808377 |    4307617520 |    4298679765 |    4357823086 |    4392237719 |    4235434533 |    3964782382 |    3191420366 |
+-----------------------------+---------+---------------+---------------+---------------+---------------+---------------+---------------+---------------+---------------+---------------+---------------+---------------+---------------+---------------+---------------+---------------+---------------+---------------+---------------+---------------+---------------+---------------+---------------+---------------+---------------+---------------+---------------+---------------+---------------+---------------+---------------+---------------+---------------+---------------+---------------+---------------+---------------+---------------+---------------+---------------+---------------+---------------+---------------+---------------+---------------+---------------+---------------+---------------+---------------+---------------+---------------+---------------+---------------+---------------+---------------+---------------+---------------+---------------+---------------+---------------+---------------+---------------+---------------+---------------+---------------+---------------+---------------+---------------+---------------+---------------+---------------+---------------+---------------+---------------+---------------+---------------+---------------+---------------+---------------+---------------+---------------+---------------+---------------+---------------+---------------+---------------+---------------+---------------+---------------+---------------+---------------+---------------+---------------+---------------+---------------+---------------+---------------+---------------+---------------+---------------+---------------+---------------+---------------+---------------+---------------+---------------+---------------+---------------+---------------+---------------+---------------+---------------+---------------+---------------+---------------+---------------+---------------+---------------+---------------+---------------+---------------+---------------+---------------+---------------+---------------+---------------+---------------+---------------+---------------+

+----------------------------------+---------+-----------------+---------------+---------------+--------------+
|               Event              | Counter |       Sum       |      Min      |      Max      |      Avg     |
+----------------------------------+---------+-----------------+---------------+---------------+--------------+
|       ACTUAL_CPU_CLOCK STAT      |  FIXC1  | 459087537534621 | 2714623110771 | 4557885530088 | 3.586621e+12 |
|        MAX_CPU_CLOCK STAT        |  FIXC2  | 324246194888798 | 1927392205518 | 3204535645194 | 2.533173e+12 |
|     RETIRED_INSTRUCTIONS STAT    |   PMC0  |  96629279375861 |  573582072913 | 1340094732949 | 7.549162e+11 |
|     CPU_CLOCKS_UNHALTED STAT     |   PMC1  | 425392268850488 | 2593371082381 | 4011136399838 | 3.323377e+12 |
|       L2_PF_HIT_IN_L3 STAT       |   PMC2  |    295551760740 |    1343390950 |   12798513318 | 2.308998e+09 |
|       L2_PF_MISS_IN_L3 STAT      |   PMC3  |    767470994310 |    4495283268 |   38077879669 | 5.995867e+09 |
| L2_CACHE_MISS_AFTER_L1_MISS STAT |   PMC4  |    598993453424 |    2935829805 |    8037432418 | 4.679636e+09 |
+----------------------------------+---------+-----------------+---------------+---------------+--------------+

+-------------------------+------------+------------+------------+------------+------------+------------+------------+------------+------------+------------+-------------+-------------+-------------+-------------+-------------+-------------+-------------+-------------+-------------+-------------+-------------+-------------+-------------+-------------+-------------+-------------+-------------+-------------+-------------+-------------+-------------+-------------+-------------+-------------+-------------+-------------+-------------+-------------+-------------+-------------+-------------+-------------+-------------+-------------+-------------+-------------+-------------+-------------+-------------+-------------+-------------+-------------+-------------+-------------+-------------+-------------+-------------+-------------+-------------+-------------+-------------+-------------+-------------+-------------+-------------+-------------+-------------+-------------+-------------+-------------+-------------+-------------+-------------+-------------+-------------+-------------+-------------+-------------+-------------+-------------+-------------+-------------+-------------+-------------+-------------+-------------+-------------+-------------+-------------+-------------+-------------+-------------+-------------+-------------+-------------+-------------+-------------+-------------+-------------+-------------+--------------+--------------+--------------+--------------+--------------+--------------+--------------+--------------+--------------+--------------+--------------+--------------+--------------+--------------+--------------+--------------+--------------+--------------+--------------+--------------+--------------+--------------+--------------+--------------+--------------+--------------+--------------+--------------+
|          Metric         | HWThread 0 | HWThread 1 | HWThread 2 | HWThread 3 | HWThread 4 | HWThread 5 | HWThread 6 | HWThread 7 | HWThread 8 | HWThread 9 | HWThread 10 | HWThread 11 | HWThread 12 | HWThread 13 | HWThread 14 | HWThread 15 | HWThread 16 | HWThread 17 | HWThread 18 | HWThread 19 | HWThread 20 | HWThread 21 | HWThread 22 | HWThread 23 | HWThread 24 | HWThread 25 | HWThread 26 | HWThread 27 | HWThread 28 | HWThread 29 | HWThread 30 | HWThread 31 | HWThread 32 | HWThread 33 | HWThread 34 | HWThread 35 | HWThread 36 | HWThread 37 | HWThread 38 | HWThread 39 | HWThread 40 | HWThread 41 | HWThread 42 | HWThread 43 | HWThread 44 | HWThread 45 | HWThread 46 | HWThread 47 | HWThread 48 | HWThread 49 | HWThread 50 | HWThread 51 | HWThread 52 | HWThread 53 | HWThread 54 | HWThread 55 | HWThread 56 | HWThread 57 | HWThread 58 | HWThread 59 | HWThread 60 | HWThread 61 | HWThread 62 | HWThread 63 | HWThread 64 | HWThread 65 | HWThread 66 | HWThread 67 | HWThread 68 | HWThread 69 | HWThread 70 | HWThread 71 | HWThread 72 | HWThread 73 | HWThread 74 | HWThread 75 | HWThread 76 | HWThread 77 | HWThread 78 | HWThread 79 | HWThread 80 | HWThread 81 | HWThread 82 | HWThread 83 | HWThread 84 | HWThread 85 | HWThread 86 | HWThread 87 | HWThread 88 | HWThread 89 | HWThread 90 | HWThread 91 | HWThread 92 | HWThread 93 | HWThread 94 | HWThread 95 | HWThread 96 | HWThread 97 | HWThread 98 | HWThread 99 | HWThread 100 | HWThread 101 | HWThread 102 | HWThread 103 | HWThread 104 | HWThread 105 | HWThread 106 | HWThread 107 | HWThread 108 | HWThread 109 | HWThread 110 | HWThread 111 | HWThread 112 | HWThread 113 | HWThread 114 | HWThread 115 | HWThread 116 | HWThread 117 | HWThread 118 | HWThread 119 | HWThread 120 | HWThread 121 | HWThread 122 | HWThread 123 | HWThread 124 | HWThread 125 | HWThread 126 | HWThread 127 |
+-------------------------+------------+------------+------------+------------+------------+------------+------------+------------+------------+------------+-------------+-------------+-------------+-------------+-------------+-------------+-------------+-------------+-------------+-------------+-------------+-------------+-------------+-------------+-------------+-------------+-------------+-------------+-------------+-------------+-------------+-------------+-------------+-------------+-------------+-------------+-------------+-------------+-------------+-------------+-------------+-------------+-------------+-------------+-------------+-------------+-------------+-------------+-------------+-------------+-------------+-------------+-------------+-------------+-------------+-------------+-------------+-------------+-------------+-------------+-------------+-------------+-------------+-------------+-------------+-------------+-------------+-------------+-------------+-------------+-------------+-------------+-------------+-------------+-------------+-------------+-------------+-------------+-------------+-------------+-------------+-------------+-------------+-------------+-------------+-------------+-------------+-------------+-------------+-------------+-------------+-------------+-------------+-------------+-------------+-------------+-------------+-------------+-------------+-------------+--------------+--------------+--------------+--------------+--------------+--------------+--------------+--------------+--------------+--------------+--------------+--------------+--------------+--------------+--------------+--------------+--------------+--------------+--------------+--------------+--------------+--------------+--------------+--------------+--------------+--------------+--------------+--------------+
|   Runtime (RDTSC) [s]   |  1233.3323 |  1233.3323 |  1233.3323 |  1233.3323 |  1233.3323 |  1233.3323 |  1233.3323 |  1233.3323 |  1233.3323 |  1233.3323 |   1233.3323 |   1233.3323 |   1233.3323 |   1233.3323 |   1233.3323 |   1233.3323 |   1233.3323 |   1233.3323 |   1233.3323 |   1233.3323 |   1233.3323 |   1233.3323 |   1233.3323 |   1233.3323 |   1233.3323 |   1233.3323 |   1233.3323 |   1233.3323 |   1233.3323 |   1233.3323 |   1233.3323 |   1233.3323 |   1233.3323 |   1233.3323 |   1233.3323 |   1233.3323 |   1233.3323 |   1233.3323 |   1233.3323 |   1233.3323 |   1233.3323 |   1233.3323 |   1233.3323 |   1233.3323 |   1233.3323 |   1233.3323 |   1233.3323 |   1233.3323 |   1233.3323 |   1233.3323 |   1233.3323 |   1233.3323 |   1233.3323 |   1233.3323 |   1233.3323 |   1233.3323 |   1233.3323 |   1233.3323 |   1233.3323 |   1233.3323 |   1233.3323 |   1233.3323 |   1233.3323 |   1233.3323 |   1233.3323 |   1233.3323 |   1233.3323 |   1233.3323 |   1233.3323 |   1233.3323 |   1233.3323 |   1233.3323 |   1233.3323 |   1233.3323 |   1233.3323 |   1233.3323 |   1233.3323 |   1233.3323 |   1233.3323 |   1233.3323 |   1233.3323 |   1233.3323 |   1233.3323 |   1233.3323 |   1233.3323 |   1233.3323 |   1233.3323 |   1233.3323 |   1233.3323 |   1233.3323 |   1233.3323 |   1233.3323 |   1233.3323 |   1233.3323 |   1233.3323 |   1233.3323 |   1233.3323 |   1233.3323 |   1233.3323 |   1233.3323 |    1233.3323 |    1233.3323 |    1233.3323 |    1233.3323 |    1233.3323 |    1233.3323 |    1233.3323 |    1233.3323 |    1233.3323 |    1233.3323 |    1233.3323 |    1233.3323 |    1233.3323 |    1233.3323 |    1233.3323 |    1233.3323 |    1233.3323 |    1233.3323 |    1233.3323 |    1233.3323 |    1233.3323 |    1233.3323 |    1233.3323 |    1233.3323 |    1233.3323 |    1233.3323 |    1233.3323 |    1233.3323 |
|   Runtime unhalted [s]  |  1753.0595 |  1510.3579 |  1507.0908 |  1506.7142 |  1507.7698 |  1505.7211 |  1505.0982 |  1502.2886 |  1078.5321 |  1075.8618 |   1072.2661 |   1056.6368 |   1080.9150 |   1117.6089 |   1057.5751 |   1049.5563 |   1503.3540 |   1508.5205 |   1506.9933 |   1503.7073 |   1500.8924 |   1497.3349 |   1500.9559 |   1499.9180 |   1502.1398 |   1499.5968 |   1502.2460 |   1498.0321 |   1498.6364 |   1494.7308 |   1497.5993 |   1500.0189 |   1216.2719 |   1193.5772 |   1184.3335 |   1248.2581 |   1255.2648 |   1233.0185 |   1262.7776 |   1303.3779 |   1473.0823 |   1484.3673 |   1498.0989 |   1490.6889 |   1488.1828 |   1483.5568 |   1491.4843 |   1495.9490 |   1187.8729 |   1188.7331 |   1184.2041 |   1172.6254 |   1180.2701 |   1181.2035 |   1199.6195 |   1195.6901 |   1057.5981 |   1044.1017 |   1053.5052 |   1055.4589 |   1062.5302 |   1071.2568 |   1096.6018 |   1085.8253 |   1205.5625 |   1209.6043 |   1203.5407 |   1210.1130 |   1213.0318 |   1217.4948 |   1224.5055 |   1233.1451 |   1463.9383 |   1449.2043 |   1453.8583 |   1464.7564 |   1468.1099 |   1466.5773 |   1473.2328 |   1472.3103 |   1382.6967 |   1369.7610 |   1376.1566 |   1404.7420 |   1412.2853 |   1405.3518 |   1415.0461 |   1408.3374 |   1412.4095 |   1415.4316 |   1405.6133 |   1413.8076 |   1418.1558 |   1408.5540 |   1423.7034 |   1428.9416 |   1499.2881 |   1501.3560 |   1500.1167 |   1497.5768 |    1498.6378 |    1496.8182 |    1496.2224 |    1500.3172 |    1498.0216 |    1500.9561 |    1497.1967 |    1497.5547 |    1500.7311 |    1495.8968 |    1494.0071 |    1497.1260 |    1497.2654 |    1497.8095 |    1495.8828 |    1501.2918 |    1496.7285 |    1497.2252 |    1498.9549 |    1496.6500 |    1499.1085 |    1503.0775 |    1501.3244 |    1498.3201 |    1497.1996 |    1496.6138 |    1489.2013 |    1485.2425 |
|       Clock [MHz]       |  3697.9842 |  3662.9078 |  3677.0600 |  3677.7783 |  3677.1328 |  3677.1547 |  3676.4355 |  3678.7091 |  3603.1885 |  3644.1618 |   3634.2550 |   3639.0116 |   3642.4951 |   3646.7285 |   3641.3927 |   3645.7390 |   3683.3765 |   3677.3673 |   3678.9899 |   3682.8488 |   3686.8880 |   3690.5977 |   3686.1046 |   3687.4478 |   3684.5801 |   3688.2656 |   3684.8009 |   3688.9493 |   3688.0947 |   3692.4262 |   3688.6935 |   3686.8295 |   3661.9108 |   3671.9734 |   3672.4980 |   3667.0469 |   3670.6634 |   3671.7950 |   3673.7243 |   3686.4148 |   3677.7259 |   3679.0551 |   3680.0520 |   3684.9807 |   3682.3572 |   3688.9652 |   3685.7799 |   3686.3089 |   3666.7280 |   3666.1295 |   3667.6203 |   3668.0755 |   3668.1051 |   3669.7733 |   3669.2913 |   3667.3906 |   3665.3768 |   3661.8976 |   3670.8541 |   3666.1718 |   3676.9540 |   3669.8650 |   3678.3607 |   3676.5761 |   3681.4888 |   3679.1692 |   3682.0925 |   3685.9924 |   3682.2471 |   3676.6553 |   3681.0530 |   3674.6030 |   3685.5086 |   3691.6675 |   3693.8401 |   3685.6225 |   3683.7276 |   3684.3005 |   3685.5624 |   3688.9245 |   3687.4281 |   3687.0288 |   3685.6396 |   3686.2109 |   3683.3877 |   3687.9537 |   3690.6433 |   3685.6801 |   3680.8551 |   3678.0497 |   3676.0569 |   3681.7462 |   3677.0893 |   3685.7041 |   3679.3905 |   3679.4394 |   3690.7507 |   3688.7351 |   3689.6747 |   3692.8769 |    3692.0212 |    3692.8783 |    3694.3340 |    3689.1150 |    3689.9551 |    3687.7551 |    3692.2838 |    3688.9070 |    3686.5203 |    3693.6889 |    3695.9634 |    3691.5938 |    3692.5533 |    3692.6752 |    3694.5573 |    3688.7352 |    3693.9741 |    3692.5594 |    3691.3274 |    3694.2237 |    3689.5781 |    3685.3242 |    3687.0615 |    3690.7347 |    3692.2015 |    3692.6652 |    3687.3840 |    3691.0242 |
|           CPI           |     2.9932 |     4.7951 |     4.7871 |     4.7916 |     4.7864 |     4.7875 |     4.7821 |     4.7803 |     3.3333 |     3.3842 |      3.3663 |      3.3332 |      3.3980 |      3.5023 |      3.3447 |      3.3273 |      4.8025 |      4.8007 |      4.8021 |      4.8022 |      4.8002 |      4.8026 |      4.8039 |      4.8115 |      4.8460 |      4.8557 |      4.8590 |      4.8524 |      4.8496 |      4.8515 |      4.8501 |      4.8591 |      3.8120 |      3.7607 |      3.7460 |      3.9061 |      3.9306 |      3.8791 |      3.9862 |      4.1179 |      4.6971 |      4.7579 |      4.8061 |      4.7902 |      4.7688 |      4.7698 |      4.7886 |      4.8102 |      3.7553 |      3.7623 |      3.7537 |      3.7222 |      3.7479 |      3.7494 |      3.8008 |      3.7859 |      3.2995 |      3.2574 |      3.2968 |      3.2946 |      3.3293 |      3.3440 |      3.4152 |      3.3878 |      3.8456 |      3.8552 |      3.8460 |      3.8688 |      3.8664 |      3.8704 |      3.8948 |      3.9141 |      4.5734 |      4.5427 |      4.5661 |      4.5779 |      4.5915 |      4.5823 |      4.6061 |      4.6078 |      4.1771 |      4.1318 |      4.1507 |      4.2289 |      4.2428 |      4.2388 |      4.2624 |      4.2303 |      4.3995 |      4.4010 |      4.3747 |      4.4030 |      4.4371 |      4.4247 |      4.4562 |      4.4695 |      5.1831 |      5.1882 |      5.1584 |      5.1914 |       5.1889 |       5.1942 |       5.1982 |       5.2047 |       5.0031 |       5.0089 |       5.0170 |       5.0055 |       5.0145 |       5.0154 |       5.0202 |       5.0255 |       5.1855 |       5.1935 |       5.1955 |       5.1974 |       5.1945 |       5.1883 |       5.1986 |       5.1988 |       4.9449 |       4.9425 |       4.9392 |       4.9454 |       4.9483 |       5.0900 |       5.2590 |       6.2446 |
| L3 bandwidth [MBytes/s] |  3057.1525 |   619.2378 |   623.5487 |   623.0165 |   627.0252 |   621.4475 |   623.7624 |   622.3958 |   609.0549 |   611.6614 |    604.9827 |    609.4662 |    605.8763 |    614.6923 |    608.1248 |    610.1929 |    619.2206 |    615.1404 |    614.7202 |    606.8723 |    608.1248 |    600.5016 |    614.2711 |    612.7083 |    625.6058 |    620.8549 |    621.6522 |    619.4811 |    614.3329 |    613.9252 |    609.6575 |    619.7525 |    628.3992 |    627.4650 |    623.9046 |    643.1627 |    642.0820 |    632.4882 |    638.6213 |    630.6449 |    615.9282 |    618.7002 |    628.8337 |    626.7022 |    630.0779 |    626.1849 |    628.0945 |    630.4051 |    628.9311 |    626.5164 |    617.1009 |    619.9890 |    620.0572 |    627.9442 |    629.0592 |    625.9611 |    655.2104 |    647.8444 |    651.8562 |    644.3764 |    648.1155 |    646.8024 |    655.6156 |    652.1857 |    629.7487 |    635.3562 |    631.2589 |    636.2388 |    625.2057 |    632.7535 |    630.3448 |    646.3823 |    646.1025 |    650.3279 |    647.3210 |    650.1921 |    645.2802 |    647.0040 |    645.3992 |    641.7450 |    670.4356 |    671.3904 |    676.1060 |    673.1484 |    677.4731 |    674.1597 |    667.2921 |    669.8398 |    655.0763 |    660.5602 |    654.2989 |    661.4160 |    670.1722 |    668.4961 |    678.6685 |    671.5526 |    703.2046 |    698.1695 |    698.5661 |    697.1331 |     704.8508 |     706.3573 |     705.0266 |     714.2104 |     722.5018 |     717.4232 |     719.5034 |     714.6847 |     716.3611 |     721.7289 |     723.0475 |     734.5248 |     716.3703 |     725.0525 |     726.5389 |     733.5800 |     733.8941 |     732.8056 |     739.0774 |     739.9850 |     744.9701 |     745.5528 |     752.6377 |     749.2998 |     749.5225 |     727.7809 |     691.2958 |     501.1174 |
| L3 data volume [GBytes] |  3770.4848 |   763.7259 |   769.0428 |   768.3864 |   773.3304 |   766.4513 |   769.3063 |   767.6208 |   751.1670 |   754.3817 |    746.1447 |    751.6743 |    747.2468 |    758.1199 |    750.0199 |    752.5706 |    763.7048 |    758.6725 |    758.1542 |    748.4752 |    750.0199 |    740.6180 |    757.6004 |    755.6729 |    771.5798 |    765.7203 |    766.7037 |    764.0261 |    757.6766 |    757.1738 |    751.9103 |    764.3607 |    775.0250 |    773.8728 |    769.4816 |    793.2332 |    791.9005 |    780.0682 |    787.6323 |    777.7947 |    759.6441 |    763.0629 |    775.5608 |    772.9321 |    777.0954 |    772.2940 |    774.6492 |    777.4989 |    775.6810 |    772.7029 |    761.0904 |    764.6525 |    764.7366 |    774.4638 |    775.8390 |    772.0180 |    808.0921 |    799.0074 |    803.9552 |    794.7302 |    799.3417 |    797.7222 |    808.5919 |    804.3616 |    776.6894 |    783.6053 |    778.5519 |    784.6938 |    771.0863 |    780.3953 |    777.4246 |    797.2042 |    796.8591 |    802.0703 |    798.3618 |    801.9029 |    795.8449 |    797.9709 |    795.9916 |    791.4849 |    826.8699 |    828.0475 |    833.8634 |    830.2156 |    835.5494 |    831.4629 |    822.9929 |    826.1350 |    807.9267 |    814.6902 |    806.9679 |    815.7457 |    826.5450 |    824.4778 |    837.0237 |    828.2474 |    867.2849 |    861.0749 |    861.5641 |    859.7967 |     869.3152 |     871.1733 |     869.5320 |     880.8587 |     891.0848 |     884.8211 |     887.3867 |     881.4437 |     883.5113 |     890.1316 |     891.7578 |     905.9132 |     883.5226 |     894.2307 |     896.0638 |     904.7478 |     905.1352 |     903.7928 |     911.5280 |     912.6474 |     918.7956 |     919.5143 |     928.2523 |     924.1356 |     924.4103 |     897.5957 |     852.5975 |     618.0443 |
+-------------------------+------------+------------+------------+------------+------------+------------+------------+------------+------------+------------+-------------+-------------+-------------+-------------+-------------+-------------+-------------+-------------+-------------+-------------+-------------+-------------+-------------+-------------+-------------+-------------+-------------+-------------+-------------+-------------+-------------+-------------+-------------+-------------+-------------+-------------+-------------+-------------+-------------+-------------+-------------+-------------+-------------+-------------+-------------+-------------+-------------+-------------+-------------+-------------+-------------+-------------+-------------+-------------+-------------+-------------+-------------+-------------+-------------+-------------+-------------+-------------+-------------+-------------+-------------+-------------+-------------+-------------+-------------+-------------+-------------+-------------+-------------+-------------+-------------+-------------+-------------+-------------+-------------+-------------+-------------+-------------+-------------+-------------+-------------+-------------+-------------+-------------+-------------+-------------+-------------+-------------+-------------+-------------+-------------+-------------+-------------+-------------+-------------+-------------+--------------+--------------+--------------+--------------+--------------+--------------+--------------+--------------+--------------+--------------+--------------+--------------+--------------+--------------+--------------+--------------+--------------+--------------+--------------+--------------+--------------+--------------+--------------+--------------+--------------+--------------+--------------+--------------+

+------------------------------+-------------+-----------+-----------+-----------+
|            Metric            |     Sum     |    Min    |    Max    |    Avg    |
+------------------------------+-------------+-----------+-----------+-----------+
|   Runtime (RDTSC) [s] STAT   | 157866.5344 | 1233.3323 | 1233.3323 | 1233.3323 |
|   Runtime unhalted [s] STAT  | 176574.8132 | 1044.1017 | 1753.0595 | 1379.4907 |
|       Clock [MHz] STAT       | 471037.2069 | 3603.1885 | 3697.9842 | 3679.9782 |
|           CPI STAT           |    567.8919 |    2.9932 |    6.2446 |    4.4367 |
| L3 bandwidth [MBytes/s] STAT |  86245.2409 |  501.1174 | 3057.1525 |  673.7909 |
| L3 data volume [GBytes] STAT | 106369.0371 |  618.0443 | 3770.4848 |  831.0081 |
+------------------------------+-------------+-----------+-----------+-----------+

