INFO: You are running LIKWID in a cpuset with 144 CPUs. Taking given IDs as logical ID in cpuset
--------------------------------------------------------------------------------
CPU name:	AMD EPYC 9A14 96-Core Processor                
CPU type:	AMD K19 (Zen4) architecture
CPU clock:	2.60 GHz
--------------------------------------------------------------------------------
Use symmetry. Molecule point group: Dooh
Norb: 18   Ne: (8, 8)
Running RHF...
SCF not converged.
SCF energy = -149.453202296777
Running FCI ...
Guessing CI wfn symmetry = 0
Num symmetry allowed elements 239373732
tol 1e-10  toloose 1e-05
max_cycle 100  max_space 12  max_memory 746709  incore True
    CPU time for contract_2e  10793.47 sec, wall time     81.89 sec
davidson 0 1  |r|= 0.965  e= [-177.41918315]  max|de|= -177  lindep=    1
    CPU time for contract_2e  10601.42 sec, wall time     82.20 sec
davidson 1 2  |r|= 0.477  e= [-177.66345341]  max|de|= -0.244  lindep= 0.976
    CPU time for contract_2e  10606.59 sec, wall time     83.94 sec
davidson 2 3  |r|= 0.189  e= [-177.71009544]  max|de|= -0.0466  lindep= 0.997
    CPU time for contract_2e  10577.31 sec, wall time     84.81 sec
davidson 3 4  |r|= 0.0734  e= [-177.71605069]  max|de|= -0.00596  lindep= 0.98
    CPU time for contract_2e  10436.49 sec, wall time     83.59 sec
davidson 4 5  |r|= 0.0317  e= [-177.71693538]  max|de|= -0.000885  lindep= 0.96
    CPU time for contract_2e  10532.08 sec, wall time     85.21 sec
davidson 5 6  |r|= 0.0142  e= [-177.71710364]  max|de|= -0.000168  lindep= 0.93
    CPU time for contract_2e  10516.27 sec, wall time     85.97 sec
davidson 6 7  |r|= 0.00606  e= [-177.71713434]  max|de|= -3.07e-05  lindep= 0.918
    CPU time for contract_2e  10464.72 sec, wall time     86.56 sec
davidson 7 8  |r|= 0.00244  e= [-177.71713934]  max|de|= -5e-06  lindep= 0.932
    CPU time for contract_2e  10489.28 sec, wall time     87.42 sec
davidson 8 9  |r|= 0.000953  e= [-177.71714013]  max|de|= -7.84e-07  lindep= 0.926
    CPU time for contract_2e  10573.55 sec, wall time     89.00 sec
davidson 9 10  |r|= 0.000379  e= [-177.71714025]  max|de|= -1.21e-07  lindep= 0.919
    CPU time for contract_2e  10513.74 sec, wall time     89.39 sec
davidson 10 11  |r|= 0.000155  e= [-177.71714027]  max|de|= -1.73e-08  lindep= 0.942
    CPU time for contract_2e  10527.49 sec, wall time     90.44 sec
davidson 11 12  |r|= 6.24e-05  e= [-177.71714027]  max|de|= -2.81e-09  lindep= 0.939
    CPU time for contract_2e  10510.04 sec, wall time     91.58 sec
davidson 12 1  |r|= 6.24e-05  e= [-177.71714027]  max|de|= 1.32e-11  lindep=    1
    CPU time for contract_2e  10451.49 sec, wall time     81.31 sec
davidson 13 2  |r|= 2.68e-05  e= [-177.71714027]  max|de|= -3.93e-10  lindep= 0.988
    CPU time for contract_2e  10452.27 sec, wall time     82.03 sec
davidson 14 3  |r|= 1.29e-05  e= [-177.71714027]  max|de|= -1.22e-10  lindep= 0.879
    CPU time for contract_2e  10488.75 sec, wall time     83.13 sec
root 0 converged  |r|= 5.47e-06  e= -177.7171402703174  max|de|= -2.3e-11
converged 15 4  |r|= 5.47e-06  e= [-177.71714027]  max|de|= -2.3e-11
--------------------------------------------------------------------------------
Group 1: L3
+-----------------------------+---------+---------------+---------------+---------------+---------------+---------------+---------------+---------------+---------------+---------------+---------------+---------------+---------------+---------------+---------------+---------------+---------------+---------------+---------------+---------------+---------------+---------------+---------------+---------------+---------------+---------------+---------------+---------------+---------------+---------------+---------------+---------------+---------------+---------------+---------------+---------------+---------------+---------------+---------------+---------------+---------------+---------------+---------------+---------------+---------------+---------------+---------------+---------------+---------------+---------------+---------------+---------------+---------------+---------------+---------------+---------------+---------------+---------------+---------------+---------------+---------------+---------------+---------------+---------------+---------------+---------------+---------------+---------------+---------------+---------------+---------------+---------------+---------------+---------------+---------------+---------------+---------------+---------------+---------------+---------------+---------------+---------------+---------------+---------------+---------------+---------------+---------------+---------------+---------------+---------------+---------------+---------------+---------------+---------------+---------------+---------------+---------------+---------------+---------------+---------------+---------------+---------------+---------------+---------------+---------------+---------------+---------------+---------------+---------------+---------------+---------------+---------------+---------------+---------------+---------------+---------------+---------------+---------------+---------------+---------------+---------------+---------------+---------------+---------------+---------------+---------------+---------------+---------------+---------------+---------------+---------------+---------------+---------------+---------------+---------------+---------------+---------------+---------------+---------------+---------------+---------------+---------------+---------------+---------------+---------------+
|            Event            | Counter |   HWThread 0  |   HWThread 1  |   HWThread 2  |   HWThread 3  |   HWThread 4  |   HWThread 5  |   HWThread 6  |   HWThread 7  |   HWThread 8  |   HWThread 9  |  HWThread 10  |  HWThread 11  |  HWThread 12  |  HWThread 13  |  HWThread 14  |  HWThread 15  |  HWThread 16  |  HWThread 17  |  HWThread 18  |  HWThread 19  |  HWThread 20  |  HWThread 21  |  HWThread 22  |  HWThread 23  |  HWThread 24  |  HWThread 25  |  HWThread 26  |  HWThread 27  |  HWThread 28  |  HWThread 29  |  HWThread 30  |  HWThread 31  |  HWThread 32  |  HWThread 33  |  HWThread 34  |  HWThread 35  |  HWThread 36  |  HWThread 37  |  HWThread 38  |  HWThread 39  |  HWThread 40  |  HWThread 41  |  HWThread 42  |  HWThread 43  |  HWThread 44  |  HWThread 45  |  HWThread 46  |  HWThread 47  |  HWThread 48  |  HWThread 49  |  HWThread 50  |  HWThread 51  |  HWThread 52  |  HWThread 53  |  HWThread 54  |  HWThread 55  |  HWThread 56  |  HWThread 57  |  HWThread 58  |  HWThread 59  |  HWThread 60  |  HWThread 61  |  HWThread 62  |  HWThread 63  |  HWThread 64  |  HWThread 65  |  HWThread 66  |  HWThread 67  |  HWThread 68  |  HWThread 69  |  HWThread 70  |  HWThread 71  |  HWThread 72  |  HWThread 73  |  HWThread 74  |  HWThread 75  |  HWThread 76  |  HWThread 77  |  HWThread 78  |  HWThread 79  |  HWThread 80  |  HWThread 81  |  HWThread 82  |  HWThread 83  |  HWThread 84  |  HWThread 85  |  HWThread 86  |  HWThread 87  |  HWThread 88  |  HWThread 89  |  HWThread 90  |  HWThread 91  |  HWThread 92  |  HWThread 93  |  HWThread 94  |  HWThread 95  |  HWThread 96  |  HWThread 97  |  HWThread 98  |  HWThread 99  |  HWThread 100 |  HWThread 101 |  HWThread 102 |  HWThread 103 |  HWThread 104 |  HWThread 105 |  HWThread 106 |  HWThread 107 |  HWThread 108 |  HWThread 109 |  HWThread 110 |  HWThread 111 |  HWThread 112 |  HWThread 113 |  HWThread 114 |  HWThread 115 |  HWThread 116 |  HWThread 117 |  HWThread 118 |  HWThread 119 |  HWThread 120 |  HWThread 121 |  HWThread 122 |  HWThread 123 |  HWThread 124 |  HWThread 125 |  HWThread 126 |  HWThread 127 |  HWThread 128 |  HWThread 129 |  HWThread 130 |  HWThread 131 |  HWThread 132 |  HWThread 133 |  HWThread 134 |  HWThread 135 |  HWThread 136 |  HWThread 137 |  HWThread 138 |  HWThread 139 |  HWThread 140 |  HWThread 141 |  HWThread 142 |  HWThread 143 |
+-----------------------------+---------+---------------+---------------+---------------+---------------+---------------+---------------+---------------+---------------+---------------+---------------+---------------+---------------+---------------+---------------+---------------+---------------+---------------+---------------+---------------+---------------+---------------+---------------+---------------+---------------+---------------+---------------+---------------+---------------+---------------+---------------+---------------+---------------+---------------+---------------+---------------+---------------+---------------+---------------+---------------+---------------+---------------+---------------+---------------+---------------+---------------+---------------+---------------+---------------+---------------+---------------+---------------+---------------+---------------+---------------+---------------+---------------+---------------+---------------+---------------+---------------+---------------+---------------+---------------+---------------+---------------+---------------+---------------+---------------+---------------+---------------+---------------+---------------+---------------+---------------+---------------+---------------+---------------+---------------+---------------+---------------+---------------+---------------+---------------+---------------+---------------+---------------+---------------+---------------+---------------+---------------+---------------+---------------+---------------+---------------+---------------+---------------+---------------+---------------+---------------+---------------+---------------+---------------+---------------+---------------+---------------+---------------+---------------+---------------+---------------+---------------+---------------+---------------+---------------+---------------+---------------+---------------+---------------+---------------+---------------+---------------+---------------+---------------+---------------+---------------+---------------+---------------+---------------+---------------+---------------+---------------+---------------+---------------+---------------+---------------+---------------+---------------+---------------+---------------+---------------+---------------+---------------+---------------+---------------+---------------+
|       ACTUAL_CPU_CLOCK      |  FIXC1  | 5366951193295 | 4728244936646 | 4712805647439 | 4708065754541 | 4715140616387 | 4707031612478 | 4708854612645 | 4711671748200 | 3829265411229 | 3992230828447 | 3762979734193 | 3805098927438 | 3908591603317 | 3649082586542 | 3555164659306 | 3901135302411 | 4721878819858 | 4713593571312 | 4709651679445 | 4705922772577 | 4703579633537 | 4714283101753 | 4716159415358 | 4690866590736 | 4694888743109 | 4703647765790 | 4709277909418 | 4689981477692 | 4706189844335 | 4693153351629 | 4698730760510 | 4702321411414 | 4476829902891 | 4557841352433 | 4460027424794 | 4545785626217 | 4628860067043 | 4544749590211 | 4646426730211 | 4598159485203 | 4711390777436 | 4711313589370 | 4706056361568 | 4698685441293 | 4668554745298 | 4665964636460 | 4684856929480 | 4675697910968 | 4260109152527 | 4220232280706 | 4167680884276 | 4240379720756 | 4307885908978 | 4331219103688 | 4342740622066 | 4377449670843 | 4092093741748 | 4100546937193 | 4030358589764 | 4072749538314 | 4092905114238 | 4151803880896 | 4195660763795 | 4147804680801 | 4179401902342 | 4184095778979 | 4092903313332 | 4148892594506 | 4162200449688 | 4188413125156 | 4243786744434 | 4283667374248 | 3548881398690 | 3576467114882 | 3510189446933 | 3562874191969 | 3561420457923 | 3558392215255 | 3628767663040 | 3663558195306 | 3407861701453 | 3424060749901 | 3402013978503 | 3430458560993 | 3445412617920 | 3453581130958 | 3506231273782 | 3541077942983 | 3424160101065 | 3397278436956 | 3392109795374 | 3406345348648 | 3420696257143 | 3448712723338 | 3517497189619 | 3547181296791 | 4472090918803 | 4467808064054 | 4604921348364 | 4430663655260 | 4609567261211 | 4563826804962 | 4588969240870 | 4611836066902 | 4252339367340 | 4266629341411 | 4405448591257 | 4437325581385 | 4284748088611 | 4281891476613 | 4407603726163 | 4341050616293 | 4679515312189 | 4678866624799 | 4676914322702 | 4680798136064 | 4681347973708 | 4679773399524 | 4685416644514 | 4686117362201 | 4684260819555 | 4684338704426 | 4693755737126 | 4683704709927 | 4683638675949 | 4686877942096 | 4686545912613 | 4683688286039 | 4681493311499 | 4681709570268 | 4682060068292 | 4681951648838 | 4681651314527 | 4681856385010 | 4681865693585 | 4681609545398 | 4683833031822 | 4683860699806 | 4683739147820 | 4683790021880 | 4683672097919 | 4664851138581 | 4673897146560 | 4638939443751 |
|        MAX_CPU_CLOCK        |  FIXC2  | 3773093410294 | 3352282257454 | 3326545482494 | 3321131326968 | 3328482417312 | 3321504063852 | 3321825862030 | 3325367397664 | 2759255765136 | 2875668491982 | 2740824286772 | 2774627103586 | 2834200494710 | 2685159224722 | 2633198490702 | 2830202614746 | 3333767349718 | 3325817335360 | 3321528981316 | 3317709107960 | 3315532614966 | 3326724194950 | 3328483365428 | 3302610339184 | 3307388456268 | 3316441175060 | 3322665224996 | 3301885696980 | 3318682306082 | 3305340354004 | 3310911391866 | 3315265282238 | 3170671162542 | 3218727816902 | 3165526267098 | 3211371630012 | 3259793466098 | 3208155845830 | 3278819351366 | 3246161560460 | 3325850764626 | 3325796244732 | 3321132640488 | 3314235970162 | 3298677025514 | 3293401580716 | 3309342268648 | 3300113497668 | 3009798300496 | 2985234359510 | 2948863481980 | 2999129347812 | 3046716075000 | 3062229772992 | 3066079348618 | 3094453214398 | 2891838221012 | 2898662411892 | 2853312697638 | 2883121019740 | 2894581434238 | 2935863892650 | 2966027096682 | 2933679996650 | 2954140347106 | 2957879018068 | 2894319416378 | 2933351804006 | 2942791705542 | 2960353885398 | 2998908349060 | 3027334965694 | 2503325565780 | 2523616798066 | 2472494106498 | 2513988722362 | 2512968487068 | 2508594910718 | 2556896302740 | 2582147868352 | 2414452876394 | 2423667335752 | 2408685544486 | 2424686996316 | 2433022060586 | 2444186602884 | 2480806555188 | 2506973742806 | 2420335743046 | 2400702449288 | 2401572342104 | 2403775133578 | 2417341516538 | 2437128334186 | 2489299426172 | 2509203479016 | 3178013183228 | 3178641466052 | 3253271724352 | 3153171176662 | 3253502329558 | 3226584536292 | 3241763585112 | 3253823815554 | 3049383785188 | 3056993134546 | 3136365440416 | 3154374704468 | 3067805237068 | 3066148834788 | 3141185298264 | 3099739754332 | 3292013118576 | 3291727005190 | 3289994898346 | 3292355669460 | 3292692184158 | 3292899343370 | 3296392315450 | 3297337707586 | 3294906534660 | 3294880700722 | 3304857608416 | 3294307730480 | 3294209007310 | 3297270750384 | 3297363950140 | 3294225493390 | 3292900220948 | 3292919280326 | 3293198826866 | 3293105898628 | 3292961537658 | 3293163283800 | 3293123616172 | 3292945218836 | 3294372691792 | 3294333529942 | 3294291572520 | 3294307924986 | 3294241845492 | 3281061327518 | 3290845192544 | 3265459854748 |
|     RETIRED_INSTRUCTIONS    |   PMC0  | 1313980485896 |  706322329752 |  707487349773 |  705931071898 |  705507941711 |  706228005562 |  704299298716 |  704661060939 |  735275566867 |  733293677972 |  735980002030 |  734212080891 |  733990167586 |  734972057246 |  736304686690 |  733393448642 |  702193499574 |  701130490481 |  701651912664 |  700942717414 |  701175249249 |  701399576993 |  700227863356 |  694892606532 |  705768189498 |  706691393712 |  707317820404 |  703900551809 |  705445813955 |  704227401221 |  702783899438 |  702475778826 |  729494142603 |  728430453366 |  730799383616 |  727829573720 |  723993604642 |  727471165947 |  723871866956 |  724758951635 |  711744827787 |  711312564918 |  711458667997 |  709506965718 |  709812032165 |  710383144579 |  708727578480 |  706712407510 |  728464547344 |  729187322408 |  728660989373 |  729237296986 |  729174250799 |  729309678185 |  728661557828 |  728602733548 |  754930982618 |  755538402582 |  755250273422 |  754620814826 |  756049091013 |  755397483745 |  755866174971 |  755026729207 |  729296913868 |  729228585516 |  729047638129 |  729097186426 |  728908818946 |  729166479470 |  729409711278 |  729149685021 |  720746516410 |  721038382625 |  720061938805 |  720538788981 |  721121919479 |  720944769418 |  721297337226 |  721084115296 |  751197478007 |  751466808166 |  752195381929 |  750847377097 |  748565893187 |  751311757045 |  751659751709 |  744419705546 |  726758134923 |  728693010356 |  728185011427 |  726410073171 |  726325612983 |  726567773511 |  727409629530 |  726052942894 |  666794190213 |  666700409027 |  662353877338 |  666761664366 |  662255776196 |  661846750354 |  660638422328 |  659031566174 |  688400686287 |  688157163315 |  685437621017 |  683814444031 |  687838588857 |  687829499962 |  684806088809 |  685207427525 |  659906253575 |  659112135982 |  659580364112 |  658045039840 |  658891586490 |  658642400719 |  657651556825 |  656972537204 |  650253942411 |  649794960272 |  650530876937 |  649425116582 |  649964042090 |  649643005753 |  648576334050 |  648862036841 |  689429400465 |  689102296200 |  688265585622 |  690385733916 |  691481342488 |  690593501001 |  689279716323 |  688990548116 |  652495896281 |  652671189798 |  653369770352 |  652652764172 |  637007424605 |  625167428863 |  590706099674 |  570710871289 |
|     CPU_CLOCKS_UNHALTED     |   PMC1  | 4718003793382 | 4264489501270 | 4260698112065 | 4258973683488 | 4258979582530 | 4260781520831 | 4259439665569 | 4258830735888 | 3486227016574 | 3647199114676 | 3454446224050 | 3489075434665 | 3574429191255 | 3351983657109 | 3261667712134 | 3573260704116 | 4261597637587 | 4264150393409 | 4263987472027 | 4261121689834 | 4258922706635 | 4264609245594 | 4260270814467 | 4224598412726 | 4257097308417 | 4248744673260 | 4268052995647 | 4257306395632 | 4258349207474 | 4258438968347 | 4253666345220 | 4252814731051 | 4070700979079 | 4145689867955 | 4054315452893 | 4135499895087 | 4202192845740 | 4138993251961 | 4204025249365 | 4170688346348 | 4272009422554 | 4271956101116 | 4276760064327 | 4265574296614 | 4228866056319 | 4238698255975 | 4243615390470 | 4239612010671 | 3897452347543 | 3861349296176 | 3824713249465 | 3877175066410 | 3935234684574 | 3958098241532 | 3969313168361 | 3993788736689 | 3751660963242 | 3757363113317 | 3701083788130 | 3732195348726 | 3750066617787 | 3801179706469 | 3838787099135 | 3795681205617 | 3828497158856 | 3837045773524 | 3756881902891 | 3802596240072 | 3809847609777 | 3840589255357 | 3885749801384 | 3916187294072 | 3327383162706 | 3350611641576 | 3311353673633 | 3343689004684 | 3343074300474 | 3343143256303 | 3402307184847 | 3430665297158 | 3199339802694 | 3217902728987 | 3201806666448 | 3232314789620 | 3245916083589 | 3246075048506 | 3286638565250 | 3313989526123 | 3220682115732 | 3196853252482 | 3189860797954 | 3211412584112 | 3219433934133 | 3242285256301 | 3291048467873 | 3316817632668 | 4109269132968 | 4099735129868 | 4220012780233 | 4075387053623 | 4224789920136 | 4183717700249 | 4207022886760 | 4222296067837 | 3920400728069 | 3935658220187 | 4050025015218 | 4075963666244 | 3941134855257 | 3948054824312 | 4045912111891 | 3993270707966 | 4297053531277 | 4285667132830 | 4292450506153 | 4289373713907 | 4292153807756 | 4290964552511 | 4291007210839 | 4296812331181 | 4329118893328 | 4333868482558 | 4334669545461 | 4335801931168 | 4332147089164 | 4331590354386 | 4334701089455 | 4335233864013 | 4325176931986 | 4332468178587 | 4332547366048 | 4331326525088 | 4335795114309 | 4333304103165 | 4324853717814 | 4335568842610 | 4336269112726 | 4329096726143 | 4341337646733 | 4335862174827 | 4327376540408 | 4312709632338 | 4312698728172 | 4271618628870 |
|       L2_PF_HIT_IN_L3       |   PMC2  |   12600841987 |    1850375529 |    1876278251 |    1882717813 |    1864900331 |    1837482399 |    1843413035 |    1833042899 |    1630088998 |    1706648916 |    1712224892 |    1754269776 |    1825522220 |    1766625069 |    1711513813 |    1638382219 |    1746856782 |    1851352579 |    1804068458 |    1746038420 |    1755676717 |    1760319927 |    1777570688 |    1700370059 |    1707564236 |    1751717237 |    1824542587 |    1856020280 |    1807229086 |    1725540910 |    1871052728 |    1824865162 |    1773969517 |    1797811004 |    1678403722 |    1814553451 |    1852697833 |    1835495115 |    1778343329 |    1665804333 |    2023962593 |    2076585321 |    2067208518 |    2010628656 |    1734152347 |    1838513391 |    1902956723 |    1777377292 |    1735005622 |    1683898235 |    1744116436 |    1830347395 |    1906925486 |    1949529236 |    1865228743 |    1873243677 |    1919451106 |    1843389065 |    1786861897 |    1772314170 |    2013273666 |    1951146272 |    1911673327 |    1687552962 |    1736348435 |    1798570532 |    1734477146 |    1719976889 |    1710250019 |    1772194741 |    1823227031 |    1774086908 |    1590067560 |    1662733134 |    1740698180 |    1755043704 |    1747970567 |    1690401487 |    1712844622 |    1764177959 |    1983509892 |    2025148152 |    1945699571 |    2012031068 |    2103560638 |    1955405339 |    1901770645 |    1634042153 |    2014580002 |    2052730555 |    2069709051 |    2087372055 |    2010133622 |    2108365516 |    2154184026 |    2070947251 |    1909234341 |    1989960869 |    2114362284 |    2119591502 |    2130792169 |    2047411247 |    1984256067 |    2027112237 |    2032042263 |    2041931187 |    2037792414 |    2048569453 |    2102959270 |    2119092098 |    2121229512 |    1902269699 |    2006145317 |    2135462044 |    2169720024 |    2079066429 |    2106813640 |    2122220927 |    2135494948 |    2022100810 |    2178593743 |    2185380025 |    2237490036 |    2311837601 |    2265305111 |    2163773888 |    2224582752 |    2042741615 |    2292010655 |    2325459045 |    2316485613 |    2203445642 |    2383505085 |    2290985032 |    2266710948 |    1970971864 |    2199435237 |    2239542610 |    2257288220 |    2189501152 |    2120551032 |    2181937714 |    2196186043 |    1747206852 |
|       L2_PF_MISS_IN_L3      |   PMC3  |   38302359274 |    4819932866 |    4801711792 |    4739260479 |    4793993201 |    4733152021 |    4757374557 |    4811605165 |    5762165201 |    5658678772 |    5614465987 |    5602650100 |    5626304395 |    5495843416 |    5629662743 |    5677474540 |    4918056822 |    4822970484 |    4862848862 |    4789924335 |    4803680622 |    4867553292 |    4905813125 |    4870634483 |    5020012019 |    4982892285 |    5033008073 |    4915445627 |    5035639470 |    4980640506 |    4976493399 |    5026203297 |    5733776339 |    5694995438 |    5738776192 |    5706045544 |    5697104336 |    5655455270 |    5772101412 |    5768895233 |    5123124405 |    5052711827 |    4887165845 |    4906764172 |    5026205784 |    5079060629 |    5102328291 |    5142627252 |    5168956017 |    5140103935 |    5145576845 |    5129520776 |    5070006935 |    5034133254 |    5042132983 |    5124504825 |    6440480185 |    6342329695 |    6355972843 |    6365734243 |    6303206957 |    6301362945 |    6327397676 |    6467547406 |    5362775931 |    5294064295 |    5385589104 |    5330663969 |    5376367253 |    5341863717 |    5374052265 |    5303154990 |    5205112854 |    5160269116 |    5053782696 |    5111885067 |    5112214929 |    5072020252 |    5140154898 |    5127742697 |    6269140747 |    6157149355 |    6258283597 |    6174696037 |    5949996831 |    6230959645 |    6240294118 |    6082731766 |    5318072709 |    5336821403 |    5327949107 |    5241945529 |    5277947269 |    5160027026 |    5225114302 |    5307909762 |    6315153209 |    6217634650 |    6187889158 |    6126255988 |    6132648802 |    6157057579 |    6216729630 |    6238021309 |    6356904528 |    6288320847 |    6275699178 |    6267535700 |    6302223932 |    6275940196 |    6290243261 |    6376800953 |    6484254506 |    6427734232 |    6422105609 |    6396339221 |    6385637135 |    6417620679 |    6476961135 |    6564169425 |    7026772298 |    7048562948 |    7041900824 |    7033562244 |    7026497042 |    7050449552 |    7003393331 |    7228525507 |    7614940347 |    7554673567 |    7283249307 |    7413505987 |    7364361715 |    7430132835 |    7404458236 |    7627468653 |    6547573069 |    6568773872 |    6574460785 |    6558245458 |    6420361069 |    6283276790 |    5927635981 |    5737557689 |
| L2_CACHE_MISS_AFTER_L1_MISS |   PMC4  |    7933298883 |    4837043321 |    4841354301 |    4945968497 |    4823016208 |    4786887459 |    4800814886 |    4863087427 |    4264630549 |    4216844454 |    4124321510 |    4174424189 |    4201702539 |    4126567567 |    4046218915 |    4181688534 |    4807370191 |    4861851359 |    4801965221 |    4756904275 |    4773660430 |    4764140113 |    4818922673 |    4776189100 |    4654414484 |    4642716959 |    4752211681 |    4745274412 |    4701711053 |    4627438863 |    4706918524 |    4735929701 |    4340316515 |    4338454417 |    4242317227 |    4372656810 |    4353952057 |    4318716785 |    4287989836 |    4289058354 |    4910928866 |    4901742991 |    4949040414 |    4890584362 |    4888951531 |    4771406056 |    4772232556 |    4786391943 |    4879706664 |    4810875566 |    4876053046 |    4925959343 |    4930585792 |    4951365924 |    4901342320 |    5014715243 |    4209694344 |    4139852030 |    4127968064 |    4187179979 |    4232811585 |    4228798573 |    4162145690 |    4132298419 |    4881026717 |    4963475784 |    4945122846 |    4894384132 |    4895341328 |    4901453166 |    4901444972 |    5069577863 |    4736621332 |    4761257486 |    4883642665 |    4871343286 |    4778705787 |    4719736949 |    4811436707 |    4927894467 |    4072301782 |    4009977292 |    3950671410 |    4056747517 |    4207942020 |    4079846377 |    4014772383 |    4413317601 |    4694544340 |    4635989387 |    4605528187 |    4647382964 |    4552107499 |    4779604701 |    4753049430 |    4713805265 |    4823832417 |    4793159998 |    5061883663 |    4839656151 |    5060900792 |    4986471379 |    4986004752 |    5090994573 |    4872664614 |    4871576819 |    4954396653 |    5003035341 |    4891912418 |    4873758388 |    4969011133 |    4897512922 |    4833208785 |    4843542931 |    4838001110 |    4887845649 |    4893433026 |    4816538730 |    4991133580 |    4979138001 |    3968919108 |    4073298301 |    4055951332 |    4132836503 |    4069553348 |    4159937180 |    4282411496 |    4250208353 |    3690001175 |    3773583757 |    4030593459 |    4040818943 |    4062966087 |    4155954971 |    4247081163 |    4147752219 |    5234643049 |    5288352111 |    5355031629 |    5308020041 |    5142135632 |    5149313653 |    4651368977 |    4370526781 |
+-----------------------------+---------+---------------+---------------+---------------+---------------+---------------+---------------+---------------+---------------+---------------+---------------+---------------+---------------+---------------+---------------+---------------+---------------+---------------+---------------+---------------+---------------+---------------+---------------+---------------+---------------+---------------+---------------+---------------+---------------+---------------+---------------+---------------+---------------+---------------+---------------+---------------+---------------+---------------+---------------+---------------+---------------+---------------+---------------+---------------+---------------+---------------+---------------+---------------+---------------+---------------+---------------+---------------+---------------+---------------+---------------+---------------+---------------+---------------+---------------+---------------+---------------+---------------+---------------+---------------+---------------+---------------+---------------+---------------+---------------+---------------+---------------+---------------+---------------+---------------+---------------+---------------+---------------+---------------+---------------+---------------+---------------+---------------+---------------+---------------+---------------+---------------+---------------+---------------+---------------+---------------+---------------+---------------+---------------+---------------+---------------+---------------+---------------+---------------+---------------+---------------+---------------+---------------+---------------+---------------+---------------+---------------+---------------+---------------+---------------+---------------+---------------+---------------+---------------+---------------+---------------+---------------+---------------+---------------+---------------+---------------+---------------+---------------+---------------+---------------+---------------+---------------+---------------+---------------+---------------+---------------+---------------+---------------+---------------+---------------+---------------+---------------+---------------+---------------+---------------+---------------+---------------+---------------+---------------+---------------+---------------+

+----------------------------------+---------+-----------------+---------------+---------------+--------------+
|               Event              | Counter |       Sum       |      Min      |      Max      |      Avg     |
+----------------------------------+---------+-----------------+---------------+---------------+--------------+
|       ACTUAL_CPU_CLOCK STAT      |  FIXC1  | 623220915235049 | 3392109795374 | 5366951193295 | 4.327923e+12 |
|        MAX_CPU_CLOCK STAT        |  FIXC2  | 440731875868440 | 2400702449288 | 3773093410294 | 3.060638e+12 |
|     RETIRED_INSTRUCTIONS STAT    |   PMC0  | 101978590720813 |  570710871289 | 1313980485896 | 7.081847e+11 |
|     CPU_CLOCKS_UNHALTED STAT     |   PMC1  | 571931829382991 | 3189860797954 | 4718003793382 | 3.971749e+12 |
|       L2_PF_HIT_IN_L3 STAT       |   PMC2  |    289106351159 |    1590067560 |   12600841987 | 2.007683e+09 |
|       L2_PF_MISS_IN_L3 STAT      |   PMC3  |    867165529903 |    4733152021 |   38302359274 | 6.021983e+09 |
| L2_CACHE_MISS_AFTER_L1_MISS STAT |   PMC4  |    669052508315 |    3690001175 |    7933298883 | 4.646198e+09 |
+----------------------------------+---------+-----------------+---------------+---------------+--------------+

+-------------------------+------------+------------+------------+------------+------------+------------+------------+------------+------------+------------+-------------+-------------+-------------+-------------+-------------+-------------+-------------+-------------+-------------+-------------+-------------+-------------+-------------+-------------+-------------+-------------+-------------+-------------+-------------+-------------+-------------+-------------+-------------+-------------+-------------+-------------+-------------+-------------+-------------+-------------+-------------+-------------+-------------+-------------+-------------+-------------+-------------+-------------+-------------+-------------+-------------+-------------+-------------+-------------+-------------+-------------+-------------+-------------+-------------+-------------+-------------+-------------+-------------+-------------+-------------+-------------+-------------+-------------+-------------+-------------+-------------+-------------+-------------+-------------+-------------+-------------+-------------+-------------+-------------+-------------+-------------+-------------+-------------+-------------+-------------+-------------+-------------+-------------+-------------+-------------+-------------+-------------+-------------+-------------+-------------+-------------+-------------+-------------+-------------+-------------+--------------+--------------+--------------+--------------+--------------+--------------+--------------+--------------+--------------+--------------+--------------+--------------+--------------+--------------+--------------+--------------+--------------+--------------+--------------+--------------+--------------+--------------+--------------+--------------+--------------+--------------+--------------+--------------+--------------+--------------+--------------+--------------+--------------+--------------+--------------+--------------+--------------+--------------+--------------+--------------+--------------+--------------+--------------+--------------+
|          Metric         | HWThread 0 | HWThread 1 | HWThread 2 | HWThread 3 | HWThread 4 | HWThread 5 | HWThread 6 | HWThread 7 | HWThread 8 | HWThread 9 | HWThread 10 | HWThread 11 | HWThread 12 | HWThread 13 | HWThread 14 | HWThread 15 | HWThread 16 | HWThread 17 | HWThread 18 | HWThread 19 | HWThread 20 | HWThread 21 | HWThread 22 | HWThread 23 | HWThread 24 | HWThread 25 | HWThread 26 | HWThread 27 | HWThread 28 | HWThread 29 | HWThread 30 | HWThread 31 | HWThread 32 | HWThread 33 | HWThread 34 | HWThread 35 | HWThread 36 | HWThread 37 | HWThread 38 | HWThread 39 | HWThread 40 | HWThread 41 | HWThread 42 | HWThread 43 | HWThread 44 | HWThread 45 | HWThread 46 | HWThread 47 | HWThread 48 | HWThread 49 | HWThread 50 | HWThread 51 | HWThread 52 | HWThread 53 | HWThread 54 | HWThread 55 | HWThread 56 | HWThread 57 | HWThread 58 | HWThread 59 | HWThread 60 | HWThread 61 | HWThread 62 | HWThread 63 | HWThread 64 | HWThread 65 | HWThread 66 | HWThread 67 | HWThread 68 | HWThread 69 | HWThread 70 | HWThread 71 | HWThread 72 | HWThread 73 | HWThread 74 | HWThread 75 | HWThread 76 | HWThread 77 | HWThread 78 | HWThread 79 | HWThread 80 | HWThread 81 | HWThread 82 | HWThread 83 | HWThread 84 | HWThread 85 | HWThread 86 | HWThread 87 | HWThread 88 | HWThread 89 | HWThread 90 | HWThread 91 | HWThread 92 | HWThread 93 | HWThread 94 | HWThread 95 | HWThread 96 | HWThread 97 | HWThread 98 | HWThread 99 | HWThread 100 | HWThread 101 | HWThread 102 | HWThread 103 | HWThread 104 | HWThread 105 | HWThread 106 | HWThread 107 | HWThread 108 | HWThread 109 | HWThread 110 | HWThread 111 | HWThread 112 | HWThread 113 | HWThread 114 | HWThread 115 | HWThread 116 | HWThread 117 | HWThread 118 | HWThread 119 | HWThread 120 | HWThread 121 | HWThread 122 | HWThread 123 | HWThread 124 | HWThread 125 | HWThread 126 | HWThread 127 | HWThread 128 | HWThread 129 | HWThread 130 | HWThread 131 | HWThread 132 | HWThread 133 | HWThread 134 | HWThread 135 | HWThread 136 | HWThread 137 | HWThread 138 | HWThread 139 | HWThread 140 | HWThread 141 | HWThread 142 | HWThread 143 |
+-------------------------+------------+------------+------------+------------+------------+------------+------------+------------+------------+------------+-------------+-------------+-------------+-------------+-------------+-------------+-------------+-------------+-------------+-------------+-------------+-------------+-------------+-------------+-------------+-------------+-------------+-------------+-------------+-------------+-------------+-------------+-------------+-------------+-------------+-------------+-------------+-------------+-------------+-------------+-------------+-------------+-------------+-------------+-------------+-------------+-------------+-------------+-------------+-------------+-------------+-------------+-------------+-------------+-------------+-------------+-------------+-------------+-------------+-------------+-------------+-------------+-------------+-------------+-------------+-------------+-------------+-------------+-------------+-------------+-------------+-------------+-------------+-------------+-------------+-------------+-------------+-------------+-------------+-------------+-------------+-------------+-------------+-------------+-------------+-------------+-------------+-------------+-------------+-------------+-------------+-------------+-------------+-------------+-------------+-------------+-------------+-------------+-------------+-------------+--------------+--------------+--------------+--------------+--------------+--------------+--------------+--------------+--------------+--------------+--------------+--------------+--------------+--------------+--------------+--------------+--------------+--------------+--------------+--------------+--------------+--------------+--------------+--------------+--------------+--------------+--------------+--------------+--------------+--------------+--------------+--------------+--------------+--------------+--------------+--------------+--------------+--------------+--------------+--------------+--------------+--------------+--------------+--------------+
|   Runtime (RDTSC) [s]   |  1452.9529 |  1452.9529 |  1452.9529 |  1452.9529 |  1452.9529 |  1452.9529 |  1452.9529 |  1452.9529 |  1452.9529 |  1452.9529 |   1452.9529 |   1452.9529 |   1452.9529 |   1452.9529 |   1452.9529 |   1452.9529 |   1452.9529 |   1452.9529 |   1452.9529 |   1452.9529 |   1452.9529 |   1452.9529 |   1452.9529 |   1452.9529 |   1452.9529 |   1452.9529 |   1452.9529 |   1452.9529 |   1452.9529 |   1452.9529 |   1452.9529 |   1452.9529 |   1452.9529 |   1452.9529 |   1452.9529 |   1452.9529 |   1452.9529 |   1452.9529 |   1452.9529 |   1452.9529 |   1452.9529 |   1452.9529 |   1452.9529 |   1452.9529 |   1452.9529 |   1452.9529 |   1452.9529 |   1452.9529 |   1452.9529 |   1452.9529 |   1452.9529 |   1452.9529 |   1452.9529 |   1452.9529 |   1452.9529 |   1452.9529 |   1452.9529 |   1452.9529 |   1452.9529 |   1452.9529 |   1452.9529 |   1452.9529 |   1452.9529 |   1452.9529 |   1452.9529 |   1452.9529 |   1452.9529 |   1452.9529 |   1452.9529 |   1452.9529 |   1452.9529 |   1452.9529 |   1452.9529 |   1452.9529 |   1452.9529 |   1452.9529 |   1452.9529 |   1452.9529 |   1452.9529 |   1452.9529 |   1452.9529 |   1452.9529 |   1452.9529 |   1452.9529 |   1452.9529 |   1452.9529 |   1452.9529 |   1452.9529 |   1452.9529 |   1452.9529 |   1452.9529 |   1452.9529 |   1452.9529 |   1452.9529 |   1452.9529 |   1452.9529 |   1452.9529 |   1452.9529 |   1452.9529 |   1452.9529 |    1452.9529 |    1452.9529 |    1452.9529 |    1452.9529 |    1452.9529 |    1452.9529 |    1452.9529 |    1452.9529 |    1452.9529 |    1452.9529 |    1452.9529 |    1452.9529 |    1452.9529 |    1452.9529 |    1452.9529 |    1452.9529 |    1452.9529 |    1452.9529 |    1452.9529 |    1452.9529 |    1452.9529 |    1452.9529 |    1452.9529 |    1452.9529 |    1452.9529 |    1452.9529 |    1452.9529 |    1452.9529 |    1452.9529 |    1452.9529 |    1452.9529 |    1452.9529 |    1452.9529 |    1452.9529 |    1452.9529 |    1452.9529 |    1452.9529 |    1452.9529 |    1452.9529 |    1452.9529 |    1452.9529 |    1452.9529 |    1452.9529 |    1452.9529 |
|   Runtime unhalted [s]  |  2064.2174 |  1818.5605 |  1812.6223 |  1810.7992 |  1813.5203 |  1810.4015 |  1811.1026 |  1812.1862 |  1472.7982 |  1535.4774 |   1447.3037 |   1463.5034 |   1503.3084 |   1403.4970 |   1367.3746 |   1500.4406 |   1816.1120 |   1812.9253 |   1811.4092 |   1809.9750 |   1809.0738 |   1813.1905 |   1813.9122 |   1804.1841 |   1805.7311 |   1809.1000 |   1811.2654 |   1803.8437 |   1810.0777 |   1805.0637 |   1807.2088 |   1808.5899 |   1721.8621 |   1753.0205 |   1715.3996 |   1748.3836 |   1780.3354 |   1747.9852 |   1787.0919 |   1768.5275 |   1812.0781 |   1812.0484 |   1810.0264 |   1807.1914 |   1795.6026 |   1794.6064 |   1801.8727 |   1798.3500 |   1638.5078 |   1623.1705 |   1602.9584 |   1630.9195 |   1656.8835 |   1665.8578 |   1670.2892 |   1683.6389 |   1573.8863 |   1577.1375 |   1550.1419 |   1566.4462 |   1574.1984 |   1596.8518 |   1613.7199 |   1595.3136 |   1607.4664 |   1609.2718 |   1574.1977 |   1595.7321 |   1600.8505 |   1610.9323 |   1632.2299 |   1647.5687 |   1364.9579 |   1375.5679 |   1350.0764 |   1370.3398 |   1369.7807 |   1368.6159 |   1395.6835 |   1409.0645 |   1310.7194 |   1316.9499 |   1308.4703 |   1319.4106 |   1325.1621 |   1328.3039 |   1348.5540 |   1361.9566 |   1316.9881 |   1306.6489 |   1304.6610 |   1310.1362 |   1315.6558 |   1326.4314 |   1352.8871 |   1364.3040 |   1720.0394 |   1718.3922 |   1771.1282 |   1704.1058 |    1772.9151 |    1755.3226 |    1764.9928 |    1773.7877 |    1635.5194 |    1641.0156 |    1694.4077 |    1706.6681 |    1647.9843 |    1646.8856 |    1695.2366 |    1669.6392 |    1799.8183 |    1799.5688 |    1798.8179 |    1800.3117 |    1800.5231 |    1799.9175 |    1802.0880 |    1802.3575 |    1801.6435 |    1801.6734 |    1805.2954 |    1801.4296 |    1801.4042 |    1802.6500 |    1802.5223 |    1801.4233 |    1800.5790 |    1800.6622 |    1800.7970 |    1800.7553 |    1800.6398 |    1800.7187 |    1800.7223 |    1800.6237 |    1801.4789 |    1801.4896 |    1801.4428 |    1801.4624 |    1801.4170 |    1794.1782 |    1797.6574 |    1784.2121 |
|       Clock [MHz]       |  3698.3014 |  3667.1748 |  3683.4797 |  3685.7739 |  3683.1601 |  3684.5508 |  3685.6207 |  3683.8981 |  3608.2426 |  3609.5166 |   3569.6275 |   3565.6076 |   3585.6009 |   3533.3436 |   3510.3332 |   3583.8160 |   3682.5764 |   3684.9021 |   3686.5740 |   3687.8964 |   3688.4799 |   3684.4365 |   3683.9549 |   3692.9035 |   3690.7304 |   3687.5228 |   3685.0209 |   3693.0170 |   3687.0241 |   3691.6522 |   3689.8203 |   3687.7905 |   3671.0611 |   3681.6896 |   3663.2270 |   3680.3626 |   3691.9532 |   3683.2120 |   3684.4598 |   3682.8677 |   3683.1431 |   3683.1431 |   3684.1994 |   3686.0835 |   3679.7209 |   3683.5704 |   3680.6699 |   3683.7469 |   3680.0655 |   3675.6161 |   3674.6164 |   3676.0531 |   3676.2448 |   3677.4316 |   3682.5845 |   3677.9808 |   3679.1187 |   3678.0393 |   3672.5400 |   3672.7981 |   3676.3608 |   3676.8265 |   3677.8793 |   3676.0192 |   3678.3685 |   3677.8451 |   3676.6920 |   3677.3948 |   3677.3561 |   3678.5622 |   3679.2778 |   3678.9805 |   3685.9239 |   3684.7077 |   3691.1994 |   3684.7615 |   3684.7534 |   3688.0389 |   3689.9312 |   3688.8773 |   3669.7413 |   3673.1670 |   3672.2159 |   3678.4827 |   3681.8612 |   3673.7324 |   3674.6830 |   3672.4671 |   3678.3298 |   3679.2985 |   3672.3701 |   3684.4024 |   3679.1604 |   3679.1783 |   3673.9128 |   3675.5279 |   3658.7029 |   3654.4766 |   3680.2227 |   3653.3683 |    3683.6745 |    3677.5478 |    3680.4933 |    3685.1235 |    3625.6681 |    3628.7970 |    3652.0414 |    3657.4655 |    3631.3635 |    3630.9030 |    3648.2215 |    3641.1774 |    3695.8262 |    3695.6350 |    3696.0378 |    3696.4547 |    3696.5111 |    3695.0353 |    3695.5709 |    3695.0639 |    3696.3253 |    3696.4158 |    3692.6654 |    3696.5583 |    3696.6170 |    3695.7387 |    3695.3724 |    3696.6376 |    3696.3923 |    3696.5416 |    3696.5046 |    3696.5233 |    3696.4482 |    3696.3837 |    3696.4355 |    3696.4335 |    3696.5867 |    3696.6525 |    3696.6036 |    3696.6254 |    3696.6065 |    3696.5421 |    3692.6991 |    3693.5720 |
|           CPI           |     3.5906 |     6.0376 |     6.0223 |     6.0331 |     6.0368 |     6.0332 |     6.0478 |     6.0438 |     4.7414 |     4.9737 |      4.6937 |      4.7521 |      4.8699 |      4.5607 |      4.4298 |      4.8722 |      6.0690 |      6.0818 |      6.0771 |      6.0791 |      6.0740 |      6.0801 |      6.0841 |      6.0795 |      6.0319 |      6.0122 |      6.0341 |      6.0482 |      6.0364 |      6.0470 |      6.0526 |      6.0540 |      5.5802 |      5.6913 |      5.5478 |      5.6820 |      5.8042 |      5.6896 |      5.8077 |      5.7546 |      6.0022 |      6.0057 |      6.0113 |      6.0120 |      5.9577 |      5.9668 |      5.9877 |      5.9991 |      5.3502 |      5.2954 |      5.2490 |      5.3168 |      5.3968 |      5.4272 |      5.4474 |      5.4814 |      4.9695 |      4.9731 |      4.9005 |      4.9458 |      4.9601 |      5.0320 |      5.0787 |      5.0272 |      5.2496 |      5.2618 |      5.1531 |      5.2155 |      5.2268 |      5.2671 |      5.3273 |      5.3709 |      4.6166 |      4.6469 |      4.5987 |      4.6405 |      4.6359 |      4.6372 |      4.7169 |      4.7576 |      4.2590 |      4.2822 |      4.2566 |      4.3049 |      4.3362 |      4.3205 |      4.3725 |      4.4518 |      4.4316 |      4.3871 |      4.3806 |      4.4209 |      4.4325 |      4.4625 |      4.5243 |      4.5683 |      6.1627 |      6.1493 |      6.3712 |      6.1122 |       6.3794 |       6.3213 |       6.3681 |       6.4068 |       5.6949 |       5.7191 |       5.9087 |       5.9606 |       5.7297 |       5.7399 |       5.9081 |       5.8278 |       6.5116 |       6.5022 |       6.5079 |       6.5184 |       6.5142 |       6.5149 |       6.5247 |       6.5403 |       6.6576 |       6.6696 |       6.6633 |       6.6764 |       6.6652 |       6.6676 |       6.6834 |       6.6813 |       6.2736 |       6.2871 |       6.2949 |       6.2738 |       6.2703 |       6.2748 |       6.2745 |       6.2926 |       6.6457 |       6.6329 |       6.6445 |       6.6434 |       6.7933 |       6.8985 |       7.3009 |       7.4847 |
| L3 bandwidth [MBytes/s] |  2591.6435 |   506.8784 |   507.4067 |   509.5475 |   505.7578 |   500.2787 |   502.2204 |   506.8953 |   513.4651 |   510.1741 |    504.3968 |    507.9353 |    513.3173 |    501.6668 |    501.5946 |    506.4465 |    505.3338 |    508.1480 |    505.1839 |    497.4308 |    499.1993 |    501.7980 |    506.6562 |    499.8238 |    501.3565 |    501.1511 |    511.3894 |    507.2920 |    508.5183 |    499.2259 |    508.9537 |    510.3867 |    521.8861 |    521.1461 |    513.5802 |    523.8768 |    524.3393 |    520.1949 |    521.4620 |    516.4107 |    531.1342 |    529.9460 |    524.3243 |    520.1205 |    513.1314 |    514.8788 |    518.7788 |    515.6460 |    519.0497 |    512.4957 |    518.2603 |    523.5496 |    524.5051 |    525.7168 |    520.1525 |    529.1277 |    553.6697 |    542.9195 |    540.5071 |    542.9045 |    552.7741 |    549.7795 |    546.2516 |    541.2381 |    527.7044 |    531.0503 |    531.4502 |    526.1572 |    527.7840 |    529.2620 |    532.9273 |    535.0459 |    507.9554 |    510.2661 |    514.4006 |    517.0501 |    512.6725 |    505.7687 |    513.7977 |    520.6419 |    542.8923 |    537.0481 |    535.3910 |    539.3033 |    540.0973 |    540.3049 |    535.4871 |    534.3090 |    529.7767 |    529.7038 |    528.7191 |    527.5524 |    521.5393 |    530.6929 |    534.4084 |    532.6603 |    574.7509 |    572.6602 |    588.6665 |    576.3932 |     586.9136 |     581.0375 |     580.8635 |     588.3138 |     584.1505 |     581.5171 |     584.4269 |     586.6845 |     585.7135 |     584.4667 |     589.3866 |     580.4051 |     586.8813 |     590.5431 |     591.5601 |     588.6275 |     589.6244 |     588.3249 |     599.2140 |     597.5322 |     580.3039 |     586.1604 |     587.3982 |     593.6924 |     588.5440 |     589.1081 |     595.1086 |     595.5970 |     598.9216 |     601.4220 |     600.3918 |     601.6006 |     608.3427 |     611.2604 |     613.0742 |     605.4954 |     615.8669 |     620.9333 |     624.9025 |     619.1316 |     602.7140 |     599.6958 |     562.7245 |     522.2046 |
| L3 data volume [GBytes] |  3765.5360 |   736.4705 |   737.2380 |   740.3486 |   734.8422 |   726.8814 |   729.7026 |   736.4951 |   746.0406 |   741.2590 |    732.8648 |    738.0060 |    745.8259 |    728.8983 |    728.7933 |    735.8429 |    734.2262 |    738.3152 |    734.0085 |    722.7435 |    725.3131 |    729.0889 |    736.1476 |    726.2204 |    728.4474 |    728.1489 |    743.0248 |    737.0714 |    738.8531 |    725.3517 |    739.4857 |    741.5679 |    758.2760 |    757.2007 |    746.2078 |    761.1684 |    761.8403 |    755.8187 |    757.6598 |    750.3205 |    771.7130 |    769.9866 |    761.8185 |    755.7105 |    745.5558 |    748.0947 |    753.7611 |    749.2094 |    754.1548 |    744.6322 |    753.0078 |    760.6930 |    762.0812 |    763.8418 |    755.7571 |    768.7977 |    804.4560 |    788.8365 |    785.3314 |    788.8146 |    803.1547 |    798.8037 |    793.6779 |    786.3935 |    766.7297 |    771.5911 |    772.1721 |    764.4816 |    766.8454 |    768.9927 |    774.3184 |    777.3965 |    738.0353 |    741.3926 |    747.3999 |    751.2494 |    744.8890 |    734.8582 |    746.5239 |    756.4682 |    788.7970 |    780.3056 |    777.8979 |    783.5824 |    784.7360 |    785.0375 |    778.0376 |    776.3259 |    769.7406 |    769.6346 |    768.2039 |    766.5088 |    757.7721 |    771.0718 |    776.4703 |    773.9304 |    835.0861 |    832.0484 |    855.3046 |    837.4722 |     852.7579 |     844.2202 |     843.9674 |     854.7922 |     848.7431 |     844.9170 |     849.1448 |     852.4250 |     851.0141 |     849.2026 |     856.3510 |     843.3013 |     852.7110 |     858.0313 |     859.5089 |     855.2481 |     856.6966 |     854.8083 |     870.6297 |     868.1861 |     843.1542 |     851.6634 |     853.4619 |     862.6071 |     855.1268 |     855.9463 |     864.6648 |     865.3744 |     870.2049 |     873.8378 |     872.3410 |     874.0973 |     883.8933 |     888.1327 |     890.7680 |     879.7563 |     894.8257 |     902.1868 |     907.9540 |     899.5691 |     875.7151 |     871.3298 |     817.6122 |     758.7386 |
+-------------------------+------------+------------+------------+------------+------------+------------+------------+------------+------------+------------+-------------+-------------+-------------+-------------+-------------+-------------+-------------+-------------+-------------+-------------+-------------+-------------+-------------+-------------+-------------+-------------+-------------+-------------+-------------+-------------+-------------+-------------+-------------+-------------+-------------+-------------+-------------+-------------+-------------+-------------+-------------+-------------+-------------+-------------+-------------+-------------+-------------+-------------+-------------+-------------+-------------+-------------+-------------+-------------+-------------+-------------+-------------+-------------+-------------+-------------+-------------+-------------+-------------+-------------+-------------+-------------+-------------+-------------+-------------+-------------+-------------+-------------+-------------+-------------+-------------+-------------+-------------+-------------+-------------+-------------+-------------+-------------+-------------+-------------+-------------+-------------+-------------+-------------+-------------+-------------+-------------+-------------+-------------+-------------+-------------+-------------+-------------+-------------+-------------+-------------+--------------+--------------+--------------+--------------+--------------+--------------+--------------+--------------+--------------+--------------+--------------+--------------+--------------+--------------+--------------+--------------+--------------+--------------+--------------+--------------+--------------+--------------+--------------+--------------+--------------+--------------+--------------+--------------+--------------+--------------+--------------+--------------+--------------+--------------+--------------+--------------+--------------+--------------+--------------+--------------+--------------+--------------+--------------+--------------+

+------------------------------+-------------+-----------+-----------+-----------+
|            Metric            |     Sum     |    Min    |    Max    |    Avg    |
+------------------------------+-------------+-----------+-----------+-----------+
|   Runtime (RDTSC) [s] STAT   | 209225.2176 | 1452.9529 | 1452.9529 | 1452.9529 |
|   Runtime unhalted [s] STAT  | 239700.9752 | 1304.6610 | 2064.2174 | 1664.5901 |
|       Clock [MHz] STAT       | 529276.0984 | 3510.3332 | 3698.3014 | 3675.5285 |
|           CPI STAT           |    814.0886 |    3.5906 |    7.4847 |    5.6534 |
| L3 bandwidth [MBytes/s] STAT |  80402.3021 |  497.4308 | 2591.6435 |  558.3493 |
| L3 data volume [GBytes] STAT | 116820.7610 |  722.7435 | 3765.5360 |  811.2553 |
+------------------------------+-------------+-----------+-----------+-----------+

