INFO: You are running LIKWID in a cpuset with 176 CPUs. Taking given IDs as logical ID in cpuset
--------------------------------------------------------------------------------
CPU name:	AMD EPYC 9A14 96-Core Processor                
CPU type:	AMD K19 (Zen4) architecture
CPU clock:	2.60 GHz
--------------------------------------------------------------------------------
Use symmetry. Molecule point group: Dooh
Norb: 18   Ne: (8, 8)
Running RHF...
SCF not converged.
SCF energy = -149.453202296856
Running FCI ...
Guessing CI wfn symmetry = 0
Num symmetry allowed elements 239373732
tol 1e-10  toloose 1e-05
max_cycle 100  max_space 12  max_memory 746694  incore True
    CPU time for contract_2e  14288.30 sec, wall time     93.63 sec
davidson 0 1  |r|= 0.965  e= [-177.41918315]  max|de|= -177  lindep=    1
    CPU time for contract_2e  14216.84 sec, wall time     94.27 sec
davidson 1 2  |r|= 0.477  e= [-177.66345341]  max|de|= -0.244  lindep= 0.976
    CPU time for contract_2e  14236.47 sec, wall time     94.68 sec
davidson 2 3  |r|= 0.189  e= [-177.71009544]  max|de|= -0.0466  lindep= 0.997
    CPU time for contract_2e  14258.27 sec, wall time     95.54 sec
davidson 3 4  |r|= 0.0734  e= [-177.71605069]  max|de|= -0.00596  lindep= 0.98
    CPU time for contract_2e  14223.99 sec, wall time     96.27 sec
davidson 4 5  |r|= 0.0317  e= [-177.71693538]  max|de|= -0.000885  lindep= 0.96
    CPU time for contract_2e  14291.64 sec, wall time     97.52 sec
davidson 5 6  |r|= 0.0142  e= [-177.71710364]  max|de|= -0.000168  lindep= 0.93
    CPU time for contract_2e  14185.28 sec, wall time     97.95 sec
davidson 6 7  |r|= 0.00606  e= [-177.71713434]  max|de|= -3.07e-05  lindep= 0.918
    CPU time for contract_2e  13621.85 sec, wall time     95.39 sec
davidson 7 8  |r|= 0.00244  e= [-177.71713934]  max|de|= -5e-06  lindep= 0.932
    CPU time for contract_2e  12888.08 sec, wall time     91.85 sec
davidson 8 9  |r|= 0.000953  e= [-177.71714013]  max|de|= -7.84e-07  lindep= 0.926
    CPU time for contract_2e  12959.53 sec, wall time     93.29 sec
davidson 9 10  |r|= 0.000379  e= [-177.71714025]  max|de|= -1.21e-07  lindep= 0.919
    CPU time for contract_2e  12970.28 sec, wall time     94.20 sec
davidson 10 11  |r|= 0.000155  e= [-177.71714027]  max|de|= -1.73e-08  lindep= 0.942
    CPU time for contract_2e  12992.18 sec, wall time     95.24 sec
davidson 11 12  |r|= 6.24e-05  e= [-177.71714027]  max|de|= -2.81e-09  lindep= 0.939
    CPU time for contract_2e  12956.73 sec, wall time     96.29 sec
davidson 12 1  |r|= 6.24e-05  e= [-177.71714027]  max|de|= 1.25e-11  lindep=    1
    CPU time for contract_2e  12697.79 sec, wall time     84.68 sec
davidson 13 2  |r|= 2.68e-05  e= [-177.71714027]  max|de|= -3.93e-10  lindep= 0.988
    CPU time for contract_2e  12756.69 sec, wall time     86.00 sec
davidson 14 3  |r|= 1.29e-05  e= [-177.71714027]  max|de|= -1.22e-10  lindep= 0.879
    CPU time for contract_2e  12731.30 sec, wall time     86.65 sec
root 0 converged  |r|= 5.47e-06  e= -177.7171402703182  max|de|= -2.3e-11
converged 15 4  |r|= 5.47e-06  e= [-177.71714027]  max|de|= -2.3e-11
--------------------------------------------------------------------------------
Group 1: L3
+-----------------------------+---------+---------------+---------------+---------------+---------------+---------------+---------------+---------------+---------------+---------------+---------------+---------------+---------------+---------------+---------------+---------------+---------------+---------------+---------------+---------------+---------------+---------------+---------------+---------------+---------------+---------------+---------------+---------------+---------------+---------------+---------------+---------------+---------------+---------------+---------------+---------------+---------------+---------------+---------------+---------------+---------------+---------------+---------------+---------------+---------------+---------------+---------------+---------------+---------------+---------------+---------------+---------------+---------------+---------------+---------------+---------------+---------------+---------------+---------------+---------------+---------------+---------------+---------------+---------------+---------------+---------------+---------------+---------------+---------------+---------------+---------------+---------------+---------------+---------------+---------------+---------------+---------------+---------------+---------------+---------------+---------------+---------------+---------------+---------------+---------------+---------------+---------------+---------------+---------------+---------------+---------------+---------------+---------------+---------------+---------------+---------------+---------------+---------------+---------------+---------------+---------------+---------------+---------------+---------------+---------------+---------------+---------------+---------------+---------------+---------------+---------------+---------------+---------------+---------------+---------------+---------------+---------------+---------------+---------------+---------------+---------------+---------------+---------------+---------------+---------------+---------------+---------------+---------------+---------------+---------------+---------------+---------------+---------------+---------------+---------------+---------------+---------------+---------------+---------------+---------------+---------------+---------------+---------------+---------------+---------------+---------------+---------------+---------------+---------------+---------------+---------------+---------------+---------------+---------------+---------------+---------------+---------------+---------------+---------------+---------------+---------------+---------------+---------------+---------------+---------------+---------------+---------------+---------------+---------------+---------------+---------------+---------------+---------------+---------------+---------------+---------------+---------------+
|            Event            | Counter |   HWThread 0  |   HWThread 1  |   HWThread 2  |   HWThread 3  |   HWThread 4  |   HWThread 5  |   HWThread 6  |   HWThread 7  |   HWThread 8  |   HWThread 9  |  HWThread 10  |  HWThread 11  |  HWThread 12  |  HWThread 13  |  HWThread 14  |  HWThread 15  |  HWThread 16  |  HWThread 17  |  HWThread 18  |  HWThread 19  |  HWThread 20  |  HWThread 21  |  HWThread 22  |  HWThread 23  |  HWThread 24  |  HWThread 25  |  HWThread 26  |  HWThread 27  |  HWThread 28  |  HWThread 29  |  HWThread 30  |  HWThread 31  |  HWThread 32  |  HWThread 33  |  HWThread 34  |  HWThread 35  |  HWThread 36  |  HWThread 37  |  HWThread 38  |  HWThread 39  |  HWThread 40  |  HWThread 41  |  HWThread 42  |  HWThread 43  |  HWThread 44  |  HWThread 45  |  HWThread 46  |  HWThread 47  |  HWThread 48  |  HWThread 49  |  HWThread 50  |  HWThread 51  |  HWThread 52  |  HWThread 53  |  HWThread 54  |  HWThread 55  |  HWThread 56  |  HWThread 57  |  HWThread 58  |  HWThread 59  |  HWThread 60  |  HWThread 61  |  HWThread 62  |  HWThread 63  |  HWThread 64  |  HWThread 65  |  HWThread 66  |  HWThread 67  |  HWThread 68  |  HWThread 69  |  HWThread 70  |  HWThread 71  |  HWThread 72  |  HWThread 73  |  HWThread 74  |  HWThread 75  |  HWThread 76  |  HWThread 77  |  HWThread 78  |  HWThread 79  |  HWThread 80  |  HWThread 81  |  HWThread 82  |  HWThread 83  |  HWThread 84  |  HWThread 85  |  HWThread 86  |  HWThread 87  |  HWThread 88  |  HWThread 89  |  HWThread 90  |  HWThread 91  |  HWThread 92  |  HWThread 93  |  HWThread 94  |  HWThread 95  |  HWThread 96  |  HWThread 97  |  HWThread 98  |  HWThread 99  |  HWThread 100 |  HWThread 101 |  HWThread 102 |  HWThread 103 |  HWThread 104 |  HWThread 105 |  HWThread 106 |  HWThread 107 |  HWThread 108 |  HWThread 109 |  HWThread 110 |  HWThread 111 |  HWThread 112 |  HWThread 113 |  HWThread 114 |  HWThread 115 |  HWThread 116 |  HWThread 117 |  HWThread 118 |  HWThread 119 |  HWThread 120 |  HWThread 121 |  HWThread 122 |  HWThread 123 |  HWThread 124 |  HWThread 125 |  HWThread 126 |  HWThread 127 |  HWThread 128 |  HWThread 129 |  HWThread 130 |  HWThread 131 |  HWThread 132 |  HWThread 133 |  HWThread 134 |  HWThread 135 |  HWThread 136 |  HWThread 137 |  HWThread 138 |  HWThread 139 |  HWThread 140 |  HWThread 141 |  HWThread 142 |  HWThread 143 |  HWThread 144 |  HWThread 145 |  HWThread 146 |  HWThread 147 |  HWThread 148 |  HWThread 149 |  HWThread 150 |  HWThread 151 |  HWThread 152 |  HWThread 153 |  HWThread 154 |  HWThread 155 |  HWThread 156 |  HWThread 157 |  HWThread 158 |  HWThread 159 |  HWThread 160 |  HWThread 161 |  HWThread 162 |  HWThread 163 |  HWThread 164 |  HWThread 165 |  HWThread 166 |  HWThread 167 |  HWThread 168 |  HWThread 169 |  HWThread 170 |  HWThread 171 |  HWThread 172 |  HWThread 173 |  HWThread 174 |  HWThread 175 |
+-----------------------------+---------+---------------+---------------+---------------+---------------+---------------+---------------+---------------+---------------+---------------+---------------+---------------+---------------+---------------+---------------+---------------+---------------+---------------+---------------+---------------+---------------+---------------+---------------+---------------+---------------+---------------+---------------+---------------+---------------+---------------+---------------+---------------+---------------+---------------+---------------+---------------+---------------+---------------+---------------+---------------+---------------+---------------+---------------+---------------+---------------+---------------+---------------+---------------+---------------+---------------+---------------+---------------+---------------+---------------+---------------+---------------+---------------+---------------+---------------+---------------+---------------+---------------+---------------+---------------+---------------+---------------+---------------+---------------+---------------+---------------+---------------+---------------+---------------+---------------+---------------+---------------+---------------+---------------+---------------+---------------+---------------+---------------+---------------+---------------+---------------+---------------+---------------+---------------+---------------+---------------+---------------+---------------+---------------+---------------+---------------+---------------+---------------+---------------+---------------+---------------+---------------+---------------+---------------+---------------+---------------+---------------+---------------+---------------+---------------+---------------+---------------+---------------+---------------+---------------+---------------+---------------+---------------+---------------+---------------+---------------+---------------+---------------+---------------+---------------+---------------+---------------+---------------+---------------+---------------+---------------+---------------+---------------+---------------+---------------+---------------+---------------+---------------+---------------+---------------+---------------+---------------+---------------+---------------+---------------+---------------+---------------+---------------+---------------+---------------+---------------+---------------+---------------+---------------+---------------+---------------+---------------+---------------+---------------+---------------+---------------+---------------+---------------+---------------+---------------+---------------+---------------+---------------+---------------+---------------+---------------+---------------+---------------+---------------+---------------+---------------+---------------+---------------+
|       ACTUAL_CPU_CLOCK      |  FIXC1  | 5003687887239 | 4240404193445 | 4195528796185 | 4203228754462 | 4217955757034 | 4190633340751 | 4242269047968 | 4246145305450 | 3907051183362 | 3912418802895 | 3892351663842 | 3897069731828 | 3969642581899 | 3900071074677 | 3738134591769 | 3877666698194 | 4144490521733 | 4145689195640 | 4107846161770 | 4137404643002 | 4126139862637 | 4084164123471 | 4159853584195 | 4159155661877 | 4639818440921 | 4645770184775 | 4619351709488 | 4640115272185 | 4621627847361 | 4649560782354 | 4656366615211 | 4658427894500 | 4544136620225 | 4539669101542 | 4539290719213 | 4542836798746 | 4539449597894 | 4555766593043 | 4593490023950 | 4595774457222 | 4568720392160 | 4588980383222 | 4547991675527 | 4587540520212 | 4553437851651 | 4575378674576 | 4601967310133 | 4613300936453 | 5083926858568 | 5081664979875 | 5093362849780 | 5088106669428 | 5093334820646 | 5081756067516 | 5104284766500 | 5098586659680 | 4454953857909 | 4493719086649 | 4314846226625 | 4428004460746 | 4531421487917 | 4449619431932 | 4476552922568 | 4587089125706 | 5016641739940 | 5018761608239 | 4999004452346 | 5005229404690 | 5018391322489 | 5024788212314 | 5023788508029 | 5046182055927 | 5091148372135 | 5104704000743 | 5081245459256 | 5102586495431 | 5082870390678 | 5094789516188 | 5099986629265 | 5088313076510 | 4960580595172 | 4963022693584 | 4949609835970 | 4984409066892 | 4956787172052 | 4982953226247 | 4997975777892 | 5015047047435 | 5057534177850 | 5074084606016 | 5069645050878 | 5072151903245 | 5068556250568 | 5074340615955 | 5083771257341 | 5074128764175 | 3979164169658 | 3540011037916 | 3666106492511 | 3451892867696 | 3525661683056 | 3335506036361 | 3418923931937 | 3590768666462 | 3217483816000 | 3029796682451 | 3449020978200 | 3153230227097 | 3474286841929 | 3250414185274 | 3459281706324 | 3499911384856 | 3884576731454 | 3885236113875 | 3927083551701 | 3989482230756 | 4069912130239 | 4103576462704 | 4097833378108 | 3986926818874 | 4454153115441 | 4471485791747 | 4471881511976 | 4477961972961 | 4479088322490 | 4484762989384 | 4469000100682 | 4523453479738 | 4368138799694 | 4371021344658 | 4329011070002 | 4343351006890 | 4324335017641 | 4367016191790 | 4404845659075 | 4407808633892 | 4440211234696 | 4432335941987 | 4422144379236 | 4422562535821 | 4432570538667 | 4439200656902 | 4467750651416 | 4463854072506 | 4812705016505 | 4809203368145 | 4818660610972 | 4808522437498 | 4815757911692 | 4813083096594 | 4828096360867 | 4824933708145 | 4799800109050 | 4814110459875 | 4789214455309 | 4794429821390 | 4799945014195 | 4805118059405 | 4813230401559 | 4822837229834 | 4766916199309 | 4775764373977 | 4763443864784 | 4772700515501 | 4766148155464 | 4768498520418 | 4780903496171 | 4784251389127 | 4774667831427 | 4774389435757 | 4756861583527 | 4669922466404 | 4664217761828 | 4663894174556 | 4644120947596 | 4618756640426 |
|        MAX_CPU_CLOCK        |  FIXC2  | 3538303962622 | 3043922233898 | 3004787152510 | 3011864725298 | 3020850230424 | 3007563378716 | 3028718139434 | 3032475465500 | 2892858422428 | 2901025472332 | 2890375104890 | 2885852418124 | 2918877133666 | 2895766102060 | 2800776108338 | 2873405101788 | 2981389745646 | 2977157976286 | 2965853915674 | 2970313938748 | 2967034132842 | 2952961217700 | 2979759801070 | 2980860690340 | 3280409262832 | 3282560520226 | 3263588558464 | 3279848041418 | 3262563686174 | 3286488983076 | 3287616111728 | 3294562183094 | 3216309447234 | 3210968302672 | 3206421240776 | 3207246050892 | 3207820220566 | 3215623454446 | 3247542148344 | 3243042444226 | 3226143861668 | 3244858727968 | 3209783550272 | 3242616936078 | 3215499707160 | 3230899259718 | 3251722896838 | 3259843810730 | 3585644387338 | 3583204922232 | 3593932657484 | 3588092039376 | 3591087933914 | 3579798428466 | 3603030634736 | 3597115548026 | 3202815243888 | 3235215248928 | 3134399258796 | 3200842120008 | 3259325896424 | 3217027155576 | 3231132513570 | 3283909619250 | 3538602233166 | 3539013808018 | 3526833553854 | 3525476509620 | 3540562086958 | 3544036902796 | 3537569956960 | 3558751882842 | 3591685862258 | 3604087756828 | 3580808306322 | 3601461872138 | 3583726995784 | 3593946042544 | 3597625271682 | 3585872089826 | 3497700595376 | 3499334657130 | 3490418559732 | 3514447704248 | 3493668990734 | 3517139794168 | 3522870449436 | 3537005421352 | 3564004348450 | 3581721069420 | 3578170144874 | 3577277514850 | 3573744068076 | 3580147764362 | 3588722337122 | 3576031749368 | 2893595205566 | 2673043125064 | 2745859015172 | 2646329810124 | 2685143823284 | 2588732306628 | 2636209300140 | 2707895437702 | 2531834289998 | 2432018106154 | 2647614297718 | 2495131441972 | 2654686320260 | 2545797936500 | 2644626743122 | 2671498151166 | 2839529222972 | 2835706803982 | 2861657207812 | 2883570642472 | 2926120662166 | 2936252104734 | 2934187672806 | 2884633706786 | 3141033374544 | 3146368482426 | 3146059426640 | 3150461653664 | 3151964698610 | 3155176458668 | 3144796506592 | 3182225534670 | 3076420901398 | 3084448471910 | 3053474872214 | 3065386591384 | 3055871740506 | 3077799094864 | 3102732736636 | 3103533826250 | 3129886834126 | 3119153263954 | 3112202733354 | 3111512153464 | 3118646696204 | 3123083010892 | 3145218038066 | 3140714113810 | 3387058978212 | 3383016071344 | 3399033236768 | 3385196122906 | 3389370055500 | 3387360557334 | 3399726657158 | 3396636426456 | 3378171057326 | 3395025706566 | 3374562395126 | 3376804385422 | 3377744839924 | 3383995676204 | 3389463465284 | 3398602142312 | 3355251973138 | 3362395410842 | 3354255588216 | 3359308025424 | 3354991110172 | 3357629984046 | 3365976925454 | 3366316689528 | 3360488557218 | 3359180119802 | 3346396178060 | 3287134033118 | 3287619664212 | 3288667727176 | 3276557107772 | 3260644934456 |
|     RETIRED_INSTRUCTIONS    |   PMC0  | 1241116266199 |  629613593116 |  634072062673 |  633562379954 |  633656469668 |  634230090314 |  632391345155 |  632097127966 |  666844660921 |  663098431955 |  664714348487 |  666469449256 |  655678655004 |  660407584209 |  665147006012 |  660974208681 |  640541651299 |  639365572224 |  641115714882 |  638660930162 |  639549931148 |  642040788957 |  637840847400 |  637918273325 |  614790940685 |  614952819545 |  614928158424 |  615087146403 |  614648615479 |  614882553953 |  614527551270 |  615508472353 |  632499241839 |  633420419798 |  632826519673 |  632377653825 |  633758595545 |  632949206583 |  634003842307 |  632070976949 |  616151430552 |  616603078487 |  616466583363 |  616665932360 |  616497510920 |  616323164544 |  616364754058 |  616249678450 |  641845245039 |  641447260040 |  642253615604 |  640397663407 |  633090958604 |  633702842644 |  636064242362 |  635537859649 |  678503126583 |  680684096425 |  686642858588 |  682708482646 |  682475496344 |  678956007518 |  681162903233 |  677040506394 |  652255880017 |  651364081533 |  652741387063 |  649803047817 |  651459660793 |  651500810627 |  647614142661 |  647992108064 |  625718568404 |  626358306525 |  625540299042 |  625692677335 |  626020026419 |  624874086882 |  625430746038 |  624403169774 |  667790375125 |  669916092726 |  670993272787 |  669012536832 |  670271036099 |  670154923212 |  669166048368 |  668617423557 |  628627202623 |  629081004205 |  629467269978 |  628365557115 |  628494067005 |  628839778824 |  628697254463 |  627785097694 |  637239145443 |  634985151245 |  631685743865 |  633749977141 |  635141599754 |  636340411020 |  636037202238 |  631830754687 |  650620541201 |  649911892900 |  648671228134 |  650008490186 |  649844981152 |  651911973458 |  650512044191 |  649459812980 |  637763975446 |  637101341126 |  638264596091 |  637692045986 |  635866880981 |  636120386946 |  634137915022 |  634454138055 |  615143104026 |  614480424023 |  614269068893 |  614768417432 |  614324865488 |  614050876991 |  614330554527 |  614023990432 |  630236959660 |  629047189408 |  630694750006 |  630604810732 |  630545357507 |  629698036729 |  629747497869 |  629499017376 |  618253634589 |  617486090746 |  617652316030 |  617442317290 |  617719546736 |  617253631155 |  617199124545 |  617043379391 |  625427325109 |  625296533576 |  626860762057 |  625682190511 |  625268284999 |  625329500951 |  623878409018 |  623653955527 |  652235369134 |  653824865996 |  646772675571 |  659325202998 |  659631621736 |  660084919683 |  660215944162 |  657643061463 |  625092963957 |  624729898376 |  625435793028 |  624800049956 |  625166168005 |  624345726955 |  624394427495 |  624079277411 |  675797986156 |  675026622376 |  661220562394 |  542561601633 |  535828564095 |  535973249629 |  493707827431 |  465457096354 |
|     CPU_CLOCKS_UNHALTED     |   PMC1  | 4417764654368 | 3887999832574 | 3870687688685 | 3872248470730 | 3877914177705 | 3860564653702 | 3900314835116 | 3902324865884 | 3589437261790 | 3597819145002 | 3586815440580 | 3598849168904 | 3657152724814 | 3594375934769 | 3448095586582 | 3577589820941 | 3830994119618 | 3834050307615 | 3803098108356 | 3830279072445 | 3819323288850 | 3783301910013 | 3844853459307 | 3846276601187 | 4242482953751 | 4248179195026 | 4229285346294 | 4241025733289 | 4232491016220 | 4249752469875 | 4261472969067 | 4251510884661 | 4151841652504 | 4152090683850 | 4165145588230 | 4164886931005 | 4155837426308 | 4175455611297 | 4199512797459 | 4210683085261 | 4187085963631 | 4195161554822 | 4176975581582 | 4197069694082 | 4162563140859 | 4189188318257 | 4204874396855 | 4214415707530 | 4607982740259 | 4601814553385 | 4620677176747 | 4611972960028 | 4621950932884 | 4618689575455 | 4620809804716 | 4618175624562 | 4071108887647 | 4095152664724 | 3953059437515 | 4042791005540 | 4134272723978 | 4059026260400 | 4079384041726 | 4171439019879 | 4562993001639 | 4562726455569 | 4552512936295 | 4560692657504 | 4559672000983 | 4570060948855 | 4570812093752 | 4583021324227 | 4619883524751 | 4625434861952 | 4621005852938 | 4624452154746 | 4611724402164 | 4627836973912 | 4626375225160 | 4623061968682 | 4504276865640 | 4506996374571 | 4497228139512 | 4524202629735 | 4501126521577 | 4517823025633 | 4534887365693 | 4544028295428 | 4599680347291 | 4601387663859 | 4604890703316 | 4605299131976 | 4604486524234 | 4603396998865 | 4597709897064 | 4610759578634 | 3647958879983 | 3299376982231 | 3420858962266 | 3229235440481 | 3285045171037 | 3126872200916 | 3190466342963 | 3350620751704 | 3010535229486 | 2854167722618 | 3223806066189 | 2963490004095 | 3243131482878 | 3045598464282 | 3230702915313 | 3266823445049 | 3606417452773 | 3610877700194 | 3648110674677 | 3707999866963 | 3768040000271 | 3805208205668 | 3804440243039 | 3698110049862 | 4114027430676 | 4136605753025 | 4141733388444 | 4145482865057 | 4142672577310 | 4151249009237 | 4137340375044 | 4176514950965 | 4038156053816 | 4015976541951 | 4007170961852 | 4015910119407 | 3998580912833 | 4039589491936 | 4069377885515 | 4073375758272 | 4103593887541 | 4101766849900 | 4103672124999 | 4093481745374 | 4103832396093 | 4115188777361 | 4136072660395 | 4130903113599 | 4414606322794 | 4416310168352 | 4417249416490 | 4403587584076 | 4414426573834 | 4418147147422 | 4427800437288 | 4428555318770 | 4405681268253 | 4410861198722 | 4404228734148 | 4403681831803 | 4406426871668 | 4412152255464 | 4411082073098 | 4413584996037 | 4388878429878 | 4389264685632 | 4393848550204 | 4395117434279 | 4383587685811 | 4385759182593 | 4402735167157 | 4403355757751 | 4397996010265 | 4400367492905 | 4392254237865 | 4288818642707 | 4274037685821 | 4272373138757 | 4243137699089 | 4214622422142 |
|       L2_PF_HIT_IN_L3       |   PMC2  |   12182621645 |    1581737866 |    1539841522 |    1469630106 |    1582151732 |    1557974230 |    1474574353 |    1505688257 |    1492789786 |    1465799380 |    1579955212 |    1572950856 |    1504333175 |    1545279590 |    1510012524 |    1346151587 |    1469009877 |    1529879190 |    1445092781 |    1524001474 |    1523938256 |    1416607024 |    1538756433 |    1466665603 |    1341098863 |    1505431157 |    1485020016 |    1416125310 |    1521167361 |    1556536646 |    1419618636 |    1416506938 |    1549657633 |    1451654614 |    1585335233 |    1580001174 |    1465047975 |    1591349756 |    1614154089 |    1403465559 |    1489082327 |    1496053039 |    1429683144 |    1528529795 |    1518082724 |    1410926205 |    1516413747 |    1436604830 |    1361542120 |    1485315980 |    1511861600 |    1400861057 |    1487500623 |    1486267838 |    1380271888 |    1355714299 |    1665908892 |    1549023468 |    1680175731 |    1748770207 |    1697619850 |    1677223060 |    1757726851 |    1581493924 |    1556313903 |    1555742501 |    1464121159 |    1516999641 |    1524579905 |    1481662799 |    1576829249 |    1588981479 |    1459857253 |    1576456291 |    1627727829 |    1510903530 |    1545219095 |    1550407004 |    1446055483 |    1385746007 |    1604598804 |    1548904325 |    1622711288 |    1621458536 |    1542687827 |    1618757184 |    1692050045 |    1537361716 |    1516227791 |    1544169262 |    1488165491 |    1585711038 |    1631226837 |    1496858628 |    1570673856 |    1502376901 |    1715465757 |    1677119850 |    1879391492 |    1692666936 |    1663426955 |    1649079274 |    1564706819 |    1524957044 |    1739901589 |    1607405884 |    1844024913 |    1769401789 |    1761531147 |    1811229189 |    1891241234 |    1663034613 |    1632277537 |    1735998949 |    1640343647 |    1806361506 |    1831038474 |    1730203596 |    1775294780 |    1697339105 |    1479449291 |    1615504826 |    1755566845 |    1709695999 |    1678493039 |    1761183640 |    1636332115 |    1678311265 |    1722833760 |    1608006935 |    1810676537 |    1737192957 |    1622323425 |    1730716811 |    1819170464 |    1647547380 |    1658701754 |    1735757301 |    1721832664 |    1701682455 |    1810314013 |    1730456125 |    1755558673 |    1610568087 |    1717691441 |    1817276951 |    1810830202 |    1773235107 |    1839366402 |    1835095678 |    1743040648 |    1664485353 |    1779553864 |    1646723694 |    1786006926 |    1747838807 |    1763576646 |    1742617112 |    1805431712 |    1558470979 |    1705270296 |    1776326219 |    1714335883 |    1801322638 |    1819273421 |    1700033560 |    1764600131 |    1711451323 |    1647469725 |    1780664884 |    1391487321 |     992084496 |     970899917 |     985296212 |     964828264 |    1005182073 |
|       L2_PF_MISS_IN_L3      |   PMC3  |   38075825499 |    4389997868 |    4663327175 |    4701767244 |    4697944026 |    4607159169 |    4658306490 |    4730878369 |    5918534659 |    5832438263 |    5820254684 |    5846532945 |    5801587557 |    5819478572 |    5803739502 |    5889587740 |    4614404817 |    4553671114 |    4589086602 |    4535463656 |    4534794644 |    4558498940 |    4531253657 |    4581398226 |    5201559587 |    5138954861 |    5071375887 |    5127964973 |    5126333845 |    5091161820 |    5119918956 |    5196382595 |    5956626173 |    5969896587 |    5934006738 |    5884491977 |    5960911516 |    5910714016 |    6038965827 |    6013129521 |    5208150412 |    5224347649 |    5146184244 |    5176116940 |    5170981516 |    5189978032 |    5229311636 |    5304469401 |    5297849507 |    5223828981 |    5299276920 |    5292304306 |    4966048435 |    5118747941 |    5342101624 |    5386183227 |    6070018743 |    6112362761 |    6044647260 |    5971944807 |    5948714472 |    6076889550 |    6006920371 |    6056614387 |    5324993312 |    5293610688 |    5335214901 |    5269788230 |    5332087872 |    5326610568 |    5296793209 |    5342763639 |    5323671840 |    5297672491 |    5215018338 |    5275211921 |    5307651739 |    5263077015 |    5309181154 |    5402091106 |    6290569885 |    6312432947 |    6334641769 |    6293613631 |    6251319367 |    6348352880 |    6272591948 |    6260412259 |    5286884716 |    5231067469 |    5244845135 |    5201993378 |    5236296420 |    5257924268 |    5258421469 |    5322653145 |    5784366615 |    5864931595 |    5676793447 |    5741352302 |    5938839256 |    5881519045 |    5942764967 |    5727350684 |    6202913123 |    6184162483 |    5950531800 |    6140314215 |    6079839815 |    6103700846 |    6062740685 |    6163285730 |    5797598334 |    5718222081 |    5712275427 |    5541808128 |    5571576812 |    5508375673 |    5512539100 |    5747597543 |    5902348349 |    5806324225 |    5615662688 |    5636649295 |    5726540798 |    5643175680 |    5729994566 |    5742442617 |    6046585984 |    6047812542 |    5969682131 |    6037502681 |    6045335990 |    5985868720 |    5981572882 |    6045067220 |    6106534894 |    5971216695 |    5804786943 |    6021951397 |    5732944604 |    5858093503 |    5747096168 |    6184719054 |    6369260522 |    6350115005 |    6441335888 |    6315513926 |    6296804687 |    6363411618 |    6288244854 |    6441221872 |    6977139878 |    6977950967 |    6543713006 |    6975894761 |    6838205824 |    7004561018 |    6939021128 |    6972927969 |    6114184173 |    6157166680 |    6182816469 |    6119852393 |    6166666126 |    6170828250 |    6231845732 |    6266758499 |    7689752252 |    7612987687 |    7407931856 |    5487913772 |    5487373765 |    5463306337 |    4824814595 |    4427877784 |
| L2_CACHE_MISS_AFTER_L1_MISS |   PMC4  |    7724110788 |    5178816094 |    4728808096 |    4573055383 |    4630042133 |    4564053604 |    4517172573 |    4596756107 |    3930556044 |    3847519254 |    3888149551 |    3892597610 |    3838934386 |    3879499301 |    3910347364 |    3818038740 |    4591940197 |    4632975457 |    4497007375 |    4564161916 |    4575137491 |    4539458543 |    4593717380 |    4581685487 |    4474281954 |    4496861960 |    4501015358 |    4425187789 |    4496990004 |    4536700647 |    4382943932 |    4434216972 |    4059953103 |    3961268169 |    4012847117 |    4028831640 |    3936166434 |    4034069289 |    4023285375 |    4017452183 |    4569848258 |    4568613884 |    4468125971 |    4576456546 |    4594505415 |    4507350128 |    4614858570 |    4604014275 |    4575042586 |    4611095563 |    4606259252 |    4500688317 |    4978968732 |    4816506550 |    4481598070 |    4553958508 |    3955972380 |    3842113985 |    3915034701 |    3872038749 |    3933797503 |    3900807342 |    3966763967 |    3917635862 |    4677033609 |    4631953865 |    4549147937 |    4578164388 |    4567319556 |    4535267255 |    4632104196 |    4702953797 |    4670474748 |    4740823697 |    4764000034 |    4658429152 |    4757007420 |    4764466179 |    4641163672 |    4685102294 |    4053826671 |    3927065578 |    3896167193 |    4031825538 |    3952909451 |    3988924924 |    3993352751 |    3983581326 |    4836224260 |    4801736137 |    4762071039 |    4765202242 |    4920014846 |    4764184778 |    4780511219 |    4828831871 |    4810959513 |    4550135095 |    4704992189 |    4379844675 |    4516097578 |    4348921750 |    4355487603 |    4854522853 |    4175275759 |    3987060177 |    4397471249 |    4107709894 |    4206706330 |    4124121246 |    4255461345 |    4217900523 |    4708758095 |    4744636142 |    4710586249 |    4756713066 |    4892620678 |    4834989353 |    4869644901 |    4812206910 |    4773898933 |    4869614161 |    4944996605 |    4874299924 |    4884218355 |    4941347407 |    4818285094 |    4937972815 |    4814491043 |    4709275145 |    4660180130 |    4721774698 |    4692594016 |    4788232895 |    4817257191 |    4795184347 |    4659689394 |    4702774770 |    4733878186 |    4655935223 |    4754207774 |    4695805856 |    4804375765 |    4701847027 |    4202544689 |    4329960802 |    4252779448 |    4294300450 |    4416622166 |    4322290957 |    4363265033 |    4460352205 |    4305210213 |    4214345673 |    4743751277 |    4328340866 |    4231090655 |    4411709371 |    4224763822 |    4464771022 |    5235323434 |    5329862792 |    5321601775 |    5326605764 |    5380213270 |    5350965951 |    5534137100 |    5292679625 |    3988768463 |    4035805525 |    3949624291 |    3452326616 |    3562077355 |    3556606088 |    3412937313 |    3124960551 |
+-----------------------------+---------+---------------+---------------+---------------+---------------+---------------+---------------+---------------+---------------+---------------+---------------+---------------+---------------+---------------+---------------+---------------+---------------+---------------+---------------+---------------+---------------+---------------+---------------+---------------+---------------+---------------+---------------+---------------+---------------+---------------+---------------+---------------+---------------+---------------+---------------+---------------+---------------+---------------+---------------+---------------+---------------+---------------+---------------+---------------+---------------+---------------+---------------+---------------+---------------+---------------+---------------+---------------+---------------+---------------+---------------+---------------+---------------+---------------+---------------+---------------+---------------+---------------+---------------+---------------+---------------+---------------+---------------+---------------+---------------+---------------+---------------+---------------+---------------+---------------+---------------+---------------+---------------+---------------+---------------+---------------+---------------+---------------+---------------+---------------+---------------+---------------+---------------+---------------+---------------+---------------+---------------+---------------+---------------+---------------+---------------+---------------+---------------+---------------+---------------+---------------+---------------+---------------+---------------+---------------+---------------+---------------+---------------+---------------+---------------+---------------+---------------+---------------+---------------+---------------+---------------+---------------+---------------+---------------+---------------+---------------+---------------+---------------+---------------+---------------+---------------+---------------+---------------+---------------+---------------+---------------+---------------+---------------+---------------+---------------+---------------+---------------+---------------+---------------+---------------+---------------+---------------+---------------+---------------+---------------+---------------+---------------+---------------+---------------+---------------+---------------+---------------+---------------+---------------+---------------+---------------+---------------+---------------+---------------+---------------+---------------+---------------+---------------+---------------+---------------+---------------+---------------+---------------+---------------+---------------+---------------+---------------+---------------+---------------+---------------+---------------+---------------+---------------+

+----------------------------------+---------+-----------------+---------------+---------------+--------------+
|               Event              | Counter |       Sum       |      Min      |      Max      |      Avg     |
+----------------------------------+---------+-----------------+---------------+---------------+--------------+
|       ACTUAL_CPU_CLOCK STAT      |  FIXC1  | 792631171687424 | 3029796682451 | 5104704000743 | 4.503586e+12 |
|        MAX_CPU_CLOCK STAT        |  FIXC2  | 565310198236862 | 2432018106154 | 3604087756828 | 3.211990e+12 |
|     RETIRED_INSTRUCTIONS STAT    |   PMC0  | 112251838969590 |  465457096354 | 1241116266199 | 6.377945e+11 |
|     CPU_CLOCKS_UNHALTED STAT     |   PMC1  | 727244579993469 | 2854167722618 | 4627836973912 | 4.132071e+12 |
|       L2_PF_HIT_IN_L3 STAT       |   PMC2  |    290674895600 |     964828264 |   12182621645 | 1.651562e+09 |
|       L2_PF_MISS_IN_L3 STAT      |   PMC3  |   1037534486753 |    4389997868 |   38075825499 | 5.895082e+09 |
| L2_CACHE_MISS_AFTER_L1_MISS STAT |   PMC4  |    790186064026 |    3124960551 |    7724110788 | 4.489694e+09 |
+----------------------------------+---------+-----------------+---------------+---------------+--------------+

+-------------------------+------------+------------+------------+------------+------------+------------+------------+------------+------------+------------+-------------+-------------+-------------+-------------+-------------+-------------+-------------+-------------+-------------+-------------+-------------+-------------+-------------+-------------+-------------+-------------+-------------+-------------+-------------+-------------+-------------+-------------+-------------+-------------+-------------+-------------+-------------+-------------+-------------+-------------+-------------+-------------+-------------+-------------+-------------+-------------+-------------+-------------+-------------+-------------+-------------+-------------+-------------+-------------+-------------+-------------+-------------+-------------+-------------+-------------+-------------+-------------+-------------+-------------+-------------+-------------+-------------+-------------+-------------+-------------+-------------+-------------+-------------+-------------+-------------+-------------+-------------+-------------+-------------+-------------+-------------+-------------+-------------+-------------+-------------+-------------+-------------+-------------+-------------+-------------+-------------+-------------+-------------+-------------+-------------+-------------+-------------+-------------+-------------+-------------+--------------+--------------+--------------+--------------+--------------+--------------+--------------+--------------+--------------+--------------+--------------+--------------+--------------+--------------+--------------+--------------+--------------+--------------+--------------+--------------+--------------+--------------+--------------+--------------+--------------+--------------+--------------+--------------+--------------+--------------+--------------+--------------+--------------+--------------+--------------+--------------+--------------+--------------+--------------+--------------+--------------+--------------+--------------+--------------+--------------+--------------+--------------+--------------+--------------+--------------+--------------+--------------+--------------+--------------+--------------+--------------+--------------+--------------+--------------+--------------+--------------+--------------+--------------+--------------+--------------+--------------+--------------+--------------+--------------+--------------+--------------+--------------+--------------+--------------+--------------+--------------+
|          Metric         | HWThread 0 | HWThread 1 | HWThread 2 | HWThread 3 | HWThread 4 | HWThread 5 | HWThread 6 | HWThread 7 | HWThread 8 | HWThread 9 | HWThread 10 | HWThread 11 | HWThread 12 | HWThread 13 | HWThread 14 | HWThread 15 | HWThread 16 | HWThread 17 | HWThread 18 | HWThread 19 | HWThread 20 | HWThread 21 | HWThread 22 | HWThread 23 | HWThread 24 | HWThread 25 | HWThread 26 | HWThread 27 | HWThread 28 | HWThread 29 | HWThread 30 | HWThread 31 | HWThread 32 | HWThread 33 | HWThread 34 | HWThread 35 | HWThread 36 | HWThread 37 | HWThread 38 | HWThread 39 | HWThread 40 | HWThread 41 | HWThread 42 | HWThread 43 | HWThread 44 | HWThread 45 | HWThread 46 | HWThread 47 | HWThread 48 | HWThread 49 | HWThread 50 | HWThread 51 | HWThread 52 | HWThread 53 | HWThread 54 | HWThread 55 | HWThread 56 | HWThread 57 | HWThread 58 | HWThread 59 | HWThread 60 | HWThread 61 | HWThread 62 | HWThread 63 | HWThread 64 | HWThread 65 | HWThread 66 | HWThread 67 | HWThread 68 | HWThread 69 | HWThread 70 | HWThread 71 | HWThread 72 | HWThread 73 | HWThread 74 | HWThread 75 | HWThread 76 | HWThread 77 | HWThread 78 | HWThread 79 | HWThread 80 | HWThread 81 | HWThread 82 | HWThread 83 | HWThread 84 | HWThread 85 | HWThread 86 | HWThread 87 | HWThread 88 | HWThread 89 | HWThread 90 | HWThread 91 | HWThread 92 | HWThread 93 | HWThread 94 | HWThread 95 | HWThread 96 | HWThread 97 | HWThread 98 | HWThread 99 | HWThread 100 | HWThread 101 | HWThread 102 | HWThread 103 | HWThread 104 | HWThread 105 | HWThread 106 | HWThread 107 | HWThread 108 | HWThread 109 | HWThread 110 | HWThread 111 | HWThread 112 | HWThread 113 | HWThread 114 | HWThread 115 | HWThread 116 | HWThread 117 | HWThread 118 | HWThread 119 | HWThread 120 | HWThread 121 | HWThread 122 | HWThread 123 | HWThread 124 | HWThread 125 | HWThread 126 | HWThread 127 | HWThread 128 | HWThread 129 | HWThread 130 | HWThread 131 | HWThread 132 | HWThread 133 | HWThread 134 | HWThread 135 | HWThread 136 | HWThread 137 | HWThread 138 | HWThread 139 | HWThread 140 | HWThread 141 | HWThread 142 | HWThread 143 | HWThread 144 | HWThread 145 | HWThread 146 | HWThread 147 | HWThread 148 | HWThread 149 | HWThread 150 | HWThread 151 | HWThread 152 | HWThread 153 | HWThread 154 | HWThread 155 | HWThread 156 | HWThread 157 | HWThread 158 | HWThread 159 | HWThread 160 | HWThread 161 | HWThread 162 | HWThread 163 | HWThread 164 | HWThread 165 | HWThread 166 | HWThread 167 | HWThread 168 | HWThread 169 | HWThread 170 | HWThread 171 | HWThread 172 | HWThread 173 | HWThread 174 | HWThread 175 |
+-------------------------+------------+------------+------------+------------+------------+------------+------------+------------+------------+------------+-------------+-------------+-------------+-------------+-------------+-------------+-------------+-------------+-------------+-------------+-------------+-------------+-------------+-------------+-------------+-------------+-------------+-------------+-------------+-------------+-------------+-------------+-------------+-------------+-------------+-------------+-------------+-------------+-------------+-------------+-------------+-------------+-------------+-------------+-------------+-------------+-------------+-------------+-------------+-------------+-------------+-------------+-------------+-------------+-------------+-------------+-------------+-------------+-------------+-------------+-------------+-------------+-------------+-------------+-------------+-------------+-------------+-------------+-------------+-------------+-------------+-------------+-------------+-------------+-------------+-------------+-------------+-------------+-------------+-------------+-------------+-------------+-------------+-------------+-------------+-------------+-------------+-------------+-------------+-------------+-------------+-------------+-------------+-------------+-------------+-------------+-------------+-------------+-------------+-------------+--------------+--------------+--------------+--------------+--------------+--------------+--------------+--------------+--------------+--------------+--------------+--------------+--------------+--------------+--------------+--------------+--------------+--------------+--------------+--------------+--------------+--------------+--------------+--------------+--------------+--------------+--------------+--------------+--------------+--------------+--------------+--------------+--------------+--------------+--------------+--------------+--------------+--------------+--------------+--------------+--------------+--------------+--------------+--------------+--------------+--------------+--------------+--------------+--------------+--------------+--------------+--------------+--------------+--------------+--------------+--------------+--------------+--------------+--------------+--------------+--------------+--------------+--------------+--------------+--------------+--------------+--------------+--------------+--------------+--------------+--------------+--------------+--------------+--------------+--------------+--------------+
|   Runtime (RDTSC) [s]   |  1575.0912 |  1575.0912 |  1575.0912 |  1575.0912 |  1575.0912 |  1575.0912 |  1575.0912 |  1575.0912 |  1575.0912 |  1575.0912 |   1575.0912 |   1575.0912 |   1575.0912 |   1575.0912 |   1575.0912 |   1575.0912 |   1575.0912 |   1575.0912 |   1575.0912 |   1575.0912 |   1575.0912 |   1575.0912 |   1575.0912 |   1575.0912 |   1575.0912 |   1575.0912 |   1575.0912 |   1575.0912 |   1575.0912 |   1575.0912 |   1575.0912 |   1575.0912 |   1575.0912 |   1575.0912 |   1575.0912 |   1575.0912 |   1575.0912 |   1575.0912 |   1575.0912 |   1575.0912 |   1575.0912 |   1575.0912 |   1575.0912 |   1575.0912 |   1575.0912 |   1575.0912 |   1575.0912 |   1575.0912 |   1575.0912 |   1575.0912 |   1575.0912 |   1575.0912 |   1575.0912 |   1575.0912 |   1575.0912 |   1575.0912 |   1575.0912 |   1575.0912 |   1575.0912 |   1575.0912 |   1575.0912 |   1575.0912 |   1575.0912 |   1575.0912 |   1575.0912 |   1575.0912 |   1575.0912 |   1575.0912 |   1575.0912 |   1575.0912 |   1575.0912 |   1575.0912 |   1575.0912 |   1575.0912 |   1575.0912 |   1575.0912 |   1575.0912 |   1575.0912 |   1575.0912 |   1575.0912 |   1575.0912 |   1575.0912 |   1575.0912 |   1575.0912 |   1575.0912 |   1575.0912 |   1575.0912 |   1575.0912 |   1575.0912 |   1575.0912 |   1575.0912 |   1575.0912 |   1575.0912 |   1575.0912 |   1575.0912 |   1575.0912 |   1575.0912 |   1575.0912 |   1575.0912 |   1575.0912 |    1575.0912 |    1575.0912 |    1575.0912 |    1575.0912 |    1575.0912 |    1575.0912 |    1575.0912 |    1575.0912 |    1575.0912 |    1575.0912 |    1575.0912 |    1575.0912 |    1575.0912 |    1575.0912 |    1575.0912 |    1575.0912 |    1575.0912 |    1575.0912 |    1575.0912 |    1575.0912 |    1575.0912 |    1575.0912 |    1575.0912 |    1575.0912 |    1575.0912 |    1575.0912 |    1575.0912 |    1575.0912 |    1575.0912 |    1575.0912 |    1575.0912 |    1575.0912 |    1575.0912 |    1575.0912 |    1575.0912 |    1575.0912 |    1575.0912 |    1575.0912 |    1575.0912 |    1575.0912 |    1575.0912 |    1575.0912 |    1575.0912 |    1575.0912 |    1575.0912 |    1575.0912 |    1575.0912 |    1575.0912 |    1575.0912 |    1575.0912 |    1575.0912 |    1575.0912 |    1575.0912 |    1575.0912 |    1575.0912 |    1575.0912 |    1575.0912 |    1575.0912 |    1575.0912 |    1575.0912 |    1575.0912 |    1575.0912 |    1575.0912 |    1575.0912 |    1575.0912 |    1575.0912 |    1575.0912 |    1575.0912 |    1575.0912 |    1575.0912 |    1575.0912 |    1575.0912 |    1575.0912 |    1575.0912 |    1575.0912 |    1575.0912 |
|   Runtime unhalted [s]  |  1924.5026 |  1630.9309 |  1613.6710 |  1616.6326 |  1622.2968 |  1611.7881 |  1631.6481 |  1633.1390 |  1502.7177 |  1504.7822 |   1497.0640 |   1498.8786 |   1526.7914 |   1500.0330 |   1437.7495 |   1491.4159 |   1594.0408 |   1594.5019 |   1579.9468 |   1591.3155 |   1586.9829 |   1570.8383 |   1599.9497 |   1599.6813 |   1784.5523 |   1786.8414 |   1776.6804 |   1784.6665 |   1777.5559 |   1788.2994 |   1790.9170 |   1791.7098 |   1747.7515 |   1746.0332 |   1745.8876 |   1747.2515 |   1745.9488 |   1752.2245 |   1766.7336 |   1767.6122 |   1757.2068 |   1764.9991 |   1749.2342 |   1764.4453 |   1751.3289 |   1759.7677 |   1769.9941 |   1774.3532 |   1955.3639 |   1954.4939 |   1958.9931 |   1956.9715 |   1958.9823 |   1954.5290 |   1963.1939 |   1961.0023 |   1713.4503 |   1728.3600 |   1659.5625 |   1703.0851 |   1742.8610 |   1711.3986 |   1721.7576 |   1764.2717 |   1929.4849 |   1930.3002 |   1922.7013 |   1925.0955 |   1930.1578 |   1932.6182 |   1932.2337 |   1940.8466 |   1958.1414 |   1963.3551 |   1954.3326 |   1962.5407 |   1954.9575 |   1959.5418 |   1961.5407 |   1957.0509 |   1907.9228 |   1908.8621 |   1903.7033 |   1917.0877 |   1906.4638 |   1916.5277 |   1922.3056 |   1928.8715 |   1945.2128 |   1951.5784 |   1949.8709 |   1950.8350 |   1949.4521 |   1951.6768 |   1955.3040 |   1951.5954 |   1530.4535 |   1361.5479 |   1410.0463 |   1327.6561 |    1356.0288 |    1282.8918 |    1314.9757 |    1381.0701 |    1237.4985 |    1165.3108 |    1326.5515 |    1212.7854 |    1336.2692 |    1250.1640 |    1330.4980 |    1346.1249 |    1494.0736 |    1494.3272 |    1510.4225 |    1534.4220 |    1565.3567 |    1578.3046 |    1576.0957 |    1533.4392 |    1713.1423 |    1719.8087 |    1719.9609 |    1722.2996 |    1722.7328 |    1724.9154 |    1718.8527 |    1739.7964 |    1680.0597 |    1681.1684 |    1665.0106 |    1670.5259 |    1663.2121 |    1679.6280 |    1694.1778 |    1695.3174 |    1707.7800 |    1704.7510 |    1700.8312 |    1700.9920 |    1704.8413 |    1707.3913 |    1718.3721 |    1716.8734 |    1851.0474 |    1849.7006 |    1853.3380 |    1849.4387 |    1852.2216 |    1851.1928 |    1856.9672 |    1855.7507 |    1846.0839 |    1851.5879 |    1842.0125 |    1844.0184 |    1846.1397 |    1848.1293 |    1851.2495 |    1854.9444 |    1833.4362 |    1836.8394 |    1832.1007 |    1835.6610 |    1833.1408 |    1834.0448 |    1838.8160 |    1840.1036 |    1836.4176 |    1836.3106 |    1829.5691 |    1796.1308 |    1793.9367 |    1793.8122 |    1786.2071 |    1776.4516 |
|       Clock [MHz]       |  3676.7727 |  3621.9747 |  3630.3183 |  3628.4344 |  3630.3169 |  3622.7351 |  3641.7578 |  3640.5690 |  3511.5077 |  3506.4327 |   3501.3020 |   3511.0399 |   3535.9596 |   3501.7146 |   3470.1500 |   3508.6926 |   3614.2992 |   3620.4834 |   3601.1078 |   3621.5739 |   3615.7060 |   3595.9790 |   3629.6813 |   3627.7320 |   3677.4321 |   3679.7362 |   3680.0806 |   3678.2967 |   3683.0506 |   3678.3365 |   3682.4578 |   3676.3206 |   3673.3750 |   3675.8678 |   3680.7738 |   3682.7019 |   3679.2973 |   3683.5620 |   3677.5593 |   3684.4934 |   3681.9896 |   3676.9872 |   3683.9661 |   3678.3748 |   3681.8208 |   3681.9284 |   3679.6093 |   3679.4821 |   3686.4113 |   3687.2798 |   3684.7361 |   3686.9253 |   3687.6347 |   3690.8547 |   3683.3132 |   3685.2514 |   3616.4547 |   3611.3905 |   3579.1732 |   3596.7935 |   3614.7509 |   3596.1670 |   3602.1406 |   3631.7646 |   3685.9806 |   3687.1093 |   3685.2781 |   3691.2875 |   3685.2251 |   3686.3047 |   3692.3088 |   3686.6925 |   3685.4380 |   3682.5353 |   3689.4430 |   3683.6916 |   3687.6171 |   3685.7545 |   3685.7410 |   3689.3575 |   3687.4113 |   3687.5039 |   3686.9323 |   3687.4683 |   3688.8434 |   3683.5697 |   3688.6647 |   3686.4724 |   3689.5407 |   3683.3047 |   3683.7341 |   3686.4753 |   3687.5043 |   3685.1093 |   3683.1368 |   3689.1968 |   3575.4095 |   3443.2643 |   3471.3512 |   3391.4471 |    3413.8528 |    3350.0115 |    3371.9510 |    3447.6823 |    3304.0971 |    3239.0555 |    3386.9815 |    3285.7458 |    3402.7040 |    3319.6055 |    3400.8952 |    3406.2293 |    3556.8788 |    3562.2779 |    3567.9950 |    3597.1425 |    3616.3005 |    3633.6316 |    3631.0992 |    3593.5136 |    3686.9250 |    3694.9961 |    3695.6861 |    3695.5400 |    3694.7069 |    3695.6221 |    3694.7880 |    3695.8206 |    3691.6658 |    3684.4877 |    3686.0910 |    3683.9301 |    3679.2214 |    3689.0644 |    3691.1189 |    3692.6484 |    3688.4738 |    3694.6020 |    3694.3390 |    3695.5083 |    3695.3977 |    3695.6680 |    3693.2599 |    3695.3305 |    3694.3513 |    3696.0751 |    3685.8922 |    3693.1719 |    3694.1742 |    3694.3126 |    3692.3566 |    3693.2950 |    3694.1389 |    3686.7585 |    3689.9334 |    3691.4991 |    3694.7166 |    3691.8663 |    3692.1335 |    3689.5550 |    3693.8911 |    3692.8853 |    3692.2968 |    3693.9079 |    3693.5831 |    3692.5002 |    3692.9255 |    3695.1386 |    3694.1323 |    3695.3558 |    3695.8545 |    3693.7199 |    3688.6628 |    3687.2314 |    3685.1697 |    3682.9284 |
|           CPI           |     3.5595 |     6.1752 |     6.1045 |     6.1119 |     6.1199 |     6.0870 |     6.1676 |     6.1736 |     5.3827 |     5.4258 |      5.3960 |      5.3999 |      5.5777 |      5.4427 |      5.1840 |      5.4126 |      5.9809 |      5.9966 |      5.9320 |      5.9974 |      5.9719 |      5.8926 |      6.0279 |      6.0294 |      6.9007 |      6.9081 |      6.8777 |      6.8950 |      6.8860 |      6.9115 |      6.9346 |      6.9073 |      6.5642 |      6.5550 |      6.5818 |      6.5861 |      6.5574 |      6.5968 |      6.6238 |      6.6617 |      6.7955 |      6.8037 |      6.7757 |      6.8061 |      6.7520 |      6.7971 |      6.8221 |      6.8388 |      7.1793 |      7.1741 |      7.1945 |      7.2017 |      7.3006 |      7.2884 |      7.2647 |      7.2666 |      6.0001 |      6.0162 |      5.7571 |      5.9217 |      6.0578 |      5.9783 |      5.9889 |      6.1613 |      6.9957 |      7.0049 |      6.9745 |      7.0186 |      6.9992 |      7.0147 |      7.0579 |      7.0726 |      7.3833 |      7.3846 |      7.3872 |      7.3909 |      7.3667 |      7.4060 |      7.3971 |      7.4040 |      6.7450 |      6.7277 |      6.7023 |      6.7625 |      6.7154 |      6.7415 |      6.7769 |      6.7962 |      7.3170 |      7.3145 |      7.3155 |      7.3290 |      7.3262 |      7.3205 |      7.3131 |      7.3445 |      5.7246 |      5.1960 |      5.4154 |      5.0954 |       5.1721 |       4.9138 |       5.0162 |       5.3030 |       4.6272 |       4.3916 |       4.9699 |       4.5592 |       4.9906 |       4.6718 |       4.9664 |       5.0301 |       5.6548 |       5.6677 |       5.7157 |       5.8147 |       5.9258 |       5.9819 |       5.9994 |       5.8288 |       6.6879 |       6.7319 |       6.7425 |       6.7432 |       6.7435 |       6.7604 |       6.7347 |       6.8019 |       6.4074 |       6.3842 |       6.3536 |       6.3683 |       6.3415 |       6.4151 |       6.4619 |       6.4708 |       6.6374 |       6.6427 |       6.6440 |       6.6297 |       6.6435 |       6.6669 |       6.7014 |       6.6947 |       7.0585 |       7.0627 |       7.0466 |       7.0381 |       7.0601 |       7.0653 |       7.0972 |       7.1010 |       6.7547 |       6.7462 |       6.8095 |       6.6791 |       6.6801 |       6.6842 |       6.6813 |       6.7112 |       7.0212 |       7.0259 |       7.0253 |       7.0344 |       7.0119 |       7.0246 |       7.0512 |       7.0558 |       6.5079 |       6.5188 |       6.6426 |       7.9048 |       7.9765 |       7.9712 |       8.5944 |       9.0548 |
| L3 bandwidth [MBytes/s] |  2355.9802 |   453.0756 |   444.1943 |   436.5747 |   443.3069 |   435.9544 |   432.7390 |   440.1857 |   460.8497 |   452.8807 |    458.6750 |    459.6389 |    452.8441 |    456.8831 |    456.0640 |    449.1434 |    433.7671 |    435.4400 |    427.9092 |    431.6653 |    432.0815 |    427.2338 |    433.2946 |    431.9140 |    447.6466 |    452.6975 |    449.2910 |    445.7099 |    452.8293 |    454.4509 |    443.8085 |    448.8723 |    469.9659 |    462.5132 |    468.5825 |    467.0033 |    461.6724 |    468.7427 |    474.4423 |    464.5947 |    457.8104 |    458.7017 |    448.7458 |    458.3802 |    458.4804 |    451.3569 |    461.6097 |    460.9801 |    456.4839 |    459.9704 |    463.9182 |    454.8350 |    464.5326 |    464.0858 |    455.2461 |    458.9796 |    475.0719 |    467.4168 |    472.9573 |    471.0434 |    470.5305 |    473.5693 |    476.6774 |    469.5396 |    469.6451 |    466.5150 |    461.1181 |    461.7872 |    464.1859 |    460.9172 |    467.5072 |    472.7477 |    465.4056 |    471.9453 |    471.6119 |    465.0212 |    471.7392 |    470.4419 |    463.0650 |    466.1750 |    485.5184 |    478.9931 |    481.6390 |    485.4331 |    477.3074 |    485.8044 |    485.8840 |    478.7067 |    472.9361 |    470.4021 |    467.0747 |    469.4243 |    478.9579 |    468.0452 |    471.7281 |    473.5263 |    500.2191 |    491.3366 |    498.2031 |    480.0276 |     492.4002 |     482.6954 |     482.0225 |     491.9316 |     492.3891 |     478.5959 |     495.3934 |     488.2989 |     489.5443 |     489.1776 |     496.1010 |     489.3876 |     493.2239 |     495.6709 |     490.1590 |     491.8525 |     499.5870 |     490.5801 |     493.9896 |     498.0392 |     493.9172 |     499.4329 |     500.4399 |     496.5562 |     499.3439 |     501.6378 |     495.0921 |     502.1668 |     511.3166 |     502.4256 |     505.4910 |     507.7637 |     502.2288 |     508.1029 |     512.7018 |     507.4113 |     504.8567 |     504.2400 |     498.1755 |     503.0137 |     499.6776 |     499.1449 |     500.0663 |     507.7907 |     499.3538 |     507.7995 |     508.1081 |     503.1551 |     510.0522 |     508.7522 |     503.6224 |     510.5913 |     530.7387 |     521.6824 |     531.2087 |     530.3393 |     521.4326 |     534.6794 |     526.9726 |     528.0678 |     530.4492 |     538.9242 |     537.1119 |     538.2914 |     543.1011 |     537.2368 |     549.7823 |     539.2303 |     541.4692 |     545.6734 |     518.0264 |     403.5759 |     407.1526 |     406.5373 |     373.9245 |     347.7343 |
| L3 data volume [GBytes] |  3710.8837 |   713.6353 |   699.6465 |   687.6450 |   698.2488 |   686.6680 |   681.6034 |   693.3327 |   725.8804 |   713.3284 |    722.4550 |    723.9732 |    713.2707 |    719.6325 |    718.3424 |    707.4418 |    683.2227 |    685.8576 |    673.9960 |    679.9121 |    680.5677 |    672.9321 |    682.4786 |    680.3040 |    705.0842 |    713.0399 |    707.6743 |    702.0338 |    713.2474 |    715.8015 |    699.0388 |    707.0148 |    740.2392 |    728.5004 |    738.0601 |    735.5728 |    727.1761 |    738.3125 |    747.2899 |    731.7790 |    721.0932 |    722.4969 |    706.8156 |    721.9906 |    722.1485 |    710.9283 |    727.0774 |    726.0857 |    719.0038 |    724.4954 |    730.7135 |    716.4066 |    731.6811 |    730.9774 |    717.0542 |    722.9348 |    748.2816 |    736.2240 |    744.9509 |    741.9362 |    741.1284 |    745.9149 |    750.8103 |    739.5676 |    739.7338 |    734.8037 |    726.3030 |    727.3569 |    731.1352 |    725.9866 |    736.3665 |    744.6207 |    733.0562 |    743.3570 |    742.8318 |    732.4509 |    743.0322 |    740.9888 |    729.3696 |    734.2681 |    764.7357 |    754.4578 |    758.6253 |    764.6015 |    751.8027 |    765.1862 |    765.3117 |    754.0067 |    744.9176 |    740.9263 |    735.6852 |    739.3860 |    754.4024 |    737.2139 |    743.0148 |    745.8472 |    787.8907 |    773.8999 |    784.7153 |    756.0873 |     775.5753 |     760.2893 |     759.2294 |     774.8372 |     775.5578 |     753.8322 |     780.2898 |     769.1153 |     771.0769 |     770.4993 |     781.4044 |     770.8301 |     776.8726 |     780.7269 |     772.0451 |     774.7125 |     786.8951 |     772.7084 |     778.0786 |     784.4572 |     777.9646 |     786.6524 |     788.2385 |     782.1213 |     786.5121 |     790.1252 |     779.8152 |     790.9585 |     805.3703 |     791.3661 |     796.1945 |     799.7741 |     791.0562 |     800.3084 |     807.5520 |     799.2191 |     795.1953 |     794.2239 |     784.6719 |     792.2924 |     787.0378 |     786.1988 |     787.6500 |     799.8166 |     786.5278 |     799.8306 |     800.3165 |     792.5152 |     803.3788 |     801.3311 |     793.2512 |     804.2278 |     835.9619 |     821.6973 |     836.7022 |     835.3328 |     821.3039 |     842.1688 |     830.0299 |     831.7549 |     835.5058 |     848.8548 |     846.0003 |     847.8580 |     855.4338 |     846.1970 |     865.9573 |     849.3369 |     852.8634 |     859.4853 |     815.9388 |     635.6688 |     641.3025 |     640.3334 |     588.9651 |     547.7133 |
+-------------------------+------------+------------+------------+------------+------------+------------+------------+------------+------------+------------+-------------+-------------+-------------+-------------+-------------+-------------+-------------+-------------+-------------+-------------+-------------+-------------+-------------+-------------+-------------+-------------+-------------+-------------+-------------+-------------+-------------+-------------+-------------+-------------+-------------+-------------+-------------+-------------+-------------+-------------+-------------+-------------+-------------+-------------+-------------+-------------+-------------+-------------+-------------+-------------+-------------+-------------+-------------+-------------+-------------+-------------+-------------+-------------+-------------+-------------+-------------+-------------+-------------+-------------+-------------+-------------+-------------+-------------+-------------+-------------+-------------+-------------+-------------+-------------+-------------+-------------+-------------+-------------+-------------+-------------+-------------+-------------+-------------+-------------+-------------+-------------+-------------+-------------+-------------+-------------+-------------+-------------+-------------+-------------+-------------+-------------+-------------+-------------+-------------+-------------+--------------+--------------+--------------+--------------+--------------+--------------+--------------+--------------+--------------+--------------+--------------+--------------+--------------+--------------+--------------+--------------+--------------+--------------+--------------+--------------+--------------+--------------+--------------+--------------+--------------+--------------+--------------+--------------+--------------+--------------+--------------+--------------+--------------+--------------+--------------+--------------+--------------+--------------+--------------+--------------+--------------+--------------+--------------+--------------+--------------+--------------+--------------+--------------+--------------+--------------+--------------+--------------+--------------+--------------+--------------+--------------+--------------+--------------+--------------+--------------+--------------+--------------+--------------+--------------+--------------+--------------+--------------+--------------+--------------+--------------+--------------+--------------+--------------+--------------+--------------+--------------+

+------------------------------+-------------+-----------+-----------+-----------+
|            Metric            |     Sum     |    Min    |    Max    |    Avg    |
+------------------------------+-------------+-----------+-----------+-----------+
|   Runtime (RDTSC) [s] STAT   | 277216.0512 | 1575.0912 | 1575.0912 | 1575.0912 |
|   Runtime unhalted [s] STAT  | 304859.2948 | 1165.3108 | 1963.3551 | 1732.1551 |
|       Clock [MHz] STAT       | 640417.8425 | 3239.0555 | 3696.0751 | 3638.7377 |
|           CPI STAT           |   1146.1833 |    3.5595 |    9.0548 |    6.5124 |
| L3 bandwidth [MBytes/s] STAT |  86075.8474 |  347.7343 | 2355.9802 |  489.0673 |
| L3 data volume [GBytes] STAT | 135577.3092 |  547.7133 | 3710.8837 |  770.3256 |
+------------------------------+-------------+-----------+-----------+-----------+

