--------------------------------------------------------------------------------
CPU name:	AMD EPYC 9A14 96-Core Processor                
CPU type:	AMD K19 (Zen4) architecture
CPU clock:	2.60 GHz
--------------------------------------------------------------------------------
Use symmetry. Molecule point group: Dooh
Norb: 18   Ne: (8, 8)
Running RHF...
SCF not converged.
SCF energy = -149.453202296867
Running FCI ...
Guessing CI wfn symmetry = 0
Num symmetry allowed elements 239373732
tol 1e-10  toloose 1e-05
max_cycle 100  max_space 12  max_memory 746697  incore True
    CPU time for contract_2e  16580.64 sec, wall time     97.92 sec
davidson 0 1  |r|= 0.965  e= [-177.41918315]  max|de|= -177  lindep=    1
    CPU time for contract_2e  16407.24 sec, wall time     98.63 sec
davidson 1 2  |r|= 0.477  e= [-177.66345341]  max|de|= -0.244  lindep= 0.976
    CPU time for contract_2e  16442.96 sec, wall time     99.93 sec
davidson 2 3  |r|= 0.189  e= [-177.71009544]  max|de|= -0.0466  lindep= 0.997
    CPU time for contract_2e  16345.66 sec, wall time    100.34 sec
davidson 3 4  |r|= 0.0734  e= [-177.71605069]  max|de|= -0.00596  lindep= 0.98
    CPU time for contract_2e  16427.83 sec, wall time    101.76 sec
davidson 4 5  |r|= 0.0317  e= [-177.71693538]  max|de|= -0.000885  lindep= 0.96
    CPU time for contract_2e  16378.74 sec, wall time    102.35 sec
davidson 5 6  |r|= 0.0142  e= [-177.71710364]  max|de|= -0.000168  lindep= 0.93
    CPU time for contract_2e  16324.49 sec, wall time    102.84 sec
davidson 6 7  |r|= 0.00606  e= [-177.71713434]  max|de|= -3.07e-05  lindep= 0.918
    CPU time for contract_2e  16361.32 sec, wall time    104.10 sec
davidson 7 8  |r|= 0.00244  e= [-177.71713934]  max|de|= -5e-06  lindep= 0.932
    CPU time for contract_2e  16501.76 sec, wall time    105.98 sec
davidson 8 9  |r|= 0.000953  e= [-177.71714013]  max|de|= -7.84e-07  lindep= 0.926
    CPU time for contract_2e  16590.50 sec, wall time    107.48 sec
davidson 9 10  |r|= 0.000379  e= [-177.71714025]  max|de|= -1.21e-07  lindep= 0.919
    CPU time for contract_2e  16642.10 sec, wall time    108.61 sec
davidson 10 11  |r|= 0.000155  e= [-177.71714027]  max|de|= -1.73e-08  lindep= 0.942
    CPU time for contract_2e  16535.59 sec, wall time    108.80 sec
davidson 11 12  |r|= 6.24e-05  e= [-177.71714027]  max|de|= -2.81e-09  lindep= 0.939
    CPU time for contract_2e  16884.43 sec, wall time    115.39 sec
davidson 12 1  |r|= 6.24e-05  e= [-177.71714027]  max|de|= 1.32e-11  lindep=    1
    CPU time for contract_2e  16629.39 sec, wall time    103.67 sec
davidson 13 2  |r|= 2.68e-05  e= [-177.71714027]  max|de|= -3.93e-10  lindep= 0.988
    CPU time for contract_2e  16117.52 sec, wall time     98.54 sec
davidson 14 3  |r|= 1.29e-05  e= [-177.71714027]  max|de|= -1.22e-10  lindep= 0.879
    CPU time for contract_2e  16107.63 sec, wall time     99.32 sec
root 0 converged  |r|= 5.47e-06  e= -177.71714027031757  max|de|= -2.3e-11
converged 15 4  |r|= 5.47e-06  e= [-177.71714027]  max|de|= -2.3e-11
--------------------------------------------------------------------------------
Group 1: L3
+-----------------------------+---------+---------------+---------------+---------------+---------------+---------------+---------------+---------------+---------------+---------------+---------------+---------------+---------------+---------------+---------------+---------------+---------------+---------------+---------------+---------------+---------------+---------------+---------------+---------------+---------------+---------------+---------------+---------------+---------------+---------------+---------------+---------------+---------------+---------------+---------------+---------------+---------------+---------------+---------------+---------------+---------------+---------------+---------------+---------------+---------------+---------------+---------------+---------------+---------------+---------------+---------------+---------------+---------------+---------------+---------------+---------------+---------------+---------------+---------------+---------------+---------------+---------------+---------------+---------------+---------------+---------------+---------------+---------------+---------------+---------------+---------------+---------------+---------------+---------------+---------------+---------------+---------------+---------------+---------------+---------------+---------------+---------------+---------------+---------------+---------------+---------------+---------------+---------------+---------------+---------------+---------------+---------------+---------------+---------------+---------------+---------------+---------------+---------------+---------------+---------------+---------------+---------------+---------------+---------------+---------------+---------------+---------------+---------------+---------------+---------------+---------------+---------------+---------------+---------------+---------------+---------------+---------------+---------------+---------------+---------------+---------------+---------------+---------------+---------------+---------------+---------------+---------------+---------------+---------------+---------------+---------------+---------------+---------------+---------------+---------------+---------------+---------------+---------------+---------------+---------------+---------------+---------------+---------------+---------------+---------------+---------------+---------------+---------------+---------------+---------------+---------------+---------------+---------------+---------------+---------------+---------------+---------------+---------------+---------------+---------------+---------------+---------------+---------------+---------------+---------------+---------------+---------------+---------------+---------------+---------------+---------------+---------------+---------------+---------------+---------------+---------------+---------------+---------------+---------------+---------------+---------------+---------------+---------------+---------------+---------------+---------------+---------------+---------------+---------------+---------------+---------------+---------------+---------------+
|            Event            | Counter |   HWThread 0  |   HWThread 1  |   HWThread 2  |   HWThread 3  |   HWThread 4  |   HWThread 5  |   HWThread 6  |   HWThread 7  |   HWThread 8  |   HWThread 9  |  HWThread 10  |  HWThread 11  |  HWThread 12  |  HWThread 13  |  HWThread 14  |  HWThread 15  |  HWThread 16  |  HWThread 17  |  HWThread 18  |  HWThread 19  |  HWThread 20  |  HWThread 21  |  HWThread 22  |  HWThread 23  |  HWThread 24  |  HWThread 25  |  HWThread 26  |  HWThread 27  |  HWThread 28  |  HWThread 29  |  HWThread 30  |  HWThread 31  |  HWThread 32  |  HWThread 33  |  HWThread 34  |  HWThread 35  |  HWThread 36  |  HWThread 37  |  HWThread 38  |  HWThread 39  |  HWThread 40  |  HWThread 41  |  HWThread 42  |  HWThread 43  |  HWThread 44  |  HWThread 45  |  HWThread 46  |  HWThread 47  |  HWThread 48  |  HWThread 49  |  HWThread 50  |  HWThread 51  |  HWThread 52  |  HWThread 53  |  HWThread 54  |  HWThread 55  |  HWThread 56  |  HWThread 57  |  HWThread 58  |  HWThread 59  |  HWThread 60  |  HWThread 61  |  HWThread 62  |  HWThread 63  |  HWThread 64  |  HWThread 65  |  HWThread 66  |  HWThread 67  |  HWThread 68  |  HWThread 69  |  HWThread 70  |  HWThread 71  |  HWThread 72  |  HWThread 73  |  HWThread 74  |  HWThread 75  |  HWThread 76  |  HWThread 77  |  HWThread 78  |  HWThread 79  |  HWThread 80  |  HWThread 81  |  HWThread 82  |  HWThread 83  |  HWThread 84  |  HWThread 85  |  HWThread 86  |  HWThread 87  |  HWThread 88  |  HWThread 89  |  HWThread 90  |  HWThread 91  |  HWThread 92  |  HWThread 93  |  HWThread 94  |  HWThread 95  |  HWThread 96  |  HWThread 97  |  HWThread 98  |  HWThread 99  |  HWThread 100 |  HWThread 101 |  HWThread 102 |  HWThread 103 |  HWThread 104 |  HWThread 105 |  HWThread 106 |  HWThread 107 |  HWThread 108 |  HWThread 109 |  HWThread 110 |  HWThread 111 |  HWThread 112 |  HWThread 113 |  HWThread 114 |  HWThread 115 |  HWThread 116 |  HWThread 117 |  HWThread 118 |  HWThread 119 |  HWThread 120 |  HWThread 121 |  HWThread 122 |  HWThread 123 |  HWThread 124 |  HWThread 125 |  HWThread 126 |  HWThread 127 |  HWThread 128 |  HWThread 129 |  HWThread 130 |  HWThread 131 |  HWThread 132 |  HWThread 133 |  HWThread 134 |  HWThread 135 |  HWThread 136 |  HWThread 137 |  HWThread 138 |  HWThread 139 |  HWThread 140 |  HWThread 141 |  HWThread 142 |  HWThread 143 |  HWThread 144 |  HWThread 145 |  HWThread 146 |  HWThread 147 |  HWThread 148 |  HWThread 149 |  HWThread 150 |  HWThread 151 |  HWThread 152 |  HWThread 153 |  HWThread 154 |  HWThread 155 |  HWThread 156 |  HWThread 157 |  HWThread 158 |  HWThread 159 |  HWThread 160 |  HWThread 161 |  HWThread 162 |  HWThread 163 |  HWThread 164 |  HWThread 165 |  HWThread 166 |  HWThread 167 |  HWThread 168 |  HWThread 169 |  HWThread 170 |  HWThread 171 |  HWThread 172 |  HWThread 173 |  HWThread 174 |  HWThread 175 |  HWThread 176 |  HWThread 177 |  HWThread 178 |  HWThread 179 |  HWThread 180 |  HWThread 181 |  HWThread 182 |  HWThread 183 |  HWThread 184 |  HWThread 185 |  HWThread 186 |  HWThread 187 |  HWThread 188 |  HWThread 189 |  HWThread 190 |  HWThread 191 |
+-----------------------------+---------+---------------+---------------+---------------+---------------+---------------+---------------+---------------+---------------+---------------+---------------+---------------+---------------+---------------+---------------+---------------+---------------+---------------+---------------+---------------+---------------+---------------+---------------+---------------+---------------+---------------+---------------+---------------+---------------+---------------+---------------+---------------+---------------+---------------+---------------+---------------+---------------+---------------+---------------+---------------+---------------+---------------+---------------+---------------+---------------+---------------+---------------+---------------+---------------+---------------+---------------+---------------+---------------+---------------+---------------+---------------+---------------+---------------+---------------+---------------+---------------+---------------+---------------+---------------+---------------+---------------+---------------+---------------+---------------+---------------+---------------+---------------+---------------+---------------+---------------+---------------+---------------+---------------+---------------+---------------+---------------+---------------+---------------+---------------+---------------+---------------+---------------+---------------+---------------+---------------+---------------+---------------+---------------+---------------+---------------+---------------+---------------+---------------+---------------+---------------+---------------+---------------+---------------+---------------+---------------+---------------+---------------+---------------+---------------+---------------+---------------+---------------+---------------+---------------+---------------+---------------+---------------+---------------+---------------+---------------+---------------+---------------+---------------+---------------+---------------+---------------+---------------+---------------+---------------+---------------+---------------+---------------+---------------+---------------+---------------+---------------+---------------+---------------+---------------+---------------+---------------+---------------+---------------+---------------+---------------+---------------+---------------+---------------+---------------+---------------+---------------+---------------+---------------+---------------+---------------+---------------+---------------+---------------+---------------+---------------+---------------+---------------+---------------+---------------+---------------+---------------+---------------+---------------+---------------+---------------+---------------+---------------+---------------+---------------+---------------+---------------+---------------+---------------+---------------+---------------+---------------+---------------+---------------+---------------+---------------+---------------+---------------+---------------+---------------+---------------+---------------+---------------+---------------+
|       ACTUAL_CPU_CLOCK      |  FIXC1  | 6179316471578 | 5497417406177 | 5477522244234 | 5477492978208 | 5457768086553 | 5456948358061 | 5493149502599 | 5474301908613 | 5105052476950 | 5130301286032 | 4908577554994 | 4868119606800 | 5021242798365 | 4947921902643 | 4748095082445 | 5002007604257 | 5332456101411 | 5306540123908 | 5293246961901 | 5335947112397 | 5295493720792 | 5332548605356 | 5333519187650 | 5346386546585 | 5435420186015 | 5462499861803 | 5458023842316 | 5456879607833 | 5475789089990 | 5458688150911 | 5480286694405 | 5486016235898 | 5110439815721 | 5090239430079 | 5239626333334 | 5195990393405 | 5330537901452 | 5184356339549 | 5264061344844 | 5209129612402 | 5362184343559 | 5369111007337 | 5336507155993 | 5369186210926 | 5361950334917 | 5355740526333 | 5402666117940 | 5417129064874 | 3474726113861 | 3321003745312 | 3264664559874 | 3303212628334 | 3359925053125 | 3310349979851 | 3389032725616 | 3470924112784 | 3163551042214 | 3156529409523 | 2797877829072 | 2655141483202 | 2881070621328 | 2780677613060 | 2780218113531 | 2781066926126 | 3085956522688 | 3060453365083 | 3043759869149 | 3115055294684 | 3266815763469 | 3215074836588 | 3258220829202 | 3403259043861 | 4463100753893 | 4532159886282 | 4437724902636 | 4472316388600 | 4507606102075 | 4492084078507 | 4555591736003 | 4644486587962 | 4320328754785 | 4110014254865 | 4177218557916 | 4193591993479 | 4252579846395 | 4243443841625 | 4308809987136 | 4395720644629 | 4344848506289 | 4360112392224 | 4283427458276 | 4354535815711 | 4346395509928 | 4367484258509 | 4415595791980 | 4459293563864 | 4667734941422 | 4687545986897 | 4905531294940 | 4880065859276 | 4915782574669 | 4746698591740 | 4908012397299 | 4845201089670 | 4572499995127 | 4306229082592 | 4705666975039 | 4046683914024 | 4047364150401 | 4509627418894 | 4187523557376 | 4495730298833 | 4914431731092 | 5188953774749 | 5379501521482 | 5082055863118 | 5300686068357 | 5497519527575 | 5440913493209 | 5435594976386 | 5680682107460 | 5701866424677 | 5603386119924 | 5610405718776 | 5684461945350 | 5698625373944 | 5713457290126 | 5705340924288 | 5477019068054 | 5653025234199 | 5504157342218 | 5677941701140 | 5530660939508 | 5683914330933 | 5623676074381 | 5690142593311 | 5699460034091 | 5700551426650 | 5707837154871 | 5716119288611 | 5707478327906 | 5729067451911 | 5711936200262 | 5714488880049 | 5724141432134 | 5715717833445 | 5713953847635 | 5714280733841 | 5711551833762 | 5714324572027 | 5711858040970 | 5716375265201 | 5701366300397 | 5702490298200 | 5703206274575 | 5703237562026 | 5693223645317 | 5696443873057 | 5705666679494 | 5706782673293 | 5708586457450 | 5710771573919 | 5705752206021 | 5705211186237 | 5703434143339 | 5706087466580 | 5702306427637 | 5702093532557 | 5703991896361 | 5706921322015 | 5718594264018 | 5706118293677 | 5702474192838 | 5702287681441 | 5728589894693 | 5724598361449 | 5699677680615 | 5691907854807 | 5692124927016 | 5692646307336 | 5693754431229 | 5693164658326 | 5695002733510 | 5702946262362 | 5726860534840 | 5703598986931 | 5662410841304 | 5584069951796 | 5580735647120 | 5382741903791 | 5386702434889 | 5384697813898 |
|        MAX_CPU_CLOCK        |  FIXC2  | 4344389820420 | 3894517331666 | 3864572953748 | 3870160009456 | 3854332192074 | 3857536049484 | 3878944759378 | 3865005261546 | 3622730637630 | 3642224351636 | 3500135431286 | 3479742949514 | 3571218626430 | 3527364429628 | 3406369922488 | 3564821055120 | 3763103714396 | 3740787034504 | 3735051102276 | 3763145012302 | 3732814430644 | 3760277120080 | 3765356472332 | 3770207161084 | 3831476142104 | 3854080651876 | 3853109869024 | 3850759570398 | 3866352616854 | 3849684869056 | 3864664408852 | 3870633465842 | 3616295298200 | 3602628872934 | 3703623291628 | 3677169751658 | 3761516452044 | 3669403507510 | 3714886759688 | 3687804773666 | 3787691163100 | 3791016770398 | 3767485197918 | 3788935236190 | 3787036341946 | 3776231435990 | 3814386466176 | 3822387903464 | 2620445241128 | 2574032711198 | 2548655586074 | 2562075898408 | 2580684541058 | 2564058554824 | 2596526777390 | 2621441254952 | 2522583505052 | 2519788790714 | 2348437952770 | 2291401211918 | 2386325780748 | 2355416688092 | 2354321325954 | 2346605435304 | 2488213404430 | 2469803444368 | 2468959980396 | 2493647270140 | 2547938128060 | 2529598617078 | 2554153889196 | 2595296463682 | 3160292354076 | 3206083343710 | 3150822355668 | 3166674018872 | 3194310092012 | 3179402325918 | 3234986133418 | 3276272552072 | 3076359199056 | 2961646910742 | 3003102781302 | 3017353082510 | 3038282650104 | 3041117334398 | 3078101566904 | 3132114527776 | 3075436352560 | 3089779941950 | 3034089228586 | 3083327422526 | 3077619010830 | 3094354838588 | 3123312879596 | 3153455949202 | 3470024477738 | 3486172233778 | 3593931907358 | 3586536086614 | 3601138544302 | 3513627246194 | 3605213745588 | 3564997094412 | 3427382562162 | 3284439158884 | 3493651265988 | 3140786628070 | 3146546419328 | 3390664730362 | 3214344779048 | 3377470910970 | 3602149011838 | 3742965249972 | 3849446768232 | 3686747422774 | 3800712512090 | 3912674493780 | 3874436978048 | 3875115502232 | 4006687130316 | 4016061625836 | 3962100485304 | 3966200335448 | 4007096040636 | 4016311787826 | 4028202279790 | 4017609510616 | 3896224922980 | 3992627756208 | 3909741474236 | 4004850247892 | 3929416916880 | 4011340951826 | 3979842877816 | 4009625803430 | 4013732451820 | 4015970858588 | 4018478239048 | 4027038498808 | 4020025992944 | 4039755336422 | 4021548350118 | 4024176584428 | 4035949788026 | 4026205314716 | 4024585191770 | 4025117944432 | 4022112982160 | 4024958766660 | 4021972565182 | 4027152466142 | 4012501029056 | 4013631192766 | 4014776502308 | 4014571219152 | 4007352688560 | 4011479538924 | 4017183820208 | 4018116619712 | 4019207517390 | 4021734308436 | 4016604965126 | 4015702501148 | 4013825689406 | 4016842302122 | 4012534759844 | 4012458334222 | 4014782285904 | 4018038855116 | 4029241347274 | 4016547649218 | 4012766003142 | 4012702082064 | 4040048350988 | 4036419438532 | 4013472449376 | 4005823047642 | 4005983533032 | 4006213070834 | 4006908180002 | 4006663757512 | 4008202238872 | 4017210804906 | 4039725652482 | 4015128580892 | 3985663237478 | 3931646307966 | 3929552605732 | 3790826008398 | 3795349649936 | 3793403721614 |
|     RETIRED_INSTRUCTIONS    |   PMC0  | 1250486156477 |  637468501879 |  638969754373 |  639292670267 |  643861984594 |  639727052951 |  639292843090 |  638492611891 |  656468431652 |  657544278177 |  656400456387 |  657080908335 |  657876548788 |  656700503046 |  656029174557 |  656824838177 |  637956940058 |  638073703732 |  638197420765 |  638328876422 |  638222185668 |  638273100511 |  638791530629 |  637961382616 |  634462996976 |  635985553198 |  636136099019 |  636266496448 |  636459413904 |  635467561741 |  635654285278 |  635631681606 |  653094279179 |  653376751315 |  654148295609 |  653781980032 |  654070193483 |  653083928482 |  651204831071 |  651687245515 |  631936781926 |  632339798064 |  632202350934 |  632225884601 |  632267999088 |  631724241044 |  631536693481 |  631850218997 |  636469783559 |  635516795151 |  635539897273 |  635581178485 |  636074233558 |  634809453950 |  635355779745 |  633730970921 |  672640133669 |  658289713416 |  670401284048 |  670874975813 |  669113291350 |  669784893354 |  667063678228 |  668431822173 |  637246148652 |  635362280005 |  635865418304 |  634715111263 |  634589409332 |  634580079232 |  636379147365 |  634774194145 |  635473509837 |  637252111467 |  636950772886 |  636629499163 |  637899507559 |  636746556804 |  638096304508 |  637345833234 |  672073150255 |  673365056405 |  673832335647 |  671612331154 |  673830361564 |  674039113665 |  673544143690 |  675254626078 |  635430892220 |  636394929373 |  635209929735 |  636323658504 |  631526087210 |  631802239099 |  632378586698 |  631532593781 |  610497028492 |  602974897210 |  599912632824 |  603025334897 |  598386880595 |  604229075110 |  600430057115 |  603787328309 |  625398419090 |  623136565122 |  615699645139 |  632771495403 |  639056182533 |  624259612543 |  628453214748 |  626739542549 |  610190815477 |  607364190297 |  595188906853 |  604488302844 |  602470179146 |  597684639720 |  595646733089 |  597440350491 |  557928631169 |  554457711535 |  560090614851 |  559298643484 |  556424104633 |  555630061549 |  554611520205 |  553460568761 |  580273045825 |  573699309219 |  580224385493 |  571698075495 |  576754765035 |  572681198417 |  574012281539 |  570852108266 |  560197373427 |  560511268986 |  559105720069 |  559177126378 |  559959254634 |  558506730845 |  557395114614 |  557276159930 |  587399967194 |  586353633171 |  586085822649 |  585000845461 |  586095058550 |  585218733900 |  583022451442 |  585650324974 |  607513042824 |  605915761072 |  607756456210 |  605089967997 |  608306825154 |  607215247441 |  603703503486 |  603630990732 |  592433198681 |  592701624185 |  591952453304 |  590269712650 |  590611222293 |  591795387593 |  589192353040 |  589262399825 |  578270435183 |  578813713658 |  573465354830 |  577376515053 |  577839911183 |  578269476317 |  578358388322 |  577431265436 |  611055107962 |  612970674530 |  613629210467 |  611874758310 |  611750766942 |  611518051196 |  612189577298 |  610933793609 |  610203434944 |  601946041714 |  558695206780 |  524167179884 |  484535847731 |  418345378197 |  426088602795 |  415352802956 |
|     CPU_CLOCKS_UNHALTED     |   PMC1  | 5413041751315 | 4930168696436 | 4934263153756 | 4924318026522 | 4905181217233 | 4899164239297 | 4935791640870 | 4923090168568 | 4581690637636 | 4610992587861 | 4434316713204 | 4394413268343 | 4528491114453 | 4465870031809 | 4299739551344 | 4511499944765 | 4807214026641 | 4786865005967 | 4777443013528 | 4812689887984 | 4776621493430 | 4811372623867 | 4803835216849 | 4818606449645 | 4897212583419 | 4914053715848 | 4913988269866 | 4905294805487 | 4923335369380 | 4913948501615 | 4934273283833 | 4935907229472 | 4607071730486 | 4597062750605 | 4720462745366 | 4683425621887 | 4796427846179 | 4672465060853 | 4749249576580 | 4690727579050 | 4829855756804 | 4836932030255 | 4816082733120 | 4838838370280 | 4822615733987 | 4835496026224 | 4861699423414 | 4871635584929 | 3239433261159 | 3119446286006 | 3079472484952 | 3110467468589 | 3163071125825 | 3118740242159 | 3180371229964 | 3259311772254 | 2942712823839 | 2946539128956 | 2626622786091 | 2496190670036 | 2709884819570 | 2605014114258 | 2611410674012 | 2615688971404 | 2895188449577 | 2881470206185 | 2868801406519 | 2931812579262 | 3078032274689 | 3028389487355 | 3053439319248 | 3198922451663 | 4096449243558 | 4156464628235 | 4072380991311 | 4108923831735 | 4131801007370 | 4123490936935 | 4161374858999 | 4259953233322 | 3970259669957 | 3787120406425 | 3840826067899 | 3856061613981 | 3909443166065 | 3894790995521 | 3956531453636 | 4026965112005 | 4008795180242 | 4015111077138 | 3963891108558 | 4016184899419 | 4009170222781 | 4025956094525 | 4067146206716 | 4104024639868 | 4286554606189 | 4303479193609 | 4508119608562 | 4477394955903 | 4503535636096 | 4357457068488 | 4495781352981 | 4450110016731 | 4194051816465 | 3957034479736 | 4319394151561 | 3743708905616 | 3733468217117 | 4132463090010 | 3866724976059 | 4135421565324 | 4509841765349 | 4754851799354 | 4913989319340 | 4658830558042 | 4840325496805 | 5016231855164 | 4970393205250 | 4958538920222 | 5207649890675 | 5234592420738 | 5156174214834 | 5152872353747 | 5215626948035 | 5225158076126 | 5234529486148 | 5237978469489 | 5021839342145 | 5175034707471 | 5059832666907 | 5203561029410 | 5066764904291 | 5197144378826 | 5147660776654 | 5215434853919 | 5211567019804 | 5205337277611 | 5223817817049 | 5222872299072 | 5217362266938 | 5228346354767 | 5226482856481 | 5226376306952 | 5215205187845 | 5213331343278 | 5222018490303 | 5213967683678 | 5210700579673 | 5212484556285 | 5208449015544 | 5219716320980 | 5214310538287 | 5213522024936 | 5216849081916 | 5214712275898 | 5204798380792 | 5205405639932 | 5210820533597 | 5211761851835 | 5219288807943 | 5203656270495 | 5225091776333 | 5219793654158 | 5218944547779 | 5223236152745 | 5197314600573 | 5220862526878 | 5245150372262 | 5245369361101 | 5248472413214 | 5248070806186 | 5244165836956 | 5247359570186 | 5248358822865 | 5251130625667 | 5221177174725 | 5224644282181 | 5224078470957 | 5225863970392 | 5218658074973 | 5227302537883 | 5218708999972 | 5220861630691 | 5230625769405 | 5228953541934 | 5199543883584 | 5105024750941 | 5103874933651 | 4893262009851 | 4891029487322 | 4894207197084 |
|       L2_PF_HIT_IN_L3       |   PMC2  |   11994201276 |    1334703841 |    1301273835 |    1335307540 |    1318484282 |    1284627711 |    1349050042 |    1239080423 |    1251895277 |    1357505698 |    1265617863 |    1324988819 |    1345683883 |    1316467092 |    1274504247 |    1207682819 |    1249498078 |    1267901688 |    1279282485 |    1324684819 |    1242168734 |    1310136569 |    1289942748 |    1182699130 |    1216374516 |    1214024229 |    1261715210 |    1295218532 |    1236268168 |    1277327979 |    1239789141 |    1196137792 |    1259191868 |    1240573508 |    1374702574 |    1285536130 |    1399858343 |    1353725856 |    1336121809 |    1275724845 |    1126319505 |    1222733691 |    1276266708 |    1209290468 |    1258653875 |    1229609494 |    1229638611 |    1222863363 |    1048526634 |    1309454197 |    1267548823 |    1281714411 |    1349489352 |    1265478280 |    1345049403 |    1169964025 |    1842711207 |    1959726768 |    1460110686 |    1383288242 |    1561702698 |    1375731785 |    1484470710 |    1271840321 |    1320844296 |    1350354034 |    1307745300 |    1372758188 |    1602278900 |    1466990464 |    1514757838 |    1402855533 |    1380269469 |    1402481635 |    1407607509 |    1500351926 |    1443382346 |    1487514499 |    1441469692 |    1691667527 |    1527586198 |    1356355686 |    1623270920 |    1433764615 |    1469125560 |    1458541984 |    1510890464 |    1461175588 |    1380944811 |    1328336481 |    1372084659 |    1293090302 |    1388232801 |    1525075774 |    1439080770 |    1432190901 |    1419833620 |    1573214851 |    1601971071 |    1567145558 |    1637865122 |    1484999790 |    1607448963 |    1488195580 |    1662518753 |    1651450958 |    1733482275 |    1497581162 |    1527700207 |    1499503228 |    1593466200 |    1397202831 |    1486760278 |    1501495348 |    1568286230 |    1529701904 |    1544596351 |    1644558961 |    1610205261 |    1523482493 |    1461439926 |    1539231684 |    1439256962 |    1509213809 |    1470595264 |    1639938517 |    1577845471 |    1508297921 |    1436590411 |    1582927663 |    1519190404 |    1636300846 |    1551201981 |    1625509229 |    1561287476 |    1531031167 |    1379208869 |    1446232280 |    1548112295 |    1482060243 |    1491050764 |    1577658634 |    1592204663 |    1575934055 |    1528596576 |    1563257428 |    1488092268 |    1533292992 |    1599371613 |    1595685156 |    1620616465 |    1517093257 |    1465822360 |    1595332510 |    1483923643 |    1581328054 |    1544717137 |    1498747545 |    1626648327 |    1392369243 |    1556341017 |    1653468525 |    1580947326 |    1689084795 |    1586850347 |    1611991031 |    1643694185 |    1458399372 |    1528486201 |    1473353802 |    1591784755 |    1568921700 |    1482365594 |    1648689229 |    1628313628 |    1473639163 |    1482548456 |    1510942298 |    1588708824 |    1656838340 |    1556737657 |    1565555897 |    1530419291 |    1561813413 |    1499150484 |    1508748902 |    1407329900 |    1386092294 |     831604034 |     973891441 |    1001502406 |     994563912 |
|       L2_PF_MISS_IN_L3      |   PMC3  |   38034586163 |    4246987575 |    4651723125 |    4645675555 |    4600038995 |    4590144673 |    4639321570 |    4674363589 |    5762230438 |    5673915815 |    5716133582 |    5687503361 |    5682505740 |    5533071901 |    5639970548 |    5725644974 |    4681602320 |    4542160909 |    4616565184 |    4536022225 |    4538494626 |    4568564071 |    4563855816 |    4596987859 |    4953573243 |    4926765920 |    4970817734 |    4885054615 |    4985501214 |    4807413829 |    4948386406 |    5041253478 |    5824777306 |    5768125498 |    5822455052 |    5772781368 |    5784205853 |    5700116748 |    5756684488 |    5856121378 |    5026564923 |    4916439611 |    4933390717 |    4851539365 |    4898409380 |    4838862525 |    4922900057 |    4933995702 |    5238321569 |    5081166173 |    5061235178 |    5035754503 |    5061787560 |    5043813237 |    5080954591 |    5163326937 |    5985268736 |    5401820666 |    6107895160 |    6217101785 |    6081361058 |    6215300047 |    6214848748 |    6331964187 |    5244238887 |    5189755564 |    5207854421 |    5150924421 |    5058763710 |    5167674416 |    5183148045 |    5210721304 |    5194709737 |    5155709663 |    5183631793 |    5101888238 |    5178046735 |    5079221595 |    5232748308 |    5137387171 |    6212771036 |    6198251701 |    6176588428 |    6167632551 |    6220096205 |    6263146452 |    6151262633 |    6355429605 |    5318881403 |    5248692510 |    5219206846 |    5278011938 |    5270294304 |    5239601924 |    5261459113 |    5299116259 |    5863120522 |    5738199616 |    5658173348 |    5704110779 |    5669217274 |    5753183179 |    5733692827 |    5768263916 |    6397554132 |    6414352577 |    6294194725 |    6490767521 |    6530793919 |    6545647819 |    6392697613 |    6577678895 |    5746188165 |    5718189824 |    5282115392 |    5665453757 |    5617294957 |    5605648208 |    5607541961 |    5654451533 |    5672016494 |    5528720484 |    5687765842 |    5649969219 |    5653815124 |    5517819050 |    5526209747 |    5626848784 |    6470264719 |    6345453043 |    6432896639 |    6290822820 |    6377250869 |    6343661342 |    6347148597 |    6453080271 |    5808215187 |    5735988894 |    5713581447 |    5750565585 |    5803627829 |    5672067586 |    5627518333 |    5655553313 |    6339013902 |    6310827123 |    6370347245 |    6324720233 |    6274084661 |    6269547124 |    6278385221 |    6445028437 |    6597156228 |    6561255594 |    6548478920 |    6543916419 |    6561797698 |    6582305685 |    6587569611 |    6728656592 |    6712566721 |    6608548394 |    6657961674 |    6733986693 |    6682406382 |    6637701195 |    6751157002 |    6882052072 |    6746771070 |    6708513834 |    6284566195 |    6580887468 |    6554421453 |    6494546548 |    6598873619 |    6786092469 |    7072988233 |    7032789758 |    7073016680 |    6854449406 |    6966398786 |    6991752489 |    6972211182 |    7087754474 |    7058948240 |    6969786275 |    6458174513 |    5907203743 |    5476917118 |    4227102356 |    4230648309 |    4244460010 |
| L2_CACHE_MISS_AFTER_L1_MISS |   PMC4  |    7850011537 |    5340878272 |    4850325138 |    4808057532 |    4738282161 |    4656168576 |    4742785009 |    4663344786 |    4149895563 |    4150960787 |    4050161247 |    4081564199 |    4081116436 |    4083428618 |    4070949045 |    4087210303 |    4721038152 |    4659894985 |    4639871490 |    4677862855 |    4638679033 |    4684723419 |    4667430521 |    4656177677 |    4526287777 |    4439291749 |    4512815005 |    4504933503 |    4482527841 |    4594679007 |    4435388705 |    4487069199 |    4112012970 |    4013962157 |    4156000721 |    4032085559 |    4149522361 |    4084263818 |    4084206662 |    4138480753 |    4510172858 |    4530980436 |    4552454519 |    4457238465 |    4541102483 |    4507352201 |    4522762499 |    4542776350 |    4018428253 |    4001258972 |    3984227560 |    3937075270 |    4010904392 |    3947072987 |    3979116405 |    4109807669 |    3785842250 |    4355162390 |    3453866025 |    3351868131 |    3444150882 |    3329031013 |    3372218696 |    3297151817 |    4008207624 |    4018902863 |    3985387344 |    4058604008 |    4141639607 |    4077557244 |    4144810719 |    4150729735 |    4318128516 |    4306908399 |    4241058145 |    4333370957 |    4237788357 |    4262499122 |    4276328050 |    4529940847 |    3818970933 |    3668468538 |    3749789519 |    3671469575 |    3742672843 |    3681716264 |    3707733364 |    3762583720 |    4341425104 |    4270845247 |    4327879277 |    4250974090 |    4319402203 |    4395259951 |    4321441698 |    4409065621 |    4485002770 |    4562917647 |    4678662460 |    4582856535 |    4701027800 |    4533365030 |    4655556633 |    4577256904 |    4138179786 |    4014525884 |    4188659851 |    3824124648 |    3848848564 |    3974855307 |    3951206531 |    3942250190 |    4667327635 |    4744657723 |    5280747464 |    4744893821 |    4786912784 |    4881426817 |    4905833535 |    4858498156 |    4995471552 |    5027387778 |    4910354220 |    4954576895 |    4964037628 |    5100739366 |    5050843435 |    5073232744 |    4363882693 |    4498949824 |    4393666151 |    4534895917 |    4397267543 |    4516393036 |    4410111188 |    4608532153 |    5013409520 |    4960630634 |    5074525872 |    4995543052 |    5079732057 |    5126626589 |    5165406212 |    5110084154 |    4432822937 |    4356328919 |    4412845006 |    4415460644 |    4408735854 |    4561448633 |    4607903146 |    4646446269 |    4452125087 |    4572448375 |    4319710268 |    4555687021 |    4348399829 |    4379510312 |    4580752511 |    4476364183 |    3908856128 |    3891781024 |    3910711735 |    4041231650 |    4075736808 |    4044957059 |    4191556899 |    4127478345 |    4624539174 |    4485150695 |    5105206271 |    4927890772 |    4798495393 |    4858093564 |    4796868151 |    4988069504 |    4641190829 |    4396496947 |    4590105376 |    4624780184 |    4565339495 |    4719648976 |    4605642101 |    4699352323 |    4927861025 |    4926534352 |    4532553367 |    4410415106 |    3887700690 |    3375965918 |    3391006565 |    3464318118 |
+-----------------------------+---------+---------------+---------------+---------------+---------------+---------------+---------------+---------------+---------------+---------------+---------------+---------------+---------------+---------------+---------------+---------------+---------------+---------------+---------------+---------------+---------------+---------------+---------------+---------------+---------------+---------------+---------------+---------------+---------------+---------------+---------------+---------------+---------------+---------------+---------------+---------------+---------------+---------------+---------------+---------------+---------------+---------------+---------------+---------------+---------------+---------------+---------------+---------------+---------------+---------------+---------------+---------------+---------------+---------------+---------------+---------------+---------------+---------------+---------------+---------------+---------------+---------------+---------------+---------------+---------------+---------------+---------------+---------------+---------------+---------------+---------------+---------------+---------------+---------------+---------------+---------------+---------------+---------------+---------------+---------------+---------------+---------------+---------------+---------------+---------------+---------------+---------------+---------------+---------------+---------------+---------------+---------------+---------------+---------------+---------------+---------------+---------------+---------------+---------------+---------------+---------------+---------------+---------------+---------------+---------------+---------------+---------------+---------------+---------------+---------------+---------------+---------------+---------------+---------------+---------------+---------------+---------------+---------------+---------------+---------------+---------------+---------------+---------------+---------------+---------------+---------------+---------------+---------------+---------------+---------------+---------------+---------------+---------------+---------------+---------------+---------------+---------------+---------------+---------------+---------------+---------------+---------------+---------------+---------------+---------------+---------------+---------------+---------------+---------------+---------------+---------------+---------------+---------------+---------------+---------------+---------------+---------------+---------------+---------------+---------------+---------------+---------------+---------------+---------------+---------------+---------------+---------------+---------------+---------------+---------------+---------------+---------------+---------------+---------------+---------------+---------------+---------------+---------------+---------------+---------------+---------------+---------------+---------------+---------------+---------------+---------------+---------------+---------------+---------------+---------------+---------------+---------------+---------------+

+----------------------------------+---------+-----------------+---------------+---------------+--------------+
|               Event              | Counter |       Sum       |      Min      |      Max      |      Avg     |
+----------------------------------+---------+-----------------+---------------+---------------+--------------+
|       ACTUAL_CPU_CLOCK STAT      |  FIXC1  | 959749612097634 | 2655141483202 | 6179316471578 | 4.998696e+12 |
|        MAX_CPU_CLOCK STAT        |  FIXC2  | 688127517006306 | 2291401211918 | 4344389820420 | 3.583997e+12 |
|     RETIRED_INSTRUCTIONS STAT    |   PMC0  | 118513367502640 |  415352802956 | 1250486156477 | 6.172571e+11 |
|     CPU_CLOCKS_UNHALTED STAT     |   PMC1  | 877022149113763 | 2496190670036 | 5413041751315 | 4.567824e+12 |
|       L2_PF_HIT_IN_L3 STAT       |   PMC2  |    286257599648 |     831604034 |   11994201276 | 1.490925e+09 |
|       L2_PF_MISS_IN_L3 STAT      |   PMC3  |   1135641132806 |    4227102356 |   38034586163 | 5.914798e+09 |
| L2_CACHE_MISS_AFTER_L1_MISS STAT |   PMC4  |    844496345361 |    3297151817 |    7850011537 | 4.398418e+09 |
+----------------------------------+---------+-----------------+---------------+---------------+--------------+

+-------------------------+------------+------------+------------+------------+------------+------------+------------+------------+------------+------------+-------------+-------------+-------------+-------------+-------------+-------------+-------------+-------------+-------------+-------------+-------------+-------------+-------------+-------------+-------------+-------------+-------------+-------------+-------------+-------------+-------------+-------------+-------------+-------------+-------------+-------------+-------------+-------------+-------------+-------------+-------------+-------------+-------------+-------------+-------------+-------------+-------------+-------------+-------------+-------------+-------------+-------------+-------------+-------------+-------------+-------------+-------------+-------------+-------------+-------------+-------------+-------------+-------------+-------------+-------------+-------------+-------------+-------------+-------------+-------------+-------------+-------------+-------------+-------------+-------------+-------------+-------------+-------------+-------------+-------------+-------------+-------------+-------------+-------------+-------------+-------------+-------------+-------------+-------------+-------------+-------------+-------------+-------------+-------------+-------------+-------------+-------------+-------------+-------------+-------------+--------------+--------------+--------------+--------------+--------------+--------------+--------------+--------------+--------------+--------------+--------------+--------------+--------------+--------------+--------------+--------------+--------------+--------------+--------------+--------------+--------------+--------------+--------------+--------------+--------------+--------------+--------------+--------------+--------------+--------------+--------------+--------------+--------------+--------------+--------------+--------------+--------------+--------------+--------------+--------------+--------------+--------------+--------------+--------------+--------------+--------------+--------------+--------------+--------------+--------------+--------------+--------------+--------------+--------------+--------------+--------------+--------------+--------------+--------------+--------------+--------------+--------------+--------------+--------------+--------------+--------------+--------------+--------------+--------------+--------------+--------------+--------------+--------------+--------------+--------------+--------------+--------------+--------------+--------------+--------------+--------------+--------------+--------------+--------------+--------------+--------------+--------------+--------------+--------------+--------------+--------------+--------------+
|          Metric         | HWThread 0 | HWThread 1 | HWThread 2 | HWThread 3 | HWThread 4 | HWThread 5 | HWThread 6 | HWThread 7 | HWThread 8 | HWThread 9 | HWThread 10 | HWThread 11 | HWThread 12 | HWThread 13 | HWThread 14 | HWThread 15 | HWThread 16 | HWThread 17 | HWThread 18 | HWThread 19 | HWThread 20 | HWThread 21 | HWThread 22 | HWThread 23 | HWThread 24 | HWThread 25 | HWThread 26 | HWThread 27 | HWThread 28 | HWThread 29 | HWThread 30 | HWThread 31 | HWThread 32 | HWThread 33 | HWThread 34 | HWThread 35 | HWThread 36 | HWThread 37 | HWThread 38 | HWThread 39 | HWThread 40 | HWThread 41 | HWThread 42 | HWThread 43 | HWThread 44 | HWThread 45 | HWThread 46 | HWThread 47 | HWThread 48 | HWThread 49 | HWThread 50 | HWThread 51 | HWThread 52 | HWThread 53 | HWThread 54 | HWThread 55 | HWThread 56 | HWThread 57 | HWThread 58 | HWThread 59 | HWThread 60 | HWThread 61 | HWThread 62 | HWThread 63 | HWThread 64 | HWThread 65 | HWThread 66 | HWThread 67 | HWThread 68 | HWThread 69 | HWThread 70 | HWThread 71 | HWThread 72 | HWThread 73 | HWThread 74 | HWThread 75 | HWThread 76 | HWThread 77 | HWThread 78 | HWThread 79 | HWThread 80 | HWThread 81 | HWThread 82 | HWThread 83 | HWThread 84 | HWThread 85 | HWThread 86 | HWThread 87 | HWThread 88 | HWThread 89 | HWThread 90 | HWThread 91 | HWThread 92 | HWThread 93 | HWThread 94 | HWThread 95 | HWThread 96 | HWThread 97 | HWThread 98 | HWThread 99 | HWThread 100 | HWThread 101 | HWThread 102 | HWThread 103 | HWThread 104 | HWThread 105 | HWThread 106 | HWThread 107 | HWThread 108 | HWThread 109 | HWThread 110 | HWThread 111 | HWThread 112 | HWThread 113 | HWThread 114 | HWThread 115 | HWThread 116 | HWThread 117 | HWThread 118 | HWThread 119 | HWThread 120 | HWThread 121 | HWThread 122 | HWThread 123 | HWThread 124 | HWThread 125 | HWThread 126 | HWThread 127 | HWThread 128 | HWThread 129 | HWThread 130 | HWThread 131 | HWThread 132 | HWThread 133 | HWThread 134 | HWThread 135 | HWThread 136 | HWThread 137 | HWThread 138 | HWThread 139 | HWThread 140 | HWThread 141 | HWThread 142 | HWThread 143 | HWThread 144 | HWThread 145 | HWThread 146 | HWThread 147 | HWThread 148 | HWThread 149 | HWThread 150 | HWThread 151 | HWThread 152 | HWThread 153 | HWThread 154 | HWThread 155 | HWThread 156 | HWThread 157 | HWThread 158 | HWThread 159 | HWThread 160 | HWThread 161 | HWThread 162 | HWThread 163 | HWThread 164 | HWThread 165 | HWThread 166 | HWThread 167 | HWThread 168 | HWThread 169 | HWThread 170 | HWThread 171 | HWThread 172 | HWThread 173 | HWThread 174 | HWThread 175 | HWThread 176 | HWThread 177 | HWThread 178 | HWThread 179 | HWThread 180 | HWThread 181 | HWThread 182 | HWThread 183 | HWThread 184 | HWThread 185 | HWThread 186 | HWThread 187 | HWThread 188 | HWThread 189 | HWThread 190 | HWThread 191 |
+-------------------------+------------+------------+------------+------------+------------+------------+------------+------------+------------+------------+-------------+-------------+-------------+-------------+-------------+-------------+-------------+-------------+-------------+-------------+-------------+-------------+-------------+-------------+-------------+-------------+-------------+-------------+-------------+-------------+-------------+-------------+-------------+-------------+-------------+-------------+-------------+-------------+-------------+-------------+-------------+-------------+-------------+-------------+-------------+-------------+-------------+-------------+-------------+-------------+-------------+-------------+-------------+-------------+-------------+-------------+-------------+-------------+-------------+-------------+-------------+-------------+-------------+-------------+-------------+-------------+-------------+-------------+-------------+-------------+-------------+-------------+-------------+-------------+-------------+-------------+-------------+-------------+-------------+-------------+-------------+-------------+-------------+-------------+-------------+-------------+-------------+-------------+-------------+-------------+-------------+-------------+-------------+-------------+-------------+-------------+-------------+-------------+-------------+-------------+--------------+--------------+--------------+--------------+--------------+--------------+--------------+--------------+--------------+--------------+--------------+--------------+--------------+--------------+--------------+--------------+--------------+--------------+--------------+--------------+--------------+--------------+--------------+--------------+--------------+--------------+--------------+--------------+--------------+--------------+--------------+--------------+--------------+--------------+--------------+--------------+--------------+--------------+--------------+--------------+--------------+--------------+--------------+--------------+--------------+--------------+--------------+--------------+--------------+--------------+--------------+--------------+--------------+--------------+--------------+--------------+--------------+--------------+--------------+--------------+--------------+--------------+--------------+--------------+--------------+--------------+--------------+--------------+--------------+--------------+--------------+--------------+--------------+--------------+--------------+--------------+--------------+--------------+--------------+--------------+--------------+--------------+--------------+--------------+--------------+--------------+--------------+--------------+--------------+--------------+--------------+--------------+
|   Runtime (RDTSC) [s]   |  1734.9195 |  1734.9195 |  1734.9195 |  1734.9195 |  1734.9195 |  1734.9195 |  1734.9195 |  1734.9195 |  1734.9195 |  1734.9195 |   1734.9195 |   1734.9195 |   1734.9195 |   1734.9195 |   1734.9195 |   1734.9195 |   1734.9195 |   1734.9195 |   1734.9195 |   1734.9195 |   1734.9195 |   1734.9195 |   1734.9195 |   1734.9195 |   1734.9195 |   1734.9195 |   1734.9195 |   1734.9195 |   1734.9195 |   1734.9195 |   1734.9195 |   1734.9195 |   1734.9195 |   1734.9195 |   1734.9195 |   1734.9195 |   1734.9195 |   1734.9195 |   1734.9195 |   1734.9195 |   1734.9195 |   1734.9195 |   1734.9195 |   1734.9195 |   1734.9195 |   1734.9195 |   1734.9195 |   1734.9195 |   1734.9195 |   1734.9195 |   1734.9195 |   1734.9195 |   1734.9195 |   1734.9195 |   1734.9195 |   1734.9195 |   1734.9195 |   1734.9195 |   1734.9195 |   1734.9195 |   1734.9195 |   1734.9195 |   1734.9195 |   1734.9195 |   1734.9195 |   1734.9195 |   1734.9195 |   1734.9195 |   1734.9195 |   1734.9195 |   1734.9195 |   1734.9195 |   1734.9195 |   1734.9195 |   1734.9195 |   1734.9195 |   1734.9195 |   1734.9195 |   1734.9195 |   1734.9195 |   1734.9195 |   1734.9195 |   1734.9195 |   1734.9195 |   1734.9195 |   1734.9195 |   1734.9195 |   1734.9195 |   1734.9195 |   1734.9195 |   1734.9195 |   1734.9195 |   1734.9195 |   1734.9195 |   1734.9195 |   1734.9195 |   1734.9195 |   1734.9195 |   1734.9195 |   1734.9195 |    1734.9195 |    1734.9195 |    1734.9195 |    1734.9195 |    1734.9195 |    1734.9195 |    1734.9195 |    1734.9195 |    1734.9195 |    1734.9195 |    1734.9195 |    1734.9195 |    1734.9195 |    1734.9195 |    1734.9195 |    1734.9195 |    1734.9195 |    1734.9195 |    1734.9195 |    1734.9195 |    1734.9195 |    1734.9195 |    1734.9195 |    1734.9195 |    1734.9195 |    1734.9195 |    1734.9195 |    1734.9195 |    1734.9195 |    1734.9195 |    1734.9195 |    1734.9195 |    1734.9195 |    1734.9195 |    1734.9195 |    1734.9195 |    1734.9195 |    1734.9195 |    1734.9195 |    1734.9195 |    1734.9195 |    1734.9195 |    1734.9195 |    1734.9195 |    1734.9195 |    1734.9195 |    1734.9195 |    1734.9195 |    1734.9195 |    1734.9195 |    1734.9195 |    1734.9195 |    1734.9195 |    1734.9195 |    1734.9195 |    1734.9195 |    1734.9195 |    1734.9195 |    1734.9195 |    1734.9195 |    1734.9195 |    1734.9195 |    1734.9195 |    1734.9195 |    1734.9195 |    1734.9195 |    1734.9195 |    1734.9195 |    1734.9195 |    1734.9195 |    1734.9195 |    1734.9195 |    1734.9195 |    1734.9195 |    1734.9195 |    1734.9195 |    1734.9195 |    1734.9195 |    1734.9195 |    1734.9195 |    1734.9195 |    1734.9195 |    1734.9195 |    1734.9195 |    1734.9195 |    1734.9195 |    1734.9195 |    1734.9195 |    1734.9195 |    1734.9195 |    1734.9195 |    1734.9195 |
|   Runtime unhalted [s]  |  2376.6652 |  2114.3958 |  2106.7437 |  2106.7325 |  2099.1460 |  2098.8307 |  2112.7542 |  2105.5052 |  1963.4858 |  1973.1969 |   1887.9184 |   1872.3576 |   1931.2513 |   1903.0509 |   1826.1943 |   1923.8531 |   2050.9490 |   2040.9813 |   2035.8685 |   2052.2917 |   2036.7326 |   2050.9845 |   2051.3578 |   2056.3068 |   2090.5506 |   2100.9659 |   2099.2443 |   2098.8043 |   2106.0771 |   2099.4999 |   2107.8070 |   2110.0107 |   1965.5579 |   1957.7885 |   2015.2451 |   1998.4620 |   2050.2112 |   1993.9874 |   2024.6432 |   2003.5156 |   2062.3829 |   2065.0470 |   2052.5071 |   2065.0760 |   2062.2929 |   2059.9045 |   2077.9529 |   2083.5156 |   1336.4359 |   1277.3118 |   1255.6429 |   1270.4691 |   1292.2816 |   1273.2142 |   1303.4769 |   1334.9736 |   1216.7530 |   1214.0523 |   1076.1091 |   1021.2104 |   1108.1064 |   1069.4936 |   1069.3169 |   1069.6434 |   1186.9088 |   1177.0999 |   1170.6793 |   1198.1007 |   1256.4702 |   1236.5698 |   1253.1645 |   1308.9485 |   1716.5808 |   1743.1421 |   1706.8209 |   1720.1253 |   1733.6983 |   1727.7283 |   1752.1543 |   1786.3447 |   1661.6684 |   1580.7780 |   1606.6259 |   1612.9234 |   1635.6111 |   1632.0972 |   1657.2381 |   1690.6653 |   1671.0991 |   1676.9698 |   1647.4756 |   1674.8250 |   1671.6941 |   1679.8052 |   1698.3096 |   1715.1165 |   1795.2864 |   1802.9061 |   1886.7468 |   1876.9523 |    1890.6896 |    1825.6571 |    1887.7010 |    1863.5428 |    1758.6575 |    1656.2454 |    1809.8757 |    1556.4202 |    1556.6818 |    1734.4757 |    1610.5894 |    1729.1307 |    1890.1700 |    1995.7556 |    2069.0434 |    1954.6410 |    2038.7297 |    2114.4350 |    2092.6634 |    2090.6178 |    2184.8823 |    2193.0302 |    2155.1530 |    2157.8529 |    2186.3361 |    2191.7836 |    2197.4882 |    2194.3665 |    2106.5502 |    2174.2450 |    2116.9880 |    2183.8283 |    2127.1818 |    2186.1255 |    2162.9569 |    2188.5210 |    2192.1046 |    2192.5244 |    2195.3266 |    2198.5120 |    2195.1886 |    2203.4921 |    2196.9032 |    2197.8850 |    2201.5975 |    2198.3576 |    2197.6792 |    2197.8049 |    2196.7553 |    2197.8218 |    2196.8731 |    2198.6105 |    2192.8378 |    2193.2701 |    2193.5455 |    2193.5575 |    2189.7060 |    2190.9446 |    2194.4918 |    2194.9210 |    2195.6148 |    2196.4552 |    2194.5247 |    2194.3166 |    2193.6331 |    2194.6536 |    2193.1994 |    2193.1175 |    2193.8476 |    2194.9743 |    2199.4640 |    2194.6655 |    2193.2639 |    2193.1922 |    2203.3084 |    2201.7732 |    2192.1883 |    2189.1999 |    2189.2834 |    2189.4839 |    2189.9101 |    2189.6833 |    2190.3903 |    2193.4455 |    2202.6433 |    2193.6965 |    2177.8549 |    2147.7237 |    2146.4413 |    2070.2897 |    2071.8130 |    2071.0420 |
|       Clock [MHz]       |  3698.1463 |  3670.0967 |  3685.1492 |  3679.8096 |  3681.6150 |  3678.0048 |  3681.9701 |  3682.5707 |  3663.8409 |  3662.2553 |   3646.2232 |   3637.3619 |   3655.6720 |   3647.0771 |   3624.0988 |   3648.2034 |   3684.2877 |   3688.2547 |   3684.6653 |   3686.6592 |   3688.4380 |   3687.1211 |   3682.8175 |   3686.9528 |   3688.4121 |   3685.0474 |   3682.9555 |   3684.4308 |   3682.2875 |   3686.6808 |   3686.9218 |   3685.0847 |   3674.2341 |   3673.5937 |   3678.2898 |   3673.8980 |   3684.5165 |   3673.4303 |   3684.2390 |   3672.5666 |   3680.7779 |   3682.2995 |   3682.7987 |   3684.3741 |   3681.2537 |   3687.5113 |   3682.6112 |   3684.7401 |   3447.6084 |   3354.4996 |   3330.4265 |   3352.1001 |   3385.0657 |   3356.7454 |   3393.5589 |   3442.5276 |   3260.6316 |   3257.0028 |   3097.5769 |   3012.7214 |   3139.0382 |   3069.4130 |   3070.3336 |   3081.3697 |   3224.5908 |   3221.7795 |   3205.3007 |   3247.9039 |   3333.5594 |   3304.5468 |   3316.6977 |   3409.4197 |   3671.8241 |   3675.3851 |   3661.9204 |   3671.9909 |   3668.9460 |   3673.4559 |   3661.3800 |   3685.7861 |   3651.3393 |   3608.1326 |   3616.5081 |   3613.5368 |   3639.1230 |   3627.9201 |   3639.5428 |   3648.9246 |   3673.1641 |   3668.9566 |   3670.5868 |   3671.9322 |   3671.8660 |   3669.7263 |   3675.7524 |   3676.6453 |   3497.4063 |   3495.9816 |   3548.8582 |   3537.7156 |    3549.1575 |    3512.4359 |    3539.5420 |    3533.6625 |    3468.6747 |    3408.8536 |    3501.9833 |    3349.9111 |    3344.3412 |    3458.0260 |    3387.1719 |    3460.8364 |    3547.1869 |    3604.4287 |    3633.4246 |    3584.0040 |    3626.0977 |    3653.1331 |    3651.2003 |    3646.9925 |    3686.2730 |    3691.3830 |    3677.0328 |    3677.8334 |    3688.3493 |    3689.0549 |    3687.7388 |    3692.2093 |    3654.8762 |    3681.2434 |    3660.2878 |    3686.1846 |    3659.4967 |    3684.0913 |    3673.8956 |    3689.7058 |    3691.9663 |    3690.6151 |    3693.0262 |    3690.5232 |    3691.3723 |    3687.2392 |    3692.8570 |    3692.0944 |    3687.5425 |    3691.0277 |    3691.3739 |    3691.0965 |    3692.0901 |    3691.2708 |    3692.4170 |    3690.5840 |    3694.3346 |    3694.0224 |    3693.4323 |    3693.6414 |    3693.7978 |    3692.0849 |    3692.8114 |    3692.6762 |    3692.8408 |    3691.9333 |    3693.3990 |    3693.8787 |    3694.4548 |    3693.3977 |    3694.9127 |    3694.8451 |    3693.9357 |    3692.8374 |    3690.1026 |    3693.6886 |    3694.8085 |    3694.7465 |    3686.6644 |    3687.4078 |    3692.3465 |    3694.3542 |    3694.3471 |    3694.4738 |    3694.5520 |    3694.3946 |    3694.1689 |    3691.0259 |    3685.8459 |    3693.3627 |    3693.7986 |    3692.7410 |    3692.5023 |    3691.8338 |    3690.1467 |    3690.6657 |
|           CPI           |     4.3287 |     7.7340 |     7.7222 |     7.7028 |     7.6184 |     7.6582 |     7.7207 |     7.7105 |     6.9793 |     7.0124 |      6.7555 |      6.6878 |      6.8835 |      6.8005 |      6.5542 |      6.8687 |      7.5353 |      7.5021 |      7.4858 |      7.5395 |      7.4843 |      7.5381 |      7.5202 |      7.5531 |      7.7187 |      7.7267 |      7.7247 |      7.7095 |      7.7355 |      7.7328 |      7.7625 |      7.7654 |      7.0542 |      7.0359 |      7.2162 |      7.1636 |      7.3332 |      7.1545 |      7.2930 |      7.1978 |      7.6429 |      7.6493 |      7.6179 |      7.6537 |      7.6275 |      7.6544 |      7.6982 |      7.7101 |      5.0897 |      4.9085 |      4.8454 |      4.8939 |      4.9728 |      4.9129 |      5.0057 |      5.1431 |      4.3749 |      4.4761 |      3.9180 |      3.7208 |      4.0500 |      3.8893 |      3.9148 |      3.9132 |      4.5433 |      4.5352 |      4.5116 |      4.6191 |      4.8504 |      4.7723 |      4.7981 |      5.0395 |      6.4463 |      6.5225 |      6.3936 |      6.4542 |      6.4772 |      6.4759 |      6.5215 |      6.6839 |      5.9075 |      5.6242 |      5.7000 |      5.7415 |      5.8018 |      5.7783 |      5.8742 |      5.9636 |      6.3088 |      6.3092 |      6.2403 |      6.3115 |      6.3484 |      6.3722 |      6.4315 |      6.4985 |      7.0214 |      7.1371 |      7.5146 |      7.4249 |       7.5261 |       7.2116 |       7.4876 |       7.3703 |       6.7062 |       6.3502 |       7.0154 |       5.9164 |       5.8422 |       6.6198 |       6.1528 |       6.5983 |       7.3909 |       7.8287 |       8.2562 |       7.7071 |       8.0341 |       8.3928 |       8.3445 |       8.2996 |       9.3339 |       9.4409 |       9.2060 |       9.2131 |       9.3735 |       9.4040 |       9.4382 |       9.4640 |       8.6543 |       9.0205 |       8.7205 |       9.1019 |       8.7850 |       9.0751 |       8.9679 |       9.1362 |       9.3031 |       9.2868 |       9.3432 |       9.3403 |       9.3174 |       9.3613 |       9.3766 |       9.3784 |       8.8785 |       8.8911 |       8.9100 |       8.9128 |       8.8905 |       8.9069 |       8.9335 |       8.9127 |       8.5830 |       8.6044 |       8.5838 |       8.6181 |       8.5562 |       8.5726 |       8.6314 |       8.6340 |       8.8099 |       8.7796 |       8.8269 |       8.8431 |       8.8365 |       8.8261 |       8.8211 |       8.8600 |       9.0704 |       9.0623 |       9.1522 |       9.0895 |       9.0755 |       9.0742 |       9.0746 |       9.0939 |       8.5445 |       8.5235 |       8.5134 |       8.5407 |       8.5307 |       8.5481 |       8.5247 |       8.5457 |       8.5719 |       8.6867 |       9.3066 |       9.7393 |      10.5335 |      11.6967 |      11.4789 |      11.7833 |
| L3 bandwidth [MBytes/s] |  2135.1095 |   402.9262 |   398.5272 |   398.0004 |   393.1223 |   388.4792 |   395.8651 |   390.1705 |   411.8331 |   412.5105 |    406.9597 |    409.2522 |    409.8147 |    403.3097 |    405.2448 |    406.5401 |    392.9501 |    386.2296 |    388.6555 |    388.7607 |    384.3624 |    389.6775 |    388.1210 |    384.9719 |    394.5768 |    390.2920 |    396.3886 |    394.1700 |    394.8742 |    393.9566 |    391.8960 |    395.6180 |    413.0122 |    406.6185 |    418.8103 |    409.1174 |    418.0883 |    410.8772 |    412.3124 |    415.7547 |    393.3529 |    393.6147 |    397.0070 |    388.0044 |    394.6480 |    390.1350 |    393.8046 |    394.7023 |    380.1546 |    383.3493 |    380.4400 |    378.2831 |    384.4672 |    378.3503 |    383.8378 |    385.2388 |    428.4260 |    432.2214 |    406.5893 |    404.0213 |    408.9998 |    402.8337 |    408.4215 |    402.1289 |    390.0415 |    389.5148 |    387.3743 |    390.3733 |    398.5036 |    395.1666 |    399.9804 |    397.0879 |    401.8393 |    400.8061 |    399.5961 |    403.4072 |    400.5891 |    399.4831 |    403.9582 |    419.0256 |    426.4157 |    414.0116 |    426.0587 |    415.8484 |    421.7148 |    420.6638 |    419.4274 |    427.1484 |    407.3042 |    400.1707 |    402.8008 |    399.2190 |    404.9683 |    411.6825 |    406.5934 |    410.9608 |    434.1119 |    438.0360 |    440.4145 |    437.2901 |     442.9710 |     434.2444 |     442.5500 |     436.5377 |     449.9852 |     445.6351 |     450.6523 |     435.7541 |     439.2538 |     443.4098 |     440.3615 |     439.6149 |     438.9931 |     441.3565 |     447.5098 |     440.4603 |     440.7832 |     447.5277 |     447.2306 |     444.0158 |     447.4279 |     446.1889 |     444.0506 |     446.8684 |     445.9346 |     452.2076 |     448.3859 |     450.3588 |     452.6592 |     458.4358 |     455.4264 |     459.7154 |     454.6874 |     460.5839 |     454.4228 |     464.5340 |     450.0804 |     447.9415 |     455.0747 |     451.0888 |     456.4836 |     456.5552 |     456.8790 |     455.2722 |     453.7546 |     451.1716 |     452.6793 |     452.7601 |     453.0817 |     458.4118 |     461.3712 |     465.1215 |     461.6736 |     469.5655 |     455.6610 |     467.7909 |     459.4533 |     459.6617 |     471.9977 |     464.7091 |     449.2294 |     448.3453 |     448.1912 |     459.7997 |     455.3984 |     453.5412 |     464.3040 |     459.9334 |     475.8647 |     467.2777 |     478.8808 |     482.4274 |     473.4848 |     479.6102 |     480.4485 |     488.7024 |     486.8183 |     477.3562 |     488.8510 |     484.5806 |     482.8250 |     489.7779 |     483.5552 |     492.4326 |     497.4879 |     494.5039 |     457.3559 |     431.7419 |     376.1317 |     316.3982 |     318.1024 |     321.0604 |
| L3 data volume [GBytes] |  3704.2431 |   699.0445 |   691.4126 |   690.4986 |   682.0355 |   673.9802 |   686.7940 |   676.9145 |   714.4974 |   715.6725 |    706.0424 |    710.0196 |    710.9956 |    699.7099 |    703.0671 |    705.3144 |    681.7369 |    670.0773 |    674.2860 |    674.4685 |    666.8379 |    676.0591 |    673.3587 |    667.8953 |    684.5591 |    677.1252 |    687.7023 |    683.8532 |    685.0750 |    683.4829 |    679.9081 |    686.3655 |    716.5429 |    705.4503 |    726.6021 |    709.7858 |    725.3495 |    712.8388 |    715.3288 |    721.3009 |    682.4357 |    682.8898 |    688.7752 |    673.1564 |    684.6826 |    676.8528 |    683.2193 |    684.7767 |    659.5377 |    665.0803 |    660.0327 |    656.2908 |    667.0196 |    656.4073 |    665.9277 |    668.3583 |    743.2846 |    749.8694 |    705.3998 |    700.9445 |    709.5817 |    698.8840 |    708.5784 |    697.6612 |    676.6906 |    675.7768 |    672.0632 |    677.2663 |    691.3717 |    685.5822 |    693.9339 |    688.9156 |    697.1589 |    695.3664 |    693.2670 |    699.8791 |    694.9899 |    693.0711 |    700.8349 |    726.9757 |    739.7970 |    718.2769 |    739.1775 |    721.4635 |    731.6413 |    729.8179 |    727.6727 |    741.0681 |    706.6401 |    694.2640 |    698.8269 |    692.6129 |    702.5875 |    714.2360 |    705.4068 |    712.9839 |    753.1492 |    759.9573 |    764.0836 |    758.6632 |     768.5191 |     753.3791 |     767.7887 |     757.3578 |     780.6882 |     773.1411 |     781.8456 |     755.9983 |     762.0699 |     769.2804 |     763.9917 |     762.6964 |     761.6177 |     765.7179 |     776.3935 |     764.1632 |     764.7235 |     776.4246 |     775.9092 |     770.3317 |     776.2514 |     774.1018 |     770.3921 |     775.2806 |     773.6607 |     784.5438 |     777.9135 |     781.3363 |     785.3272 |     795.3492 |     790.1282 |     797.5693 |     788.8461 |     799.0761 |     788.3870 |     805.9292 |     780.8533 |     777.1425 |     789.5181 |     782.6028 |     791.9623 |     792.0866 |     792.6483 |     789.8606 |     787.2277 |     782.7465 |     785.3622 |     785.5023 |     786.0603 |     795.3076 |     800.4419 |     806.9483 |     800.9666 |     814.6583 |     790.5352 |     811.5796 |     797.1145 |     797.4761 |     818.8781 |     806.2330 |     779.3769 |     777.8431 |     777.5757 |     797.7154 |     790.0796 |     786.8576 |     805.5301 |     797.9475 |     825.5870 |     810.6892 |     830.8197 |     836.9728 |     821.4581 |     832.0851 |     833.5395 |     847.8593 |     844.5906 |     828.1747 |     848.1172 |     840.7083 |     837.6625 |     849.7253 |     838.9294 |     854.3309 |     863.1014 |     857.9244 |     793.4757 |     749.0375 |     652.5582 |     548.9254 |     551.8821 |     557.0139 |
+-------------------------+------------+------------+------------+------------+------------+------------+------------+------------+------------+------------+-------------+-------------+-------------+-------------+-------------+-------------+-------------+-------------+-------------+-------------+-------------+-------------+-------------+-------------+-------------+-------------+-------------+-------------+-------------+-------------+-------------+-------------+-------------+-------------+-------------+-------------+-------------+-------------+-------------+-------------+-------------+-------------+-------------+-------------+-------------+-------------+-------------+-------------+-------------+-------------+-------------+-------------+-------------+-------------+-------------+-------------+-------------+-------------+-------------+-------------+-------------+-------------+-------------+-------------+-------------+-------------+-------------+-------------+-------------+-------------+-------------+-------------+-------------+-------------+-------------+-------------+-------------+-------------+-------------+-------------+-------------+-------------+-------------+-------------+-------------+-------------+-------------+-------------+-------------+-------------+-------------+-------------+-------------+-------------+-------------+-------------+-------------+-------------+-------------+-------------+--------------+--------------+--------------+--------------+--------------+--------------+--------------+--------------+--------------+--------------+--------------+--------------+--------------+--------------+--------------+--------------+--------------+--------------+--------------+--------------+--------------+--------------+--------------+--------------+--------------+--------------+--------------+--------------+--------------+--------------+--------------+--------------+--------------+--------------+--------------+--------------+--------------+--------------+--------------+--------------+--------------+--------------+--------------+--------------+--------------+--------------+--------------+--------------+--------------+--------------+--------------+--------------+--------------+--------------+--------------+--------------+--------------+--------------+--------------+--------------+--------------+--------------+--------------+--------------+--------------+--------------+--------------+--------------+--------------+--------------+--------------+--------------+--------------+--------------+--------------+--------------+--------------+--------------+--------------+--------------+--------------+--------------+--------------+--------------+--------------+--------------+--------------+--------------+--------------+--------------+--------------+--------------+

+------------------------------+-------------+-----------+-----------+-----------+
|            Metric            |     Sum     |    Min    |    Max    |    Avg    |
+------------------------------+-------------+-----------+-----------+-----------+
|   Runtime (RDTSC) [s] STAT   | 333104.5440 | 1734.9195 | 1734.9195 | 1734.9195 |
|   Runtime unhalted [s] STAT  | 369135.2409 | 1021.2104 | 2376.6652 | 1922.5794 |
|       Clock [MHz] STAT       | 692792.0018 | 3012.7214 | 3698.1463 | 3608.2917 |
|           CPI STAT           |   1440.9336 |    3.7208 |   11.7833 |    7.5049 |
| L3 bandwidth [MBytes/s] STAT |  83605.7697 |  316.3982 | 2135.1095 |  435.4467 |
| L3 data volume [GBytes] STAT | 145049.2850 |  548.9254 | 3704.2431 |  755.4650 |
+------------------------------+-------------+-----------+-----------+-----------+

