INFO: You are running LIKWID in a cpuset with 80 CPUs. Taking given IDs as logical ID in cpuset
--------------------------------------------------------------------------------
CPU name:	AMD EPYC 9A14 96-Core Processor                
CPU type:	AMD K19 (Zen4) architecture
CPU clock:	2.60 GHz
--------------------------------------------------------------------------------
Use symmetry. Molecule point group: Dooh
Norb: 18   Ne: (8, 8)
Running RHF...
SCF not converged.
SCF energy = -149.453202296814
Running FCI ...
Guessing CI wfn symmetry = 0
Num symmetry allowed elements 239373732
tol 1e-10  toloose 1e-05
max_cycle 100  max_space 12  max_memory 746687  incore True
    CPU time for contract_2e   3988.05 sec, wall time     51.29 sec
davidson 0 1  |r|= 0.965  e= [-177.41918315]  max|de|= -177  lindep=    1
    CPU time for contract_2e   4013.76 sec, wall time     53.07 sec
davidson 1 2  |r|= 0.477  e= [-177.66345341]  max|de|= -0.244  lindep= 0.976
    CPU time for contract_2e   4026.89 sec, wall time     54.04 sec
davidson 2 3  |r|= 0.189  e= [-177.71009544]  max|de|= -0.0466  lindep= 0.997
    CPU time for contract_2e   4043.68 sec, wall time     55.02 sec
davidson 3 4  |r|= 0.0734  e= [-177.71605069]  max|de|= -0.00596  lindep= 0.98
    CPU time for contract_2e   4035.69 sec, wall time     55.74 sec
davidson 4 5  |r|= 0.0317  e= [-177.71693538]  max|de|= -0.000885  lindep= 0.96
    CPU time for contract_2e   4056.41 sec, wall time     56.81 sec
davidson 5 6  |r|= 0.0142  e= [-177.71710364]  max|de|= -0.000168  lindep= 0.93
    CPU time for contract_2e   4064.10 sec, wall time     57.74 sec
davidson 6 7  |r|= 0.00606  e= [-177.71713434]  max|de|= -3.07e-05  lindep= 0.918
    CPU time for contract_2e   4084.00 sec, wall time     58.78 sec
davidson 7 8  |r|= 0.00244  e= [-177.71713934]  max|de|= -5e-06  lindep= 0.932
    CPU time for contract_2e   4094.42 sec, wall time     59.71 sec
davidson 8 9  |r|= 0.000953  e= [-177.71714013]  max|de|= -7.84e-07  lindep= 0.926
    CPU time for contract_2e   4103.30 sec, wall time     60.64 sec
davidson 9 10  |r|= 0.000379  e= [-177.71714025]  max|de|= -1.21e-07  lindep= 0.919
    CPU time for contract_2e   4113.15 sec, wall time     61.56 sec
davidson 10 11  |r|= 0.000155  e= [-177.71714027]  max|de|= -1.73e-08  lindep= 0.942
    CPU time for contract_2e   4120.05 sec, wall time     62.47 sec
davidson 11 12  |r|= 6.24e-05  e= [-177.71714027]  max|de|= -2.81e-09  lindep= 0.939
    CPU time for contract_2e   4129.98 sec, wall time     63.80 sec
davidson 12 1  |r|= 6.24e-05  e= [-177.71714027]  max|de|= 1.26e-11  lindep=    1
    CPU time for contract_2e   4016.68 sec, wall time     53.09 sec
davidson 13 2  |r|= 2.68e-05  e= [-177.71714027]  max|de|= -3.93e-10  lindep= 0.988
    CPU time for contract_2e   4035.28 sec, wall time     54.11 sec
davidson 14 3  |r|= 1.29e-05  e= [-177.71714027]  max|de|= -1.22e-10  lindep= 0.879
    CPU time for contract_2e   4031.53 sec, wall time     54.87 sec
root 0 converged  |r|= 5.47e-06  e= -177.71714027031794  max|de|= -2.3e-11
converged 15 4  |r|= 5.47e-06  e= [-177.71714027]  max|de|= -2.3e-11
--------------------------------------------------------------------------------
Group 1: L3
+-----------------------------+---------+---------------+---------------+---------------+---------------+---------------+---------------+---------------+---------------+---------------+---------------+---------------+---------------+---------------+---------------+---------------+---------------+---------------+---------------+---------------+---------------+---------------+---------------+---------------+---------------+---------------+---------------+---------------+---------------+---------------+---------------+---------------+---------------+---------------+---------------+---------------+---------------+---------------+---------------+---------------+---------------+---------------+---------------+---------------+---------------+---------------+---------------+---------------+---------------+---------------+---------------+---------------+---------------+---------------+---------------+---------------+---------------+---------------+---------------+---------------+---------------+---------------+---------------+---------------+---------------+---------------+---------------+---------------+---------------+---------------+---------------+---------------+---------------+---------------+---------------+---------------+---------------+---------------+---------------+---------------+---------------+
|            Event            | Counter |   HWThread 0  |   HWThread 1  |   HWThread 2  |   HWThread 3  |   HWThread 4  |   HWThread 5  |   HWThread 6  |   HWThread 7  |   HWThread 8  |   HWThread 9  |  HWThread 10  |  HWThread 11  |  HWThread 12  |  HWThread 13  |  HWThread 14  |  HWThread 15  |  HWThread 16  |  HWThread 17  |  HWThread 18  |  HWThread 19  |  HWThread 20  |  HWThread 21  |  HWThread 22  |  HWThread 23  |  HWThread 24  |  HWThread 25  |  HWThread 26  |  HWThread 27  |  HWThread 28  |  HWThread 29  |  HWThread 30  |  HWThread 31  |  HWThread 32  |  HWThread 33  |  HWThread 34  |  HWThread 35  |  HWThread 36  |  HWThread 37  |  HWThread 38  |  HWThread 39  |  HWThread 40  |  HWThread 41  |  HWThread 42  |  HWThread 43  |  HWThread 44  |  HWThread 45  |  HWThread 46  |  HWThread 47  |  HWThread 48  |  HWThread 49  |  HWThread 50  |  HWThread 51  |  HWThread 52  |  HWThread 53  |  HWThread 54  |  HWThread 55  |  HWThread 56  |  HWThread 57  |  HWThread 58  |  HWThread 59  |  HWThread 60  |  HWThread 61  |  HWThread 62  |  HWThread 63  |  HWThread 64  |  HWThread 65  |  HWThread 66  |  HWThread 67  |  HWThread 68  |  HWThread 69  |  HWThread 70  |  HWThread 71  |  HWThread 72  |  HWThread 73  |  HWThread 74  |  HWThread 75  |  HWThread 76  |  HWThread 77  |  HWThread 78  |  HWThread 79  |
+-----------------------------+---------+---------------+---------------+---------------+---------------+---------------+---------------+---------------+---------------+---------------+---------------+---------------+---------------+---------------+---------------+---------------+---------------+---------------+---------------+---------------+---------------+---------------+---------------+---------------+---------------+---------------+---------------+---------------+---------------+---------------+---------------+---------------+---------------+---------------+---------------+---------------+---------------+---------------+---------------+---------------+---------------+---------------+---------------+---------------+---------------+---------------+---------------+---------------+---------------+---------------+---------------+---------------+---------------+---------------+---------------+---------------+---------------+---------------+---------------+---------------+---------------+---------------+---------------+---------------+---------------+---------------+---------------+---------------+---------------+---------------+---------------+---------------+---------------+---------------+---------------+---------------+---------------+---------------+---------------+---------------+---------------+
|       ACTUAL_CPU_CLOCK      |  FIXC1  | 3697791067471 | 3066081507773 | 3061650883799 | 3061697191771 | 3061164326754 | 3061502856809 | 3061419534721 | 3061177712085 | 2789470852929 | 2783836980419 | 2771835309483 | 2792087232997 | 2832919572220 | 2806521243515 | 2784521982521 | 2783827199926 | 3060744893024 | 3059785086835 | 3059501748975 | 3060724568168 | 3060493878028 | 3058662832681 | 3060634737933 | 3060349954820 | 3063541492830 | 3066258369993 | 3065931409552 | 3065861768093 | 3065658525494 | 3065967129433 | 3066033412844 | 3065849184294 | 2949540957473 | 2937673351419 | 2958032464935 | 2975067479732 | 2992470851846 | 2975400838069 | 3019090062231 | 3016460818236 | 3060534964532 | 3063553695576 | 3056981158437 | 3058627385351 | 3049389517514 | 3051150098777 | 3046368331551 | 3050412773824 | 3033796415673 | 3035309196525 | 3043053651085 | 3033259257661 | 3053468657386 | 3041234590421 | 3041541395377 | 3040139146553 | 3007316888111 | 2986439083509 | 2986560555161 | 3004479544214 | 2999047944139 | 2999421276251 | 3004121012222 | 3009876942338 | 3036777157842 | 3017919360768 | 3031754343776 | 3027709346315 | 3023872394358 | 3023872192092 | 3015138226009 | 3035425927642 | 2991764658891 | 2974542745514 | 3001043531584 | 2984926173210 | 3012955036098 | 3007034125984 | 3028472085547 | 3019755700707 |
|        MAX_CPU_CLOCK        |  FIXC2  | 2603495380850 | 2186458396304 | 2171015895074 | 2171461640920 | 2170968164612 | 2171112314722 | 2170983376848 | 2171010328526 | 1979431813216 | 1975798660576 | 1967415097544 | 1981512697528 | 2010390176522 | 1991822359592 | 1976687930490 | 1975651139748 | 2171264215744 | 2170758289570 | 2170141330448 | 2171074336912 | 2171001785108 | 2169145686682 | 2170933058788 | 2170969118864 | 2168265013330 | 2171100937876 | 2171214142084 | 2171142514346 | 2171073181654 | 2171046442370 | 2170806916018 | 2170960827386 | 2086242100956 | 2074531621058 | 2092699140610 | 2102233800914 | 2118645427392 | 2099871913490 | 2137576597364 | 2135379773774 | 2165547134374 | 2169458129228 | 2162521610808 | 2163972758272 | 2154722063416 | 2157107909788 | 2151662623656 | 2156088335778 | 2144652005756 | 2147160719444 | 2155319447190 | 2145125271172 | 2166125227240 | 2153281276484 | 2153893375088 | 2151899511190 | 2133360545810 | 2115682617802 | 2114832655390 | 2127855090296 | 2123877313402 | 2122387375342 | 2123012472074 | 2127279264526 | 2150023711472 | 2130249518124 | 2145132725398 | 2140560754982 | 2136322572462 | 2136507578790 | 2127023743000 | 2148295316232 | 2118175672990 | 2102686163578 | 2125390965646 | 2109028636130 | 2132873199808 | 2127602342762 | 2144724143172 | 2133350371412 |
|     RETIRED_INSTRUCTIONS    |   PMC0  | 1585897332411 |  975504827443 |  974484688680 |  974781809528 |  974231705027 |  975034629034 |  972849153428 |  972450068540 | 1038589396989 | 1039918889997 | 1040395881000 | 1034872195298 | 1033432600116 | 1033791662321 | 1037472711940 | 1034507429909 |  976536818292 |  977590005313 |  976996300113 |  977236048915 |  976128641224 |  976597331922 |  975332056655 |  973923850252 |  969787658226 |  971816349654 |  971480465012 |  971430749412 |  966377745316 |  966945077332 |  966259877152 |  965517226465 | 1019088973275 | 1018369883876 | 1019732037839 | 1015672788240 | 1012401240289 | 1014422983194 | 1008488898924 | 1007688269679 |  966034522734 |  966586805922 |  965826573226 |  966162231467 |  965167174450 |  966042409421 |  963854238072 |  963277523421 | 1003620299270 | 1005927166371 | 1003677179858 | 1004710552015 | 1001965026493 | 1003546896184 |  998616523933 |  997041580390 | 1042928437381 | 1041017104397 | 1038338884082 | 1038852287697 | 1035992479518 | 1038959391369 | 1032396959690 | 1030349627565 | 1004548863191 | 1006139532267 | 1005128244482 | 1005915112614 | 1003370534442 | 1004183590000 |  998821647562 |  997613795093 | 1046749395595 | 1047642854371 | 1047604031065 | 1046912985510 | 1045167211263 | 1046550707044 | 1040448998675 |  918908606185 |
|     CPU_CLOCKS_UNHALTED     |   PMC1  | 3241740717517 | 2778666812382 | 2780662062081 | 2778439652757 | 2781906393383 | 2783811806055 | 2776791329964 | 2780797349592 | 2606608520871 | 2610319996145 | 2600381385921 | 2600181646204 | 2635201120130 | 2611535520105 | 2600828018879 | 2597310042385 | 2777296433979 | 2780623269496 | 2783001031209 | 2782004292163 | 2778612920515 | 2776109449272 | 2776436991966 | 2776235130933 | 2780492105849 | 2790542201004 | 2785292819593 | 2791706218918 | 2785581076308 | 2790816206167 | 2788635516952 | 2787626446657 | 2731088608591 | 2729428621136 | 2743168380449 | 2750109865255 | 2750109964974 | 2754636352422 | 2761347159657 | 2758447131933 | 2787436617510 | 2788072565310 | 2790840526062 | 2789063778351 | 2775814655979 | 2779839591849 | 2773498104147 | 2775244217371 | 2820415611681 | 2826228772950 | 2825398661612 | 2823174127312 | 2825009105462 | 2827864417731 | 2816124976183 | 2814025022056 | 2797951893543 | 2786261769308 | 2785158935188 | 2798440485348 | 2788127125490 | 2796782179944 | 2791365721897 | 2790475255272 | 2829108021067 | 2829842005421 | 2832346249749 | 2831387091731 | 2825931287148 | 2828706404410 | 2812842620979 | 2816652778548 | 2820656157014 | 2811619621454 | 2829405668027 | 2824086258937 | 2837792477761 | 2836388376728 | 2844038238998 | 2840096202160 |
|       L2_PF_HIT_IN_L3       |   PMC2  |   13980946910 |    3563434573 |    3596998737 |    3563559388 |    3642853242 |    3609614273 |    3558066666 |    3497924156 |    3145605410 |    3284689784 |    3337214558 |    3370771294 |    3322581896 |    3240147258 |    3331280705 |    3293318361 |    3267048436 |    3370644787 |    3384783924 |    3387482895 |    3377242934 |    3395376021 |    3511077408 |    3138902698 |    3264924055 |    3368224824 |    3350595326 |    3334171123 |    3360355740 |    3355687212 |    3325871490 |    3221197680 |    3191742896 |    3201598842 |    3287673130 |    3343491030 |    3327808965 |    3319401567 |    3296060481 |    3302774306 |    3119910573 |    3165782412 |    3314829473 |    3234076549 |    3321874535 |    3258780925 |    3251519024 |    3118220944 |    3147823107 |    3226157367 |    3297868278 |    3311241932 |    3289255306 |    3303688221 |    3366450400 |    3211370278 |    3319462159 |    3381372274 |    3468692512 |    3244883844 |    3439255874 |    3516988524 |    3493416486 |    3416137378 |    3109092254 |    3252400956 |    3341223699 |    3319560581 |    3318842513 |    3258994786 |    3245602934 |    3188299552 |    3520199179 |    3476446666 |    3603811594 |    3431905435 |    3614529766 |    3571652155 |    3638552552 |    1876259782 |
|       L2_PF_MISS_IN_L3      |   PMC3  |   38998734182 |    6351223798 |    6321279085 |    6308378976 |    6236275403 |    6248070112 |    6289221535 |    6344484902 |    6423662148 |    6328024456 |    6331853207 |    6305257409 |    6304203179 |    6409523763 |    6324966345 |    6347067037 |    6462254319 |    6361124734 |    6360517348 |    6391902326 |    6393572796 |    6346028197 |    6324536790 |    6595913719 |    6256542780 |    6415573255 |    6458662740 |    6410024540 |    6420662486 |    6445397478 |    6486287606 |    6575324536 |    6600285966 |    6519666994 |    6562573371 |    6463386631 |    6556275283 |    6471054194 |    6601613589 |    6599184704 |    6799172455 |    6724062114 |    6634108911 |    6667486049 |    6559805100 |    6588699481 |    6585201117 |    6730706397 |    6563726956 |    6558579570 |    6569140225 |    6490289350 |    6613813138 |    6583269789 |    6532926562 |    6711808689 |    6947647157 |    6915359733 |    6864740770 |    6995139387 |    6862181619 |    6787245666 |    6780901880 |    6829341582 |    6936812447 |    6723357903 |    6734223254 |    6688619784 |    6766062450 |    6732537839 |    6729380223 |    6712461239 |    6959392221 |    6885278281 |    6855993479 |    6929700935 |    6824906773 |    6873026867 |    6825724075 |    5832762035 |
| L2_CACHE_MISS_AFTER_L1_MISS |   PMC4  |    7903183492 |    5640556518 |    5573916761 |    5594417322 |    5541686581 |    5558807087 |    5544581977 |    5551566987 |    5757858749 |    5808893602 |    5734138833 |    5877962267 |    5837000218 |    5799161689 |    5740143521 |    5772051238 |    5696190751 |    5689953198 |    5681388975 |    5727049458 |    5668663694 |    5721060815 |    5720586514 |    5791680789 |    5982006926 |    5831311799 |    5717007311 |    5772807138 |    5766882180 |    5786481306 |    5773947494 |    5823319100 |    5865130883 |    5926314151 |    5858952341 |    5980519682 |    5982322777 |    5965113198 |    5993781381 |    6032630186 |    5817772737 |    5813099434 |    5767075939 |    5829461474 |    5857883229 |    5822256839 |    5874704006 |    5986237702 |    5942563819 |    5863820344 |    5884095216 |    5886995941 |    5785017805 |    5833600665 |    5879347216 |    5935460610 |    5610884989 |    5661165802 |    5667920853 |    5660631307 |    5674637389 |    5640465328 |    5700775989 |    5697061078 |    5763253117 |    5766313229 |    5744401058 |    5794760083 |    5826058160 |    5889249892 |    5939844896 |    6095365330 |    5706098500 |    5653684133 |    5659610615 |    5744956471 |    5794414495 |    5835755151 |    5886286852 |    3517500072 |
+-----------------------------+---------+---------------+---------------+---------------+---------------+---------------+---------------+---------------+---------------+---------------+---------------+---------------+---------------+---------------+---------------+---------------+---------------+---------------+---------------+---------------+---------------+---------------+---------------+---------------+---------------+---------------+---------------+---------------+---------------+---------------+---------------+---------------+---------------+---------------+---------------+---------------+---------------+---------------+---------------+---------------+---------------+---------------+---------------+---------------+---------------+---------------+---------------+---------------+---------------+---------------+---------------+---------------+---------------+---------------+---------------+---------------+---------------+---------------+---------------+---------------+---------------+---------------+---------------+---------------+---------------+---------------+---------------+---------------+---------------+---------------+---------------+---------------+---------------+---------------+---------------+---------------+---------------+---------------+---------------+---------------+---------------+

+----------------------------------+---------+-----------------+---------------+---------------+--------------+
|               Event              | Counter |       Sum       |      Min      |      Max      |      Avg     |
+----------------------------------+---------+-----------------+---------------+---------------+--------------+
|       ACTUAL_CPU_CLOCK STAT      |  FIXC1  | 241296287760656 | 2771835309483 | 3697791067471 | 3.016204e+12 |
|        MAX_CPU_CLOCK STAT        |  FIXC2  | 170848065695294 | 1967415097544 | 2603495380850 | 2.135601e+12 |
|     RETIRED_INSTRUCTIONS STAT    |   PMC0  |  80680634242517 |  918908606185 | 1585897332411 | 1.008508e+12 |
|     CPU_CLOCKS_UNHALTED STAT     |   PMC1  | 222498044147457 | 2597310042385 | 3241740717517 | 2.781226e+12 |
|       L2_PF_HIT_IN_L3 STAT       |   PMC2  |    277009577760 |    1876259782 |   13980946910 |   3462619722 |
|       L2_PF_MISS_IN_L3 STAT      |   PMC3  |    557856185421 |    5832762035 |   38998734182 | 6.973202e+09 |
| L2_CACHE_MISS_AFTER_L1_MISS STAT |   PMC4  |    462701516654 |    3517500072 |    7903183492 | 5.783769e+09 |
+----------------------------------+---------+-----------------+---------------+---------------+--------------+

+-------------------------+------------+------------+------------+------------+------------+------------+------------+------------+------------+------------+-------------+-------------+-------------+-------------+-------------+-------------+-------------+-------------+-------------+-------------+-------------+-------------+-------------+-------------+-------------+-------------+-------------+-------------+-------------+-------------+-------------+-------------+-------------+-------------+-------------+-------------+-------------+-------------+-------------+-------------+-------------+-------------+-------------+-------------+-------------+-------------+-------------+-------------+-------------+-------------+-------------+-------------+-------------+-------------+-------------+-------------+-------------+-------------+-------------+-------------+-------------+-------------+-------------+-------------+-------------+-------------+-------------+-------------+-------------+-------------+-------------+-------------+-------------+-------------+-------------+-------------+-------------+-------------+-------------+-------------+
|          Metric         | HWThread 0 | HWThread 1 | HWThread 2 | HWThread 3 | HWThread 4 | HWThread 5 | HWThread 6 | HWThread 7 | HWThread 8 | HWThread 9 | HWThread 10 | HWThread 11 | HWThread 12 | HWThread 13 | HWThread 14 | HWThread 15 | HWThread 16 | HWThread 17 | HWThread 18 | HWThread 19 | HWThread 20 | HWThread 21 | HWThread 22 | HWThread 23 | HWThread 24 | HWThread 25 | HWThread 26 | HWThread 27 | HWThread 28 | HWThread 29 | HWThread 30 | HWThread 31 | HWThread 32 | HWThread 33 | HWThread 34 | HWThread 35 | HWThread 36 | HWThread 37 | HWThread 38 | HWThread 39 | HWThread 40 | HWThread 41 | HWThread 42 | HWThread 43 | HWThread 44 | HWThread 45 | HWThread 46 | HWThread 47 | HWThread 48 | HWThread 49 | HWThread 50 | HWThread 51 | HWThread 52 | HWThread 53 | HWThread 54 | HWThread 55 | HWThread 56 | HWThread 57 | HWThread 58 | HWThread 59 | HWThread 60 | HWThread 61 | HWThread 62 | HWThread 63 | HWThread 64 | HWThread 65 | HWThread 66 | HWThread 67 | HWThread 68 | HWThread 69 | HWThread 70 | HWThread 71 | HWThread 72 | HWThread 73 | HWThread 74 | HWThread 75 | HWThread 76 | HWThread 77 | HWThread 78 | HWThread 79 |
+-------------------------+------------+------------+------------+------------+------------+------------+------------+------------+------------+------------+-------------+-------------+-------------+-------------+-------------+-------------+-------------+-------------+-------------+-------------+-------------+-------------+-------------+-------------+-------------+-------------+-------------+-------------+-------------+-------------+-------------+-------------+-------------+-------------+-------------+-------------+-------------+-------------+-------------+-------------+-------------+-------------+-------------+-------------+-------------+-------------+-------------+-------------+-------------+-------------+-------------+-------------+-------------+-------------+-------------+-------------+-------------+-------------+-------------+-------------+-------------+-------------+-------------+-------------+-------------+-------------+-------------+-------------+-------------+-------------+-------------+-------------+-------------+-------------+-------------+-------------+-------------+-------------+-------------+-------------+
|   Runtime (RDTSC) [s]   |  1001.6945 |  1001.6945 |  1001.6945 |  1001.6945 |  1001.6945 |  1001.6945 |  1001.6945 |  1001.6945 |  1001.6945 |  1001.6945 |   1001.6945 |   1001.6945 |   1001.6945 |   1001.6945 |   1001.6945 |   1001.6945 |   1001.6945 |   1001.6945 |   1001.6945 |   1001.6945 |   1001.6945 |   1001.6945 |   1001.6945 |   1001.6945 |   1001.6945 |   1001.6945 |   1001.6945 |   1001.6945 |   1001.6945 |   1001.6945 |   1001.6945 |   1001.6945 |   1001.6945 |   1001.6945 |   1001.6945 |   1001.6945 |   1001.6945 |   1001.6945 |   1001.6945 |   1001.6945 |   1001.6945 |   1001.6945 |   1001.6945 |   1001.6945 |   1001.6945 |   1001.6945 |   1001.6945 |   1001.6945 |   1001.6945 |   1001.6945 |   1001.6945 |   1001.6945 |   1001.6945 |   1001.6945 |   1001.6945 |   1001.6945 |   1001.6945 |   1001.6945 |   1001.6945 |   1001.6945 |   1001.6945 |   1001.6945 |   1001.6945 |   1001.6945 |   1001.6945 |   1001.6945 |   1001.6945 |   1001.6945 |   1001.6945 |   1001.6945 |   1001.6945 |   1001.6945 |   1001.6945 |   1001.6945 |   1001.6945 |   1001.6945 |   1001.6945 |   1001.6945 |   1001.6945 |   1001.6945 |
|   Runtime unhalted [s]  |  1422.2304 |  1179.2647 |  1177.5606 |  1177.5784 |  1177.3734 |  1177.5036 |  1177.4716 |  1177.3786 |  1072.8757 |  1070.7088 |   1066.0928 |   1073.8820 |   1089.5868 |   1079.4336 |   1070.9723 |   1070.7051 |   1177.2121 |   1176.8430 |   1176.7340 |   1177.2043 |   1177.1156 |   1176.4113 |   1177.1697 |   1177.0602 |   1178.2877 |   1179.3327 |   1179.2069 |   1179.1802 |   1179.1020 |   1179.2207 |   1179.2462 |   1179.1753 |   1134.4413 |   1129.8768 |   1137.7073 |   1144.2592 |   1150.9528 |   1144.3874 |   1161.1910 |   1160.1797 |   1177.1314 |   1178.2924 |   1175.7645 |   1176.3977 |   1172.8447 |   1173.5218 |   1171.6827 |   1173.2382 |   1166.8473 |   1167.4291 |   1170.4078 |   1166.6407 |   1174.4136 |   1169.7081 |   1169.8261 |   1169.2868 |   1156.6628 |   1148.6329 |   1148.6796 |   1155.5716 |   1153.4825 |   1153.6261 |   1155.4337 |   1157.6475 |   1167.9937 |   1160.7407 |   1166.0619 |   1164.5061 |   1163.0304 |   1163.0303 |   1159.6711 |   1167.4740 |   1150.6812 |   1144.0574 |   1154.2500 |   1148.0510 |   1158.8314 |   1156.5541 |   1164.7995 |   1161.4470 |
|       Clock [MHz]       |  3692.8185 |  3645.9851 |  3666.6130 |  3665.9158 |  3666.1109 |  3666.2729 |  3666.3909 |  3666.0557 |  3663.9850 |  3663.3087 |   3663.0583 |   3663.5703 |   3663.7540 |   3663.4489 |   3662.5617 |   3663.5694 |   3665.1088 |   3664.8134 |   3665.5158 |   3665.4050 |   3665.2512 |   3666.1927 |   3665.5359 |   3665.1340 |   3673.5319 |   3671.9871 |   3671.4041 |   3671.4418 |   3671.3157 |   3671.7304 |   3672.2150 |   3671.7340 |   3675.8869 |   3681.7632 |   3675.0948 |   3679.4950 |   3672.3499 |   3684.0464 |   3672.2039 |   3672.7805 |   3674.5327 |   3671.5262 |   3675.4009 |   3674.9141 |   3679.5445 |   3677.5968 |   3681.1257 |   3678.4467 |   3677.9177 |   3675.4523 |   3670.8816 |   3676.4552 |   3665.0704 |   3672.1598 |   3671.4865 |   3673.1942 |   3665.1128 |   3670.0802 |   3671.7045 |   3671.1287 |   3671.3551 |   3674.3898 |   3679.0635 |   3678.7192 |   3672.3332 |   3683.4058 |   3674.6184 |   3677.5538 |   3680.1798 |   3679.8609 |   3685.5924 |   3673.6525 |   3672.2975 |   3678.0546 |   3671.1817 |   3679.7942 |   3672.8232 |   3674.6866 |   3671.3395 |   3680.2899 |
|           CPI           |     2.0441 |     2.8484 |     2.8535 |     2.8503 |     2.8555 |     2.8551 |     2.8543 |     2.8596 |     2.5098 |     2.5101 |      2.4994 |      2.5126 |      2.5499 |      2.5262 |      2.5069 |      2.5107 |      2.8440 |      2.8444 |      2.8485 |      2.8468 |      2.8466 |      2.8426 |      2.8467 |      2.8506 |      2.8671 |      2.8715 |      2.8671 |      2.8738 |      2.8825 |      2.8862 |      2.8860 |      2.8872 |      2.6799 |      2.6802 |      2.6901 |      2.7077 |      2.7164 |      2.7155 |      2.7381 |      2.7374 |      2.8854 |      2.8845 |      2.8896 |      2.8867 |      2.8760 |      2.8776 |      2.8775 |      2.8810 |      2.8102 |      2.8096 |      2.8150 |      2.8099 |      2.8195 |      2.8179 |      2.8200 |      2.8224 |      2.6828 |      2.6765 |      2.6823 |      2.6938 |      2.6913 |      2.6919 |      2.7038 |      2.7083 |      2.8163 |      2.8126 |      2.8179 |      2.8147 |      2.8164 |      2.8169 |      2.8162 |      2.8234 |      2.6947 |      2.6838 |      2.7008 |      2.6975 |      2.7152 |      2.7102 |      2.7335 |      3.0907 |
| L3 bandwidth [MBytes/s] |  3889.9119 |   993.8497 |   989.8232 |   988.1723 |   985.2627 |   984.9864 |   983.4133 |   983.5479 |   979.2767 |   985.3133 |    984.1376 |    993.7715 |    988.0081 |    987.0527 |    983.7021 |    984.7273 |    985.5616 |    985.3206 |    985.6380 |    990.7330 |    986.4551 |    987.9237 |    993.9127 |    992.0149 |    990.5439 |    997.6765 |    992.0000 |    991.4082 |    993.3823 |    995.9167 |    995.8234 |    997.9788 |   1000.3631 |    999.7510 |   1003.6880 |   1008.6842 |   1013.7323 |   1006.6507 |   1015.3327 |   1018.0886 |   1005.4550 |   1003.2883 |   1004.1234 |   1005.0824 |   1005.6280 |   1001.1667 |   1003.8302 |   1011.7362 |   1000.1685 |    999.8135 |   1006.3654 |   1002.3672 |   1002.3391 |   1004.4138 |   1008.1301 |   1013.2360 |   1014.4726 |   1019.5778 |   1022.3543 |   1015.9204 |   1020.7392 |   1018.7345 |   1020.6765 |   1018.5966 |   1010.0745 |   1005.7883 |   1010.7576 |   1009.6773 |   1016.5791 |   1014.6508 |   1016.8260 |   1022.0203 |   1034.1318 |   1023.2523 |   1029.8975 |   1029.0763 |   1037.2089 |   1040.1852 |   1044.6659 |    717.2820 |
| L3 data volume [GBytes] |  3896.5033 |   995.5338 |   991.5005 |   989.8468 |   986.9322 |   986.6555 |   985.0797 |   985.2145 |   980.9361 |   986.9829 |    985.8052 |    995.4554 |    989.6823 |    988.7253 |    985.3690 |    986.3959 |    987.2316 |    986.9903 |    987.3082 |    992.4118 |    988.1267 |    989.5978 |    995.5968 |    993.6958 |    992.2223 |    999.3670 |    993.6810 |    993.0882 |    995.0656 |    997.6042 |    997.5108 |    999.6698 |   1002.0582 |   1001.4451 |   1005.3887 |   1010.3934 |   1015.4500 |   1008.3564 |   1017.0531 |   1019.8137 |   1007.1588 |   1004.9884 |   1005.8249 |   1006.7855 |   1007.3320 |   1002.8632 |   1005.5311 |   1013.4506 |   1001.8633 |   1001.5077 |   1008.0706 |   1004.0657 |   1004.0375 |   1006.1158 |   1009.8383 |   1014.9529 |   1016.1916 |   1021.3055 |   1024.0867 |   1017.6419 |   1022.4688 |   1020.4608 |   1022.4060 |   1020.3226 |   1011.7861 |   1007.4926 |   1012.4703 |   1011.3882 |   1018.3016 |   1016.3701 |   1018.5490 |   1023.7521 |   1035.8842 |   1024.9862 |   1031.6426 |   1030.8200 |   1038.9665 |   1041.9478 |   1046.4361 |    718.4974 |
+-------------------------+------------+------------+------------+------------+------------+------------+------------+------------+------------+------------+-------------+-------------+-------------+-------------+-------------+-------------+-------------+-------------+-------------+-------------+-------------+-------------+-------------+-------------+-------------+-------------+-------------+-------------+-------------+-------------+-------------+-------------+-------------+-------------+-------------+-------------+-------------+-------------+-------------+-------------+-------------+-------------+-------------+-------------+-------------+-------------+-------------+-------------+-------------+-------------+-------------+-------------+-------------+-------------+-------------+-------------+-------------+-------------+-------------+-------------+-------------+-------------+-------------+-------------+-------------+-------------+-------------+-------------+-------------+-------------+-------------+-------------+-------------+-------------+-------------+-------------+-------------+-------------+-------------+-------------+

+------------------------------+-------------+-----------+-----------+-----------+
|            Metric            |     Sum     |    Min    |    Max    |    Avg    |
+------------------------------+-------------+-----------+-----------+-----------+
|   Runtime (RDTSC) [s] STAT   |  80135.5600 | 1001.6945 | 1001.6945 | 1001.6945 |
|   Runtime unhalted [s] STAT  |  92806.4652 | 1066.0928 | 1422.2304 | 1160.0808 |
|       Clock [MHz] STAT       | 293760.2796 | 3645.9851 | 3692.8185 | 3672.0035 |
|           CPI STAT           |    221.2776 |    2.0441 |    3.0907 |    2.7660 |
| L3 bandwidth [MBytes/s] STAT |  82903.8262 |  717.2820 | 3889.9119 | 1036.2978 |
| L3 data volume [GBytes] STAT |  83044.3059 |  718.4974 | 3896.5033 | 1038.0538 |
+------------------------------+-------------+-----------+-----------+-----------+

