INFO: You are running LIKWID in a cpuset with 96 CPUs. Taking given IDs as logical ID in cpuset
--------------------------------------------------------------------------------
CPU name:	AMD EPYC 9A14 96-Core Processor                
CPU type:	AMD K19 (Zen4) architecture
CPU clock:	2.60 GHz
--------------------------------------------------------------------------------
Use symmetry. Molecule point group: Dooh
Norb: 18   Ne: (8, 8)
Running RHF...
SCF not converged.
SCF energy = -149.453202296634
Running FCI ...
Guessing CI wfn symmetry = 0
Num symmetry allowed elements 239373732
tol 1e-10  toloose 1e-05
max_cycle 100  max_space 12  max_memory 746639  incore True
    CPU time for contract_2e   5312.68 sec, wall time     58.33 sec
davidson 0 1  |r|= 0.965  e= [-177.41918315]  max|de|= -177  lindep=    1
    CPU time for contract_2e   5332.86 sec, wall time     60.18 sec
davidson 1 2  |r|= 0.477  e= [-177.66345341]  max|de|= -0.244  lindep= 0.976
    CPU time for contract_2e   5348.57 sec, wall time     61.11 sec
davidson 2 3  |r|= 0.189  e= [-177.71009544]  max|de|= -0.0466  lindep= 0.997
    CPU time for contract_2e   5355.97 sec, wall time     62.09 sec
davidson 3 4  |r|= 0.0734  e= [-177.71605069]  max|de|= -0.00596  lindep= 0.98
    CPU time for contract_2e   5355.94 sec, wall time     62.79 sec
davidson 4 5  |r|= 0.0317  e= [-177.71693538]  max|de|= -0.000885  lindep= 0.96
    CPU time for contract_2e   5370.01 sec, wall time     63.83 sec
davidson 5 6  |r|= 0.0142  e= [-177.71710364]  max|de|= -0.000168  lindep= 0.93
    CPU time for contract_2e   5378.74 sec, wall time     64.71 sec
davidson 6 7  |r|= 0.00606  e= [-177.71713434]  max|de|= -3.07e-05  lindep= 0.918
    CPU time for contract_2e   5394.17 sec, wall time     65.70 sec
davidson 7 8  |r|= 0.00244  e= [-177.71713934]  max|de|= -5e-06  lindep= 0.932
    CPU time for contract_2e   5397.24 sec, wall time     66.61 sec
davidson 8 9  |r|= 0.000953  e= [-177.71714013]  max|de|= -7.84e-07  lindep= 0.926
    CPU time for contract_2e   5389.84 sec, wall time     67.29 sec
davidson 9 10  |r|= 0.000379  e= [-177.71714025]  max|de|= -1.21e-07  lindep= 0.919
    CPU time for contract_2e   5402.89 sec, wall time     68.32 sec
davidson 10 11  |r|= 0.000155  e= [-177.71714027]  max|de|= -1.73e-08  lindep= 0.942
    CPU time for contract_2e   5399.02 sec, wall time     69.07 sec
davidson 11 12  |r|= 6.24e-05  e= [-177.71714027]  max|de|= -2.81e-09  lindep= 0.939
    CPU time for contract_2e   5436.91 sec, wall time     70.74 sec
davidson 12 1  |r|= 6.24e-05  e= [-177.71714027]  max|de|= 1.31e-11  lindep=    1
    CPU time for contract_2e   5323.16 sec, wall time     60.00 sec
davidson 13 2  |r|= 2.68e-05  e= [-177.71714027]  max|de|= -3.93e-10  lindep= 0.988
    CPU time for contract_2e   5333.58 sec, wall time     60.92 sec
davidson 14 3  |r|= 1.29e-05  e= [-177.71714027]  max|de|= -1.22e-10  lindep= 0.879
    CPU time for contract_2e   5346.82 sec, wall time     61.91 sec
root 0 converged  |r|= 5.47e-06  e= -177.7171402703176  max|de|= -2.3e-11
converged 15 4  |r|= 5.47e-06  e= [-177.71714027]  max|de|= -2.3e-11
--------------------------------------------------------------------------------
Group 1: L3
+-----------------------------+---------+---------------+---------------+---------------+---------------+---------------+---------------+---------------+---------------+---------------+---------------+---------------+---------------+---------------+---------------+---------------+---------------+---------------+---------------+---------------+---------------+---------------+---------------+---------------+---------------+---------------+---------------+---------------+---------------+---------------+---------------+---------------+---------------+---------------+---------------+---------------+---------------+---------------+---------------+---------------+---------------+---------------+---------------+---------------+---------------+---------------+---------------+---------------+---------------+---------------+---------------+---------------+---------------+---------------+---------------+---------------+---------------+---------------+---------------+---------------+---------------+---------------+---------------+---------------+---------------+---------------+---------------+---------------+---------------+---------------+---------------+---------------+---------------+---------------+---------------+---------------+---------------+---------------+---------------+---------------+---------------+---------------+---------------+---------------+---------------+---------------+---------------+---------------+---------------+---------------+---------------+---------------+---------------+---------------+---------------+---------------+---------------+
|            Event            | Counter |   HWThread 0  |   HWThread 1  |   HWThread 2  |   HWThread 3  |   HWThread 4  |   HWThread 5  |   HWThread 6  |   HWThread 7  |   HWThread 8  |   HWThread 9  |  HWThread 10  |  HWThread 11  |  HWThread 12  |  HWThread 13  |  HWThread 14  |  HWThread 15  |  HWThread 16  |  HWThread 17  |  HWThread 18  |  HWThread 19  |  HWThread 20  |  HWThread 21  |  HWThread 22  |  HWThread 23  |  HWThread 24  |  HWThread 25  |  HWThread 26  |  HWThread 27  |  HWThread 28  |  HWThread 29  |  HWThread 30  |  HWThread 31  |  HWThread 32  |  HWThread 33  |  HWThread 34  |  HWThread 35  |  HWThread 36  |  HWThread 37  |  HWThread 38  |  HWThread 39  |  HWThread 40  |  HWThread 41  |  HWThread 42  |  HWThread 43  |  HWThread 44  |  HWThread 45  |  HWThread 46  |  HWThread 47  |  HWThread 48  |  HWThread 49  |  HWThread 50  |  HWThread 51  |  HWThread 52  |  HWThread 53  |  HWThread 54  |  HWThread 55  |  HWThread 56  |  HWThread 57  |  HWThread 58  |  HWThread 59  |  HWThread 60  |  HWThread 61  |  HWThread 62  |  HWThread 63  |  HWThread 64  |  HWThread 65  |  HWThread 66  |  HWThread 67  |  HWThread 68  |  HWThread 69  |  HWThread 70  |  HWThread 71  |  HWThread 72  |  HWThread 73  |  HWThread 74  |  HWThread 75  |  HWThread 76  |  HWThread 77  |  HWThread 78  |  HWThread 79  |  HWThread 80  |  HWThread 81  |  HWThread 82  |  HWThread 83  |  HWThread 84  |  HWThread 85  |  HWThread 86  |  HWThread 87  |  HWThread 88  |  HWThread 89  |  HWThread 90  |  HWThread 91  |  HWThread 92  |  HWThread 93  |  HWThread 94  |  HWThread 95  |
+-----------------------------+---------+---------------+---------------+---------------+---------------+---------------+---------------+---------------+---------------+---------------+---------------+---------------+---------------+---------------+---------------+---------------+---------------+---------------+---------------+---------------+---------------+---------------+---------------+---------------+---------------+---------------+---------------+---------------+---------------+---------------+---------------+---------------+---------------+---------------+---------------+---------------+---------------+---------------+---------------+---------------+---------------+---------------+---------------+---------------+---------------+---------------+---------------+---------------+---------------+---------------+---------------+---------------+---------------+---------------+---------------+---------------+---------------+---------------+---------------+---------------+---------------+---------------+---------------+---------------+---------------+---------------+---------------+---------------+---------------+---------------+---------------+---------------+---------------+---------------+---------------+---------------+---------------+---------------+---------------+---------------+---------------+---------------+---------------+---------------+---------------+---------------+---------------+---------------+---------------+---------------+---------------+---------------+---------------+---------------+---------------+---------------+---------------+
|       ACTUAL_CPU_CLOCK      |  FIXC1  | 4021266982621 | 3258863922301 | 3263957508221 | 3240496264642 | 3274618485000 | 3280845939199 | 3286798247257 | 3297180563832 | 2719136241974 | 2663412467253 | 2690210112785 | 2708142649257 | 2681166901570 | 2664451733515 | 2685134024861 | 2697039616422 | 3224112999375 | 3231476426631 | 3227533908687 | 3263722188245 | 3260813709558 | 3242339471672 | 3285729047433 | 3307118865423 | 3462109016585 | 3456998766823 | 3460968940880 | 3459075481613 | 3451695466148 | 3456799881419 | 3463069042445 | 3461825870054 | 3032645607289 | 3011007535098 | 3000691815757 | 3014181073043 | 3117529552984 | 3096299818540 | 3066027644850 | 3124703459343 | 3454439377827 | 3447798425984 | 3417328092680 | 3437750245238 | 3435736518213 | 3450198338374 | 3416179413429 | 3417442359813 | 3450041398225 | 3460681553756 | 3459322025848 | 3461693297114 | 3461349462093 | 3466062621422 | 3461192073482 | 3461086356225 | 3408602904127 | 3393239273325 | 3416494083871 | 3405856577032 | 3391933603728 | 3413612475663 | 3420025220721 | 3409519882360 | 3446396563200 | 3430161080110 | 3428314114982 | 3434330518210 | 3433864105723 | 3435600845424 | 3427928475676 | 3421315938794 | 3445835845193 | 3438564455818 | 3435422667503 | 3432506499478 | 3427474319281 | 3438272558696 | 3429201141494 | 3440466303414 | 3422100977867 | 3435253926562 | 3421570981357 | 3431822095624 | 3434880142397 | 3432083765734 | 3425318953181 | 3423223804731 | 3438580402120 | 3438846395133 | 3450265015932 | 3448536277050 | 3423674601944 | 3434496103500 | 3429428574865 | 3380936643950 |
|        MAX_CPU_CLOCK        |  FIXC2  | 2830013311164 | 2321156935292 | 2312897401204 | 2296646354210 | 2320347758872 | 2324796533150 | 2329065958726 | 2336210945172 | 1930449911026 | 1891327152676 | 1910206712050 | 1922720881952 | 1903798963508 | 1892043063092 | 1906854681056 | 1915009570942 | 2285275149326 | 2291814938842 | 2288175221072 | 2314026705822 | 2312204936834 | 2298378085640 | 2329554672978 | 2344675161738 | 2449654976314 | 2444568121632 | 2449136068054 | 2446664919400 | 2438709551018 | 2444711900670 | 2451036579888 | 2449847477298 | 2144674184588 | 2128877681242 | 2123028651952 | 2129778242202 | 2203022847896 | 2192555854762 | 2162940118664 | 2208050273598 | 2445176743620 | 2438910629402 | 2407290977962 | 2428313853576 | 2425305400596 | 2440652003296 | 2404621137126 | 2405681869578 | 2438889678758 | 2450272892574 | 2448243159960 | 2450654334284 | 2450403112508 | 2455170421964 | 2450567643498 | 2450582905342 | 2411042493054 | 2401207073382 | 2417976840526 | 2409820070268 | 2394527120128 | 2416593060310 | 2419598806742 | 2408755976900 | 2436851186900 | 2419456284050 | 2417737753600 | 2424010850976 | 2423369591500 | 2425182233214 | 2417632715134 | 2410214295840 | 2435822003914 | 2428001196660 | 2425097402832 | 2421931625230 | 2416581827504 | 2427998143012 | 2418657206992 | 2430233935480 | 2412493688878 | 2427409031528 | 2411355906544 | 2422616891890 | 2424503896802 | 2421305161548 | 2413731913788 | 2411763437616 | 2426764259270 | 2427381315424 | 2439618221404 | 2437660612712 | 2412088921944 | 2423308811092 | 2417868328902 | 2390065316574 |
|     RETIRED_INSTRUCTIONS    |   PMC0  | 1521522503313 |  918471159003 |  918426356286 |  918547372562 |  918328024580 |  918156662712 |  918114318870 |  917550831017 |  929371534829 |  930766405757 |  931194073392 |  930526499110 |  930928010637 |  930972381993 |  930857960714 |  930971117879 |  917567177027 |  917234368886 |  917118184632 |  916617148057 |  916957375703 |  917007745416 |  916766964929 |  915989341017 |  894462811224 |  898399890465 |  896185560702 |  895960597931 |  891878699087 |  891968689465 |  889584699255 |  888410553299 |  927601726014 |  927631073321 |  928254289510 |  927094845423 |  925816905482 |  927038893641 |  924496220009 |  923885182753 |  899755699287 |  902268631688 |  900453125652 |  901268627443 |  898201509005 |  900631485575 |  895551365901 |  892355346144 |  846914422652 |  847686877304 |  847333307114 |  847244012218 |  847127553417 |  847327781451 |  846315135818 |  846031164669 |  894382399383 |  900358916017 |  895040643552 |  895656298535 |  897020521980 |  895343188992 |  889173614326 |  890597748620 |  850114953335 |  850182217465 |  849676813456 |  850048144917 |  849372234861 |  849601630873 |  848185625564 |  846663464155 |  846567850642 |  847596301205 |  846662177515 |  846967210319 |  846315455834 |  846918431987 |  845054548636 |  845134265102 |  883490998183 |  885634590360 |  882416532364 |  882493496480 |  879224045396 |  878354379769 |  871962850177 |  873902607857 |  854223302395 |  854136404095 |  853955112494 |  854312584809 |  847809213457 |  848660414493 |  829719346653 |  764011737772 |
|     CPU_CLOCKS_UNHALTED     |   PMC1  | 3626137219467 | 3077326182957 | 3095144965214 | 3073237523677 | 3103257253623 | 3104273019083 | 3111076674639 | 3118875706098 | 2620672581420 | 2588318220327 | 2612797348446 | 2626029025453 | 2604663325033 | 2590109196946 | 2607202005891 | 2616221162179 | 3060882213581 | 3066530753582 | 3064713947352 | 3090834532620 | 3091052760072 | 3074713922250 | 3110164137166 | 3123677940082 | 3223050061111 | 3223413988974 | 3226709811482 | 3221946308316 | 3216996682628 | 3216095521653 | 3212962860774 | 3204026332929 | 2890066783776 | 2874225783637 | 2865568147129 | 2881238106219 | 2961125496782 | 2937227819915 | 2927137367289 | 2964802428586 | 3231624624575 | 3235518684590 | 3222722991491 | 3230171506243 | 3225977735418 | 3231701127325 | 3218760664558 | 3213266443279 | 3165453897036 | 3170447826072 | 3172470290689 | 3168657728562 | 3167385076828 | 3173460858822 | 3169259937061 | 3169563090550 | 3132662752663 | 3132216522284 | 3147650165250 | 3134319917811 | 3132891475186 | 3134099434903 | 3131030039595 | 3130026603542 | 3162127515680 | 3159101607453 | 3162142597730 | 3162239285156 | 3159808702866 | 3160350016129 | 3152888666446 | 3152872949960 | 3166282880541 | 3168754152607 | 3168998864210 | 3162568598707 | 3160967379622 | 3168893521946 | 3161149807434 | 3167242701739 | 3135329100768 | 3139836820516 | 3139132466665 | 3140050934785 | 3140456650495 | 3140735157988 | 3131214514600 | 3135012121304 | 3169456647480 | 3168666504481 | 3173760601940 | 3173296600633 | 3167160371480 | 3169034118745 | 3164557200773 | 3092017391949 |
|       L2_PF_HIT_IN_L3       |   PMC2  |   13599630356 |    2833920836 |    2915707738 |    2905649898 |    2830310193 |    2908811935 |    2929372899 |    2820028409 |    2615970061 |    2856221519 |    2838319150 |    2871094214 |    2931853687 |    2905010870 |    2778827081 |    2671989432 |    2816688900 |    2851882068 |    2843801414 |    2779969751 |    2874672549 |    2851292286 |    2848868818 |    2831245341 |    2780936589 |    2789856031 |    2816081899 |    2900904750 |    2890469337 |    2775771474 |    2823214293 |    2781800660 |    2697926500 |    2714320877 |    2710226554 |    2730609920 |    2727113977 |    2794043375 |    2763144040 |    2692948874 |    2617471856 |    2748242230 |    2845434537 |    2940078807 |    2951256545 |    2921469243 |    2811723977 |    2805094693 |    2759533330 |    2839745072 |    2859778821 |    2823132086 |    2841218611 |    2820733422 |    2796600780 |    2666375496 |    2796049489 |    2841520049 |    2823915843 |    2942747769 |    3008088847 |    2892074908 |    2921327551 |    2827643780 |    2701985990 |    2696553485 |    2738144683 |    2859909698 |    2788120498 |    2828048127 |    2834857271 |    2784100527 |    2747678601 |    2785639166 |    2804539133 |    2841791357 |    2891962434 |    2881536153 |    2767319243 |    2642317963 |    2981380526 |    2999922321 |    2995935415 |    2983371790 |    3034226138 |    2989519806 |    3018154608 |    3038649254 |    2924771716 |    3030194818 |    2999546719 |    3024046355 |    3054408329 |    3026028117 |    2944477016 |    2639374016 |
|       L2_PF_MISS_IN_L3      |   PMC3  |   38334118739 |    6077971668 |    6022937355 |    5970142015 |    6043451676 |    5987554336 |    5991607966 |    6071670662 |    6039954783 |    5823648156 |    5896267408 |    5852860692 |    5803602098 |    5759868899 |    5885403951 |    5996815484 |    6023039111 |    6002751664 |    6007889911 |    6029427128 |    5951197004 |    5981939661 |    6059945195 |    6054181400 |    6238825397 |    6196601467 |    6212739538 |    6139274367 |    6060866652 |    6055002189 |    6261516216 |    6260905740 |    6145779069 |    6080364982 |    6105770259 |    6049561199 |    6134211506 |    6153372658 |    6059299776 |    6189695928 |    6446755094 |    6358842819 |    6152281078 |    6146116606 |    6222645447 |    6238141795 |    6196930001 |    6218076672 |    6452674628 |    6421739033 |    6424648742 |    6419339603 |    6456421598 |    6485425903 |    6543124510 |    6577708322 |    6646400765 |    6583112314 |    6497312581 |    6593431495 |    6497853422 |    6645053026 |    6658207401 |    6640690285 |    6580780437 |    6533553071 |    6512105857 |    6395515512 |    6479238998 |    6431850637 |    6486185355 |    6447231447 |    6547934187 |    6527351510 |    6467801870 |    6450677392 |    6420396895 |    6436003907 |    6515530976 |    6628078696 |    6670358605 |    6686740456 |    6628831562 |    6605134833 |    6644653398 |    6609846148 |    6412545980 |    6529605469 |    6469103353 |    6349597475 |    6419505379 |    6364904421 |    6285981954 |    6314493668 |    6213939352 |    5661399261 |
| L2_CACHE_MISS_AFTER_L1_MISS |   PMC4  |    7994264904 |    5297209925 |    5251482612 |    5226974041 |    5212163892 |    5225756478 |    5215510148 |    5261448786 |    5300751332 |    5156756984 |    5213629647 |    5263993003 |    5211015740 |    5156463074 |    5204571151 |    5166672505 |    5269642487 |    5262982665 |    5261477049 |    5262757318 |    5211733183 |    5250614725 |    5259856278 |    5300139523 |    5253494075 |    5233622754 |    5241949009 |    5287841484 |    5432722148 |    5522237010 |    5292529614 |    5284757128 |    5448542349 |    5485086342 |    5447034089 |    5418214275 |    5520994260 |    5488765268 |    5521154316 |    5557669559 |    5340777077 |    5355624679 |    5344558235 |    5398460798 |    5479934472 |    5318410897 |    5413728334 |    5445296010 |    5590566386 |    5653165600 |    5619869891 |    5572063662 |    5610334819 |    5608857787 |    5650726937 |    5605090060 |    5640254287 |    5554107513 |    5749436712 |    5592446481 |    5572143565 |    5553754234 |    5634057999 |    5608568011 |    5668722419 |    5667073110 |    5695639275 |    5639072254 |    5674298937 |    5708830384 |    5735000597 |    5697566941 |    5701684707 |    5702547248 |    5651120390 |    5801754457 |    5723315475 |    5743357968 |    5710070224 |    5727097098 |    5605197901 |    5570466778 |    5570037560 |    5616309419 |    5675828352 |    5693090538 |    5913723457 |    5854330934 |    6123863477 |    6184828365 |    6262557090 |    6246395933 |    6354046346 |    6275608621 |    5970229209 |    4837550317 |
+-----------------------------+---------+---------------+---------------+---------------+---------------+---------------+---------------+---------------+---------------+---------------+---------------+---------------+---------------+---------------+---------------+---------------+---------------+---------------+---------------+---------------+---------------+---------------+---------------+---------------+---------------+---------------+---------------+---------------+---------------+---------------+---------------+---------------+---------------+---------------+---------------+---------------+---------------+---------------+---------------+---------------+---------------+---------------+---------------+---------------+---------------+---------------+---------------+---------------+---------------+---------------+---------------+---------------+---------------+---------------+---------------+---------------+---------------+---------------+---------------+---------------+---------------+---------------+---------------+---------------+---------------+---------------+---------------+---------------+---------------+---------------+---------------+---------------+---------------+---------------+---------------+---------------+---------------+---------------+---------------+---------------+---------------+---------------+---------------+---------------+---------------+---------------+---------------+---------------+---------------+---------------+---------------+---------------+---------------+---------------+---------------+---------------+---------------+

+----------------------------------+---------+-----------------+---------------+---------------+--------------+
|               Event              | Counter |       Sum       |      Min      |      Max      |      Avg     |
+----------------------------------+---------+-----------------+---------------+---------------+--------------+
|       ACTUAL_CPU_CLOCK STAT      |  FIXC1  | 318845456926098 | 2663412467253 | 4021266982621 | 3.321307e+12 |
|        MAX_CPU_CLOCK STAT        |  FIXC2  | 225443880629630 | 1891327152676 | 2830013311164 | 2.348374e+12 |
|     RETIRED_INSTRUCTIONS STAT    |   PMC0  |  85722042475265 |  764011737772 | 1521522503313 | 8.929379e+11 |
|     CPU_CLOCKS_UNHALTED STAT     |   PMC1  | 297121950965519 | 2588318220327 | 3626137219467 | 3.095020e+12 |
|       L2_PF_HIT_IN_L3 STAT       |   PMC2  |    283680277570 |    2615970061 |   13599630356 | 2.955003e+09 |
|       L2_PF_MISS_IN_L3 STAT      |   PMC3  |    635261845106 |    5661399261 |   38334118739 | 6.617311e+09 |
| L2_CACHE_MISS_AFTER_L1_MISS STAT |   PMC4  |    532787931357 |    4837550317 |    7994264904 | 5.549874e+09 |
+----------------------------------+---------+-----------------+---------------+---------------+--------------+

+-------------------------+------------+------------+------------+------------+------------+------------+------------+------------+------------+------------+-------------+-------------+-------------+-------------+-------------+-------------+-------------+-------------+-------------+-------------+-------------+-------------+-------------+-------------+-------------+-------------+-------------+-------------+-------------+-------------+-------------+-------------+-------------+-------------+-------------+-------------+-------------+-------------+-------------+-------------+-------------+-------------+-------------+-------------+-------------+-------------+-------------+-------------+-------------+-------------+-------------+-------------+-------------+-------------+-------------+-------------+-------------+-------------+-------------+-------------+-------------+-------------+-------------+-------------+-------------+-------------+-------------+-------------+-------------+-------------+-------------+-------------+-------------+-------------+-------------+-------------+-------------+-------------+-------------+-------------+-------------+-------------+-------------+-------------+-------------+-------------+-------------+-------------+-------------+-------------+-------------+-------------+-------------+-------------+-------------+-------------+
|          Metric         | HWThread 0 | HWThread 1 | HWThread 2 | HWThread 3 | HWThread 4 | HWThread 5 | HWThread 6 | HWThread 7 | HWThread 8 | HWThread 9 | HWThread 10 | HWThread 11 | HWThread 12 | HWThread 13 | HWThread 14 | HWThread 15 | HWThread 16 | HWThread 17 | HWThread 18 | HWThread 19 | HWThread 20 | HWThread 21 | HWThread 22 | HWThread 23 | HWThread 24 | HWThread 25 | HWThread 26 | HWThread 27 | HWThread 28 | HWThread 29 | HWThread 30 | HWThread 31 | HWThread 32 | HWThread 33 | HWThread 34 | HWThread 35 | HWThread 36 | HWThread 37 | HWThread 38 | HWThread 39 | HWThread 40 | HWThread 41 | HWThread 42 | HWThread 43 | HWThread 44 | HWThread 45 | HWThread 46 | HWThread 47 | HWThread 48 | HWThread 49 | HWThread 50 | HWThread 51 | HWThread 52 | HWThread 53 | HWThread 54 | HWThread 55 | HWThread 56 | HWThread 57 | HWThread 58 | HWThread 59 | HWThread 60 | HWThread 61 | HWThread 62 | HWThread 63 | HWThread 64 | HWThread 65 | HWThread 66 | HWThread 67 | HWThread 68 | HWThread 69 | HWThread 70 | HWThread 71 | HWThread 72 | HWThread 73 | HWThread 74 | HWThread 75 | HWThread 76 | HWThread 77 | HWThread 78 | HWThread 79 | HWThread 80 | HWThread 81 | HWThread 82 | HWThread 83 | HWThread 84 | HWThread 85 | HWThread 86 | HWThread 87 | HWThread 88 | HWThread 89 | HWThread 90 | HWThread 91 | HWThread 92 | HWThread 93 | HWThread 94 | HWThread 95 |
+-------------------------+------------+------------+------------+------------+------------+------------+------------+------------+------------+------------+-------------+-------------+-------------+-------------+-------------+-------------+-------------+-------------+-------------+-------------+-------------+-------------+-------------+-------------+-------------+-------------+-------------+-------------+-------------+-------------+-------------+-------------+-------------+-------------+-------------+-------------+-------------+-------------+-------------+-------------+-------------+-------------+-------------+-------------+-------------+-------------+-------------+-------------+-------------+-------------+-------------+-------------+-------------+-------------+-------------+-------------+-------------+-------------+-------------+-------------+-------------+-------------+-------------+-------------+-------------+-------------+-------------+-------------+-------------+-------------+-------------+-------------+-------------+-------------+-------------+-------------+-------------+-------------+-------------+-------------+-------------+-------------+-------------+-------------+-------------+-------------+-------------+-------------+-------------+-------------+-------------+-------------+-------------+-------------+-------------+-------------+
|   Runtime (RDTSC) [s]   |  1105.3526 |  1105.3526 |  1105.3526 |  1105.3526 |  1105.3526 |  1105.3526 |  1105.3526 |  1105.3526 |  1105.3526 |  1105.3526 |   1105.3526 |   1105.3526 |   1105.3526 |   1105.3526 |   1105.3526 |   1105.3526 |   1105.3526 |   1105.3526 |   1105.3526 |   1105.3526 |   1105.3526 |   1105.3526 |   1105.3526 |   1105.3526 |   1105.3526 |   1105.3526 |   1105.3526 |   1105.3526 |   1105.3526 |   1105.3526 |   1105.3526 |   1105.3526 |   1105.3526 |   1105.3526 |   1105.3526 |   1105.3526 |   1105.3526 |   1105.3526 |   1105.3526 |   1105.3526 |   1105.3526 |   1105.3526 |   1105.3526 |   1105.3526 |   1105.3526 |   1105.3526 |   1105.3526 |   1105.3526 |   1105.3526 |   1105.3526 |   1105.3526 |   1105.3526 |   1105.3526 |   1105.3526 |   1105.3526 |   1105.3526 |   1105.3526 |   1105.3526 |   1105.3526 |   1105.3526 |   1105.3526 |   1105.3526 |   1105.3526 |   1105.3526 |   1105.3526 |   1105.3526 |   1105.3526 |   1105.3526 |   1105.3526 |   1105.3526 |   1105.3526 |   1105.3526 |   1105.3526 |   1105.3526 |   1105.3526 |   1105.3526 |   1105.3526 |   1105.3526 |   1105.3526 |   1105.3526 |   1105.3526 |   1105.3526 |   1105.3526 |   1105.3526 |   1105.3526 |   1105.3526 |   1105.3526 |   1105.3526 |   1105.3526 |   1105.3526 |   1105.3526 |   1105.3526 |   1105.3526 |   1105.3526 |   1105.3526 |   1105.3526 |
|   Runtime unhalted [s]  |  1546.6417 |  1253.4097 |  1255.3687 |  1246.3452 |  1259.4691 |  1261.8643 |  1264.1537 |  1268.1469 |  1045.8220 |  1024.3898 |   1034.6966 |   1041.5937 |   1031.2184 |   1024.7895 |   1032.7442 |   1037.3233 |   1240.0439 |   1242.8760 |   1241.3597 |   1255.2782 |   1254.1596 |   1247.0541 |   1263.7424 |   1271.9693 |   1331.5809 |   1329.6154 |   1331.1424 |   1330.4142 |   1327.5757 |   1329.5389 |   1331.9501 |   1331.4720 |   1166.4026 |   1158.0803 |   1154.1127 |   1159.3009 |   1199.0503 |   1190.8850 |   1179.2418 |   1201.8095 |   1328.6310 |   1326.0768 |   1314.3575 |   1322.2121 |   1321.4376 |   1326.9999 |   1313.9157 |   1314.4014 |   1326.9395 |   1331.0319 |   1330.5090 |   1331.4210 |   1331.2888 |   1333.1015 |   1331.2282 |   1331.1876 |   1311.0016 |   1305.0925 |   1314.0367 |   1309.9453 |   1304.5903 |   1312.9284 |   1315.3948 |   1311.3543 |   1325.5376 |   1319.2932 |   1318.5829 |   1320.8969 |   1320.7175 |   1321.3854 |   1318.4345 |   1315.8912 |   1325.3220 |   1322.5253 |   1321.3169 |   1320.1953 |   1318.2599 |   1322.4130 |   1318.9240 |   1323.2568 |   1316.1932 |   1321.2520 |   1315.9893 |   1319.9321 |   1321.1082 |   1320.0327 |   1317.4309 |   1316.6250 |   1322.5314 |   1322.6337 |   1327.0255 |   1326.3606 |   1316.7984 |   1320.9605 |   1319.0115 |   1300.3607 |
|       Clock [MHz]       |  3694.4315 |  3650.3533 |  3669.1149 |  3668.5174 |  3669.2797 |  3669.2227 |  3669.1413 |  3669.4744 |  3662.2300 |  3661.3813 |   3661.6684 |   3662.0855 |   3661.6426 |   3661.4240 |   3661.1840 |   3661.7573 |   3668.1319 |   3666.0183 |   3667.3699 |   3667.0599 |   3666.6786 |   3667.8384 |   3667.1783 |   3667.2482 |   3674.5910 |   3676.8022 |   3674.1592 |   3675.8580 |   3679.9810 |   3676.3744 |   3673.5380 |   3674.0017 |   3676.4911 |   3677.3445 |   3674.8424 |   3679.6638 |   3679.2963 |   3671.6859 |   3685.5708 |   3679.3664 |   3673.1655 |   3675.5232 |   3690.8914 |   3680.8040 |   3683.2110 |   3675.4573 |   3693.7474 |   3693.4837 |   3677.9459 |   3672.1496 |   3673.7502 |   3672.6514 |   3672.6631 |   3670.5230 |   3672.2496 |   3672.1145 |   3675.7395 |   3674.1599 |   3673.6833 |   3674.6410 |   3682.9919 |   3672.6866 |   3675.0151 |   3680.2185 |   3677.1337 |   3686.1238 |   3686.7577 |   3683.6700 |   3684.1443 |   3683.2526 |   3686.5032 |   3690.7167 |   3678.0889 |   3682.1498 |   3683.1904 |   3684.8743 |   3687.6177 |   3681.8419 |   3686.3097 |   3680.8016 |   3688.0756 |   3679.5022 |   3689.2444 |   3683.0974 |   3683.5103 |   3685.3737 |   3689.6500 |   3690.4028 |   3684.0437 |   3683.3921 |   3677.0858 |   3678.1949 |   3690.3907 |   3684.9148 |   3687.7570 |   3677.9045 |
|           CPI           |     2.3832 |     3.3505 |     3.3701 |     3.3458 |     3.3792 |     3.3810 |     3.3886 |     3.3991 |     2.8198 |     2.7808 |      2.8059 |      2.8221 |      2.7979 |      2.7822 |      2.8009 |      2.8102 |      3.3359 |      3.3432 |      3.3417 |      3.3720 |      3.3710 |      3.3530 |      3.3925 |      3.4102 |      3.6033 |      3.5880 |      3.6005 |      3.5961 |      3.6070 |      3.6056 |      3.6118 |      3.6065 |      3.1156 |      3.0985 |      3.0871 |      3.1078 |      3.1984 |      3.1684 |      3.1662 |      3.2091 |      3.5917 |      3.5860 |      3.5790 |      3.5840 |      3.5916 |      3.5883 |      3.5942 |      3.6009 |      3.7376 |      3.7401 |      3.7441 |      3.7400 |      3.7390 |      3.7453 |      3.7448 |      3.7464 |      3.5026 |      3.4789 |      3.5168 |      3.4995 |      3.4926 |      3.5004 |      3.5213 |      3.5145 |      3.7196 |      3.7158 |      3.7216 |      3.7201 |      3.7202 |      3.7198 |      3.7172 |      3.7239 |      3.7401 |      3.7385 |      3.7429 |      3.7340 |      3.7350 |      3.7417 |      3.7408 |      3.7476 |      3.5488 |      3.5453 |      3.5574 |      3.5582 |      3.5719 |      3.5757 |      3.5910 |      3.5874 |      3.7103 |      3.7098 |      3.7165 |      3.7144 |      3.7357 |      3.7342 |      3.8140 |      4.0471 |
| L3 bandwidth [MBytes/s] |  3469.8367 |   822.7081 |   821.6095 |   816.5512 |   815.5762 |   817.6720 |   818.5039 |   819.4684 |   808.0926 |   801.1418 |    807.6028 |    809.9033 |    807.5018 |    800.2568 |    803.0047 |    801.0752 |    816.9336 |    817.4111 |    817.1535 |    814.7788 |    812.7783 |    815.4558 |    820.3671 |    821.3454 |    826.4226 |    823.3438 |    826.2787 |    829.5935 |    832.8381 |    831.0404 |    832.4445 |    829.5613 |    827.5223 |    826.7999 |    825.8306 |    822.0876 |    832.7374 |    835.8560 |    830.4954 |    836.0953 |    834.0509 |    837.3920 |    830.4188 |    838.6627 |    848.4583 |    838.2786 |    835.0571 |    837.7254 |    857.0818 |    863.5594 |    862.9600 |    857.7627 |    863.1729 |    863.5807 |    867.9483 |    859.7683 |    873.2898 |    867.2702 |    872.5927 |    875.9486 |    873.0223 |    873.7633 |    880.8682 |    872.9538 |    865.6924 |    862.5479 |    865.3682 |    862.3926 |    865.1232 |    866.6906 |    871.7461 |    864.3844 |    868.3447 |    869.4008 |    864.0696 |    873.9567 |    870.5667 |    872.0272 |    868.0913 |    868.3561 |    883.3778 |    883.3890 |    879.7804 |    880.3600 |    889.0388 |    885.4344 |    888.4433 |    892.9689 |    898.4783 |    901.1927 |    907.9664 |    905.2878 |    908.7091 |    904.1752 |    875.9498 |    760.7100 |
| L3 data volume [GBytes] |  3835.3929 |   909.3826 |   908.1682 |   902.5770 |   901.4992 |   903.8159 |   904.7354 |   905.8015 |   893.2273 |   885.5441 |    892.6858 |    895.2287 |    892.5742 |    884.5659 |    887.6033 |    885.4706 |    902.9997 |    903.5274 |    903.2428 |    900.6179 |    898.4066 |    901.3662 |    906.7949 |    907.8762 |    913.4884 |    910.0851 |    913.3293 |    916.9933 |    920.5797 |    918.5927 |    920.1446 |    916.9577 |    914.7039 |    913.9054 |    912.8340 |    908.6967 |    920.4685 |    923.9156 |    917.9903 |    924.1801 |    921.9203 |    925.6134 |    917.9055 |    927.0180 |    937.8455 |    926.5934 |    923.0325 |    925.9819 |    947.3776 |    954.5376 |    953.8750 |    948.1303 |    954.1104 |    954.5611 |    959.3889 |    950.3471 |    965.2931 |    958.6394 |    964.5226 |    968.2320 |    964.9975 |    965.8165 |    973.6699 |    964.9217 |    956.8953 |    953.4195 |    956.5369 |    953.2478 |    956.2661 |    957.9987 |    963.5868 |    955.4495 |    959.8270 |    960.9944 |    955.1015 |    966.0303 |    962.2832 |    963.8975 |    959.5469 |    959.8396 |    976.4440 |    976.4563 |    972.4675 |    973.1082 |    982.7013 |    978.7172 |    982.0431 |    987.0455 |    993.1353 |    996.1357 |   1003.6230 |   1000.6622 |   1004.4439 |    999.4323 |    968.2333 |    840.8527 |
+-------------------------+------------+------------+------------+------------+------------+------------+------------+------------+------------+------------+-------------+-------------+-------------+-------------+-------------+-------------+-------------+-------------+-------------+-------------+-------------+-------------+-------------+-------------+-------------+-------------+-------------+-------------+-------------+-------------+-------------+-------------+-------------+-------------+-------------+-------------+-------------+-------------+-------------+-------------+-------------+-------------+-------------+-------------+-------------+-------------+-------------+-------------+-------------+-------------+-------------+-------------+-------------+-------------+-------------+-------------+-------------+-------------+-------------+-------------+-------------+-------------+-------------+-------------+-------------+-------------+-------------+-------------+-------------+-------------+-------------+-------------+-------------+-------------+-------------+-------------+-------------+-------------+-------------+-------------+-------------+-------------+-------------+-------------+-------------+-------------+-------------+-------------+-------------+-------------+-------------+-------------+-------------+-------------+-------------+-------------+

+------------------------------+-------------+-----------+-----------+-----------+
|            Metric            |     Sum     |    Min    |    Max    |    Avg    |
+------------------------------+-------------+-----------+-----------+-----------+
|   Runtime (RDTSC) [s] STAT   | 106113.8496 | 1105.3526 | 1105.3526 | 1105.3526 |
|   Runtime unhalted [s] STAT  | 122632.9142 | 1024.3898 | 1546.6417 | 1277.4262 |
|       Clock [MHz] STAT       | 352975.1813 | 3650.3533 | 3694.4315 | 3676.8248 |
|           CPI STAT           |    334.3828 |    2.3832 |    4.0471 |    3.4832 |
| L3 bandwidth [MBytes/s] STAT |  84055.2832 |  760.7100 | 3469.8367 |  875.5759 |
| L3 data volume [GBytes] STAT |  92910.7233 |  840.8527 | 3835.3929 |  967.8200 |
+------------------------------+-------------+-----------+-----------+-----------+

