INFO: You are running LIKWID in a cpuset with 32 CPUs. Taking given IDs as logical ID in cpuset
--------------------------------------------------------------------------------
CPU name:	AMD EPYC 9A14 96-Core Processor                
CPU type:	AMD K19 (Zen4) architecture
CPU clock:	2.60 GHz
--------------------------------------------------------------------------------
Use symmetry. Molecule point group: C2v
Norb: 24   Ne: (5, 5)
Running RHF...
converged SCF energy = -76.0267607337663
Running FCI ...
Guessing CI wfn symmetry = 0
Num symmetry allowed elements 451681246
tol 1e-10  toloose 1e-05
max_cycle 100  max_space 12  max_memory 760549  incore True
    CPU time for contract_2e   1688.00 sec, wall time     57.04 sec
davidson 0 1  |r|= 0.999  e= [-85.21409431]  max|de|= -85.2  lindep=    1
    CPU time for contract_2e   1709.97 sec, wall time     57.24 sec
davidson 1 2  |r|= 0.336  e= [-85.41295423]  max|de|= -0.199  lindep= 0.992
    CPU time for contract_2e   1718.15 sec, wall time     58.99 sec
davidson 2 3  |r|= 0.0993  e= [-85.4295567]  max|de|= -0.0166  lindep= 0.982
    CPU time for contract_2e   1725.40 sec, wall time     60.74 sec
davidson 3 4  |r|= 0.0324  e= [-85.43094102]  max|de|= -0.00138  lindep= 0.955
    CPU time for contract_2e   1733.91 sec, wall time     62.54 sec
davidson 4 5  |r|= 0.0129  e= [-85.43110245]  max|de|= -0.000161  lindep= 0.911
    CPU time for contract_2e   1741.49 sec, wall time     64.33 sec
davidson 5 6  |r|= 0.00436  e= [-85.43112741]  max|de|= -2.5e-05  lindep= 0.833
    CPU time for contract_2e   1749.62 sec, wall time     66.12 sec
davidson 6 7  |r|= 0.00169  e= [-85.43113026]  max|de|= -2.84e-06  lindep= 0.932
    CPU time for contract_2e   1756.90 sec, wall time     67.88 sec
davidson 7 8  |r|= 0.000705  e= [-85.4311307]  max|de|= -4.44e-07  lindep= 0.849
    CPU time for contract_2e   1765.44 sec, wall time     69.67 sec
davidson 8 9  |r|= 0.000319  e= [-85.43113078]  max|de|= -8.55e-08  lindep= 0.895
    CPU time for contract_2e   1773.07 sec, wall time     71.47 sec
davidson 9 10  |r|= 0.000127  e= [-85.4311308]  max|de|= -1.57e-08  lindep= 0.804
    CPU time for contract_2e   1780.55 sec, wall time     73.21 sec
davidson 10 11  |r|= 4.77e-05  e= [-85.4311308]  max|de|= -2.31e-09  lindep= 0.878
    CPU time for contract_2e   1788.39 sec, wall time     75.01 sec
davidson 11 12  |r|= 1.71e-05  e= [-85.4311308]  max|de|= -2.93e-10  lindep= 0.87
    CPU time for contract_2e   1800.30 sec, wall time     77.61 sec
davidson 12 1  |r|= 1.71e-05  e= [-85.4311308]  max|de|= 3.18e-12  lindep=    1
    CPU time for contract_2e   1708.13 sec, wall time     57.17 sec
root 0 converged  |r|= 6.26e-06  e= -85.43113080323202  max|de|= -3.3e-11
converged 13 2  |r|= 6.26e-06  e= [-85.4311308]  max|de|= -3.3e-11
--------------------------------------------------------------------------------
Group 1: MEM
+----------------------+---------+---------------+---------------+---------------+---------------+---------------+---------------+---------------+---------------+---------------+---------------+---------------+---------------+---------------+---------------+---------------+---------------+---------------+---------------+---------------+---------------+---------------+---------------+---------------+---------------+---------------+---------------+---------------+---------------+---------------+---------------+---------------+---------------+
|         Event        | Counter |   HWThread 0  |   HWThread 1  |   HWThread 2  |   HWThread 3  |   HWThread 4  |   HWThread 5  |   HWThread 6  |   HWThread 7  |   HWThread 8  |   HWThread 9  |  HWThread 10  |  HWThread 11  |  HWThread 12  |  HWThread 13  |  HWThread 14  |  HWThread 15  |  HWThread 16  |  HWThread 17  |  HWThread 18  |  HWThread 19  |  HWThread 20  |  HWThread 21  |  HWThread 22  |  HWThread 23  |  HWThread 24  |  HWThread 25  |  HWThread 26  |  HWThread 27  |  HWThread 28  |  HWThread 29  |  HWThread 30  |  HWThread 31  |
+----------------------+---------+---------------+---------------+---------------+---------------+---------------+---------------+---------------+---------------+---------------+---------------+---------------+---------------+---------------+---------------+---------------+---------------+---------------+---------------+---------------+---------------+---------------+---------------+---------------+---------------+---------------+---------------+---------------+---------------+---------------+---------------+---------------+---------------+
|   ACTUAL_CPU_CLOCK   |  FIXC1  | 3477966152446 | 2804348179540 | 2800328262835 | 2801386960539 | 2800529542346 | 2800582452149 | 2800234599828 | 2800304637761 | 2799497554834 | 2798719151193 | 2798173016753 | 2798086188614 | 2798238833308 | 2798406132117 | 2797784509214 | 2798053271855 | 2798772756546 | 2798677177917 | 2797964280515 | 2798449967802 | 2798602446877 | 2798530145725 | 2798245080694 | 2798758234464 | 2798994254138 | 2799049836749 | 2798541362597 | 2799014120368 | 2798074766521 | 2800096721267 | 2799215676142 | 2799024928899 |
|     MAX_CPU_CLOCK    |  FIXC2  | 2445021727434 | 1996038862272 | 1982151068404 | 1982366797164 | 1982249700652 | 1982354822396 | 1982157454576 | 1982149156598 | 1981820493770 | 1981564751166 | 1981390967400 | 1981523700910 | 1981428559084 | 1981432928072 | 1981085461472 | 1981336496464 | 1981650151364 | 1981508651018 | 1981242149770 | 1981574766236 | 1981534340864 | 1981579133664 | 1981228623062 | 1981691321480 | 1982099087436 | 1981709490384 | 1981592766738 | 1981829805176 | 1981397783248 | 1982129488144 | 1981798923000 | 1981754009404 |
| RETIRED_INSTRUCTIONS |   PMC0  | 9995533697209 | 9293762404186 | 9293834564898 | 9291656017490 | 9292518992041 | 9284002323469 | 9285319720159 | 9283655407779 | 9280132793598 | 9278876643692 | 9272335106138 | 9271282787176 | 9271126653831 | 9270308174921 | 9270174384716 | 9270285683384 | 9266474235988 | 9259383705280 | 9260711160846 | 9258724966766 | 9259888791272 | 9258122784877 | 9258669944105 | 9257292609951 | 9255325876938 | 9255855090540 | 9256993969512 | 9255253572049 | 9256289637802 | 9254991234057 | 9255897293366 | 9243950997579 |
|  CPU_CLOCKS_UNHALTED |   PMC1  | 3154805196790 | 2753476791702 | 2755652117385 | 2756053423662 | 2756270547431 | 2757099878669 | 2756054045339 | 2755709277896 | 2753967373741 | 2754167838656 | 2754148240412 | 2754552737013 | 2754460475786 | 2754717581701 | 2754341547376 | 2753664698611 | 2753873327806 | 2754849655662 | 2754688884761 | 2753566517273 | 2754964592807 | 2753718639585 | 2753685125673 | 2753815110565 | 2755355806827 | 2754295495216 | 2755424090844 | 2755048153474 | 2753565334811 | 2755267738598 | 2754606416863 | 2754321436491 |
|      CAS_CMD_RD      |  UMC0C0 |   58366815541 |             0 |             0 |             0 |             0 |             0 |             0 |             0 |             0 |             0 |             0 |             0 |             0 |             0 |             0 |             0 |             0 |             0 |             0 |             0 |             0 |             0 |             0 |             0 |             0 |             0 |             0 |             0 |             0 |             0 |             0 |             0 |
|      CAS_CMD_WR      |  UMC0C1 |   17958734704 |             0 |             0 |             0 |             0 |             0 |             0 |             0 |             0 |             0 |             0 |             0 |             0 |             0 |             0 |             0 |             0 |             0 |             0 |             0 |             0 |             0 |             0 |             0 |             0 |             0 |             0 |             0 |             0 |             0 |             0 |             0 |
|      CAS_CMD_RD      |  UMC1C0 |   58727908578 |             0 |             0 |             0 |             0 |             0 |             0 |             0 |             0 |             0 |             0 |             0 |             0 |             0 |             0 |             0 |             0 |             0 |             0 |             0 |             0 |             0 |             0 |             0 |             0 |             0 |             0 |             0 |             0 |             0 |             0 |             0 |
|      CAS_CMD_WR      |  UMC1C1 |   17954023570 |             0 |             0 |             0 |             0 |             0 |             0 |             0 |             0 |             0 |             0 |             0 |             0 |             0 |             0 |             0 |             0 |             0 |             0 |             0 |             0 |             0 |             0 |             0 |             0 |             0 |             0 |             0 |             0 |             0 |             0 |             0 |
|      CAS_CMD_RD      |  UMC2C0 |   58702536374 |             0 |             0 |             0 |             0 |             0 |             0 |             0 |             0 |             0 |             0 |             0 |             0 |             0 |             0 |             0 |             0 |             0 |             0 |             0 |             0 |             0 |             0 |             0 |             0 |             0 |             0 |             0 |             0 |             0 |             0 |             0 |
|      CAS_CMD_WR      |  UMC2C1 |   17952232927 |             0 |             0 |             0 |             0 |             0 |             0 |             0 |             0 |             0 |             0 |             0 |             0 |             0 |             0 |             0 |             0 |             0 |             0 |             0 |             0 |             0 |             0 |             0 |             0 |             0 |             0 |             0 |             0 |             0 |             0 |             0 |
|      CAS_CMD_RD      |  UMC3C0 |   58184289496 |             0 |             0 |             0 |             0 |             0 |             0 |             0 |             0 |             0 |             0 |             0 |             0 |             0 |             0 |             0 |             0 |             0 |             0 |             0 |             0 |             0 |             0 |             0 |             0 |             0 |             0 |             0 |             0 |             0 |             0 |             0 |
|      CAS_CMD_WR      |  UMC3C1 |   17932046513 |             0 |             0 |             0 |             0 |             0 |             0 |             0 |             0 |             0 |             0 |             0 |             0 |             0 |             0 |             0 |             0 |             0 |             0 |             0 |             0 |             0 |             0 |             0 |             0 |             0 |             0 |             0 |             0 |             0 |             0 |             0 |
|      CAS_CMD_RD      |  UMC4C0 |   59066915176 |             0 |             0 |             0 |             0 |             0 |             0 |             0 |             0 |             0 |             0 |             0 |             0 |             0 |             0 |             0 |             0 |             0 |             0 |             0 |             0 |             0 |             0 |             0 |             0 |             0 |             0 |             0 |             0 |             0 |             0 |             0 |
|      CAS_CMD_WR      |  UMC4C1 |   17927033853 |             0 |             0 |             0 |             0 |             0 |             0 |             0 |             0 |             0 |             0 |             0 |             0 |             0 |             0 |             0 |             0 |             0 |             0 |             0 |             0 |             0 |             0 |             0 |             0 |             0 |             0 |             0 |             0 |             0 |             0 |             0 |
|      CAS_CMD_RD      |  UMC5C0 |   58808112502 |             0 |             0 |             0 |             0 |             0 |             0 |             0 |             0 |             0 |             0 |             0 |             0 |             0 |             0 |             0 |             0 |             0 |             0 |             0 |             0 |             0 |             0 |             0 |             0 |             0 |             0 |             0 |             0 |             0 |             0 |             0 |
|      CAS_CMD_WR      |  UMC5C1 |   17993847477 |             0 |             0 |             0 |             0 |             0 |             0 |             0 |             0 |             0 |             0 |             0 |             0 |             0 |             0 |             0 |             0 |             0 |             0 |             0 |             0 |             0 |             0 |             0 |             0 |             0 |             0 |             0 |             0 |             0 |             0 |             0 |
|      CAS_CMD_RD      |  UMC6C0 |   58310270151 |             0 |             0 |             0 |             0 |             0 |             0 |             0 |             0 |             0 |             0 |             0 |             0 |             0 |             0 |             0 |             0 |             0 |             0 |             0 |             0 |             0 |             0 |             0 |             0 |             0 |             0 |             0 |             0 |             0 |             0 |             0 |
|      CAS_CMD_WR      |  UMC6C1 |   17885356110 |             0 |             0 |             0 |             0 |             0 |             0 |             0 |             0 |             0 |             0 |             0 |             0 |             0 |             0 |             0 |             0 |             0 |             0 |             0 |             0 |             0 |             0 |             0 |             0 |             0 |             0 |             0 |             0 |             0 |             0 |             0 |
|      CAS_CMD_RD      |  UMC7C0 |   57290232021 |             0 |             0 |             0 |             0 |             0 |             0 |             0 |             0 |             0 |             0 |             0 |             0 |             0 |             0 |             0 |             0 |             0 |             0 |             0 |             0 |             0 |             0 |             0 |             0 |             0 |             0 |             0 |             0 |             0 |             0 |             0 |
|      CAS_CMD_WR      |  UMC7C1 |   17877780866 |             0 |             0 |             0 |             0 |             0 |             0 |             0 |             0 |             0 |             0 |             0 |             0 |             0 |             0 |             0 |             0 |             0 |             0 |             0 |             0 |             0 |             0 |             0 |             0 |             0 |             0 |             0 |             0 |             0 |             0 |             0 |
|      CAS_CMD_RD      |  UMC8C0 |   58470825396 |             0 |             0 |             0 |             0 |             0 |             0 |             0 |             0 |             0 |             0 |             0 |             0 |             0 |             0 |             0 |             0 |             0 |             0 |             0 |             0 |             0 |             0 |             0 |             0 |             0 |             0 |             0 |             0 |             0 |             0 |             0 |
|      CAS_CMD_WR      |  UMC8C1 |   17903387509 |             0 |             0 |             0 |             0 |             0 |             0 |             0 |             0 |             0 |             0 |             0 |             0 |             0 |             0 |             0 |             0 |             0 |             0 |             0 |             0 |             0 |             0 |             0 |             0 |             0 |             0 |             0 |             0 |             0 |             0 |             0 |
|      CAS_CMD_RD      |  UMC9C0 |   58408898618 |             0 |             0 |             0 |             0 |             0 |             0 |             0 |             0 |             0 |             0 |             0 |             0 |             0 |             0 |             0 |             0 |             0 |             0 |             0 |             0 |             0 |             0 |             0 |             0 |             0 |             0 |             0 |             0 |             0 |             0 |             0 |
|      CAS_CMD_WR      |  UMC9C1 |   17885038968 |             0 |             0 |             0 |             0 |             0 |             0 |             0 |             0 |             0 |             0 |             0 |             0 |             0 |             0 |             0 |             0 |             0 |             0 |             0 |             0 |             0 |             0 |             0 |             0 |             0 |             0 |             0 |             0 |             0 |             0 |             0 |
|      CAS_CMD_RD      | UMC10C0 |   57630354708 |             0 |             0 |             0 |             0 |             0 |             0 |             0 |             0 |             0 |             0 |             0 |             0 |             0 |             0 |             0 |             0 |             0 |             0 |             0 |             0 |             0 |             0 |             0 |             0 |             0 |             0 |             0 |             0 |             0 |             0 |             0 |
|      CAS_CMD_WR      | UMC10C1 |   17875873280 |             0 |             0 |             0 |             0 |             0 |             0 |             0 |             0 |             0 |             0 |             0 |             0 |             0 |             0 |             0 |             0 |             0 |             0 |             0 |             0 |             0 |             0 |             0 |             0 |             0 |             0 |             0 |             0 |             0 |             0 |             0 |
|      CAS_CMD_RD      | UMC11C0 |   58017176645 |             0 |             0 |             0 |             0 |             0 |             0 |             0 |             0 |             0 |             0 |             0 |             0 |             0 |             0 |             0 |             0 |             0 |             0 |             0 |             0 |             0 |             0 |             0 |             0 |             0 |             0 |             0 |             0 |             0 |             0 |             0 |
|      CAS_CMD_WR      | UMC11C1 |   17881176401 |             0 |             0 |             0 |             0 |             0 |             0 |             0 |             0 |             0 |             0 |             0 |             0 |             0 |             0 |             0 |             0 |             0 |             0 |             0 |             0 |             0 |             0 |             0 |             0 |             0 |             0 |             0 |             0 |             0 |             0 |             0 |
+----------------------+---------+---------------+---------------+---------------+---------------+---------------+---------------+---------------+---------------+---------------+---------------+---------------+---------------+---------------+---------------+---------------+---------------+---------------+---------------+---------------+---------------+---------------+---------------+---------------+---------------+---------------+---------------+---------------+---------------+---------------+---------------+---------------+---------------+

+---------------------------+---------+-----------------+---------------+---------------+--------------+
|           Event           | Counter |       Sum       |      Min      |      Max      |      Avg     |
+---------------------------+---------+-----------------+---------------+---------------+--------------+
|   ACTUAL_CPU_CLOCK STAT   |  FIXC1  |  90252651202553 | 2797784509214 | 3477966152446 | 2.820395e+12 |
|     MAX_CPU_CLOCK STAT    |  FIXC2  |  63892393438822 | 1981085461472 | 2445021727434 | 1.996637e+12 |
| RETIRED_INSTRUCTIONS STAT |   PMC0  | 297318631225615 | 9243950997579 | 9995533697209 | 9.291207e+12 |
|  CPU_CLOCKS_UNHALTED STAT |   PMC1  |  88550188099426 | 2753476791702 | 3154805196790 | 2.767193e+12 |
|      CAS_CMD_RD STAT      |  UMC0C0 |     58366815541 |             0 |   58366815541 | 1.823963e+09 |
|      CAS_CMD_WR STAT      |  UMC0C1 |     17958734704 |             0 |   17958734704 | 5.612105e+08 |
|      CAS_CMD_RD STAT      |  UMC1C0 |     58727908578 |             0 |   58727908578 | 1.835247e+09 |
|      CAS_CMD_WR STAT      |  UMC1C1 |     17954023570 |             0 |   17954023570 | 5.610632e+08 |
|      CAS_CMD_RD STAT      |  UMC2C0 |     58702536374 |             0 |   58702536374 | 1.834454e+09 |
|      CAS_CMD_WR STAT      |  UMC2C1 |     17952232927 |             0 |   17952232927 | 5.610073e+08 |
|      CAS_CMD_RD STAT      |  UMC3C0 |     58184289496 |             0 |   58184289496 | 1.818259e+09 |
|      CAS_CMD_WR STAT      |  UMC3C1 |     17932046513 |             0 |   17932046513 | 5.603765e+08 |
|      CAS_CMD_RD STAT      |  UMC4C0 |     59066915176 |             0 |   59066915176 | 1.845841e+09 |
|      CAS_CMD_WR STAT      |  UMC4C1 |     17927033853 |             0 |   17927033853 | 5.602198e+08 |
|      CAS_CMD_RD STAT      |  UMC5C0 |     58808112502 |             0 |   58808112502 | 1.837754e+09 |
|      CAS_CMD_WR STAT      |  UMC5C1 |     17993847477 |             0 |   17993847477 | 5.623077e+08 |
|      CAS_CMD_RD STAT      |  UMC6C0 |     58310270151 |             0 |   58310270151 | 1.822196e+09 |
|      CAS_CMD_WR STAT      |  UMC6C1 |     17885356110 |             0 |   17885356110 | 5.589174e+08 |
|      CAS_CMD_RD STAT      |  UMC7C0 |     57290232021 |             0 |   57290232021 | 1.790320e+09 |
|      CAS_CMD_WR STAT      |  UMC7C1 |     17877780866 |             0 |   17877780866 | 5.586807e+08 |
|      CAS_CMD_RD STAT      |  UMC8C0 |     58470825396 |             0 |   58470825396 | 1.827213e+09 |
|      CAS_CMD_WR STAT      |  UMC8C1 |     17903387509 |             0 |   17903387509 | 5.594809e+08 |
|      CAS_CMD_RD STAT      |  UMC9C0 |     58408898618 |             0 |   58408898618 | 1.825278e+09 |
|      CAS_CMD_WR STAT      |  UMC9C1 |     17885038968 |             0 |   17885038968 | 5.589075e+08 |
|      CAS_CMD_RD STAT      | UMC10C0 |     57630354708 |             0 |   57630354708 | 1.800949e+09 |
|      CAS_CMD_WR STAT      | UMC10C1 |     17875873280 |             0 |   17875873280 |    558621040 |
|      CAS_CMD_RD STAT      | UMC11C0 |     58017176645 |             0 |   58017176645 | 1.813037e+09 |
|      CAS_CMD_WR STAT      | UMC11C1 |     17881176401 |             0 |   17881176401 | 5.587868e+08 |
+---------------------------+---------+-----------------+---------------+---------------+--------------+

+-----------------------------------+------------+------------+------------+------------+------------+------------+------------+------------+------------+------------+-------------+-------------+-------------+-------------+-------------+-------------+-------------+-------------+-------------+-------------+-------------+-------------+-------------+-------------+-------------+-------------+-------------+-------------+-------------+-------------+-------------+-------------+
|               Metric              | HWThread 0 | HWThread 1 | HWThread 2 | HWThread 3 | HWThread 4 | HWThread 5 | HWThread 6 | HWThread 7 | HWThread 8 | HWThread 9 | HWThread 10 | HWThread 11 | HWThread 12 | HWThread 13 | HWThread 14 | HWThread 15 | HWThread 16 | HWThread 17 | HWThread 18 | HWThread 19 | HWThread 20 | HWThread 21 | HWThread 22 | HWThread 23 | HWThread 24 | HWThread 25 | HWThread 26 | HWThread 27 | HWThread 28 | HWThread 29 | HWThread 30 | HWThread 31 |
+-----------------------------------+------------+------------+------------+------------+------------+------------+------------+------------+------------+------------+-------------+-------------+-------------+-------------+-------------+-------------+-------------+-------------+-------------+-------------+-------------+-------------+-------------+-------------+-------------+-------------+-------------+-------------+-------------+-------------+-------------+-------------+
|        Runtime (RDTSC) [s]        |   935.7779 |   935.7779 |   935.7779 |   935.7779 |   935.7779 |   935.7779 |   935.7779 |   935.7779 |   935.7779 |   935.7779 |    935.7779 |    935.7779 |    935.7779 |    935.7779 |    935.7779 |    935.7779 |    935.7779 |    935.7779 |    935.7779 |    935.7779 |    935.7779 |    935.7779 |    935.7779 |    935.7779 |    935.7779 |    935.7779 |    935.7779 |    935.7779 |    935.7779 |    935.7779 |    935.7779 |    935.7779 |
|        Runtime unhalted [s]       |  1337.6794 |  1078.5956 |  1077.0495 |  1077.4567 |  1077.1269 |  1077.1472 |  1077.0134 |  1077.0404 |  1076.7300 |  1076.4306 |   1076.2205 |   1076.1871 |   1076.2458 |   1076.3102 |   1076.0711 |   1076.1745 |   1076.4512 |   1076.4144 |   1076.1402 |   1076.3270 |   1076.3857 |   1076.3579 |   1076.2482 |   1076.4456 |   1076.5364 |   1076.5578 |   1076.3622 |   1076.5440 |   1076.1827 |   1076.9604 |   1076.6215 |   1076.5482 |
|            Clock [MHz]            |  3698.4174 |  3652.8870 |  3673.2077 |  3674.1965 |  3673.2890 |  3673.1636 |  3673.0730 |  3673.1803 |  3672.7306 |  3672.1833 |   3671.7887 |   3671.4288 |   3671.8054 |   3672.0168 |   3671.8451 |   3671.7325 |   3672.0953 |   3672.2322 |   3671.7906 |   3671.8115 |   3672.0865 |   3671.9086 |   3672.1841 |   3672.0000 |   3671.5542 |   3672.3489 |   3671.8981 |   3672.0791 |   3671.6471 |   3672.9440 |   3672.4008 |   3672.2337 |
|                CPI                |     0.3156 |     0.2963 |     0.2965 |     0.2966 |     0.2966 |     0.2970 |     0.2968 |     0.2968 |     0.2968 |     0.2968 |      0.2970 |      0.2971 |      0.2971 |      0.2972 |      0.2971 |      0.2970 |      0.2972 |      0.2975 |      0.2975 |      0.2974 |      0.2975 |      0.2974 |      0.2974 |      0.2975 |      0.2977 |      0.2976 |      0.2977 |      0.2977 |      0.2975 |      0.2977 |      0.2976 |      0.2980 |
|  Memory read bandwidth [MBytes/s] | 47873.5372 |          0 |          0 |          0 |          0 |          0 |          0 |          0 |          0 |          0 |           0 |           0 |           0 |           0 |           0 |           0 |           0 |           0 |           0 |           0 |           0 |           0 |           0 |           0 |           0 |           0 |           0 |           0 |           0 |           0 |           0 |           0 |
|  Memory read data volume [GBytes] | 44798.9975 |          0 |          0 |          0 |          0 |          0 |          0 |          0 |          0 |          0 |           0 |           0 |           0 |           0 |           0 |           0 |           0 |           0 |           0 |           0 |           0 |           0 |           0 |           0 |           0 |           0 |           0 |           0 |           0 |           0 |           0 |           0 |
| Memory write bandwidth [MBytes/s] | 14706.1587 |          0 |          0 |          0 |          0 |          0 |          0 |          0 |          0 |          0 |           0 |           0 |           0 |           0 |           0 |           0 |           0 |           0 |           0 |           0 |           0 |           0 |           0 |           0 |           0 |           0 |           0 |           0 |           0 |           0 |           0 |           0 |
| Memory write data volume [GBytes] | 13761.6981 |          0 |          0 |          0 |          0 |          0 |          0 |          0 |          0 |          0 |           0 |           0 |           0 |           0 |           0 |           0 |           0 |           0 |           0 |           0 |           0 |           0 |           0 |           0 |           0 |           0 |           0 |           0 |           0 |           0 |           0 |           0 |
|    Memory bandwidth [MBytes/s]    | 62579.6959 |          0 |          0 |          0 |          0 |          0 |          0 |          0 |          0 |          0 |           0 |           0 |           0 |           0 |           0 |           0 |           0 |           0 |           0 |           0 |           0 |           0 |           0 |           0 |           0 |           0 |           0 |           0 |           0 |           0 |           0 |           0 |
|    Memory data volume [GBytes]    | 58560.6955 |          0 |          0 |          0 |          0 |          0 |          0 |          0 |          0 |          0 |           0 |           0 |           0 |           0 |           0 |           0 |           0 |           0 |           0 |           0 |           0 |           0 |           0 |           0 |           0 |           0 |           0 |           0 |           0 |           0 |           0 |           0 |
+-----------------------------------+------------+------------+------------+------------+------------+------------+------------+------------+------------+------------+-------------+-------------+-------------+-------------+-------------+-------------+-------------+-------------+-------------+-------------+-------------+-------------+-------------+-------------+-------------+-------------+-------------+-------------+-------------+-------------+-------------+-------------+

+----------------------------------------+-------------+-----------+------------+-----------+
|                 Metric                 |     Sum     |    Min    |     Max    |    Avg    |
+----------------------------------------+-------------+-----------+------------+-----------+
|        Runtime (RDTSC) [s] STAT        |  29944.8928 |  935.7779 |   935.7779 |  935.7779 |
|        Runtime unhalted [s] STAT       |  34712.5623 | 1076.0711 |  1337.6794 | 1084.7676 |
|            Clock [MHz] STAT            | 117520.1604 | 3652.8870 |  3698.4174 | 3672.5050 |
|                CPI STAT                |      9.5292 |    0.2963 |     0.3156 |    0.2978 |
|  Memory read bandwidth [MBytes/s] STAT |  47873.5372 |         0 | 47873.5372 | 1496.0480 |
|  Memory read data volume [GBytes] STAT |  44798.9975 |         0 | 44798.9975 | 1399.9687 |
| Memory write bandwidth [MBytes/s] STAT |  14706.1587 |         0 | 14706.1587 |  459.5675 |
| Memory write data volume [GBytes] STAT |  13761.6981 |         0 | 13761.6981 |  430.0531 |
|    Memory bandwidth [MBytes/s] STAT    |  62579.6959 |         0 | 62579.6959 | 1955.6155 |
|    Memory data volume [GBytes] STAT    |  58560.6955 |         0 | 58560.6955 | 1830.0217 |
+----------------------------------------+-------------+-----------+------------+-----------+

