INFO: You are running LIKWID in a cpuset with 48 CPUs. Taking given IDs as logical ID in cpuset
--------------------------------------------------------------------------------
CPU name:	AMD EPYC 9A14 96-Core Processor                
CPU type:	AMD K19 (Zen4) architecture
CPU clock:	2.60 GHz
--------------------------------------------------------------------------------
Use symmetry. Molecule point group: C2v
Norb: 24   Ne: (5, 5)
Running RHF...
converged SCF energy = -76.0267607337663
Running FCI ...
Guessing CI wfn symmetry = 0
Num symmetry allowed elements 451681246
tol 1e-10  toloose 1e-05
max_cycle 100  max_space 12  max_memory 760544  incore True
    CPU time for contract_2e   1973.96 sec, wall time     45.46 sec
davidson 0 1  |r|= 0.999  e= [-85.21409431]  max|de|= -85.2  lindep=    1
    CPU time for contract_2e   2002.04 sec, wall time     45.83 sec
davidson 1 2  |r|= 0.336  e= [-85.41295423]  max|de|= -0.199  lindep= 0.992
    CPU time for contract_2e   2023.54 sec, wall time     47.58 sec
davidson 2 3  |r|= 0.0993  e= [-85.4295567]  max|de|= -0.0166  lindep= 0.982
    CPU time for contract_2e   2035.86 sec, wall time     49.38 sec
davidson 3 4  |r|= 0.0324  e= [-85.43094102]  max|de|= -0.00138  lindep= 0.955
    CPU time for contract_2e   2046.58 sec, wall time     51.16 sec
davidson 4 5  |r|= 0.0129  e= [-85.43110245]  max|de|= -0.000161  lindep= 0.911
    CPU time for contract_2e   2057.16 sec, wall time     53.00 sec
davidson 5 6  |r|= 0.00436  e= [-85.43112741]  max|de|= -2.5e-05  lindep= 0.833
    CPU time for contract_2e   2064.88 sec, wall time     54.71 sec
davidson 6 7  |r|= 0.00169  e= [-85.43113026]  max|de|= -2.84e-06  lindep= 0.932
    CPU time for contract_2e   2073.15 sec, wall time     56.41 sec
davidson 7 8  |r|= 0.000705  e= [-85.4311307]  max|de|= -4.44e-07  lindep= 0.849
    CPU time for contract_2e   2085.12 sec, wall time     58.25 sec
davidson 8 9  |r|= 0.000319  e= [-85.43113078]  max|de|= -8.55e-08  lindep= 0.895
    CPU time for contract_2e   2092.09 sec, wall time     59.91 sec
davidson 9 10  |r|= 0.000127  e= [-85.4311308]  max|de|= -1.57e-08  lindep= 0.804
    CPU time for contract_2e   2099.52 sec, wall time     61.68 sec
davidson 10 11  |r|= 4.77e-05  e= [-85.4311308]  max|de|= -2.31e-09  lindep= 0.878
    CPU time for contract_2e   2115.30 sec, wall time     63.54 sec
davidson 11 12  |r|= 1.71e-05  e= [-85.4311308]  max|de|= -2.93e-10  lindep= 0.87
    CPU time for contract_2e   2125.85 sec, wall time     66.09 sec
davidson 12 1  |r|= 1.71e-05  e= [-85.4311308]  max|de|= 3.2e-12  lindep=    1
    CPU time for contract_2e   2012.66 sec, wall time     45.81 sec
root 0 converged  |r|= 6.26e-06  e= -85.43113080323202  max|de|= -3.3e-11
converged 13 2  |r|= 6.26e-06  e= [-85.4311308]  max|de|= -3.3e-11
--------------------------------------------------------------------------------
Group 1: MEM
+----------------------+---------+---------------+---------------+---------------+---------------+---------------+---------------+---------------+---------------+---------------+---------------+---------------+---------------+---------------+---------------+---------------+---------------+---------------+---------------+---------------+---------------+---------------+---------------+---------------+---------------+---------------+---------------+---------------+---------------+---------------+---------------+---------------+---------------+---------------+---------------+---------------+---------------+---------------+---------------+---------------+---------------+---------------+---------------+---------------+---------------+---------------+---------------+---------------+---------------+
|         Event        | Counter |   HWThread 0  |   HWThread 1  |   HWThread 2  |   HWThread 3  |   HWThread 4  |   HWThread 5  |   HWThread 6  |   HWThread 7  |   HWThread 8  |   HWThread 9  |  HWThread 10  |  HWThread 11  |  HWThread 12  |  HWThread 13  |  HWThread 14  |  HWThread 15  |  HWThread 16  |  HWThread 17  |  HWThread 18  |  HWThread 19  |  HWThread 20  |  HWThread 21  |  HWThread 22  |  HWThread 23  |  HWThread 24  |  HWThread 25  |  HWThread 26  |  HWThread 27  |  HWThread 28  |  HWThread 29  |  HWThread 30  |  HWThread 31  |  HWThread 32  |  HWThread 33  |  HWThread 34  |  HWThread 35  |  HWThread 36  |  HWThread 37  |  HWThread 38  |  HWThread 39  |  HWThread 40  |  HWThread 41  |  HWThread 42  |  HWThread 43  |  HWThread 44  |  HWThread 45  |  HWThread 46  |  HWThread 47  |
+----------------------+---------+---------------+---------------+---------------+---------------+---------------+---------------+---------------+---------------+---------------+---------------+---------------+---------------+---------------+---------------+---------------+---------------+---------------+---------------+---------------+---------------+---------------+---------------+---------------+---------------+---------------+---------------+---------------+---------------+---------------+---------------+---------------+---------------+---------------+---------------+---------------+---------------+---------------+---------------+---------------+---------------+---------------+---------------+---------------+---------------+---------------+---------------+---------------+---------------+
|   ACTUAL_CPU_CLOCK   |  FIXC1  | 2881650203907 | 2204067421737 | 2197483657864 | 2197704508201 | 2198228093809 | 2196914876492 | 2197662661402 | 2197789415393 | 2196643158672 | 2195027980399 | 2195056434901 | 2195441004811 | 2195398721163 | 2194563544918 | 2195045109132 | 2195866775318 | 2196047220475 | 2194983460205 | 2194950159534 | 2194915614230 | 2194248598112 | 2195663851128 | 2195678250846 | 2195527572787 | 2197043526416 | 2196836325831 | 2197113998980 | 2197089590455 | 2197181367223 | 2197328540643 | 2197078371190 | 2197063672630 | 2197004387153 | 2196615593915 | 2196411280500 | 2196014824481 | 2196615448547 | 2195670420081 | 2194511665636 | 2195255497304 | 2195296975324 | 2194799244872 | 2193780671991 | 2193858305781 | 2194495688046 | 2192380940515 | 2193633580376 | 2194423656350 |
|     MAX_CPU_CLOCK    |  FIXC2  | 2026349520000 | 1576547587524 | 1559039105910 | 1558847087122 | 1559311467558 | 1558626279210 | 1558841803844 | 1558933549628 | 1558590635108 | 1557865068630 | 1557892567036 | 1558111481238 | 1558200906132 | 1557864121112 | 1558214056828 | 1558361478128 | 1558326881072 | 1558013305914 | 1557873684068 | 1557893426544 | 1557579976706 | 1558142549834 | 1557820788680 | 1557995172838 | 1559773003464 | 1558908695058 | 1559079130284 | 1559243743408 | 1559386128534 | 1559377233440 | 1559386931336 | 1559219263238 | 1559495829346 | 1558894959232 | 1558720006714 | 1558658057996 | 1558777225382 | 1558432554718 | 1557513157252 | 1557866840218 | 1557555978446 | 1557556578240 | 1556963506072 | 1556727482232 | 1556909786536 | 1555593122642 | 1556366562088 | 1556929972702 |
| RETIRED_INSTRUCTIONS |   PMC0  | 6959408838467 | 6259124676727 | 6260134246962 | 6259504245365 | 6261786670369 | 6259945205585 | 6260103650741 | 6260083320483 | 6263823616289 | 6263346092210 | 6263867840857 | 6262405650365 | 6263520529995 | 6262259734572 | 6262292421991 | 6261599179083 | 6260751759997 | 6253489219208 | 6253969382767 | 6253057380237 | 6253919074262 | 6252838230683 | 6252949820409 | 6251008660763 | 6249611488856 | 6248631582483 | 6242323096969 | 6241541342024 | 6242226434024 | 6240749191895 | 6241121561723 | 6239944320726 | 6241873715554 | 6240807581253 | 6241653937206 | 6240690247578 | 6241022567404 | 6233317766454 | 6233601436105 | 6232610787182 | 6224807773299 | 6224342299929 | 6224419116931 | 6223704640236 | 6224162417946 | 6222602344166 | 6222530479063 | 6207227183843 |
|  CPU_CLOCKS_UNHALTED |   PMC1  | 2541462509019 | 2139114716539 | 2140241076752 | 2139853901497 | 2140786477769 | 2141088514524 | 2141150980317 | 2139794809076 | 2138367813420 | 2138632909313 | 2139421709154 | 2139213709445 | 2138922651583 | 2137575975110 | 2139241887854 | 2139156791037 | 2138354388260 | 2137499897487 | 2138671250728 | 2138798216759 | 2137677880788 | 2139230142757 | 2139641546324 | 2139025100491 | 2136477727201 | 2136238901124 | 2137214251275 | 2136734823324 | 2137780021673 | 2137405843793 | 2137714057621 | 2136186281041 | 2137418949206 | 2137795604890 | 2137043094963 | 2137930791553 | 2137763232857 | 2136054446085 | 2135315578175 | 2137678462170 | 2135475440785 | 2134514349511 | 2135804066834 | 2135399461578 | 2134358112742 | 2134916166844 | 2133214435707 | 2135046791490 |
|      CAS_CMD_RD      |  UMC0C0 |   69241671861 |             0 |             0 |             0 |             0 |             0 |             0 |             0 |             0 |             0 |             0 |             0 |             0 |             0 |             0 |             0 |             0 |             0 |             0 |             0 |             0 |             0 |             0 |             0 |             0 |             0 |             0 |             0 |             0 |             0 |             0 |             0 |             0 |             0 |             0 |             0 |             0 |             0 |             0 |             0 |             0 |             0 |             0 |             0 |             0 |             0 |             0 |             0 |
|      CAS_CMD_WR      |  UMC0C1 |   21799888007 |             0 |             0 |             0 |             0 |             0 |             0 |             0 |             0 |             0 |             0 |             0 |             0 |             0 |             0 |             0 |             0 |             0 |             0 |             0 |             0 |             0 |             0 |             0 |             0 |             0 |             0 |             0 |             0 |             0 |             0 |             0 |             0 |             0 |             0 |             0 |             0 |             0 |             0 |             0 |             0 |             0 |             0 |             0 |             0 |             0 |             0 |             0 |
|      CAS_CMD_RD      |  UMC1C0 |   68587822516 |             0 |             0 |             0 |             0 |             0 |             0 |             0 |             0 |             0 |             0 |             0 |             0 |             0 |             0 |             0 |             0 |             0 |             0 |             0 |             0 |             0 |             0 |             0 |             0 |             0 |             0 |             0 |             0 |             0 |             0 |             0 |             0 |             0 |             0 |             0 |             0 |             0 |             0 |             0 |             0 |             0 |             0 |             0 |             0 |             0 |             0 |             0 |
|      CAS_CMD_WR      |  UMC1C1 |   21799514809 |             0 |             0 |             0 |             0 |             0 |             0 |             0 |             0 |             0 |             0 |             0 |             0 |             0 |             0 |             0 |             0 |             0 |             0 |             0 |             0 |             0 |             0 |             0 |             0 |             0 |             0 |             0 |             0 |             0 |             0 |             0 |             0 |             0 |             0 |             0 |             0 |             0 |             0 |             0 |             0 |             0 |             0 |             0 |             0 |             0 |             0 |             0 |
|      CAS_CMD_RD      |  UMC2C0 |   68646626775 |             0 |             0 |             0 |             0 |             0 |             0 |             0 |             0 |             0 |             0 |             0 |             0 |             0 |             0 |             0 |             0 |             0 |             0 |             0 |             0 |             0 |             0 |             0 |             0 |             0 |             0 |             0 |             0 |             0 |             0 |             0 |             0 |             0 |             0 |             0 |             0 |             0 |             0 |             0 |             0 |             0 |             0 |             0 |             0 |             0 |             0 |             0 |
|      CAS_CMD_WR      |  UMC2C1 |   21796640933 |             0 |             0 |             0 |             0 |             0 |             0 |             0 |             0 |             0 |             0 |             0 |             0 |             0 |             0 |             0 |             0 |             0 |             0 |             0 |             0 |             0 |             0 |             0 |             0 |             0 |             0 |             0 |             0 |             0 |             0 |             0 |             0 |             0 |             0 |             0 |             0 |             0 |             0 |             0 |             0 |             0 |             0 |             0 |             0 |             0 |             0 |             0 |
|      CAS_CMD_RD      |  UMC3C0 |   68955257414 |             0 |             0 |             0 |             0 |             0 |             0 |             0 |             0 |             0 |             0 |             0 |             0 |             0 |             0 |             0 |             0 |             0 |             0 |             0 |             0 |             0 |             0 |             0 |             0 |             0 |             0 |             0 |             0 |             0 |             0 |             0 |             0 |             0 |             0 |             0 |             0 |             0 |             0 |             0 |             0 |             0 |             0 |             0 |             0 |             0 |             0 |             0 |
|      CAS_CMD_WR      |  UMC3C1 |   21801063884 |             0 |             0 |             0 |             0 |             0 |             0 |             0 |             0 |             0 |             0 |             0 |             0 |             0 |             0 |             0 |             0 |             0 |             0 |             0 |             0 |             0 |             0 |             0 |             0 |             0 |             0 |             0 |             0 |             0 |             0 |             0 |             0 |             0 |             0 |             0 |             0 |             0 |             0 |             0 |             0 |             0 |             0 |             0 |             0 |             0 |             0 |             0 |
|      CAS_CMD_RD      |  UMC4C0 |   69064136367 |             0 |             0 |             0 |             0 |             0 |             0 |             0 |             0 |             0 |             0 |             0 |             0 |             0 |             0 |             0 |             0 |             0 |             0 |             0 |             0 |             0 |             0 |             0 |             0 |             0 |             0 |             0 |             0 |             0 |             0 |             0 |             0 |             0 |             0 |             0 |             0 |             0 |             0 |             0 |             0 |             0 |             0 |             0 |             0 |             0 |             0 |             0 |
|      CAS_CMD_WR      |  UMC4C1 |   21800303154 |             0 |             0 |             0 |             0 |             0 |             0 |             0 |             0 |             0 |             0 |             0 |             0 |             0 |             0 |             0 |             0 |             0 |             0 |             0 |             0 |             0 |             0 |             0 |             0 |             0 |             0 |             0 |             0 |             0 |             0 |             0 |             0 |             0 |             0 |             0 |             0 |             0 |             0 |             0 |             0 |             0 |             0 |             0 |             0 |             0 |             0 |             0 |
|      CAS_CMD_RD      |  UMC5C0 |   68708361620 |             0 |             0 |             0 |             0 |             0 |             0 |             0 |             0 |             0 |             0 |             0 |             0 |             0 |             0 |             0 |             0 |             0 |             0 |             0 |             0 |             0 |             0 |             0 |             0 |             0 |             0 |             0 |             0 |             0 |             0 |             0 |             0 |             0 |             0 |             0 |             0 |             0 |             0 |             0 |             0 |             0 |             0 |             0 |             0 |             0 |             0 |             0 |
|      CAS_CMD_WR      |  UMC5C1 |   21792802155 |             0 |             0 |             0 |             0 |             0 |             0 |             0 |             0 |             0 |             0 |             0 |             0 |             0 |             0 |             0 |             0 |             0 |             0 |             0 |             0 |             0 |             0 |             0 |             0 |             0 |             0 |             0 |             0 |             0 |             0 |             0 |             0 |             0 |             0 |             0 |             0 |             0 |             0 |             0 |             0 |             0 |             0 |             0 |             0 |             0 |             0 |             0 |
|      CAS_CMD_RD      |  UMC6C0 |   68696050486 |             0 |             0 |             0 |             0 |             0 |             0 |             0 |             0 |             0 |             0 |             0 |             0 |             0 |             0 |             0 |             0 |             0 |             0 |             0 |             0 |             0 |             0 |             0 |             0 |             0 |             0 |             0 |             0 |             0 |             0 |             0 |             0 |             0 |             0 |             0 |             0 |             0 |             0 |             0 |             0 |             0 |             0 |             0 |             0 |             0 |             0 |             0 |
|      CAS_CMD_WR      |  UMC6C1 |   21798379513 |             0 |             0 |             0 |             0 |             0 |             0 |             0 |             0 |             0 |             0 |             0 |             0 |             0 |             0 |             0 |             0 |             0 |             0 |             0 |             0 |             0 |             0 |             0 |             0 |             0 |             0 |             0 |             0 |             0 |             0 |             0 |             0 |             0 |             0 |             0 |             0 |             0 |             0 |             0 |             0 |             0 |             0 |             0 |             0 |             0 |             0 |             0 |
|      CAS_CMD_RD      |  UMC7C0 |   68581109864 |             0 |             0 |             0 |             0 |             0 |             0 |             0 |             0 |             0 |             0 |             0 |             0 |             0 |             0 |             0 |             0 |             0 |             0 |             0 |             0 |             0 |             0 |             0 |             0 |             0 |             0 |             0 |             0 |             0 |             0 |             0 |             0 |             0 |             0 |             0 |             0 |             0 |             0 |             0 |             0 |             0 |             0 |             0 |             0 |             0 |             0 |             0 |
|      CAS_CMD_WR      |  UMC7C1 |   21801182790 |             0 |             0 |             0 |             0 |             0 |             0 |             0 |             0 |             0 |             0 |             0 |             0 |             0 |             0 |             0 |             0 |             0 |             0 |             0 |             0 |             0 |             0 |             0 |             0 |             0 |             0 |             0 |             0 |             0 |             0 |             0 |             0 |             0 |             0 |             0 |             0 |             0 |             0 |             0 |             0 |             0 |             0 |             0 |             0 |             0 |             0 |             0 |
|      CAS_CMD_RD      |  UMC8C0 |   68485837501 |             0 |             0 |             0 |             0 |             0 |             0 |             0 |             0 |             0 |             0 |             0 |             0 |             0 |             0 |             0 |             0 |             0 |             0 |             0 |             0 |             0 |             0 |             0 |             0 |             0 |             0 |             0 |             0 |             0 |             0 |             0 |             0 |             0 |             0 |             0 |             0 |             0 |             0 |             0 |             0 |             0 |             0 |             0 |             0 |             0 |             0 |             0 |
|      CAS_CMD_WR      |  UMC8C1 |   21793677689 |             0 |             0 |             0 |             0 |             0 |             0 |             0 |             0 |             0 |             0 |             0 |             0 |             0 |             0 |             0 |             0 |             0 |             0 |             0 |             0 |             0 |             0 |             0 |             0 |             0 |             0 |             0 |             0 |             0 |             0 |             0 |             0 |             0 |             0 |             0 |             0 |             0 |             0 |             0 |             0 |             0 |             0 |             0 |             0 |             0 |             0 |             0 |
|      CAS_CMD_RD      |  UMC9C0 |   68909232109 |             0 |             0 |             0 |             0 |             0 |             0 |             0 |             0 |             0 |             0 |             0 |             0 |             0 |             0 |             0 |             0 |             0 |             0 |             0 |             0 |             0 |             0 |             0 |             0 |             0 |             0 |             0 |             0 |             0 |             0 |             0 |             0 |             0 |             0 |             0 |             0 |             0 |             0 |             0 |             0 |             0 |             0 |             0 |             0 |             0 |             0 |             0 |
|      CAS_CMD_WR      |  UMC9C1 |   21790507864 |             0 |             0 |             0 |             0 |             0 |             0 |             0 |             0 |             0 |             0 |             0 |             0 |             0 |             0 |             0 |             0 |             0 |             0 |             0 |             0 |             0 |             0 |             0 |             0 |             0 |             0 |             0 |             0 |             0 |             0 |             0 |             0 |             0 |             0 |             0 |             0 |             0 |             0 |             0 |             0 |             0 |             0 |             0 |             0 |             0 |             0 |             0 |
|      CAS_CMD_RD      | UMC10C0 |   68521513480 |             0 |             0 |             0 |             0 |             0 |             0 |             0 |             0 |             0 |             0 |             0 |             0 |             0 |             0 |             0 |             0 |             0 |             0 |             0 |             0 |             0 |             0 |             0 |             0 |             0 |             0 |             0 |             0 |             0 |             0 |             0 |             0 |             0 |             0 |             0 |             0 |             0 |             0 |             0 |             0 |             0 |             0 |             0 |             0 |             0 |             0 |             0 |
|      CAS_CMD_WR      | UMC10C1 |   21796953790 |             0 |             0 |             0 |             0 |             0 |             0 |             0 |             0 |             0 |             0 |             0 |             0 |             0 |             0 |             0 |             0 |             0 |             0 |             0 |             0 |             0 |             0 |             0 |             0 |             0 |             0 |             0 |             0 |             0 |             0 |             0 |             0 |             0 |             0 |             0 |             0 |             0 |             0 |             0 |             0 |             0 |             0 |             0 |             0 |             0 |             0 |             0 |
|      CAS_CMD_RD      | UMC11C0 |   68275133058 |             0 |             0 |             0 |             0 |             0 |             0 |             0 |             0 |             0 |             0 |             0 |             0 |             0 |             0 |             0 |             0 |             0 |             0 |             0 |             0 |             0 |             0 |             0 |             0 |             0 |             0 |             0 |             0 |             0 |             0 |             0 |             0 |             0 |             0 |             0 |             0 |             0 |             0 |             0 |             0 |             0 |             0 |             0 |             0 |             0 |             0 |             0 |
|      CAS_CMD_WR      | UMC11C1 |   21786115216 |             0 |             0 |             0 |             0 |             0 |             0 |             0 |             0 |             0 |             0 |             0 |             0 |             0 |             0 |             0 |             0 |             0 |             0 |             0 |             0 |             0 |             0 |             0 |             0 |             0 |             0 |             0 |             0 |             0 |             0 |             0 |             0 |             0 |             0 |             0 |             0 |             0 |             0 |             0 |             0 |             0 |             0 |             0 |             0 |             0 |             0 |             0 |
+----------------------+---------+---------------+---------------+---------------+---------------+---------------+---------------+---------------+---------------+---------------+---------------+---------------+---------------+---------------+---------------+---------------+---------------+---------------+---------------+---------------+---------------+---------------+---------------+---------------+---------------+---------------+---------------+---------------+---------------+---------------+---------------+---------------+---------------+---------------+---------------+---------------+---------------+---------------+---------------+---------------+---------------+---------------+---------------+---------------+---------------+---------------+---------------+---------------+---------------+

+---------------------------+---------+-----------------+---------------+---------------+--------------+
|           Event           | Counter |       Sum       |      Min      |      Max      |      Avg     |
+---------------------------+---------+-----------------+---------------+---------------+--------------+
|   ACTUAL_CPU_CLOCK STAT   |  FIXC1  | 106094061869676 | 2192380940515 | 2881650203907 | 2.210293e+12 |
|     MAX_CPU_CLOCK STAT    |  FIXC2  |  75282578249242 | 1555593122642 | 2026349520000 | 1.568387e+12 |
| RETIRED_INSTRUCTIONS STAT |   PMC0  | 300540712761236 | 6207227183843 | 6959408838467 | 6.261265e+12 |
|  CPU_CLOCKS_UNHALTED STAT |   PMC1  | 103014405748445 | 2133214435707 | 2541462509019 | 2.146133e+12 |
|      CAS_CMD_RD STAT      |  UMC0C0 |     69241671861 |             0 |   69241671861 | 1.442535e+09 |
|      CAS_CMD_WR STAT      |  UMC0C1 |     21799888007 |             0 |   21799888007 | 4.541643e+08 |
|      CAS_CMD_RD STAT      |  UMC1C0 |     68587822516 |             0 |   68587822516 | 1.428913e+09 |
|      CAS_CMD_WR STAT      |  UMC1C1 |     21799514809 |             0 |   21799514809 | 4.541566e+08 |
|      CAS_CMD_RD STAT      |  UMC2C0 |     68646626775 |             0 |   68646626775 | 1.430138e+09 |
|      CAS_CMD_WR STAT      |  UMC2C1 |     21796640933 |             0 |   21796640933 | 4.540967e+08 |
|      CAS_CMD_RD STAT      |  UMC3C0 |     68955257414 |             0 |   68955257414 | 1.436568e+09 |
|      CAS_CMD_WR STAT      |  UMC3C1 |     21801063884 |             0 |   21801063884 | 4.541888e+08 |
|      CAS_CMD_RD STAT      |  UMC4C0 |     69064136367 |             0 |   69064136367 | 1.438836e+09 |
|      CAS_CMD_WR STAT      |  UMC4C1 |     21800303154 |             0 |   21800303154 | 4.541730e+08 |
|      CAS_CMD_RD STAT      |  UMC5C0 |     68708361620 |             0 |   68708361620 | 1.431424e+09 |
|      CAS_CMD_WR STAT      |  UMC5C1 |     21792802155 |             0 |   21792802155 | 4.540167e+08 |
|      CAS_CMD_RD STAT      |  UMC6C0 |     68696050486 |             0 |   68696050486 | 1.431168e+09 |
|      CAS_CMD_WR STAT      |  UMC6C1 |     21798379513 |             0 |   21798379513 | 4.541329e+08 |
|      CAS_CMD_RD STAT      |  UMC7C0 |     68581109864 |             0 |   68581109864 | 1.428773e+09 |
|      CAS_CMD_WR STAT      |  UMC7C1 |     21801182790 |             0 |   21801182790 | 4.541913e+08 |
|      CAS_CMD_RD STAT      |  UMC8C0 |     68485837501 |             0 |   68485837501 | 1.426788e+09 |
|      CAS_CMD_WR STAT      |  UMC8C1 |     21793677689 |             0 |   21793677689 | 4.540350e+08 |
|      CAS_CMD_RD STAT      |  UMC9C0 |     68909232109 |             0 |   68909232109 | 1.435609e+09 |
|      CAS_CMD_WR STAT      |  UMC9C1 |     21790507864 |             0 |   21790507864 | 4.539689e+08 |
|      CAS_CMD_RD STAT      | UMC10C0 |     68521513480 |             0 |   68521513480 | 1.427532e+09 |
|      CAS_CMD_WR STAT      | UMC10C1 |     21796953790 |             0 |   21796953790 | 4.541032e+08 |
|      CAS_CMD_RD STAT      | UMC11C0 |     68275133058 |             0 |   68275133058 | 1.422399e+09 |
|      CAS_CMD_WR STAT      | UMC11C1 |     21786115216 |             0 |   21786115216 | 4.538774e+08 |
+---------------------------+---------+-----------------+---------------+---------------+--------------+

+-----------------------------------+------------+------------+------------+------------+------------+------------+------------+------------+------------+------------+-------------+-------------+-------------+-------------+-------------+-------------+-------------+-------------+-------------+-------------+-------------+-------------+-------------+-------------+-------------+-------------+-------------+-------------+-------------+-------------+-------------+-------------+-------------+-------------+-------------+-------------+-------------+-------------+-------------+-------------+-------------+-------------+-------------+-------------+-------------+-------------+-------------+-------------+
|               Metric              | HWThread 0 | HWThread 1 | HWThread 2 | HWThread 3 | HWThread 4 | HWThread 5 | HWThread 6 | HWThread 7 | HWThread 8 | HWThread 9 | HWThread 10 | HWThread 11 | HWThread 12 | HWThread 13 | HWThread 14 | HWThread 15 | HWThread 16 | HWThread 17 | HWThread 18 | HWThread 19 | HWThread 20 | HWThread 21 | HWThread 22 | HWThread 23 | HWThread 24 | HWThread 25 | HWThread 26 | HWThread 27 | HWThread 28 | HWThread 29 | HWThread 30 | HWThread 31 | HWThread 32 | HWThread 33 | HWThread 34 | HWThread 35 | HWThread 36 | HWThread 37 | HWThread 38 | HWThread 39 | HWThread 40 | HWThread 41 | HWThread 42 | HWThread 43 | HWThread 44 | HWThread 45 | HWThread 46 | HWThread 47 |
+-----------------------------------+------------+------------+------------+------------+------------+------------+------------+------------+------------+------------+-------------+-------------+-------------+-------------+-------------+-------------+-------------+-------------+-------------+-------------+-------------+-------------+-------------+-------------+-------------+-------------+-------------+-------------+-------------+-------------+-------------+-------------+-------------+-------------+-------------+-------------+-------------+-------------+-------------+-------------+-------------+-------------+-------------+-------------+-------------+-------------+-------------+-------------+
|        Runtime (RDTSC) [s]        |   777.3087 |   777.3087 |   777.3087 |   777.3087 |   777.3087 |   777.3087 |   777.3087 |   777.3087 |   777.3087 |   777.3087 |    777.3087 |    777.3087 |    777.3087 |    777.3087 |    777.3087 |    777.3087 |    777.3087 |    777.3087 |    777.3087 |    777.3087 |    777.3087 |    777.3087 |    777.3087 |    777.3087 |    777.3087 |    777.3087 |    777.3087 |    777.3087 |    777.3087 |    777.3087 |    777.3087 |    777.3087 |    777.3087 |    777.3087 |    777.3087 |    777.3087 |    777.3087 |    777.3087 |    777.3087 |    777.3087 |    777.3087 |    777.3087 |    777.3087 |    777.3087 |    777.3087 |    777.3087 |    777.3087 |    777.3087 |
|        Runtime unhalted [s]       |  1108.3706 |   847.7516 |   845.2193 |   845.3042 |   845.5056 |   845.0005 |   845.2882 |   845.3369 |   844.8960 |   844.2748 |    844.2857 |    844.4336 |    844.4174 |    844.0961 |    844.2814 |    844.5974 |    844.6668 |    844.2576 |    844.2448 |    844.2316 |    843.9750 |    844.5193 |    844.5249 |    844.4669 |    845.0500 |    844.9703 |    845.0771 |    845.0677 |    845.1030 |    845.1596 |    845.0634 |    845.0578 |    845.0350 |    844.8854 |    844.8068 |    844.6543 |    844.8854 |    844.5219 |    844.0762 |    844.3623 |    844.3782 |    844.1868 |    843.7950 |    843.8249 |    844.0700 |    843.2566 |    843.7384 |    844.0423 |
|            Clock [MHz]            |  3697.2869 |  3634.7458 |  3664.5858 |  3665.4055 |  3665.1869 |  3664.6076 |  3665.3482 |  3665.3438 |  3664.2382 |  3663.2492 |   3663.2321 |   3663.3591 |   3663.0783 |   3662.4764 |   3662.4574 |   3663.4817 |   3663.8641 |   3662.8264 |   3663.0991 |   3662.9950 |   3662.6188 |   3663.6579 |   3664.4386 |   3663.7770 |   3662.1279 |   3663.8127 |   3663.8753 |   3663.4478 |   3663.2663 |   3663.5326 |   3663.0927 |   3663.4621 |   3662.7135 |   3663.4769 |   3663.5473 |   3663.0316 |   3663.7534 |   3662.9871 |   3663.2151 |   3663.6248 |   3664.4252 |   3663.5930 |   3663.2876 |   3663.9727 |   3664.6080 |   3664.1754 |   3664.4470 |   3664.4403 |
|                CPI                |     0.3652 |     0.3418 |     0.3419 |     0.3419 |     0.3419 |     0.3420 |     0.3420 |     0.3418 |     0.3414 |     0.3415 |      0.3415 |      0.3416 |      0.3415 |      0.3413 |      0.3416 |      0.3416 |      0.3415 |      0.3418 |      0.3420 |      0.3420 |      0.3418 |      0.3421 |      0.3422 |      0.3422 |      0.3419 |      0.3419 |      0.3424 |      0.3423 |      0.3425 |      0.3425 |      0.3425 |      0.3423 |      0.3424 |      0.3426 |      0.3424 |      0.3426 |      0.3425 |      0.3427 |      0.3425 |      0.3430 |      0.3431 |      0.3429 |      0.3431 |      0.3431 |      0.3429 |      0.3431 |      0.3428 |      0.3440 |
|  Memory read bandwidth [MBytes/s] | 67899.7360 |          0 |          0 |          0 |          0 |          0 |          0 |          0 |          0 |          0 |           0 |           0 |           0 |           0 |           0 |           0 |           0 |           0 |           0 |           0 |           0 |           0 |           0 |           0 |           0 |           0 |           0 |           0 |           0 |           0 |           0 |           0 |           0 |           0 |           0 |           0 |           0 |           0 |           0 |           0 |           0 |           0 |           0 |           0 |           0 |           0 |           0 |           0 |
|  Memory read data volume [GBytes] | 52779.0562 |          0 |          0 |          0 |          0 |          0 |          0 |          0 |          0 |          0 |           0 |           0 |           0 |           0 |           0 |           0 |           0 |           0 |           0 |           0 |           0 |           0 |           0 |           0 |           0 |           0 |           0 |           0 |           0 |           0 |           0 |           0 |           0 |           0 |           0 |           0 |           0 |           0 |           0 |           0 |           0 |           0 |           0 |           0 |           0 |           0 |           0 |           0 |
| Memory write bandwidth [MBytes/s] | 21535.3947 |          0 |          0 |          0 |          0 |          0 |          0 |          0 |          0 |          0 |           0 |           0 |           0 |           0 |           0 |           0 |           0 |           0 |           0 |           0 |           0 |           0 |           0 |           0 |           0 |           0 |           0 |           0 |           0 |           0 |           0 |           0 |           0 |           0 |           0 |           0 |           0 |           0 |           0 |           0 |           0 |           0 |           0 |           0 |           0 |           0 |           0 |           0 |
| Memory write data volume [GBytes] | 16739.6499 |          0 |          0 |          0 |          0 |          0 |          0 |          0 |          0 |          0 |           0 |           0 |           0 |           0 |           0 |           0 |           0 |           0 |           0 |           0 |           0 |           0 |           0 |           0 |           0 |           0 |           0 |           0 |           0 |           0 |           0 |           0 |           0 |           0 |           0 |           0 |           0 |           0 |           0 |           0 |           0 |           0 |           0 |           0 |           0 |           0 |           0 |           0 |
|    Memory bandwidth [MBytes/s]    | 89435.1307 |          0 |          0 |          0 |          0 |          0 |          0 |          0 |          0 |          0 |           0 |           0 |           0 |           0 |           0 |           0 |           0 |           0 |           0 |           0 |           0 |           0 |           0 |           0 |           0 |           0 |           0 |           0 |           0 |           0 |           0 |           0 |           0 |           0 |           0 |           0 |           0 |           0 |           0 |           0 |           0 |           0 |           0 |           0 |           0 |           0 |           0 |           0 |
|    Memory data volume [GBytes]    | 69518.7061 |          0 |          0 |          0 |          0 |          0 |          0 |          0 |          0 |          0 |           0 |           0 |           0 |           0 |           0 |           0 |           0 |           0 |           0 |           0 |           0 |           0 |           0 |           0 |           0 |           0 |           0 |           0 |           0 |           0 |           0 |           0 |           0 |           0 |           0 |           0 |           0 |           0 |           0 |           0 |           0 |           0 |           0 |           0 |           0 |           0 |           0 |           0 |
+-----------------------------------+------------+------------+------------+------------+------------+------------+------------+------------+------------+------------+-------------+-------------+-------------+-------------+-------------+-------------+-------------+-------------+-------------+-------------+-------------+-------------+-------------+-------------+-------------+-------------+-------------+-------------+-------------+-------------+-------------+-------------+-------------+-------------+-------------+-------------+-------------+-------------+-------------+-------------+-------------+-------------+-------------+-------------+-------------+-------------+-------------+-------------+

+----------------------------------------+-------------+-----------+------------+-----------+
|                 Metric                 |     Sum     |    Min    |     Max    |    Avg    |
+----------------------------------------+-------------+-----------+------------+-----------+
|        Runtime (RDTSC) [s] STAT        |  37310.8176 |  777.3087 |   777.3087 |  777.3087 |
|        Runtime unhalted [s] STAT       |  40807.0146 |  843.2566 |  1108.3706 |  850.1461 |
|            Clock [MHz] STAT            | 175861.2761 | 3634.7458 |  3697.2869 | 3663.7766 |
|                CPI STAT                |     16.4501 |    0.3413 |     0.3652 |    0.3427 |
|  Memory read bandwidth [MBytes/s] STAT |  67899.7360 |         0 | 67899.7360 | 1414.5778 |
|  Memory read data volume [GBytes] STAT |  52779.0562 |         0 | 52779.0562 | 1099.5637 |
| Memory write bandwidth [MBytes/s] STAT |  21535.3947 |         0 | 21535.3947 |  448.6541 |
| Memory write data volume [GBytes] STAT |  16739.6499 |         0 | 16739.6499 |  348.7427 |
|    Memory bandwidth [MBytes/s] STAT    |  89435.1307 |         0 | 89435.1307 | 1863.2319 |
|    Memory data volume [GBytes] STAT    |  69518.7061 |         0 | 69518.7061 | 1448.3064 |
+----------------------------------------+-------------+-----------+------------+-----------+

