INFO: You are running LIKWID in a cpuset with 64 CPUs. Taking given IDs as logical ID in cpuset
--------------------------------------------------------------------------------
CPU name:	AMD EPYC 9A14 96-Core Processor                
CPU type:	AMD K19 (Zen4) architecture
CPU clock:	2.60 GHz
--------------------------------------------------------------------------------
Use symmetry. Molecule point group: C2v
Norb: 24   Ne: (5, 5)
Running RHF...
converged SCF energy = -76.0267607337664
Running FCI ...
Guessing CI wfn symmetry = 0
Num symmetry allowed elements 451681246
tol 1e-10  toloose 1e-05
max_cycle 100  max_space 12  max_memory 760548  incore True
    CPU time for contract_2e   2956.07 sec, wall time     50.59 sec
davidson 0 1  |r|= 0.999  e= [-85.21409431]  max|de|= -85.2  lindep=    1
    CPU time for contract_2e   2993.26 sec, wall time     50.83 sec
davidson 1 2  |r|= 0.336  e= [-85.41295423]  max|de|= -0.199  lindep= 0.992
    CPU time for contract_2e   3004.24 sec, wall time     52.55 sec
davidson 2 3  |r|= 0.0993  e= [-85.4295567]  max|de|= -0.0166  lindep= 0.982
    CPU time for contract_2e   3023.17 sec, wall time     54.44 sec
davidson 3 4  |r|= 0.0324  e= [-85.43094102]  max|de|= -0.00138  lindep= 0.955
    CPU time for contract_2e   3032.86 sec, wall time     56.09 sec
davidson 4 5  |r|= 0.0129  e= [-85.43110245]  max|de|= -0.000161  lindep= 0.911
    CPU time for contract_2e   3051.62 sec, wall time     57.99 sec
davidson 5 6  |r|= 0.00436  e= [-85.43112741]  max|de|= -2.5e-05  lindep= 0.833
    CPU time for contract_2e   3075.51 sec, wall time     59.95 sec
davidson 6 7  |r|= 0.00169  e= [-85.43113026]  max|de|= -2.84e-06  lindep= 0.932
    CPU time for contract_2e   3085.02 sec, wall time     61.58 sec
davidson 7 8  |r|= 0.000705  e= [-85.4311307]  max|de|= -4.44e-07  lindep= 0.849
    CPU time for contract_2e   3099.01 sec, wall time     63.34 sec
davidson 8 9  |r|= 0.000319  e= [-85.43113078]  max|de|= -8.55e-08  lindep= 0.895
    CPU time for contract_2e   3102.87 sec, wall time     64.98 sec
davidson 9 10  |r|= 0.000127  e= [-85.4311308]  max|de|= -1.57e-08  lindep= 0.804
    CPU time for contract_2e   3110.79 sec, wall time     66.65 sec
davidson 10 11  |r|= 4.77e-05  e= [-85.4311308]  max|de|= -2.31e-09  lindep= 0.878
    CPU time for contract_2e   3118.40 sec, wall time     68.30 sec
davidson 11 12  |r|= 1.71e-05  e= [-85.4311308]  max|de|= -2.93e-10  lindep= 0.87
    CPU time for contract_2e   3141.26 sec, wall time     70.98 sec
davidson 12 1  |r|= 1.71e-05  e= [-85.4311308]  max|de|= 3.23e-12  lindep=    1
    CPU time for contract_2e   3009.38 sec, wall time     51.10 sec
root 0 converged  |r|= 6.26e-06  e= -85.43113080323194  max|de|= -3.29e-11
converged 13 2  |r|= 6.26e-06  e= [-85.4311308]  max|de|= -3.29e-11
--------------------------------------------------------------------------------
Group 1: MEM
+----------------------+---------+---------------+---------------+---------------+---------------+---------------+---------------+---------------+---------------+---------------+---------------+---------------+---------------+---------------+---------------+---------------+---------------+---------------+---------------+---------------+---------------+---------------+---------------+---------------+---------------+---------------+---------------+---------------+---------------+---------------+---------------+---------------+---------------+---------------+---------------+---------------+---------------+---------------+---------------+---------------+---------------+---------------+---------------+---------------+---------------+---------------+---------------+---------------+---------------+---------------+---------------+---------------+---------------+---------------+---------------+---------------+---------------+---------------+---------------+---------------+---------------+---------------+---------------+---------------+---------------+
|         Event        | Counter |   HWThread 0  |   HWThread 1  |   HWThread 2  |   HWThread 3  |   HWThread 4  |   HWThread 5  |   HWThread 6  |   HWThread 7  |   HWThread 8  |   HWThread 9  |  HWThread 10  |  HWThread 11  |  HWThread 12  |  HWThread 13  |  HWThread 14  |  HWThread 15  |  HWThread 16  |  HWThread 17  |  HWThread 18  |  HWThread 19  |  HWThread 20  |  HWThread 21  |  HWThread 22  |  HWThread 23  |  HWThread 24  |  HWThread 25  |  HWThread 26  |  HWThread 27  |  HWThread 28  |  HWThread 29  |  HWThread 30  |  HWThread 31  |  HWThread 32  |  HWThread 33  |  HWThread 34  |  HWThread 35  |  HWThread 36  |  HWThread 37  |  HWThread 38  |  HWThread 39  |  HWThread 40  |  HWThread 41  |  HWThread 42  |  HWThread 43  |  HWThread 44  |  HWThread 45  |  HWThread 46  |  HWThread 47  |  HWThread 48  |  HWThread 49  |  HWThread 50  |  HWThread 51  |  HWThread 52  |  HWThread 53  |  HWThread 54  |  HWThread 55  |  HWThread 56  |  HWThread 57  |  HWThread 58  |  HWThread 59  |  HWThread 60  |  HWThread 61  |  HWThread 62  |  HWThread 63  |
+----------------------+---------+---------------+---------------+---------------+---------------+---------------+---------------+---------------+---------------+---------------+---------------+---------------+---------------+---------------+---------------+---------------+---------------+---------------+---------------+---------------+---------------+---------------+---------------+---------------+---------------+---------------+---------------+---------------+---------------+---------------+---------------+---------------+---------------+---------------+---------------+---------------+---------------+---------------+---------------+---------------+---------------+---------------+---------------+---------------+---------------+---------------+---------------+---------------+---------------+---------------+---------------+---------------+---------------+---------------+---------------+---------------+---------------+---------------+---------------+---------------+---------------+---------------+---------------+---------------+---------------+
|   ACTUAL_CPU_CLOCK   |  FIXC1  | 3132599623208 | 2453560808173 | 2447113411818 | 2447866450446 | 2447450371808 | 2446618884977 | 2446628981866 | 2447192933542 | 2446755006816 | 2445997812589 | 2446097398252 | 2445621379036 | 2446303651426 | 2444845355623 | 2446101724584 | 2446343682992 | 2445199916288 | 2444739379805 | 2444692899891 | 2445326407273 | 2445243449729 | 2444586805203 | 2445180211388 | 2444790628411 | 2448192241365 | 2449120244387 | 2447098246448 | 2448596352656 | 2448617171487 | 2448205037308 | 2448755114696 | 2448468702376 | 2447809326732 | 2448441540737 | 2447853791337 | 2448204097267 | 2448774633866 | 2448953018627 | 2448056464387 | 2448382390776 | 2446671066755 | 2446835148524 | 2448407179876 | 2447747863270 | 2448265033620 | 2447866144172 | 2446943016194 | 2447274402039 | 2413370014297 | 2405009821175 | 2419460805653 | 2414310485241 | 2422915797010 | 2415571099746 | 2418241622227 | 2419856617116 | 2410573865132 | 2400337513224 | 2413907466514 | 2408904381591 | 2419591415611 | 2418401712113 | 2416308887281 | 2419071894076 |
|     MAX_CPU_CLOCK    |  FIXC2  | 2208854025820 | 1759931471116 | 1742169330278 | 1742278976828 | 1742199474288 | 1742103453714 | 1741978016012 | 1742035353734 | 1742266710184 | 1741833358694 | 1741807422134 | 1741755960126 | 1741894283142 | 1741249141320 | 1741848383938 | 1741971764572 | 1741593608820 | 1741191069774 | 1741252464484 | 1741730116360 | 1741680264428 | 1741237697264 | 1741482058836 | 1741312878578 | 1741877877480 | 1742421250778 | 1741207488332 | 1742164987134 | 1742201932640 | 1741928979362 | 1742171594696 | 1742120220152 | 1741689093170 | 1741795512704 | 1741466751804 | 1741617823114 | 1742305121778 | 1742429925808 | 1741428920530 | 1741815645336 | 1740828216842 | 1740930543378 | 1741936624064 | 1741470914534 | 1741470473834 | 1741471438330 | 1740859207490 | 1741073102496 | 1725317438728 | 1719191306560 | 1729428409046 | 1725648253498 | 1731915045016 | 1726726485198 | 1728468956266 | 1729724090328 | 1723768463976 | 1716699759034 | 1725843772432 | 1722611458464 | 1730205298978 | 1729376633296 | 1727736624640 | 1729352701830 |
| RETIRED_INSTRUCTIONS |   PMC0  | 5455485984138 | 4756829313124 | 4757509733357 | 4757897352392 | 4758049372501 | 4751547487561 | 4751342200465 | 4750581028802 | 4755157196465 | 4754200215023 | 4753776345107 | 4753647375749 | 4753209073571 | 4752461270660 | 4751927383223 | 4750830057024 | 4745756236134 | 4738761331725 | 4738688939728 | 4738442399274 | 4738112026517 | 4737681653980 | 4737566403687 | 4735897893613 | 4734594723988 | 4734318846457 | 4734177694070 | 4734052110475 | 4733553245768 | 4733725948277 | 4733032541540 | 4731936203399 | 4737609275713 | 4738025127540 | 4737466265482 | 4737097413574 | 4736915908102 | 4736896914536 | 4736493821321 | 4735019574475 | 4736024904465 | 4736626248592 | 4729946452569 | 4729149311792 | 4728774245413 | 4728677929209 | 4728566780311 | 4727903776021 | 4739804491736 | 4739993846316 | 4739572741133 | 4739438912352 | 4739416590699 | 4738955429634 | 4739181930694 | 4738686423506 | 4739499154021 | 4739325005760 | 4739798867031 | 4739324911911 | 4739304321152 | 4738937551508 | 4738672032013 | 4693668777331 |
|  CPU_CLOCKS_UNHALTED |   PMC1  | 2727019593881 | 2324426646435 | 2329865339143 | 2329715222517 | 2325092269720 | 2329373886847 | 2327410801842 | 2324571806745 | 2331075742422 | 2331035443860 | 2330242043735 | 2331502382270 | 2329161211231 | 2330496646829 | 2325601112424 | 2326342108857 | 2325242283974 | 2326988472122 | 2329137772754 | 2327659684106 | 2328583558046 | 2325853716408 | 2324944011533 | 2324814054136 | 2330637628854 | 2330328402235 | 2329875693517 | 2329535665864 | 2327367319544 | 2330971025007 | 2327714080357 | 2326843150563 | 2328313881228 | 2327238001997 | 2331705467266 | 2328021978429 | 2329955027384 | 2331532783329 | 2330869761469 | 2326323403357 | 2326967544215 | 2327517878326 | 2331672335347 | 2330217936278 | 2329860660566 | 2330382620670 | 2329712648413 | 2328988368897 | 2316526678765 | 2310327148123 | 2320236647432 | 2316110319365 | 2323265663519 | 2319742870037 | 2321806171133 | 2321759548211 | 2313402397775 | 2308382600784 | 2319886243374 | 2313804543063 | 2320109006265 | 2319271046557 | 2320096335264 | 2323011550401 |
|      CAS_CMD_RD      |  UMC0C0 |   77336751152 |             0 |             0 |             0 |             0 |             0 |             0 |             0 |             0 |             0 |             0 |             0 |             0 |             0 |             0 |             0 |             0 |             0 |             0 |             0 |             0 |             0 |             0 |             0 |             0 |             0 |             0 |             0 |             0 |             0 |             0 |             0 |             0 |             0 |             0 |             0 |             0 |             0 |             0 |             0 |             0 |             0 |             0 |             0 |             0 |             0 |             0 |             0 |             0 |             0 |             0 |             0 |             0 |             0 |             0 |             0 |             0 |             0 |             0 |             0 |             0 |             0 |             0 |             0 |
|      CAS_CMD_WR      |  UMC0C1 |   25432325094 |             0 |             0 |             0 |             0 |             0 |             0 |             0 |             0 |             0 |             0 |             0 |             0 |             0 |             0 |             0 |             0 |             0 |             0 |             0 |             0 |             0 |             0 |             0 |             0 |             0 |             0 |             0 |             0 |             0 |             0 |             0 |             0 |             0 |             0 |             0 |             0 |             0 |             0 |             0 |             0 |             0 |             0 |             0 |             0 |             0 |             0 |             0 |             0 |             0 |             0 |             0 |             0 |             0 |             0 |             0 |             0 |             0 |             0 |             0 |             0 |             0 |             0 |             0 |
|      CAS_CMD_RD      |  UMC1C0 |   77057624888 |             0 |             0 |             0 |             0 |             0 |             0 |             0 |             0 |             0 |             0 |             0 |             0 |             0 |             0 |             0 |             0 |             0 |             0 |             0 |             0 |             0 |             0 |             0 |             0 |             0 |             0 |             0 |             0 |             0 |             0 |             0 |             0 |             0 |             0 |             0 |             0 |             0 |             0 |             0 |             0 |             0 |             0 |             0 |             0 |             0 |             0 |             0 |             0 |             0 |             0 |             0 |             0 |             0 |             0 |             0 |             0 |             0 |             0 |             0 |             0 |             0 |             0 |             0 |
|      CAS_CMD_WR      |  UMC1C1 |   25445931207 |             0 |             0 |             0 |             0 |             0 |             0 |             0 |             0 |             0 |             0 |             0 |             0 |             0 |             0 |             0 |             0 |             0 |             0 |             0 |             0 |             0 |             0 |             0 |             0 |             0 |             0 |             0 |             0 |             0 |             0 |             0 |             0 |             0 |             0 |             0 |             0 |             0 |             0 |             0 |             0 |             0 |             0 |             0 |             0 |             0 |             0 |             0 |             0 |             0 |             0 |             0 |             0 |             0 |             0 |             0 |             0 |             0 |             0 |             0 |             0 |             0 |             0 |             0 |
|      CAS_CMD_RD      |  UMC2C0 |   77616515187 |             0 |             0 |             0 |             0 |             0 |             0 |             0 |             0 |             0 |             0 |             0 |             0 |             0 |             0 |             0 |             0 |             0 |             0 |             0 |             0 |             0 |             0 |             0 |             0 |             0 |             0 |             0 |             0 |             0 |             0 |             0 |             0 |             0 |             0 |             0 |             0 |             0 |             0 |             0 |             0 |             0 |             0 |             0 |             0 |             0 |             0 |             0 |             0 |             0 |             0 |             0 |             0 |             0 |             0 |             0 |             0 |             0 |             0 |             0 |             0 |             0 |             0 |             0 |
|      CAS_CMD_WR      |  UMC2C1 |   25493008509 |             0 |             0 |             0 |             0 |             0 |             0 |             0 |             0 |             0 |             0 |             0 |             0 |             0 |             0 |             0 |             0 |             0 |             0 |             0 |             0 |             0 |             0 |             0 |             0 |             0 |             0 |             0 |             0 |             0 |             0 |             0 |             0 |             0 |             0 |             0 |             0 |             0 |             0 |             0 |             0 |             0 |             0 |             0 |             0 |             0 |             0 |             0 |             0 |             0 |             0 |             0 |             0 |             0 |             0 |             0 |             0 |             0 |             0 |             0 |             0 |             0 |             0 |             0 |
|      CAS_CMD_RD      |  UMC3C0 |   77402907479 |             0 |             0 |             0 |             0 |             0 |             0 |             0 |             0 |             0 |             0 |             0 |             0 |             0 |             0 |             0 |             0 |             0 |             0 |             0 |             0 |             0 |             0 |             0 |             0 |             0 |             0 |             0 |             0 |             0 |             0 |             0 |             0 |             0 |             0 |             0 |             0 |             0 |             0 |             0 |             0 |             0 |             0 |             0 |             0 |             0 |             0 |             0 |             0 |             0 |             0 |             0 |             0 |             0 |             0 |             0 |             0 |             0 |             0 |             0 |             0 |             0 |             0 |             0 |
|      CAS_CMD_WR      |  UMC3C1 |   25518503447 |             0 |             0 |             0 |             0 |             0 |             0 |             0 |             0 |             0 |             0 |             0 |             0 |             0 |             0 |             0 |             0 |             0 |             0 |             0 |             0 |             0 |             0 |             0 |             0 |             0 |             0 |             0 |             0 |             0 |             0 |             0 |             0 |             0 |             0 |             0 |             0 |             0 |             0 |             0 |             0 |             0 |             0 |             0 |             0 |             0 |             0 |             0 |             0 |             0 |             0 |             0 |             0 |             0 |             0 |             0 |             0 |             0 |             0 |             0 |             0 |             0 |             0 |             0 |
|      CAS_CMD_RD      |  UMC4C0 |   77143532979 |             0 |             0 |             0 |             0 |             0 |             0 |             0 |             0 |             0 |             0 |             0 |             0 |             0 |             0 |             0 |             0 |             0 |             0 |             0 |             0 |             0 |             0 |             0 |             0 |             0 |             0 |             0 |             0 |             0 |             0 |             0 |             0 |             0 |             0 |             0 |             0 |             0 |             0 |             0 |             0 |             0 |             0 |             0 |             0 |             0 |             0 |             0 |             0 |             0 |             0 |             0 |             0 |             0 |             0 |             0 |             0 |             0 |             0 |             0 |             0 |             0 |             0 |             0 |
|      CAS_CMD_WR      |  UMC4C1 |   25508019543 |             0 |             0 |             0 |             0 |             0 |             0 |             0 |             0 |             0 |             0 |             0 |             0 |             0 |             0 |             0 |             0 |             0 |             0 |             0 |             0 |             0 |             0 |             0 |             0 |             0 |             0 |             0 |             0 |             0 |             0 |             0 |             0 |             0 |             0 |             0 |             0 |             0 |             0 |             0 |             0 |             0 |             0 |             0 |             0 |             0 |             0 |             0 |             0 |             0 |             0 |             0 |             0 |             0 |             0 |             0 |             0 |             0 |             0 |             0 |             0 |             0 |             0 |             0 |
|      CAS_CMD_RD      |  UMC5C0 |   77400761802 |             0 |             0 |             0 |             0 |             0 |             0 |             0 |             0 |             0 |             0 |             0 |             0 |             0 |             0 |             0 |             0 |             0 |             0 |             0 |             0 |             0 |             0 |             0 |             0 |             0 |             0 |             0 |             0 |             0 |             0 |             0 |             0 |             0 |             0 |             0 |             0 |             0 |             0 |             0 |             0 |             0 |             0 |             0 |             0 |             0 |             0 |             0 |             0 |             0 |             0 |             0 |             0 |             0 |             0 |             0 |             0 |             0 |             0 |             0 |             0 |             0 |             0 |             0 |
|      CAS_CMD_WR      |  UMC5C1 |   25501770373 |             0 |             0 |             0 |             0 |             0 |             0 |             0 |             0 |             0 |             0 |             0 |             0 |             0 |             0 |             0 |             0 |             0 |             0 |             0 |             0 |             0 |             0 |             0 |             0 |             0 |             0 |             0 |             0 |             0 |             0 |             0 |             0 |             0 |             0 |             0 |             0 |             0 |             0 |             0 |             0 |             0 |             0 |             0 |             0 |             0 |             0 |             0 |             0 |             0 |             0 |             0 |             0 |             0 |             0 |             0 |             0 |             0 |             0 |             0 |             0 |             0 |             0 |             0 |
|      CAS_CMD_RD      |  UMC6C0 |   77395715155 |             0 |             0 |             0 |             0 |             0 |             0 |             0 |             0 |             0 |             0 |             0 |             0 |             0 |             0 |             0 |             0 |             0 |             0 |             0 |             0 |             0 |             0 |             0 |             0 |             0 |             0 |             0 |             0 |             0 |             0 |             0 |             0 |             0 |             0 |             0 |             0 |             0 |             0 |             0 |             0 |             0 |             0 |             0 |             0 |             0 |             0 |             0 |             0 |             0 |             0 |             0 |             0 |             0 |             0 |             0 |             0 |             0 |             0 |             0 |             0 |             0 |             0 |             0 |
|      CAS_CMD_WR      |  UMC6C1 |   25503181337 |             0 |             0 |             0 |             0 |             0 |             0 |             0 |             0 |             0 |             0 |             0 |             0 |             0 |             0 |             0 |             0 |             0 |             0 |             0 |             0 |             0 |             0 |             0 |             0 |             0 |             0 |             0 |             0 |             0 |             0 |             0 |             0 |             0 |             0 |             0 |             0 |             0 |             0 |             0 |             0 |             0 |             0 |             0 |             0 |             0 |             0 |             0 |             0 |             0 |             0 |             0 |             0 |             0 |             0 |             0 |             0 |             0 |             0 |             0 |             0 |             0 |             0 |             0 |
|      CAS_CMD_RD      |  UMC7C0 |   77474340352 |             0 |             0 |             0 |             0 |             0 |             0 |             0 |             0 |             0 |             0 |             0 |             0 |             0 |             0 |             0 |             0 |             0 |             0 |             0 |             0 |             0 |             0 |             0 |             0 |             0 |             0 |             0 |             0 |             0 |             0 |             0 |             0 |             0 |             0 |             0 |             0 |             0 |             0 |             0 |             0 |             0 |             0 |             0 |             0 |             0 |             0 |             0 |             0 |             0 |             0 |             0 |             0 |             0 |             0 |             0 |             0 |             0 |             0 |             0 |             0 |             0 |             0 |             0 |
|      CAS_CMD_WR      |  UMC7C1 |   25505659479 |             0 |             0 |             0 |             0 |             0 |             0 |             0 |             0 |             0 |             0 |             0 |             0 |             0 |             0 |             0 |             0 |             0 |             0 |             0 |             0 |             0 |             0 |             0 |             0 |             0 |             0 |             0 |             0 |             0 |             0 |             0 |             0 |             0 |             0 |             0 |             0 |             0 |             0 |             0 |             0 |             0 |             0 |             0 |             0 |             0 |             0 |             0 |             0 |             0 |             0 |             0 |             0 |             0 |             0 |             0 |             0 |             0 |             0 |             0 |             0 |             0 |             0 |             0 |
|      CAS_CMD_RD      |  UMC8C0 |   78486754813 |             0 |             0 |             0 |             0 |             0 |             0 |             0 |             0 |             0 |             0 |             0 |             0 |             0 |             0 |             0 |             0 |             0 |             0 |             0 |             0 |             0 |             0 |             0 |             0 |             0 |             0 |             0 |             0 |             0 |             0 |             0 |             0 |             0 |             0 |             0 |             0 |             0 |             0 |             0 |             0 |             0 |             0 |             0 |             0 |             0 |             0 |             0 |             0 |             0 |             0 |             0 |             0 |             0 |             0 |             0 |             0 |             0 |             0 |             0 |             0 |             0 |             0 |             0 |
|      CAS_CMD_WR      |  UMC8C1 |   25509265508 |             0 |             0 |             0 |             0 |             0 |             0 |             0 |             0 |             0 |             0 |             0 |             0 |             0 |             0 |             0 |             0 |             0 |             0 |             0 |             0 |             0 |             0 |             0 |             0 |             0 |             0 |             0 |             0 |             0 |             0 |             0 |             0 |             0 |             0 |             0 |             0 |             0 |             0 |             0 |             0 |             0 |             0 |             0 |             0 |             0 |             0 |             0 |             0 |             0 |             0 |             0 |             0 |             0 |             0 |             0 |             0 |             0 |             0 |             0 |             0 |             0 |             0 |             0 |
|      CAS_CMD_RD      |  UMC9C0 |   77801017942 |             0 |             0 |             0 |             0 |             0 |             0 |             0 |             0 |             0 |             0 |             0 |             0 |             0 |             0 |             0 |             0 |             0 |             0 |             0 |             0 |             0 |             0 |             0 |             0 |             0 |             0 |             0 |             0 |             0 |             0 |             0 |             0 |             0 |             0 |             0 |             0 |             0 |             0 |             0 |             0 |             0 |             0 |             0 |             0 |             0 |             0 |             0 |             0 |             0 |             0 |             0 |             0 |             0 |             0 |             0 |             0 |             0 |             0 |             0 |             0 |             0 |             0 |             0 |
|      CAS_CMD_WR      |  UMC9C1 |   25499400584 |             0 |             0 |             0 |             0 |             0 |             0 |             0 |             0 |             0 |             0 |             0 |             0 |             0 |             0 |             0 |             0 |             0 |             0 |             0 |             0 |             0 |             0 |             0 |             0 |             0 |             0 |             0 |             0 |             0 |             0 |             0 |             0 |             0 |             0 |             0 |             0 |             0 |             0 |             0 |             0 |             0 |             0 |             0 |             0 |             0 |             0 |             0 |             0 |             0 |             0 |             0 |             0 |             0 |             0 |             0 |             0 |             0 |             0 |             0 |             0 |             0 |             0 |             0 |
|      CAS_CMD_RD      | UMC10C0 |   76178078762 |             0 |             0 |             0 |             0 |             0 |             0 |             0 |             0 |             0 |             0 |             0 |             0 |             0 |             0 |             0 |             0 |             0 |             0 |             0 |             0 |             0 |             0 |             0 |             0 |             0 |             0 |             0 |             0 |             0 |             0 |             0 |             0 |             0 |             0 |             0 |             0 |             0 |             0 |             0 |             0 |             0 |             0 |             0 |             0 |             0 |             0 |             0 |             0 |             0 |             0 |             0 |             0 |             0 |             0 |             0 |             0 |             0 |             0 |             0 |             0 |             0 |             0 |             0 |
|      CAS_CMD_WR      | UMC10C1 |   25469927232 |             0 |             0 |             0 |             0 |             0 |             0 |             0 |             0 |             0 |             0 |             0 |             0 |             0 |             0 |             0 |             0 |             0 |             0 |             0 |             0 |             0 |             0 |             0 |             0 |             0 |             0 |             0 |             0 |             0 |             0 |             0 |             0 |             0 |             0 |             0 |             0 |             0 |             0 |             0 |             0 |             0 |             0 |             0 |             0 |             0 |             0 |             0 |             0 |             0 |             0 |             0 |             0 |             0 |             0 |             0 |             0 |             0 |             0 |             0 |             0 |             0 |             0 |             0 |
|      CAS_CMD_RD      | UMC11C0 |   77412759647 |             0 |             0 |             0 |             0 |             0 |             0 |             0 |             0 |             0 |             0 |             0 |             0 |             0 |             0 |             0 |             0 |             0 |             0 |             0 |             0 |             0 |             0 |             0 |             0 |             0 |             0 |             0 |             0 |             0 |             0 |             0 |             0 |             0 |             0 |             0 |             0 |             0 |             0 |             0 |             0 |             0 |             0 |             0 |             0 |             0 |             0 |             0 |             0 |             0 |             0 |             0 |             0 |             0 |             0 |             0 |             0 |             0 |             0 |             0 |             0 |             0 |             0 |             0 |
|      CAS_CMD_WR      | UMC11C1 |   25490149120 |             0 |             0 |             0 |             0 |             0 |             0 |             0 |             0 |             0 |             0 |             0 |             0 |             0 |             0 |             0 |             0 |             0 |             0 |             0 |             0 |             0 |             0 |             0 |             0 |             0 |             0 |             0 |             0 |             0 |             0 |             0 |             0 |             0 |             0 |             0 |             0 |             0 |             0 |             0 |             0 |             0 |             0 |             0 |             0 |             0 |             0 |             0 |             0 |             0 |             0 |             0 |             0 |             0 |             0 |             0 |             0 |             0 |             0 |             0 |             0 |             0 |             0 |             0 |
+----------------------+---------+---------------+---------------+---------------+---------------+---------------+---------------+---------------+---------------+---------------+---------------+---------------+---------------+---------------+---------------+---------------+---------------+---------------+---------------+---------------+---------------+---------------+---------------+---------------+---------------+---------------+---------------+---------------+---------------+---------------+---------------+---------------+---------------+---------------+---------------+---------------+---------------+---------------+---------------+---------------+---------------+---------------+---------------+---------------+---------------+---------------+---------------+---------------+---------------+---------------+---------------+---------------+---------------+---------------+---------------+---------------+---------------+---------------+---------------+---------------+---------------+---------------+---------------+---------------+---------------+

+---------------------------+---------+-----------------+---------------+---------------+---------------+
|           Event           | Counter |       Sum       |      Min      |      Max      |      Avg      |
+---------------------------+---------+-----------------+---------------+---------------+---------------+
|   ACTUAL_CPU_CLOCK STAT   |  FIXC1  | 156786228802053 | 2400337513224 | 3132599623208 |  2.449785e+12 |
|     MAX_CPU_CLOCK STAT    |  FIXC2  | 111710355627520 | 1716699759034 | 2208854025820 | 1745474306680 |
| RETIRED_INSTRUCTIONS STAT |   PMC0  | 304069524523706 | 4693668777331 | 5455485984138 |  4.751086e+12 |
|  CPU_CLOCKS_UNHALTED STAT |   PMC1  | 149256447845017 | 2308382600784 | 2727019593881 |  2.332132e+12 |
|      CAS_CMD_RD STAT      |  UMC0C0 |     77336751152 |             0 |   77336751152 |  1.208387e+09 |
|      CAS_CMD_WR STAT      |  UMC0C1 |     25432325094 |             0 |   25432325094 |  3.973801e+08 |
|      CAS_CMD_RD STAT      |  UMC1C0 |     77057624888 |             0 |   77057624888 |  1.204025e+09 |
|      CAS_CMD_WR STAT      |  UMC1C1 |     25445931207 |             0 |   25445931207 |  3.975927e+08 |
|      CAS_CMD_RD STAT      |  UMC2C0 |     77616515187 |             0 |   77616515187 |  1.212758e+09 |
|      CAS_CMD_WR STAT      |  UMC2C1 |     25493008509 |             0 |   25493008509 |  3.983283e+08 |
|      CAS_CMD_RD STAT      |  UMC3C0 |     77402907479 |             0 |   77402907479 |  1.209420e+09 |
|      CAS_CMD_WR STAT      |  UMC3C1 |     25518503447 |             0 |   25518503447 |  3.987266e+08 |
|      CAS_CMD_RD STAT      |  UMC4C0 |     77143532979 |             0 |   77143532979 |  1.205368e+09 |
|      CAS_CMD_WR STAT      |  UMC4C1 |     25508019543 |             0 |   25508019543 |  3.985628e+08 |
|      CAS_CMD_RD STAT      |  UMC5C0 |     77400761802 |             0 |   77400761802 |  1.209387e+09 |
|      CAS_CMD_WR STAT      |  UMC5C1 |     25501770373 |             0 |   25501770373 |  3.984652e+08 |
|      CAS_CMD_RD STAT      |  UMC6C0 |     77395715155 |             0 |   77395715155 |  1.209308e+09 |
|      CAS_CMD_WR STAT      |  UMC6C1 |     25503181337 |             0 |   25503181337 |  3.984872e+08 |
|      CAS_CMD_RD STAT      |  UMC7C0 |     77474340352 |             0 |   77474340352 |    1210536568 |
|      CAS_CMD_WR STAT      |  UMC7C1 |     25505659479 |             0 |   25505659479 |  3.985259e+08 |
|      CAS_CMD_RD STAT      |  UMC8C0 |     78486754813 |             0 |   78486754813 |  1.226356e+09 |
|      CAS_CMD_WR STAT      |  UMC8C1 |     25509265508 |             0 |   25509265508 |  3.985823e+08 |
|      CAS_CMD_RD STAT      |  UMC9C0 |     77801017942 |             0 |   77801017942 |  1.215641e+09 |
|      CAS_CMD_WR STAT      |  UMC9C1 |     25499400584 |             0 |   25499400584 |  3.984281e+08 |
|      CAS_CMD_RD STAT      | UMC10C0 |     76178078762 |             0 |   76178078762 |  1.190282e+09 |
|      CAS_CMD_WR STAT      | UMC10C1 |     25469927232 |             0 |   25469927232 |     397967613 |
|      CAS_CMD_RD STAT      | UMC11C0 |     77412759647 |             0 |   77412759647 |  1.209574e+09 |
|      CAS_CMD_WR STAT      | UMC11C1 |     25490149120 |             0 |   25490149120 |     398283580 |
+---------------------------+---------+-----------------+---------------+---------------+---------------+

+-----------------------------------+------------+------------+------------+------------+------------+------------+------------+------------+------------+------------+-------------+-------------+-------------+-------------+-------------+-------------+-------------+-------------+-------------+-------------+-------------+-------------+-------------+-------------+-------------+-------------+-------------+-------------+-------------+-------------+-------------+-------------+-------------+-------------+-------------+-------------+-------------+-------------+-------------+-------------+-------------+-------------+-------------+-------------+-------------+-------------+-------------+-------------+-------------+-------------+-------------+-------------+-------------+-------------+-------------+-------------+-------------+-------------+-------------+-------------+-------------+-------------+-------------+-------------+
|               Metric              | HWThread 0 | HWThread 1 | HWThread 2 | HWThread 3 | HWThread 4 | HWThread 5 | HWThread 6 | HWThread 7 | HWThread 8 | HWThread 9 | HWThread 10 | HWThread 11 | HWThread 12 | HWThread 13 | HWThread 14 | HWThread 15 | HWThread 16 | HWThread 17 | HWThread 18 | HWThread 19 | HWThread 20 | HWThread 21 | HWThread 22 | HWThread 23 | HWThread 24 | HWThread 25 | HWThread 26 | HWThread 27 | HWThread 28 | HWThread 29 | HWThread 30 | HWThread 31 | HWThread 32 | HWThread 33 | HWThread 34 | HWThread 35 | HWThread 36 | HWThread 37 | HWThread 38 | HWThread 39 | HWThread 40 | HWThread 41 | HWThread 42 | HWThread 43 | HWThread 44 | HWThread 45 | HWThread 46 | HWThread 47 | HWThread 48 | HWThread 49 | HWThread 50 | HWThread 51 | HWThread 52 | HWThread 53 | HWThread 54 | HWThread 55 | HWThread 56 | HWThread 57 | HWThread 58 | HWThread 59 | HWThread 60 | HWThread 61 | HWThread 62 | HWThread 63 |
+-----------------------------------+------------+------------+------------+------------+------------+------------+------------+------------+------------+------------+-------------+-------------+-------------+-------------+-------------+-------------+-------------+-------------+-------------+-------------+-------------+-------------+-------------+-------------+-------------+-------------+-------------+-------------+-------------+-------------+-------------+-------------+-------------+-------------+-------------+-------------+-------------+-------------+-------------+-------------+-------------+-------------+-------------+-------------+-------------+-------------+-------------+-------------+-------------+-------------+-------------+-------------+-------------+-------------+-------------+-------------+-------------+-------------+-------------+-------------+-------------+-------------+-------------+-------------+
|        Runtime (RDTSC) [s]        |   846.7934 |   846.7934 |   846.7934 |   846.7934 |   846.7934 |   846.7934 |   846.7934 |   846.7934 |   846.7934 |   846.7934 |    846.7934 |    846.7934 |    846.7934 |    846.7934 |    846.7934 |    846.7934 |    846.7934 |    846.7934 |    846.7934 |    846.7934 |    846.7934 |    846.7934 |    846.7934 |    846.7934 |    846.7934 |    846.7934 |    846.7934 |    846.7934 |    846.7934 |    846.7934 |    846.7934 |    846.7934 |    846.7934 |    846.7934 |    846.7934 |    846.7934 |    846.7934 |    846.7934 |    846.7934 |    846.7934 |    846.7934 |    846.7934 |    846.7934 |    846.7934 |    846.7934 |    846.7934 |    846.7934 |    846.7934 |    846.7934 |    846.7934 |    846.7934 |    846.7934 |    846.7934 |    846.7934 |    846.7934 |    846.7934 |    846.7934 |    846.7934 |    846.7934 |    846.7934 |    846.7934 |    846.7934 |    846.7934 |    846.7934 |
|        Runtime unhalted [s]       |  1204.8478 |   943.6786 |   941.1988 |   941.4885 |   941.3284 |   941.0086 |   941.0125 |   941.2294 |   941.0610 |   940.7698 |    940.8081 |    940.6250 |    940.8874 |    940.3265 |    940.8097 |    940.9028 |    940.4629 |    940.2857 |    940.2679 |    940.5115 |    940.4796 |    940.2271 |    940.4553 |    940.3055 |    941.6138 |    941.9707 |    941.1930 |    941.7692 |    941.7772 |    941.6187 |    941.8303 |    941.7201 |    941.4665 |    941.7097 |    941.4836 |    941.6183 |    941.8378 |    941.9064 |    941.5616 |    941.6869 |    941.0287 |    941.0918 |    941.6964 |    941.4429 |    941.6418 |    941.4884 |    941.1333 |    941.2608 |    928.2206 |    925.0051 |    930.5632 |    928.5823 |    931.8921 |    929.0672 |    930.0943 |    930.7154 |    927.1451 |    923.2081 |    928.4273 |    926.5030 |    930.6134 |    930.1559 |    929.3509 |    930.4136 |
|            Clock [MHz]            |  3687.3180 |  3624.7143 |  3652.0477 |  3652.9417 |  3652.4874 |  3651.4478 |  3651.7258 |  3652.4473 |  3651.3088 |  3651.0869 |   3651.2900 |   3650.6873 |   3651.4157 |   3650.5911 |   3651.2106 |   3651.3131 |   3650.3984 |   3650.5546 |   3650.3565 |   3650.3011 |   3650.2818 |   3650.2290 |   3650.6028 |   3650.3758 |   3654.2691 |   3654.5143 |   3654.0425 |   3654.2700 |   3654.2236 |   3654.1810 |   3654.4931 |   3654.1734 |   3654.0936 |   3654.8140 |   3654.6265 |   3654.8325 |   3654.2421 |   3654.2466 |   3655.0085 |   3654.6835 |   3654.2006 |   3654.2308 |   3654.4667 |   3654.4596 |   3655.2327 |   3654.6351 |   3654.5417 |   3654.5876 |   3636.8686 |   3637.1848 |   3637.3803 |   3637.5884 |   3637.3446 |   3637.2151 |   3637.5655 |   3637.3535 |   3635.9192 |   3635.3873 |   3636.5692 |   3635.8415 |   3635.9434 |   3635.8970 |   3636.1989 |   3636.9549 |
|                CPI                |     0.4999 |     0.4887 |     0.4897 |     0.4897 |     0.4887 |     0.4902 |     0.4898 |     0.4893 |     0.4902 |     0.4903 |      0.4902 |      0.4905 |      0.4900 |      0.4904 |      0.4894 |      0.4897 |      0.4900 |      0.4911 |      0.4915 |      0.4912 |      0.4915 |      0.4909 |      0.4907 |      0.4909 |      0.4923 |      0.4922 |      0.4921 |      0.4921 |      0.4917 |      0.4924 |      0.4918 |      0.4917 |      0.4915 |      0.4912 |      0.4922 |      0.4914 |      0.4919 |      0.4922 |      0.4921 |      0.4913 |      0.4913 |      0.4914 |      0.4930 |      0.4927 |      0.4927 |      0.4928 |      0.4927 |      0.4926 |      0.4887 |      0.4874 |      0.4895 |      0.4887 |      0.4902 |      0.4895 |      0.4899 |      0.4900 |      0.4881 |      0.4871 |      0.4894 |      0.4882 |      0.4895 |      0.4894 |      0.4896 |      0.4949 |
|  Memory read bandwidth [MBytes/s] | 70190.9504 |          0 |          0 |          0 |          0 |          0 |          0 |          0 |          0 |          0 |           0 |           0 |           0 |           0 |           0 |           0 |           0 |           0 |           0 |           0 |           0 |           0 |           0 |           0 |           0 |           0 |           0 |           0 |           0 |           0 |           0 |           0 |           0 |           0 |           0 |           0 |           0 |           0 |           0 |           0 |           0 |           0 |           0 |           0 |           0 |           0 |           0 |           0 |           0 |           0 |           0 |           0 |           0 |           0 |           0 |           0 |           0 |           0 |           0 |           0 |           0 |           0 |           0 |           0 |
|  Memory read data volume [GBytes] | 59437.2327 |          0 |          0 |          0 |          0 |          0 |          0 |          0 |          0 |          0 |           0 |           0 |           0 |           0 |           0 |           0 |           0 |           0 |           0 |           0 |           0 |           0 |           0 |           0 |           0 |           0 |           0 |           0 |           0 |           0 |           0 |           0 |           0 |           0 |           0 |           0 |           0 |           0 |           0 |           0 |           0 |           0 |           0 |           0 |           0 |           0 |           0 |           0 |           0 |           0 |           0 |           0 |           0 |           0 |           0 |           0 |           0 |           0 |           0 |           0 |           0 |           0 |           0 |           0 |
| Memory write bandwidth [MBytes/s] | 23117.9617 |          0 |          0 |          0 |          0 |          0 |          0 |          0 |          0 |          0 |           0 |           0 |           0 |           0 |           0 |           0 |           0 |           0 |           0 |           0 |           0 |           0 |           0 |           0 |           0 |           0 |           0 |           0 |           0 |           0 |           0 |           0 |           0 |           0 |           0 |           0 |           0 |           0 |           0 |           0 |           0 |           0 |           0 |           0 |           0 |           0 |           0 |           0 |           0 |           0 |           0 |           0 |           0 |           0 |           0 |           0 |           0 |           0 |           0 |           0 |           0 |           0 |           0 |           0 |
| Memory write data volume [GBytes] | 19576.1371 |          0 |          0 |          0 |          0 |          0 |          0 |          0 |          0 |          0 |           0 |           0 |           0 |           0 |           0 |           0 |           0 |           0 |           0 |           0 |           0 |           0 |           0 |           0 |           0 |           0 |           0 |           0 |           0 |           0 |           0 |           0 |           0 |           0 |           0 |           0 |           0 |           0 |           0 |           0 |           0 |           0 |           0 |           0 |           0 |           0 |           0 |           0 |           0 |           0 |           0 |           0 |           0 |           0 |           0 |           0 |           0 |           0 |           0 |           0 |           0 |           0 |           0 |           0 |
|    Memory bandwidth [MBytes/s]    | 93308.9121 |          0 |          0 |          0 |          0 |          0 |          0 |          0 |          0 |          0 |           0 |           0 |           0 |           0 |           0 |           0 |           0 |           0 |           0 |           0 |           0 |           0 |           0 |           0 |           0 |           0 |           0 |           0 |           0 |           0 |           0 |           0 |           0 |           0 |           0 |           0 |           0 |           0 |           0 |           0 |           0 |           0 |           0 |           0 |           0 |           0 |           0 |           0 |           0 |           0 |           0 |           0 |           0 |           0 |           0 |           0 |           0 |           0 |           0 |           0 |           0 |           0 |           0 |           0 |
|    Memory data volume [GBytes]    | 79013.3697 |          0 |          0 |          0 |          0 |          0 |          0 |          0 |          0 |          0 |           0 |           0 |           0 |           0 |           0 |           0 |           0 |           0 |           0 |           0 |           0 |           0 |           0 |           0 |           0 |           0 |           0 |           0 |           0 |           0 |           0 |           0 |           0 |           0 |           0 |           0 |           0 |           0 |           0 |           0 |           0 |           0 |           0 |           0 |           0 |           0 |           0 |           0 |           0 |           0 |           0 |           0 |           0 |           0 |           0 |           0 |           0 |           0 |           0 |           0 |           0 |           0 |           0 |           0 |
+-----------------------------------+------------+------------+------------+------------+------------+------------+------------+------------+------------+------------+-------------+-------------+-------------+-------------+-------------+-------------+-------------+-------------+-------------+-------------+-------------+-------------+-------------+-------------+-------------+-------------+-------------+-------------+-------------+-------------+-------------+-------------+-------------+-------------+-------------+-------------+-------------+-------------+-------------+-------------+-------------+-------------+-------------+-------------+-------------+-------------+-------------+-------------+-------------+-------------+-------------+-------------+-------------+-------------+-------------+-------------+-------------+-------------+-------------+-------------+-------------+-------------+-------------+-------------+

+----------------------------------------+-------------+-----------+------------+-----------+
|                 Metric                 |     Sum     |    Min    |     Max    |    Avg    |
+----------------------------------------+-------------+-----------+------------+-----------+
|        Runtime (RDTSC) [s] STAT        |  54194.7776 |  846.7934 |   846.7934 |  846.7934 |
|        Runtime unhalted [s] STAT       |  60302.4838 |  923.2081 |  1204.8478 |  942.2263 |
|            Clock [MHz] STAT            | 233531.4148 | 3624.7143 |  3687.3180 | 3648.9284 |
|                CPI STAT                |     31.4139 |    0.4871 |     0.4999 |    0.4908 |
|  Memory read bandwidth [MBytes/s] STAT |  70190.9504 |         0 | 70190.9504 | 1096.7336 |
|  Memory read data volume [GBytes] STAT |  59437.2327 |         0 | 59437.2327 |  928.7068 |
| Memory write bandwidth [MBytes/s] STAT |  23117.9617 |         0 | 23117.9617 |  361.2182 |
| Memory write data volume [GBytes] STAT |  19576.1371 |         0 | 19576.1371 |  305.8771 |
|    Memory bandwidth [MBytes/s] STAT    |  93308.9121 |         0 | 93308.9121 | 1457.9518 |
|    Memory data volume [GBytes] STAT    |  79013.3697 |         0 | 79013.3697 | 1234.5839 |
+----------------------------------------+-------------+-----------+------------+-----------+

