INFO: You are running LIKWID in a cpuset with 80 CPUs. Taking given IDs as logical ID in cpuset
--------------------------------------------------------------------------------
CPU name:	AMD EPYC 9A14 96-Core Processor                
CPU type:	AMD K19 (Zen4) architecture
CPU clock:	2.60 GHz
--------------------------------------------------------------------------------
Use symmetry. Molecule point group: C2v
Norb: 24   Ne: (5, 5)
Running RHF...
converged SCF energy = -76.0267607337664
Running FCI ...
Guessing CI wfn symmetry = 0
Num symmetry allowed elements 451681246
tol 1e-10  toloose 1e-05
max_cycle 100  max_space 12  max_memory 760536  incore True
    CPU time for contract_2e   3712.08 sec, wall time     52.38 sec
davidson 0 1  |r|= 0.999  e= [-85.21409431]  max|de|= -85.2  lindep=    1
    CPU time for contract_2e   3756.68 sec, wall time     52.67 sec
davidson 1 2  |r|= 0.336  e= [-85.41295423]  max|de|= -0.199  lindep= 0.992
    CPU time for contract_2e   3772.95 sec, wall time     54.44 sec
davidson 2 3  |r|= 0.0993  e= [-85.4295567]  max|de|= -0.0166  lindep= 0.982
    CPU time for contract_2e   3783.13 sec, wall time     56.12 sec
davidson 3 4  |r|= 0.0324  e= [-85.43094102]  max|de|= -0.00138  lindep= 0.955
    CPU time for contract_2e   3809.97 sec, wall time     57.99 sec
davidson 4 5  |r|= 0.0129  e= [-85.43110245]  max|de|= -0.000161  lindep= 0.911
    CPU time for contract_2e   3840.63 sec, wall time     60.06 sec
davidson 5 6  |r|= 0.00436  e= [-85.43112741]  max|de|= -2.5e-05  lindep= 0.833
    CPU time for contract_2e   3836.52 sec, wall time     61.63 sec
davidson 6 7  |r|= 0.00169  e= [-85.43113026]  max|de|= -2.84e-06  lindep= 0.932
    CPU time for contract_2e   3838.04 sec, wall time     63.21 sec
davidson 7 8  |r|= 0.000705  e= [-85.4311307]  max|de|= -4.44e-07  lindep= 0.849
    CPU time for contract_2e   3844.34 sec, wall time     64.87 sec
davidson 8 9  |r|= 0.000319  e= [-85.43113078]  max|de|= -8.55e-08  lindep= 0.895
    CPU time for contract_2e   3846.90 sec, wall time     66.51 sec
davidson 9 10  |r|= 0.000127  e= [-85.4311308]  max|de|= -1.57e-08  lindep= 0.804
    CPU time for contract_2e   3879.81 sec, wall time     68.52 sec
davidson 10 11  |r|= 4.77e-05  e= [-85.4311308]  max|de|= -2.31e-09  lindep= 0.878
    CPU time for contract_2e   3891.72 sec, wall time     70.23 sec
davidson 11 12  |r|= 1.71e-05  e= [-85.4311308]  max|de|= -2.93e-10  lindep= 0.87
    CPU time for contract_2e   3907.41 sec, wall time     72.82 sec
davidson 12 1  |r|= 1.71e-05  e= [-85.4311308]  max|de|= 3.15e-12  lindep=    1
    CPU time for contract_2e   3766.41 sec, wall time     52.74 sec
root 0 converged  |r|= 6.26e-06  e= -85.43113080323205  max|de|= -3.3e-11
converged 13 2  |r|= 6.26e-06  e= [-85.4311308]  max|de|= -3.3e-11
--------------------------------------------------------------------------------
Group 1: MEM
+----------------------+---------+---------------+---------------+---------------+---------------+---------------+---------------+---------------+---------------+---------------+---------------+---------------+---------------+---------------+---------------+---------------+---------------+---------------+---------------+---------------+---------------+---------------+---------------+---------------+---------------+---------------+---------------+---------------+---------------+---------------+---------------+---------------+---------------+---------------+---------------+---------------+---------------+---------------+---------------+---------------+---------------+---------------+---------------+---------------+---------------+---------------+---------------+---------------+---------------+---------------+---------------+---------------+---------------+---------------+---------------+---------------+---------------+---------------+---------------+---------------+---------------+---------------+---------------+---------------+---------------+---------------+---------------+---------------+---------------+---------------+---------------+---------------+---------------+---------------+---------------+---------------+---------------+---------------+---------------+---------------+---------------+
|         Event        | Counter |   HWThread 0  |   HWThread 1  |   HWThread 2  |   HWThread 3  |   HWThread 4  |   HWThread 5  |   HWThread 6  |   HWThread 7  |   HWThread 8  |   HWThread 9  |  HWThread 10  |  HWThread 11  |  HWThread 12  |  HWThread 13  |  HWThread 14  |  HWThread 15  |  HWThread 16  |  HWThread 17  |  HWThread 18  |  HWThread 19  |  HWThread 20  |  HWThread 21  |  HWThread 22  |  HWThread 23  |  HWThread 24  |  HWThread 25  |  HWThread 26  |  HWThread 27  |  HWThread 28  |  HWThread 29  |  HWThread 30  |  HWThread 31  |  HWThread 32  |  HWThread 33  |  HWThread 34  |  HWThread 35  |  HWThread 36  |  HWThread 37  |  HWThread 38  |  HWThread 39  |  HWThread 40  |  HWThread 41  |  HWThread 42  |  HWThread 43  |  HWThread 44  |  HWThread 45  |  HWThread 46  |  HWThread 47  |  HWThread 48  |  HWThread 49  |  HWThread 50  |  HWThread 51  |  HWThread 52  |  HWThread 53  |  HWThread 54  |  HWThread 55  |  HWThread 56  |  HWThread 57  |  HWThread 58  |  HWThread 59  |  HWThread 60  |  HWThread 61  |  HWThread 62  |  HWThread 63  |  HWThread 64  |  HWThread 65  |  HWThread 66  |  HWThread 67  |  HWThread 68  |  HWThread 69  |  HWThread 70  |  HWThread 71  |  HWThread 72  |  HWThread 73  |  HWThread 74  |  HWThread 75  |  HWThread 76  |  HWThread 77  |  HWThread 78  |  HWThread 79  |
+----------------------+---------+---------------+---------------+---------------+---------------+---------------+---------------+---------------+---------------+---------------+---------------+---------------+---------------+---------------+---------------+---------------+---------------+---------------+---------------+---------------+---------------+---------------+---------------+---------------+---------------+---------------+---------------+---------------+---------------+---------------+---------------+---------------+---------------+---------------+---------------+---------------+---------------+---------------+---------------+---------------+---------------+---------------+---------------+---------------+---------------+---------------+---------------+---------------+---------------+---------------+---------------+---------------+---------------+---------------+---------------+---------------+---------------+---------------+---------------+---------------+---------------+---------------+---------------+---------------+---------------+---------------+---------------+---------------+---------------+---------------+---------------+---------------+---------------+---------------+---------------+---------------+---------------+---------------+---------------+---------------+---------------+
|   ACTUAL_CPU_CLOCK   |  FIXC1  | 3023821815301 | 2323393919132 | 2323060274727 | 2314074748566 | 2320923436024 | 2326071098467 | 2317272133478 | 2326955073517 | 2226562006515 | 2221247806836 | 2218999121355 | 2237934393859 | 2237679478628 | 2241935621035 | 2255905662265 | 2250193050415 | 2233275674933 | 2239933510736 | 2236675802521 | 2243314530201 | 2256279066495 | 2243909139816 | 2259644467723 | 2291323371827 | 2478447331954 | 2475373612183 | 2472767834524 | 2474666578356 | 2483517383632 | 2484909064058 | 2487098136534 | 2485889261634 | 2467443350011 | 2460463189383 | 2465435552996 | 2472432375606 | 2474741905454 | 2476504846004 | 2480463318847 | 2479403101967 | 2449398193507 | 2457273779816 | 2455566557617 | 2460009189510 | 2467220808037 | 2472647026802 | 2468044757162 | 2478429265806 | 2486377577386 | 2491986141823 | 2494212649959 | 2492218640983 | 2481541236914 | 2491659691428 | 2476792998380 | 2479976764384 | 2491091157589 | 2480917486245 | 2473626640810 | 2454182197932 | 2488825329202 | 2446018506326 | 2479941338092 | 2458412148660 | 2483136170629 | 2482675955905 | 2457571412022 | 2458892586212 | 2444109786077 | 2483159853196 | 2463488882739 | 2443871793358 | 2491284507430 | 2476012250818 | 2473727171983 | 2470066523631 | 2480417602852 | 2474575034452 | 2469323084307 | 2468925428729 |
|     MAX_CPU_CLOCK    |  FIXC2  | 2161711814054 | 1697816479684 | 1684141784520 | 1678220318164 | 1682912590580 | 1686392315686 | 1680046496414 | 1686844833908 | 1614761792306 | 1610896793662 | 1609280091302 | 1622744439004 | 1622516561640 | 1625615569136 | 1635540502492 | 1629791975968 | 1620716931418 | 1625104033618 | 1622761628436 | 1627806708294 | 1636770286580 | 1628224563212 | 1639304218214 | 1661505891656 | 1777757939932 | 1775605165854 | 1773763086264 | 1773785919412 | 1781297996894 | 1782304343508 | 1783785392298 | 1782795157858 | 1769001760214 | 1764909182296 | 1768415558520 | 1773205452356 | 1774368120330 | 1776030287278 | 1778648517490 | 1776247927870 | 1755165434360 | 1762717228428 | 1761950108230 | 1764494287062 | 1769962036622 | 1772853455074 | 1768973435918 | 1777261611918 | 1795941076124 | 1802152321008 | 1804456281576 | 1802781107608 | 1791720798400 | 1801718294428 | 1786954965302 | 1790052971798 | 1801419050028 | 1793488880274 | 1786604302340 | 1766615777992 | 1801243895334 | 1758534916996 | 1792241598654 | 1770686516690 | 1799449319122 | 1799153240092 | 1773883372352 | 1775245260022 | 1760137532894 | 1799440033612 | 1779468807376 | 1760040391642 | 1781028824926 | 1764756772584 | 1762476684202 | 1758527078256 | 1769472622450 | 1763092248320 | 1757894157786 | 1757627258816 |
| RETIRED_INSTRUCTIONS |   PMC0  | 4565062518391 | 3864817980273 | 3865237878827 | 3865167367670 | 3865171942720 | 3865112237237 | 3865808300964 | 3865826047265 | 3869326970064 | 3868993237313 | 3862269108710 | 3861875862779 | 3862290387394 | 3862044936322 | 3861904737085 | 3861834076125 | 3858356084483 | 3851397807142 | 3852283349858 | 3851676122215 | 3852033019718 | 3844779026160 | 3844957849461 | 3845247629162 | 3844752170090 | 3844711250167 | 3844602074560 | 3844324935815 | 3844036625789 | 3843632053112 | 3843870598465 | 3843782659503 | 3848087980463 | 3847938987866 | 3847986375711 | 3847586734859 | 3847546123671 | 3847296659325 | 3846861383154 | 3846117466738 | 3844060804210 | 3844129184172 | 3844337287299 | 3843938071418 | 3844470994584 | 3843922689577 | 3843852270355 | 3843627776843 | 3825214441971 | 3825222082875 | 3825540104077 | 3824617131484 | 3824082601062 | 3823798704644 | 3823533685842 | 3822796315921 | 3822660134049 | 3822567985682 | 3822152651235 | 3820766272349 | 3822037388664 | 3819837284952 | 3821091400379 | 3819033328425 | 3817646970012 | 3818082614743 | 3815995747445 | 3816908874196 | 3815855558449 | 3816828428096 | 3812359795788 | 3814610899136 | 3818983748157 | 3818516689812 | 3818436270942 | 3817279809512 | 3817477814411 | 3816786228694 | 3816017317060 | 3754177464916 |
|  CPU_CLOCKS_UNHALTED |   PMC1  | 2610355390842 | 2199970897728 | 2205959819900 | 2200758386880 | 2206685276164 | 2207944128665 | 2203723839801 | 2211915919636 | 2119755794311 | 2116796029972 | 2117497654863 | 2132782291194 | 2133566653294 | 2137563479489 | 2147757187389 | 2146208603110 | 2127732748711 | 2134638164142 | 2132606526057 | 2136066086734 | 2144810652369 | 2137923266243 | 2151709465066 | 2174705664544 | 2326955415274 | 2325772732420 | 2327466215539 | 2327374443022 | 2331735741621 | 2334170476750 | 2335295611290 | 2337841444007 | 2323560044852 | 2320736075521 | 2325422700048 | 2327503794673 | 2333079123159 | 2335239158501 | 2335242875826 | 2337260281410 | 2313595363679 | 2317712256244 | 2315917980842 | 2319033540868 | 2325241222802 | 2329625835482 | 2329384820139 | 2334226138590 | 2332305202319 | 2333877186103 | 2338213343535 | 2332970896607 | 2331692748954 | 2330051800419 | 2329458906166 | 2331308547291 | 2331766642979 | 2328018230938 | 2329908816535 | 2323470672072 | 2332863492657 | 2320321037469 | 2328643148138 | 2322302252012 | 2324721923087 | 2329866305241 | 2320114710619 | 2323756236273 | 2318419411356 | 2329118820452 | 2298738302453 | 2317364527981 | 2350999240534 | 2349886972040 | 2347288052588 | 2346199626821 | 2347520168717 | 2347397832029 | 2346805702420 | 2344997083273 |
|      CAS_CMD_RD      |  UMC0C0 |   85815988460 |             0 |             0 |             0 |             0 |             0 |             0 |             0 |             0 |             0 |             0 |             0 |             0 |             0 |             0 |             0 |             0 |             0 |             0 |             0 |             0 |             0 |             0 |             0 |             0 |             0 |             0 |             0 |             0 |             0 |             0 |             0 |             0 |             0 |             0 |             0 |             0 |             0 |             0 |             0 |             0 |             0 |             0 |             0 |             0 |             0 |             0 |             0 |             0 |             0 |             0 |             0 |             0 |             0 |             0 |             0 |             0 |             0 |             0 |             0 |             0 |             0 |             0 |             0 |             0 |             0 |             0 |             0 |             0 |             0 |             0 |             0 |             0 |             0 |             0 |             0 |             0 |             0 |             0 |             0 |
|      CAS_CMD_WR      |  UMC0C1 |   30053072324 |             0 |             0 |             0 |             0 |             0 |             0 |             0 |             0 |             0 |             0 |             0 |             0 |             0 |             0 |             0 |             0 |             0 |             0 |             0 |             0 |             0 |             0 |             0 |             0 |             0 |             0 |             0 |             0 |             0 |             0 |             0 |             0 |             0 |             0 |             0 |             0 |             0 |             0 |             0 |             0 |             0 |             0 |             0 |             0 |             0 |             0 |             0 |             0 |             0 |             0 |             0 |             0 |             0 |             0 |             0 |             0 |             0 |             0 |             0 |             0 |             0 |             0 |             0 |             0 |             0 |             0 |             0 |             0 |             0 |             0 |             0 |             0 |             0 |             0 |             0 |             0 |             0 |             0 |             0 |
|      CAS_CMD_RD      |  UMC1C0 |   86123197514 |             0 |             0 |             0 |             0 |             0 |             0 |             0 |             0 |             0 |             0 |             0 |             0 |             0 |             0 |             0 |             0 |             0 |             0 |             0 |             0 |             0 |             0 |             0 |             0 |             0 |             0 |             0 |             0 |             0 |             0 |             0 |             0 |             0 |             0 |             0 |             0 |             0 |             0 |             0 |             0 |             0 |             0 |             0 |             0 |             0 |             0 |             0 |             0 |             0 |             0 |             0 |             0 |             0 |             0 |             0 |             0 |             0 |             0 |             0 |             0 |             0 |             0 |             0 |             0 |             0 |             0 |             0 |             0 |             0 |             0 |             0 |             0 |             0 |             0 |             0 |             0 |             0 |             0 |             0 |
|      CAS_CMD_WR      |  UMC1C1 |   30039760513 |             0 |             0 |             0 |             0 |             0 |             0 |             0 |             0 |             0 |             0 |             0 |             0 |             0 |             0 |             0 |             0 |             0 |             0 |             0 |             0 |             0 |             0 |             0 |             0 |             0 |             0 |             0 |             0 |             0 |             0 |             0 |             0 |             0 |             0 |             0 |             0 |             0 |             0 |             0 |             0 |             0 |             0 |             0 |             0 |             0 |             0 |             0 |             0 |             0 |             0 |             0 |             0 |             0 |             0 |             0 |             0 |             0 |             0 |             0 |             0 |             0 |             0 |             0 |             0 |             0 |             0 |             0 |             0 |             0 |             0 |             0 |             0 |             0 |             0 |             0 |             0 |             0 |             0 |             0 |
|      CAS_CMD_RD      |  UMC2C0 |   85906694979 |             0 |             0 |             0 |             0 |             0 |             0 |             0 |             0 |             0 |             0 |             0 |             0 |             0 |             0 |             0 |             0 |             0 |             0 |             0 |             0 |             0 |             0 |             0 |             0 |             0 |             0 |             0 |             0 |             0 |             0 |             0 |             0 |             0 |             0 |             0 |             0 |             0 |             0 |             0 |             0 |             0 |             0 |             0 |             0 |             0 |             0 |             0 |             0 |             0 |             0 |             0 |             0 |             0 |             0 |             0 |             0 |             0 |             0 |             0 |             0 |             0 |             0 |             0 |             0 |             0 |             0 |             0 |             0 |             0 |             0 |             0 |             0 |             0 |             0 |             0 |             0 |             0 |             0 |             0 |
|      CAS_CMD_WR      |  UMC2C1 |   30075840435 |             0 |             0 |             0 |             0 |             0 |             0 |             0 |             0 |             0 |             0 |             0 |             0 |             0 |             0 |             0 |             0 |             0 |             0 |             0 |             0 |             0 |             0 |             0 |             0 |             0 |             0 |             0 |             0 |             0 |             0 |             0 |             0 |             0 |             0 |             0 |             0 |             0 |             0 |             0 |             0 |             0 |             0 |             0 |             0 |             0 |             0 |             0 |             0 |             0 |             0 |             0 |             0 |             0 |             0 |             0 |             0 |             0 |             0 |             0 |             0 |             0 |             0 |             0 |             0 |             0 |             0 |             0 |             0 |             0 |             0 |             0 |             0 |             0 |             0 |             0 |             0 |             0 |             0 |             0 |
|      CAS_CMD_RD      |  UMC3C0 |   85690110794 |             0 |             0 |             0 |             0 |             0 |             0 |             0 |             0 |             0 |             0 |             0 |             0 |             0 |             0 |             0 |             0 |             0 |             0 |             0 |             0 |             0 |             0 |             0 |             0 |             0 |             0 |             0 |             0 |             0 |             0 |             0 |             0 |             0 |             0 |             0 |             0 |             0 |             0 |             0 |             0 |             0 |             0 |             0 |             0 |             0 |             0 |             0 |             0 |             0 |             0 |             0 |             0 |             0 |             0 |             0 |             0 |             0 |             0 |             0 |             0 |             0 |             0 |             0 |             0 |             0 |             0 |             0 |             0 |             0 |             0 |             0 |             0 |             0 |             0 |             0 |             0 |             0 |             0 |             0 |
|      CAS_CMD_WR      |  UMC3C1 |   29977943836 |             0 |             0 |             0 |             0 |             0 |             0 |             0 |             0 |             0 |             0 |             0 |             0 |             0 |             0 |             0 |             0 |             0 |             0 |             0 |             0 |             0 |             0 |             0 |             0 |             0 |             0 |             0 |             0 |             0 |             0 |             0 |             0 |             0 |             0 |             0 |             0 |             0 |             0 |             0 |             0 |             0 |             0 |             0 |             0 |             0 |             0 |             0 |             0 |             0 |             0 |             0 |             0 |             0 |             0 |             0 |             0 |             0 |             0 |             0 |             0 |             0 |             0 |             0 |             0 |             0 |             0 |             0 |             0 |             0 |             0 |             0 |             0 |             0 |             0 |             0 |             0 |             0 |             0 |             0 |
|      CAS_CMD_RD      |  UMC4C0 |   85709026593 |             0 |             0 |             0 |             0 |             0 |             0 |             0 |             0 |             0 |             0 |             0 |             0 |             0 |             0 |             0 |             0 |             0 |             0 |             0 |             0 |             0 |             0 |             0 |             0 |             0 |             0 |             0 |             0 |             0 |             0 |             0 |             0 |             0 |             0 |             0 |             0 |             0 |             0 |             0 |             0 |             0 |             0 |             0 |             0 |             0 |             0 |             0 |             0 |             0 |             0 |             0 |             0 |             0 |             0 |             0 |             0 |             0 |             0 |             0 |             0 |             0 |             0 |             0 |             0 |             0 |             0 |             0 |             0 |             0 |             0 |             0 |             0 |             0 |             0 |             0 |             0 |             0 |             0 |             0 |
|      CAS_CMD_WR      |  UMC4C1 |   30006117028 |             0 |             0 |             0 |             0 |             0 |             0 |             0 |             0 |             0 |             0 |             0 |             0 |             0 |             0 |             0 |             0 |             0 |             0 |             0 |             0 |             0 |             0 |             0 |             0 |             0 |             0 |             0 |             0 |             0 |             0 |             0 |             0 |             0 |             0 |             0 |             0 |             0 |             0 |             0 |             0 |             0 |             0 |             0 |             0 |             0 |             0 |             0 |             0 |             0 |             0 |             0 |             0 |             0 |             0 |             0 |             0 |             0 |             0 |             0 |             0 |             0 |             0 |             0 |             0 |             0 |             0 |             0 |             0 |             0 |             0 |             0 |             0 |             0 |             0 |             0 |             0 |             0 |             0 |             0 |
|      CAS_CMD_RD      |  UMC5C0 |   85711941322 |             0 |             0 |             0 |             0 |             0 |             0 |             0 |             0 |             0 |             0 |             0 |             0 |             0 |             0 |             0 |             0 |             0 |             0 |             0 |             0 |             0 |             0 |             0 |             0 |             0 |             0 |             0 |             0 |             0 |             0 |             0 |             0 |             0 |             0 |             0 |             0 |             0 |             0 |             0 |             0 |             0 |             0 |             0 |             0 |             0 |             0 |             0 |             0 |             0 |             0 |             0 |             0 |             0 |             0 |             0 |             0 |             0 |             0 |             0 |             0 |             0 |             0 |             0 |             0 |             0 |             0 |             0 |             0 |             0 |             0 |             0 |             0 |             0 |             0 |             0 |             0 |             0 |             0 |             0 |
|      CAS_CMD_WR      |  UMC5C1 |   30001351762 |             0 |             0 |             0 |             0 |             0 |             0 |             0 |             0 |             0 |             0 |             0 |             0 |             0 |             0 |             0 |             0 |             0 |             0 |             0 |             0 |             0 |             0 |             0 |             0 |             0 |             0 |             0 |             0 |             0 |             0 |             0 |             0 |             0 |             0 |             0 |             0 |             0 |             0 |             0 |             0 |             0 |             0 |             0 |             0 |             0 |             0 |             0 |             0 |             0 |             0 |             0 |             0 |             0 |             0 |             0 |             0 |             0 |             0 |             0 |             0 |             0 |             0 |             0 |             0 |             0 |             0 |             0 |             0 |             0 |             0 |             0 |             0 |             0 |             0 |             0 |             0 |             0 |             0 |             0 |
|      CAS_CMD_RD      |  UMC6C0 |   87664741746 |             0 |             0 |             0 |             0 |             0 |             0 |             0 |             0 |             0 |             0 |             0 |             0 |             0 |             0 |             0 |             0 |             0 |             0 |             0 |             0 |             0 |             0 |             0 |             0 |             0 |             0 |             0 |             0 |             0 |             0 |             0 |             0 |             0 |             0 |             0 |             0 |             0 |             0 |             0 |             0 |             0 |             0 |             0 |             0 |             0 |             0 |             0 |             0 |             0 |             0 |             0 |             0 |             0 |             0 |             0 |             0 |             0 |             0 |             0 |             0 |             0 |             0 |             0 |             0 |             0 |             0 |             0 |             0 |             0 |             0 |             0 |             0 |             0 |             0 |             0 |             0 |             0 |             0 |             0 |
|      CAS_CMD_WR      |  UMC6C1 |   30044436806 |             0 |             0 |             0 |             0 |             0 |             0 |             0 |             0 |             0 |             0 |             0 |             0 |             0 |             0 |             0 |             0 |             0 |             0 |             0 |             0 |             0 |             0 |             0 |             0 |             0 |             0 |             0 |             0 |             0 |             0 |             0 |             0 |             0 |             0 |             0 |             0 |             0 |             0 |             0 |             0 |             0 |             0 |             0 |             0 |             0 |             0 |             0 |             0 |             0 |             0 |             0 |             0 |             0 |             0 |             0 |             0 |             0 |             0 |             0 |             0 |             0 |             0 |             0 |             0 |             0 |             0 |             0 |             0 |             0 |             0 |             0 |             0 |             0 |             0 |             0 |             0 |             0 |             0 |             0 |
|      CAS_CMD_RD      |  UMC7C0 |   86320974429 |             0 |             0 |             0 |             0 |             0 |             0 |             0 |             0 |             0 |             0 |             0 |             0 |             0 |             0 |             0 |             0 |             0 |             0 |             0 |             0 |             0 |             0 |             0 |             0 |             0 |             0 |             0 |             0 |             0 |             0 |             0 |             0 |             0 |             0 |             0 |             0 |             0 |             0 |             0 |             0 |             0 |             0 |             0 |             0 |             0 |             0 |             0 |             0 |             0 |             0 |             0 |             0 |             0 |             0 |             0 |             0 |             0 |             0 |             0 |             0 |             0 |             0 |             0 |             0 |             0 |             0 |             0 |             0 |             0 |             0 |             0 |             0 |             0 |             0 |             0 |             0 |             0 |             0 |             0 |
|      CAS_CMD_WR      |  UMC7C1 |   30054468602 |             0 |             0 |             0 |             0 |             0 |             0 |             0 |             0 |             0 |             0 |             0 |             0 |             0 |             0 |             0 |             0 |             0 |             0 |             0 |             0 |             0 |             0 |             0 |             0 |             0 |             0 |             0 |             0 |             0 |             0 |             0 |             0 |             0 |             0 |             0 |             0 |             0 |             0 |             0 |             0 |             0 |             0 |             0 |             0 |             0 |             0 |             0 |             0 |             0 |             0 |             0 |             0 |             0 |             0 |             0 |             0 |             0 |             0 |             0 |             0 |             0 |             0 |             0 |             0 |             0 |             0 |             0 |             0 |             0 |             0 |             0 |             0 |             0 |             0 |             0 |             0 |             0 |             0 |             0 |
|      CAS_CMD_RD      |  UMC8C0 |   87981809045 |             0 |             0 |             0 |             0 |             0 |             0 |             0 |             0 |             0 |             0 |             0 |             0 |             0 |             0 |             0 |             0 |             0 |             0 |             0 |             0 |             0 |             0 |             0 |             0 |             0 |             0 |             0 |             0 |             0 |             0 |             0 |             0 |             0 |             0 |             0 |             0 |             0 |             0 |             0 |             0 |             0 |             0 |             0 |             0 |             0 |             0 |             0 |             0 |             0 |             0 |             0 |             0 |             0 |             0 |             0 |             0 |             0 |             0 |             0 |             0 |             0 |             0 |             0 |             0 |             0 |             0 |             0 |             0 |             0 |             0 |             0 |             0 |             0 |             0 |             0 |             0 |             0 |             0 |             0 |
|      CAS_CMD_WR      |  UMC8C1 |   30064686890 |             0 |             0 |             0 |             0 |             0 |             0 |             0 |             0 |             0 |             0 |             0 |             0 |             0 |             0 |             0 |             0 |             0 |             0 |             0 |             0 |             0 |             0 |             0 |             0 |             0 |             0 |             0 |             0 |             0 |             0 |             0 |             0 |             0 |             0 |             0 |             0 |             0 |             0 |             0 |             0 |             0 |             0 |             0 |             0 |             0 |             0 |             0 |             0 |             0 |             0 |             0 |             0 |             0 |             0 |             0 |             0 |             0 |             0 |             0 |             0 |             0 |             0 |             0 |             0 |             0 |             0 |             0 |             0 |             0 |             0 |             0 |             0 |             0 |             0 |             0 |             0 |             0 |             0 |             0 |
|      CAS_CMD_RD      |  UMC9C0 |   86720114798 |             0 |             0 |             0 |             0 |             0 |             0 |             0 |             0 |             0 |             0 |             0 |             0 |             0 |             0 |             0 |             0 |             0 |             0 |             0 |             0 |             0 |             0 |             0 |             0 |             0 |             0 |             0 |             0 |             0 |             0 |             0 |             0 |             0 |             0 |             0 |             0 |             0 |             0 |             0 |             0 |             0 |             0 |             0 |             0 |             0 |             0 |             0 |             0 |             0 |             0 |             0 |             0 |             0 |             0 |             0 |             0 |             0 |             0 |             0 |             0 |             0 |             0 |             0 |             0 |             0 |             0 |             0 |             0 |             0 |             0 |             0 |             0 |             0 |             0 |             0 |             0 |             0 |             0 |             0 |
|      CAS_CMD_WR      |  UMC9C1 |   30075466568 |             0 |             0 |             0 |             0 |             0 |             0 |             0 |             0 |             0 |             0 |             0 |             0 |             0 |             0 |             0 |             0 |             0 |             0 |             0 |             0 |             0 |             0 |             0 |             0 |             0 |             0 |             0 |             0 |             0 |             0 |             0 |             0 |             0 |             0 |             0 |             0 |             0 |             0 |             0 |             0 |             0 |             0 |             0 |             0 |             0 |             0 |             0 |             0 |             0 |             0 |             0 |             0 |             0 |             0 |             0 |             0 |             0 |             0 |             0 |             0 |             0 |             0 |             0 |             0 |             0 |             0 |             0 |             0 |             0 |             0 |             0 |             0 |             0 |             0 |             0 |             0 |             0 |             0 |             0 |
|      CAS_CMD_RD      | UMC10C0 |   86614168686 |             0 |             0 |             0 |             0 |             0 |             0 |             0 |             0 |             0 |             0 |             0 |             0 |             0 |             0 |             0 |             0 |             0 |             0 |             0 |             0 |             0 |             0 |             0 |             0 |             0 |             0 |             0 |             0 |             0 |             0 |             0 |             0 |             0 |             0 |             0 |             0 |             0 |             0 |             0 |             0 |             0 |             0 |             0 |             0 |             0 |             0 |             0 |             0 |             0 |             0 |             0 |             0 |             0 |             0 |             0 |             0 |             0 |             0 |             0 |             0 |             0 |             0 |             0 |             0 |             0 |             0 |             0 |             0 |             0 |             0 |             0 |             0 |             0 |             0 |             0 |             0 |             0 |             0 |             0 |
|      CAS_CMD_WR      | UMC10C1 |   30119605611 |             0 |             0 |             0 |             0 |             0 |             0 |             0 |             0 |             0 |             0 |             0 |             0 |             0 |             0 |             0 |             0 |             0 |             0 |             0 |             0 |             0 |             0 |             0 |             0 |             0 |             0 |             0 |             0 |             0 |             0 |             0 |             0 |             0 |             0 |             0 |             0 |             0 |             0 |             0 |             0 |             0 |             0 |             0 |             0 |             0 |             0 |             0 |             0 |             0 |             0 |             0 |             0 |             0 |             0 |             0 |             0 |             0 |             0 |             0 |             0 |             0 |             0 |             0 |             0 |             0 |             0 |             0 |             0 |             0 |             0 |             0 |             0 |             0 |             0 |             0 |             0 |             0 |             0 |             0 |
|      CAS_CMD_RD      | UMC11C0 |   86996141275 |             0 |             0 |             0 |             0 |             0 |             0 |             0 |             0 |             0 |             0 |             0 |             0 |             0 |             0 |             0 |             0 |             0 |             0 |             0 |             0 |             0 |             0 |             0 |             0 |             0 |             0 |             0 |             0 |             0 |             0 |             0 |             0 |             0 |             0 |             0 |             0 |             0 |             0 |             0 |             0 |             0 |             0 |             0 |             0 |             0 |             0 |             0 |             0 |             0 |             0 |             0 |             0 |             0 |             0 |             0 |             0 |             0 |             0 |             0 |             0 |             0 |             0 |             0 |             0 |             0 |             0 |             0 |             0 |             0 |             0 |             0 |             0 |             0 |             0 |             0 |             0 |             0 |             0 |             0 |
|      CAS_CMD_WR      | UMC11C1 |   30086885605 |             0 |             0 |             0 |             0 |             0 |             0 |             0 |             0 |             0 |             0 |             0 |             0 |             0 |             0 |             0 |             0 |             0 |             0 |             0 |             0 |             0 |             0 |             0 |             0 |             0 |             0 |             0 |             0 |             0 |             0 |             0 |             0 |             0 |             0 |             0 |             0 |             0 |             0 |             0 |             0 |             0 |             0 |             0 |             0 |             0 |             0 |             0 |             0 |             0 |             0 |             0 |             0 |             0 |             0 |             0 |             0 |             0 |             0 |             0 |             0 |             0 |             0 |             0 |             0 |             0 |             0 |             0 |             0 |             0 |             0 |             0 |             0 |             0 |             0 |             0 |             0 |             0 |             0 |             0 |
+----------------------+---------+---------------+---------------+---------------+---------------+---------------+---------------+---------------+---------------+---------------+---------------+---------------+---------------+---------------+---------------+---------------+---------------+---------------+---------------+---------------+---------------+---------------+---------------+---------------+---------------+---------------+---------------+---------------+---------------+---------------+---------------+---------------+---------------+---------------+---------------+---------------+---------------+---------------+---------------+---------------+---------------+---------------+---------------+---------------+---------------+---------------+---------------+---------------+---------------+---------------+---------------+---------------+---------------+---------------+---------------+---------------+---------------+---------------+---------------+---------------+---------------+---------------+---------------+---------------+---------------+---------------+---------------+---------------+---------------+---------------+---------------+---------------+---------------+---------------+---------------+---------------+---------------+---------------+---------------+---------------+---------------+

+---------------------------+---------+-----------------+---------------+---------------+--------------+
|           Event           | Counter |       Sum       |      Min      |      Max      |      Avg     |
+---------------------------+---------+-----------------+---------------+---------------+--------------+
|   ACTUAL_CPU_CLOCK STAT   |  FIXC1  | 193687550176225 | 2218999121355 | 3023821815301 | 2.421094e+12 |
|     MAX_CPU_CLOCK STAT    |  FIXC2  | 139545034384938 | 1609280091302 | 2161711814054 | 1.744313e+12 |
| RETIRED_INSTRUCTIONS STAT |   PMC0  | 307789863380064 | 3754177464916 | 4565062518391 | 3.847373e+12 |
|  CPU_CLOCKS_UNHALTED STAT |   PMC1  | 182729195059741 | 2116796029972 | 2610355390842 | 2.284115e+12 |
|      CAS_CMD_RD STAT      |  UMC0C0 |     85815988460 |             0 |   85815988460 | 1.072700e+09 |
|      CAS_CMD_WR STAT      |  UMC0C1 |     30053072324 |             0 |   30053072324 | 3.756634e+08 |
|      CAS_CMD_RD STAT      |  UMC1C0 |     86123197514 |             0 |   86123197514 | 1.076540e+09 |
|      CAS_CMD_WR STAT      |  UMC1C1 |     30039760513 |             0 |   30039760513 | 3.754970e+08 |
|      CAS_CMD_RD STAT      |  UMC2C0 |     85906694979 |             0 |   85906694979 | 1.073834e+09 |
|      CAS_CMD_WR STAT      |  UMC2C1 |     30075840435 |             0 |   30075840435 | 3.759480e+08 |
|      CAS_CMD_RD STAT      |  UMC3C0 |     85690110794 |             0 |   85690110794 | 1.071126e+09 |
|      CAS_CMD_WR STAT      |  UMC3C1 |     29977943836 |             0 |   29977943836 | 3.747243e+08 |
|      CAS_CMD_RD STAT      |  UMC4C0 |     85709026593 |             0 |   85709026593 | 1.071363e+09 |
|      CAS_CMD_WR STAT      |  UMC4C1 |     30006117028 |             0 |   30006117028 | 3.750765e+08 |
|      CAS_CMD_RD STAT      |  UMC5C0 |     85711941322 |             0 |   85711941322 | 1.071399e+09 |
|      CAS_CMD_WR STAT      |  UMC5C1 |     30001351762 |             0 |   30001351762 | 3.750169e+08 |
|      CAS_CMD_RD STAT      |  UMC6C0 |     87664741746 |             0 |   87664741746 | 1.095809e+09 |
|      CAS_CMD_WR STAT      |  UMC6C1 |     30044436806 |             0 |   30044436806 | 3.755555e+08 |
|      CAS_CMD_RD STAT      |  UMC7C0 |     86320974429 |             0 |   86320974429 | 1.079012e+09 |
|      CAS_CMD_WR STAT      |  UMC7C1 |     30054468602 |             0 |   30054468602 | 3.756809e+08 |
|      CAS_CMD_RD STAT      |  UMC8C0 |     87981809045 |             0 |   87981809045 | 1.099773e+09 |
|      CAS_CMD_WR STAT      |  UMC8C1 |     30064686890 |             0 |   30064686890 | 3.758086e+08 |
|      CAS_CMD_RD STAT      |  UMC9C0 |     86720114798 |             0 |   86720114798 | 1.084001e+09 |
|      CAS_CMD_WR STAT      |  UMC9C1 |     30075466568 |             0 |   30075466568 | 3.759433e+08 |
|      CAS_CMD_RD STAT      | UMC10C0 |     86614168686 |             0 |   86614168686 | 1.082677e+09 |
|      CAS_CMD_WR STAT      | UMC10C1 |     30119605611 |             0 |   30119605611 | 3.764951e+08 |
|      CAS_CMD_RD STAT      | UMC11C0 |     86996141275 |             0 |   86996141275 | 1.087452e+09 |
|      CAS_CMD_WR STAT      | UMC11C1 |     30086885605 |             0 |   30086885605 | 3.760861e+08 |
+---------------------------+---------+-----------------+---------------+---------------+--------------+

+-----------------------------------+-------------+------------+------------+------------+------------+------------+------------+------------+------------+------------+-------------+-------------+-------------+-------------+-------------+-------------+-------------+-------------+-------------+-------------+-------------+-------------+-------------+-------------+-------------+-------------+-------------+-------------+-------------+-------------+-------------+-------------+-------------+-------------+-------------+-------------+-------------+-------------+-------------+-------------+-------------+-------------+-------------+-------------+-------------+-------------+-------------+-------------+-------------+-------------+-------------+-------------+-------------+-------------+-------------+-------------+-------------+-------------+-------------+-------------+-------------+-------------+-------------+-------------+-------------+-------------+-------------+-------------+-------------+-------------+-------------+-------------+-------------+-------------+-------------+-------------+-------------+-------------+-------------+-------------+
|               Metric              |  HWThread 0 | HWThread 1 | HWThread 2 | HWThread 3 | HWThread 4 | HWThread 5 | HWThread 6 | HWThread 7 | HWThread 8 | HWThread 9 | HWThread 10 | HWThread 11 | HWThread 12 | HWThread 13 | HWThread 14 | HWThread 15 | HWThread 16 | HWThread 17 | HWThread 18 | HWThread 19 | HWThread 20 | HWThread 21 | HWThread 22 | HWThread 23 | HWThread 24 | HWThread 25 | HWThread 26 | HWThread 27 | HWThread 28 | HWThread 29 | HWThread 30 | HWThread 31 | HWThread 32 | HWThread 33 | HWThread 34 | HWThread 35 | HWThread 36 | HWThread 37 | HWThread 38 | HWThread 39 | HWThread 40 | HWThread 41 | HWThread 42 | HWThread 43 | HWThread 44 | HWThread 45 | HWThread 46 | HWThread 47 | HWThread 48 | HWThread 49 | HWThread 50 | HWThread 51 | HWThread 52 | HWThread 53 | HWThread 54 | HWThread 55 | HWThread 56 | HWThread 57 | HWThread 58 | HWThread 59 | HWThread 60 | HWThread 61 | HWThread 62 | HWThread 63 | HWThread 64 | HWThread 65 | HWThread 66 | HWThread 67 | HWThread 68 | HWThread 69 | HWThread 70 | HWThread 71 | HWThread 72 | HWThread 73 | HWThread 74 | HWThread 75 | HWThread 76 | HWThread 77 | HWThread 78 | HWThread 79 |
+-----------------------------------+-------------+------------+------------+------------+------------+------------+------------+------------+------------+------------+-------------+-------------+-------------+-------------+-------------+-------------+-------------+-------------+-------------+-------------+-------------+-------------+-------------+-------------+-------------+-------------+-------------+-------------+-------------+-------------+-------------+-------------+-------------+-------------+-------------+-------------+-------------+-------------+-------------+-------------+-------------+-------------+-------------+-------------+-------------+-------------+-------------+-------------+-------------+-------------+-------------+-------------+-------------+-------------+-------------+-------------+-------------+-------------+-------------+-------------+-------------+-------------+-------------+-------------+-------------+-------------+-------------+-------------+-------------+-------------+-------------+-------------+-------------+-------------+-------------+-------------+-------------+-------------+-------------+-------------+
|        Runtime (RDTSC) [s]        |    873.6603 |   873.6603 |   873.6603 |   873.6603 |   873.6603 |   873.6603 |   873.6603 |   873.6603 |   873.6603 |   873.6603 |    873.6603 |    873.6603 |    873.6603 |    873.6603 |    873.6603 |    873.6603 |    873.6603 |    873.6603 |    873.6603 |    873.6603 |    873.6603 |    873.6603 |    873.6603 |    873.6603 |    873.6603 |    873.6603 |    873.6603 |    873.6603 |    873.6603 |    873.6603 |    873.6603 |    873.6603 |    873.6603 |    873.6603 |    873.6603 |    873.6603 |    873.6603 |    873.6603 |    873.6603 |    873.6603 |    873.6603 |    873.6603 |    873.6603 |    873.6603 |    873.6603 |    873.6603 |    873.6603 |    873.6603 |    873.6603 |    873.6603 |    873.6603 |    873.6603 |    873.6603 |    873.6603 |    873.6603 |    873.6603 |    873.6603 |    873.6603 |    873.6603 |    873.6603 |    873.6603 |    873.6603 |    873.6603 |    873.6603 |    873.6603 |    873.6603 |    873.6603 |    873.6603 |    873.6603 |    873.6603 |    873.6603 |    873.6603 |    873.6603 |    873.6603 |    873.6603 |    873.6603 |    873.6603 |    873.6603 |    873.6603 |    873.6603 |
|        Runtime unhalted [s]       |   1163.0111 |   893.6151 |   893.4868 |   890.0308 |   892.6649 |   894.6448 |   891.2606 |   894.9848 |   856.3720 |   854.3281 |    853.4632 |    860.7460 |    860.6480 |    862.2849 |    867.6580 |    865.4609 |    858.9542 |    861.5149 |    860.2619 |    862.8153 |    867.8017 |    863.0440 |    869.0960 |    881.2803 |    953.2512 |    952.0690 |    951.0668 |    951.7970 |    955.2012 |    955.7365 |    956.5784 |    956.1135 |    949.0189 |    946.3342 |    948.2466 |    950.9377 |    951.8260 |    952.5041 |    954.0266 |    953.6188 |    942.0784 |    945.1075 |    944.4509 |    946.1596 |    948.9333 |    951.0203 |    949.2502 |    953.2442 |    956.3013 |    958.4584 |    959.3148 |    958.5479 |    954.4412 |    958.3329 |    952.6149 |    953.8394 |    958.1142 |    954.2012 |    951.3971 |    943.9184 |    957.2427 |    940.7785 |    953.8258 |    945.5453 |    955.0546 |    954.8776 |    945.2220 |    945.7301 |    940.0444 |    955.0637 |    947.4979 |    939.9529 |    958.1886 |    952.3146 |    951.4357 |    950.0278 |    954.0090 |    951.7618 |    949.7419 |    949.5889 |
|            Clock [MHz]            |   3636.8948 |  3557.9877 |  3586.3624 |  3585.0957 |  3585.6805 |  3586.2182 |  3586.1469 |  3586.6187 |  3585.0785 |  3585.1030 |   3585.0716 |   3585.6638 |   3585.7589 |   3585.7304 |   3586.1791 |   3589.7148 |   3582.6758 |   3583.6559 |   3583.6093 |   3583.1062 |   3584.0777 |   3583.1361 |   3583.8754 |   3585.5587 |   3624.7613 |   3624.6552 |   3624.5999 |   3627.3364 |   3624.9579 |   3624.9413 |   3625.1223 |   3625.3728 |   3626.5299 |   3624.6564 |   3624.7801 |   3625.2479 |   3626.2566 |   3625.4436 |   3625.8933 |   3629.2417 |   3628.3876 |   3624.4594 |   3623.5182 |   3624.8398 |   3624.2355 |   3626.2824 |   3627.4719 |   3625.7471 |   3599.5428 |   3595.2283 |   3593.8459 |   3594.3096 |   3601.0032 |   3595.6232 |   3603.6985 |   3602.0859 |   3595.4000 |   3596.5489 |   3599.7979 |   3611.9110 |   3592.4790 |   3616.4385 |   3597.6358 |   3609.8184 |   3587.8416 |   3587.7669 |   3602.0806 |   3601.2522 |   3610.3262 |   3587.8943 |   3599.4203 |   3610.1739 |   3636.8444 |   3647.8777 |   3649.2260 |   3652.0098 |   3644.6288 |   3649.2022 |   3652.2251 |   3652.1914 |
|                CPI                |      0.5718 |     0.5692 |     0.5707 |     0.5694 |     0.5709 |     0.5712 |     0.5701 |     0.5722 |     0.5478 |     0.5471 |      0.5483 |      0.5523 |      0.5524 |      0.5535 |      0.5561 |      0.5557 |      0.5515 |      0.5543 |      0.5536 |      0.5546 |      0.5568 |      0.5561 |      0.5596 |      0.5656 |      0.6052 |      0.6049 |      0.6054 |      0.6054 |      0.6066 |      0.6073 |      0.6075 |      0.6082 |      0.6038 |      0.6031 |      0.6043 |      0.6049 |      0.6064 |      0.6070 |      0.6071 |      0.6077 |      0.6019 |      0.6029 |      0.6024 |      0.6033 |      0.6048 |      0.6061 |      0.6060 |      0.6073 |      0.6097 |      0.6101 |      0.6112 |      0.6100 |      0.6097 |      0.6094 |      0.6092 |      0.6098 |      0.6100 |      0.6090 |      0.6096 |      0.6081 |      0.6104 |      0.6074 |      0.6094 |      0.6081 |      0.6089 |      0.6102 |      0.6080 |      0.6088 |      0.6076 |      0.6102 |      0.6030 |      0.6075 |      0.6156 |      0.6154 |      0.6147 |      0.6146 |      0.6149 |      0.6150 |      0.6150 |      0.6246 |
|  Memory read bandwidth [MBytes/s] |  75984.1281 |          0 |          0 |          0 |          0 |          0 |          0 |          0 |          0 |          0 |           0 |           0 |           0 |           0 |           0 |           0 |           0 |           0 |           0 |           0 |           0 |           0 |           0 |           0 |           0 |           0 |           0 |           0 |           0 |           0 |           0 |           0 |           0 |           0 |           0 |           0 |           0 |           0 |           0 |           0 |           0 |           0 |           0 |           0 |           0 |           0 |           0 |           0 |           0 |           0 |           0 |           0 |           0 |           0 |           0 |           0 |           0 |           0 |           0 |           0 |           0 |           0 |           0 |           0 |           0 |           0 |           0 |           0 |           0 |           0 |           0 |           0 |           0 |           0 |           0 |           0 |           0 |           0 |           0 |           0 |
|  Memory read data volume [GBytes] |  66384.3142 |          0 |          0 |          0 |          0 |          0 |          0 |          0 |          0 |          0 |           0 |           0 |           0 |           0 |           0 |           0 |           0 |           0 |           0 |           0 |           0 |           0 |           0 |           0 |           0 |           0 |           0 |           0 |           0 |           0 |           0 |           0 |           0 |           0 |           0 |           0 |           0 |           0 |           0 |           0 |           0 |           0 |           0 |           0 |           0 |           0 |           0 |           0 |           0 |           0 |           0 |           0 |           0 |           0 |           0 |           0 |           0 |           0 |           0 |           0 |           0 |           0 |           0 |           0 |           0 |           0 |           0 |           0 |           0 |           0 |           0 |           0 |           0 |           0 |           0 |           0 |           0 |           0 |           0 |           0 |
| Memory write bandwidth [MBytes/s] |  26415.7332 |          0 |          0 |          0 |          0 |          0 |          0 |          0 |          0 |          0 |           0 |           0 |           0 |           0 |           0 |           0 |           0 |           0 |           0 |           0 |           0 |           0 |           0 |           0 |           0 |           0 |           0 |           0 |           0 |           0 |           0 |           0 |           0 |           0 |           0 |           0 |           0 |           0 |           0 |           0 |           0 |           0 |           0 |           0 |           0 |           0 |           0 |           0 |           0 |           0 |           0 |           0 |           0 |           0 |           0 |           0 |           0 |           0 |           0 |           0 |           0 |           0 |           0 |           0 |           0 |           0 |           0 |           0 |           0 |           0 |           0 |           0 |           0 |           0 |           0 |           0 |           0 |           0 |           0 |           0 |
| Memory write data volume [GBytes] |  23078.3767 |          0 |          0 |          0 |          0 |          0 |          0 |          0 |          0 |          0 |           0 |           0 |           0 |           0 |           0 |           0 |           0 |           0 |           0 |           0 |           0 |           0 |           0 |           0 |           0 |           0 |           0 |           0 |           0 |           0 |           0 |           0 |           0 |           0 |           0 |           0 |           0 |           0 |           0 |           0 |           0 |           0 |           0 |           0 |           0 |           0 |           0 |           0 |           0 |           0 |           0 |           0 |           0 |           0 |           0 |           0 |           0 |           0 |           0 |           0 |           0 |           0 |           0 |           0 |           0 |           0 |           0 |           0 |           0 |           0 |           0 |           0 |           0 |           0 |           0 |           0 |           0 |           0 |           0 |           0 |
|    Memory bandwidth [MBytes/s]    | 102399.8613 |          0 |          0 |          0 |          0 |          0 |          0 |          0 |          0 |          0 |           0 |           0 |           0 |           0 |           0 |           0 |           0 |           0 |           0 |           0 |           0 |           0 |           0 |           0 |           0 |           0 |           0 |           0 |           0 |           0 |           0 |           0 |           0 |           0 |           0 |           0 |           0 |           0 |           0 |           0 |           0 |           0 |           0 |           0 |           0 |           0 |           0 |           0 |           0 |           0 |           0 |           0 |           0 |           0 |           0 |           0 |           0 |           0 |           0 |           0 |           0 |           0 |           0 |           0 |           0 |           0 |           0 |           0 |           0 |           0 |           0 |           0 |           0 |           0 |           0 |           0 |           0 |           0 |           0 |           0 |
|    Memory data volume [GBytes]    |  89462.6909 |          0 |          0 |          0 |          0 |          0 |          0 |          0 |          0 |          0 |           0 |           0 |           0 |           0 |           0 |           0 |           0 |           0 |           0 |           0 |           0 |           0 |           0 |           0 |           0 |           0 |           0 |           0 |           0 |           0 |           0 |           0 |           0 |           0 |           0 |           0 |           0 |           0 |           0 |           0 |           0 |           0 |           0 |           0 |           0 |           0 |           0 |           0 |           0 |           0 |           0 |           0 |           0 |           0 |           0 |           0 |           0 |           0 |           0 |           0 |           0 |           0 |           0 |           0 |           0 |           0 |           0 |           0 |           0 |           0 |           0 |           0 |           0 |           0 |           0 |           0 |           0 |           0 |           0 |           0 |
+-----------------------------------+-------------+------------+------------+------------+------------+------------+------------+------------+------------+------------+-------------+-------------+-------------+-------------+-------------+-------------+-------------+-------------+-------------+-------------+-------------+-------------+-------------+-------------+-------------+-------------+-------------+-------------+-------------+-------------+-------------+-------------+-------------+-------------+-------------+-------------+-------------+-------------+-------------+-------------+-------------+-------------+-------------+-------------+-------------+-------------+-------------+-------------+-------------+-------------+-------------+-------------+-------------+-------------+-------------+-------------+-------------+-------------+-------------+-------------+-------------+-------------+-------------+-------------+-------------+-------------+-------------+-------------+-------------+-------------+-------------+-------------+-------------+-------------+-------------+-------------+-------------+-------------+-------------+-------------+

+----------------------------------------+-------------+-----------+-------------+-----------+
|                 Metric                 |     Sum     |    Min    |     Max     |    Avg    |
+----------------------------------------+-------------+-----------+-------------+-----------+
|        Runtime (RDTSC) [s] STAT        |  69892.8240 |  873.6603 |    873.6603 |  873.6603 |
|        Runtime unhalted [s] STAT       |  74495.3847 |  853.4632 |   1163.0111 |  931.1923 |
|            Clock [MHz] STAT            | 288660.0669 | 3557.9877 |   3652.2251 | 3608.2508 |
|                CPI STAT                |     47.5054 |    0.5471 |      0.6246 |    0.5938 |
|  Memory read bandwidth [MBytes/s] STAT |  75984.1281 |         0 |  75984.1281 |  949.8016 |
|  Memory read data volume [GBytes] STAT |  66384.3142 |         0 |  66384.3142 |  829.8039 |
| Memory write bandwidth [MBytes/s] STAT |  26415.7332 |         0 |  26415.7332 |  330.1967 |
| Memory write data volume [GBytes] STAT |  23078.3767 |         0 |  23078.3767 |  288.4797 |
|    Memory bandwidth [MBytes/s] STAT    | 102399.8613 |         0 | 102399.8613 | 1279.9983 |
|    Memory data volume [GBytes] STAT    |  89462.6909 |         0 |  89462.6909 | 1118.2836 |
+----------------------------------------+-------------+-----------+-------------+-----------+

