INFO: You are running LIKWID in a cpuset with 96 CPUs. Taking given IDs as logical ID in cpuset
--------------------------------------------------------------------------------
CPU name:	AMD EPYC 9A14 96-Core Processor                
CPU type:	AMD K19 (Zen4) architecture
CPU clock:	2.60 GHz
--------------------------------------------------------------------------------
Use symmetry. Molecule point group: C2v
Norb: 24   Ne: (5, 5)
Running RHF...
converged SCF energy = -76.0267607337664
Running FCI ...
Guessing CI wfn symmetry = 0
Num symmetry allowed elements 451681246
tol 1e-10  toloose 1e-05
max_cycle 100  max_space 12  max_memory 760534  incore True
    CPU time for contract_2e   4759.04 sec, wall time     56.64 sec
davidson 0 1  |r|= 0.999  e= [-85.21409431]  max|de|= -85.2  lindep=    1
    CPU time for contract_2e   4778.52 sec, wall time     56.69 sec
davidson 1 2  |r|= 0.336  e= [-85.41295423]  max|de|= -0.199  lindep= 0.992
    CPU time for contract_2e   4819.86 sec, wall time     58.77 sec
davidson 2 3  |r|= 0.0993  e= [-85.4295567]  max|de|= -0.0166  lindep= 0.982
    CPU time for contract_2e   4918.44 sec, wall time     61.24 sec
davidson 3 4  |r|= 0.0324  e= [-85.43094102]  max|de|= -0.00138  lindep= 0.955
    CPU time for contract_2e   4916.49 sec, wall time     62.80 sec
davidson 4 5  |r|= 0.0129  e= [-85.43110245]  max|de|= -0.000161  lindep= 0.911
    CPU time for contract_2e   4959.21 sec, wall time     64.85 sec
davidson 5 6  |r|= 0.00436  e= [-85.43112741]  max|de|= -2.5e-05  lindep= 0.833
    CPU time for contract_2e   4869.76 sec, wall time     65.73 sec
davidson 6 7  |r|= 0.00169  e= [-85.43113026]  max|de|= -2.84e-06  lindep= 0.932
    CPU time for contract_2e   4875.05 sec, wall time     67.38 sec
davidson 7 8  |r|= 0.000705  e= [-85.4311307]  max|de|= -4.44e-07  lindep= 0.849
    CPU time for contract_2e   4886.98 sec, wall time     69.19 sec
davidson 8 9  |r|= 0.000319  e= [-85.43113078]  max|de|= -8.55e-08  lindep= 0.895
    CPU time for contract_2e   4896.71 sec, wall time     70.98 sec
davidson 9 10  |r|= 0.000127  e= [-85.4311308]  max|de|= -1.57e-08  lindep= 0.804
    CPU time for contract_2e   4906.71 sec, wall time     72.60 sec
davidson 10 11  |r|= 4.77e-05  e= [-85.4311308]  max|de|= -2.31e-09  lindep= 0.878
    CPU time for contract_2e   4912.69 sec, wall time     74.28 sec
davidson 11 12  |r|= 1.71e-05  e= [-85.4311308]  max|de|= -2.93e-10  lindep= 0.87
    CPU time for contract_2e   4932.47 sec, wall time     76.87 sec
davidson 12 1  |r|= 1.71e-05  e= [-85.4311308]  max|de|= 3.15e-12  lindep=    1
    CPU time for contract_2e   4812.10 sec, wall time     57.00 sec
root 0 converged  |r|= 6.26e-06  e= -85.43113080323202  max|de|= -3.29e-11
converged 13 2  |r|= 6.26e-06  e= [-85.4311308]  max|de|= -3.29e-11
--------------------------------------------------------------------------------
Group 1: MEM
+----------------------+---------+---------------+---------------+---------------+---------------+---------------+---------------+---------------+---------------+---------------+---------------+---------------+---------------+---------------+---------------+---------------+---------------+---------------+---------------+---------------+---------------+---------------+---------------+---------------+---------------+---------------+---------------+---------------+---------------+---------------+---------------+---------------+---------------+---------------+---------------+---------------+---------------+---------------+---------------+---------------+---------------+---------------+---------------+---------------+---------------+---------------+---------------+---------------+---------------+---------------+---------------+---------------+---------------+---------------+---------------+---------------+---------------+---------------+---------------+---------------+---------------+---------------+---------------+---------------+---------------+---------------+---------------+---------------+---------------+---------------+---------------+---------------+---------------+---------------+---------------+---------------+---------------+---------------+---------------+---------------+---------------+---------------+---------------+---------------+---------------+---------------+---------------+---------------+---------------+---------------+---------------+---------------+---------------+---------------+---------------+---------------+---------------+
|         Event        | Counter |   HWThread 0  |   HWThread 1  |   HWThread 2  |   HWThread 3  |   HWThread 4  |   HWThread 5  |   HWThread 6  |   HWThread 7  |   HWThread 8  |   HWThread 9  |  HWThread 10  |  HWThread 11  |  HWThread 12  |  HWThread 13  |  HWThread 14  |  HWThread 15  |  HWThread 16  |  HWThread 17  |  HWThread 18  |  HWThread 19  |  HWThread 20  |  HWThread 21  |  HWThread 22  |  HWThread 23  |  HWThread 24  |  HWThread 25  |  HWThread 26  |  HWThread 27  |  HWThread 28  |  HWThread 29  |  HWThread 30  |  HWThread 31  |  HWThread 32  |  HWThread 33  |  HWThread 34  |  HWThread 35  |  HWThread 36  |  HWThread 37  |  HWThread 38  |  HWThread 39  |  HWThread 40  |  HWThread 41  |  HWThread 42  |  HWThread 43  |  HWThread 44  |  HWThread 45  |  HWThread 46  |  HWThread 47  |  HWThread 48  |  HWThread 49  |  HWThread 50  |  HWThread 51  |  HWThread 52  |  HWThread 53  |  HWThread 54  |  HWThread 55  |  HWThread 56  |  HWThread 57  |  HWThread 58  |  HWThread 59  |  HWThread 60  |  HWThread 61  |  HWThread 62  |  HWThread 63  |  HWThread 64  |  HWThread 65  |  HWThread 66  |  HWThread 67  |  HWThread 68  |  HWThread 69  |  HWThread 70  |  HWThread 71  |  HWThread 72  |  HWThread 73  |  HWThread 74  |  HWThread 75  |  HWThread 76  |  HWThread 77  |  HWThread 78  |  HWThread 79  |  HWThread 80  |  HWThread 81  |  HWThread 82  |  HWThread 83  |  HWThread 84  |  HWThread 85  |  HWThread 86  |  HWThread 87  |  HWThread 88  |  HWThread 89  |  HWThread 90  |  HWThread 91  |  HWThread 92  |  HWThread 93  |  HWThread 94  |  HWThread 95  |
+----------------------+---------+---------------+---------------+---------------+---------------+---------------+---------------+---------------+---------------+---------------+---------------+---------------+---------------+---------------+---------------+---------------+---------------+---------------+---------------+---------------+---------------+---------------+---------------+---------------+---------------+---------------+---------------+---------------+---------------+---------------+---------------+---------------+---------------+---------------+---------------+---------------+---------------+---------------+---------------+---------------+---------------+---------------+---------------+---------------+---------------+---------------+---------------+---------------+---------------+---------------+---------------+---------------+---------------+---------------+---------------+---------------+---------------+---------------+---------------+---------------+---------------+---------------+---------------+---------------+---------------+---------------+---------------+---------------+---------------+---------------+---------------+---------------+---------------+---------------+---------------+---------------+---------------+---------------+---------------+---------------+---------------+---------------+---------------+---------------+---------------+---------------+---------------+---------------+---------------+---------------+---------------+---------------+---------------+---------------+---------------+---------------+---------------+
|   ACTUAL_CPU_CLOCK   |  FIXC1  | 3289527100276 | 2562562909288 | 2625085402407 | 2554570991796 | 2560770083011 | 2557667599573 | 2562245141316 | 2564409973439 | 2356284592309 | 2364557780790 | 2348900385810 | 2374901396225 | 2375987611791 | 2394182577958 | 2396049117371 | 2421313029050 | 2465889473293 | 2443758654145 | 2449738821713 | 2448479243269 | 2470847123631 | 2479681726813 | 2480702945852 | 2496975763533 | 2332525193445 | 2324240460261 | 2346784861554 | 2341543185015 | 2354615893541 | 2360065165620 | 2378295749790 | 2384879590500 | 2369686161282 | 2361893528224 | 2371620211599 | 2376747642937 | 2393513206237 | 2391471564135 | 2404330475143 | 2414457741931 | 2438401447552 | 2431202105620 | 2444292547803 | 2442071056193 | 2462679926870 | 2449492448002 | 2468546062833 | 2464499923353 | 2688057576231 | 2681796790119 | 2688732420030 | 2686860460048 | 2688607690771 | 2685353093590 | 2680936578963 | 2687882883589 | 2700812007416 | 2695718564457 | 2675976924266 | 2678708298940 | 2691877662467 | 2675922412605 | 2689487103989 | 2690864259750 | 2670314624318 | 2664012484771 | 2661339868290 | 2669591645791 | 2665445960531 | 2652699573559 | 2663355214537 | 2656870933394 | 2664793487708 | 2657720040289 | 2657780095218 | 2679581734992 | 2666785534121 | 2666648599004 | 2670698743366 | 2670647597205 | 2672231079966 | 2666130831148 | 2658963522106 | 2661133467976 | 2669781208172 | 2667697672519 | 2664045800067 | 2666228099407 | 2680677296862 | 2672862251728 | 2666520590980 | 2658917413465 | 2672906980895 | 2658948573309 | 2668899914326 | 2661392969280 |
|     MAX_CPU_CLOCK    |  FIXC2  | 2352119846596 | 1863501933098 | 1899266324644 | 1850059202108 | 1853784157368 | 1852078093528 | 1853508086352 | 1854465766790 | 1710580183702 | 1716833265680 | 1702474160712 | 1724317337470 | 1723400082222 | 1737840267618 | 1737673078232 | 1756987855324 | 1787420744278 | 1772786533440 | 1777833226234 | 1775513173720 | 1791270928616 | 1798337253388 | 1797778683090 | 1810542635668 | 1689891931728 | 1687081396624 | 1704040293930 | 1700084555910 | 1708422117064 | 1712288381336 | 1725903430290 | 1730666628470 | 1721353568558 | 1715659250656 | 1722766032572 | 1726198901882 | 1737547101706 | 1736345242840 | 1745552207958 | 1752537894536 | 1772709901898 | 1767835057586 | 1777227114494 | 1775244782896 | 1789660722850 | 1780411208316 | 1793667425914 | 1790803312584 | 1949953197738 | 1944449478114 | 1951107174952 | 1949327069222 | 1950934320010 | 1948505788554 | 1943715932626 | 1950313570192 | 1958709742652 | 1955055504272 | 1935084168706 | 1937572409084 | 1951413703668 | 1935381050902 | 1948703030976 | 1949819201460 | 1933367398508 | 1926576135562 | 1923687806482 | 1932129031040 | 1927749656638 | 1914937546444 | 1925738532614 | 1919140239250 | 1922230959350 | 1914999133372 | 1914841079684 | 1936955715864 | 1923948174876 | 1924053599754 | 1927911683048 | 1927934099962 | 1928736110236 | 1921930149802 | 1914890563170 | 1917006643786 | 1925737689746 | 1923598351480 | 1920010601886 | 1922066551470 | 1936895693096 | 1929123074814 | 1922775063378 | 1914936454340 | 1929102339424 | 1914955279952 | 1925135897646 | 1917984151200 |
| RETIRED_INSTRUCTIONS |   PMC0  | 3962582697644 | 3261884600714 | 3260960930318 | 3262581455309 | 3262400930416 | 3262590276369 | 3262265129067 | 3263399958315 | 3265771594877 | 3266375417673 | 3265645703890 | 3266017065224 | 3265955563896 | 3266013796423 | 3265712678315 | 3266024369778 | 3262870185714 | 3255983617281 | 3256080218751 | 3256035112986 | 3256137207976 | 3256050484550 | 3256347340283 | 3256081741562 | 3254464899663 | 3254516460975 | 3254666598073 | 3254734800858 | 3254531022596 | 3254705341670 | 3254791611776 | 3254819826220 | 3257913754927 | 3257837120266 | 3257861311124 | 3257412792592 | 3258229709853 | 3251041057280 | 3251086419754 | 3251392202936 | 3240605721893 | 3240433427306 | 3240492025482 | 3240425345341 | 3240494174264 | 3240019345906 | 3240137025983 | 3240055657701 | 3223675930221 | 3223616897408 | 3223819633261 | 3222941798130 | 3222674590998 | 3222480443142 | 3218323164705 | 3221759386659 | 3226601410323 | 3227397685193 | 3226231927557 | 3225845236267 | 3225720143162 | 3224999123362 | 3224890544367 | 3224929272112 | 3221854222221 | 3222061620404 | 3221899119232 | 3221574579069 | 3221432489350 | 3220360253444 | 3220197337314 | 3219632553373 | 3213391666753 | 3213141727822 | 3206235052523 | 3207158861146 | 3205990710908 | 3205610314063 | 3205703739009 | 3205131419804 | 3215103942121 | 3215192853994 | 3214873686138 | 3214466376032 | 3214163657463 | 3213518218388 | 3213295950477 | 3212677166621 | 3211142534712 | 3210809263310 | 3210633575291 | 3209886016138 | 3210154280808 | 3209047470884 | 3208896061924 | 3136510061382 |
|  CPU_CLOCKS_UNHALTED |   PMC1  | 2816929542139 | 2390829275333 | 2430409745868 | 2390375604604 | 2395156994012 | 2392380698508 | 2395002368693 | 2396710701610 | 2208403381771 | 2224961729078 | 2215338527971 | 2233135883958 | 2237831875044 | 2251451008537 | 2254836637333 | 2273990225078 | 2316781792022 | 2298379053083 | 2302735428678 | 2303094616335 | 2320546339868 | 2326788107814 | 2326582703024 | 2342215717976 | 2217017070190 | 2206913200169 | 2225738431535 | 2221864162906 | 2232685025719 | 2237165270238 | 2251942137142 | 2255486714558 | 2246475108161 | 2241752594479 | 2251300863893 | 2255860332808 | 2269063677985 | 2267472255995 | 2277342505839 | 2284519105594 | 2308621414982 | 2303457204132 | 2315777598486 | 2312770265166 | 2327350137636 | 2319123876514 | 2335481959565 | 2331887055814 | 2504001527888 | 2504185528829 | 2507322203704 | 2499124173177 | 2500769269082 | 2499149086626 | 2474959940081 | 2504642862207 | 2507978277253 | 2512439642678 | 2506536810337 | 2506748127249 | 2508703574426 | 2505393657891 | 2505812694641 | 2509154929977 | 2496529721227 | 2498667536818 | 2498868994532 | 2498614199244 | 2498303974174 | 2495513578101 | 2491042310402 | 2495249788945 | 2504293632140 | 2502600733113 | 2504252576530 | 2510221803925 | 2499875989162 | 2504866597522 | 2506384820443 | 2507294953303 | 2509258124132 | 2506787427163 | 2509190642648 | 2507703719972 | 2507392964201 | 2507871799523 | 2503161092350 | 2507664557996 | 2508521973031 | 2511454625221 | 2510063643767 | 2504046372607 | 2508282798518 | 2504768321884 | 2510233959813 | 2506550557933 |
|      CAS_CMD_RD      |  UMC0C0 |   94412665730 |             0 |             0 |             0 |             0 |             0 |             0 |             0 |             0 |             0 |             0 |             0 |             0 |             0 |             0 |             0 |             0 |             0 |             0 |             0 |             0 |             0 |             0 |             0 |             0 |             0 |             0 |             0 |             0 |             0 |             0 |             0 |             0 |             0 |             0 |             0 |             0 |             0 |             0 |             0 |             0 |             0 |             0 |             0 |             0 |             0 |             0 |             0 |             0 |             0 |             0 |             0 |             0 |             0 |             0 |             0 |             0 |             0 |             0 |             0 |             0 |             0 |             0 |             0 |             0 |             0 |             0 |             0 |             0 |             0 |             0 |             0 |             0 |             0 |             0 |             0 |             0 |             0 |             0 |             0 |             0 |             0 |             0 |             0 |             0 |             0 |             0 |             0 |             0 |             0 |             0 |             0 |             0 |             0 |             0 |             0 |
|      CAS_CMD_WR      |  UMC0C1 |   34313202321 |             0 |             0 |             0 |             0 |             0 |             0 |             0 |             0 |             0 |             0 |             0 |             0 |             0 |             0 |             0 |             0 |             0 |             0 |             0 |             0 |             0 |             0 |             0 |             0 |             0 |             0 |             0 |             0 |             0 |             0 |             0 |             0 |             0 |             0 |             0 |             0 |             0 |             0 |             0 |             0 |             0 |             0 |             0 |             0 |             0 |             0 |             0 |             0 |             0 |             0 |             0 |             0 |             0 |             0 |             0 |             0 |             0 |             0 |             0 |             0 |             0 |             0 |             0 |             0 |             0 |             0 |             0 |             0 |             0 |             0 |             0 |             0 |             0 |             0 |             0 |             0 |             0 |             0 |             0 |             0 |             0 |             0 |             0 |             0 |             0 |             0 |             0 |             0 |             0 |             0 |             0 |             0 |             0 |             0 |             0 |
|      CAS_CMD_RD      |  UMC1C0 |   95142246586 |             0 |             0 |             0 |             0 |             0 |             0 |             0 |             0 |             0 |             0 |             0 |             0 |             0 |             0 |             0 |             0 |             0 |             0 |             0 |             0 |             0 |             0 |             0 |             0 |             0 |             0 |             0 |             0 |             0 |             0 |             0 |             0 |             0 |             0 |             0 |             0 |             0 |             0 |             0 |             0 |             0 |             0 |             0 |             0 |             0 |             0 |             0 |             0 |             0 |             0 |             0 |             0 |             0 |             0 |             0 |             0 |             0 |             0 |             0 |             0 |             0 |             0 |             0 |             0 |             0 |             0 |             0 |             0 |             0 |             0 |             0 |             0 |             0 |             0 |             0 |             0 |             0 |             0 |             0 |             0 |             0 |             0 |             0 |             0 |             0 |             0 |             0 |             0 |             0 |             0 |             0 |             0 |             0 |             0 |             0 |
|      CAS_CMD_WR      |  UMC1C1 |   34328937639 |             0 |             0 |             0 |             0 |             0 |             0 |             0 |             0 |             0 |             0 |             0 |             0 |             0 |             0 |             0 |             0 |             0 |             0 |             0 |             0 |             0 |             0 |             0 |             0 |             0 |             0 |             0 |             0 |             0 |             0 |             0 |             0 |             0 |             0 |             0 |             0 |             0 |             0 |             0 |             0 |             0 |             0 |             0 |             0 |             0 |             0 |             0 |             0 |             0 |             0 |             0 |             0 |             0 |             0 |             0 |             0 |             0 |             0 |             0 |             0 |             0 |             0 |             0 |             0 |             0 |             0 |             0 |             0 |             0 |             0 |             0 |             0 |             0 |             0 |             0 |             0 |             0 |             0 |             0 |             0 |             0 |             0 |             0 |             0 |             0 |             0 |             0 |             0 |             0 |             0 |             0 |             0 |             0 |             0 |             0 |
|      CAS_CMD_RD      |  UMC2C0 |   94829125686 |             0 |             0 |             0 |             0 |             0 |             0 |             0 |             0 |             0 |             0 |             0 |             0 |             0 |             0 |             0 |             0 |             0 |             0 |             0 |             0 |             0 |             0 |             0 |             0 |             0 |             0 |             0 |             0 |             0 |             0 |             0 |             0 |             0 |             0 |             0 |             0 |             0 |             0 |             0 |             0 |             0 |             0 |             0 |             0 |             0 |             0 |             0 |             0 |             0 |             0 |             0 |             0 |             0 |             0 |             0 |             0 |             0 |             0 |             0 |             0 |             0 |             0 |             0 |             0 |             0 |             0 |             0 |             0 |             0 |             0 |             0 |             0 |             0 |             0 |             0 |             0 |             0 |             0 |             0 |             0 |             0 |             0 |             0 |             0 |             0 |             0 |             0 |             0 |             0 |             0 |             0 |             0 |             0 |             0 |             0 |
|      CAS_CMD_WR      |  UMC2C1 |   34287394947 |             0 |             0 |             0 |             0 |             0 |             0 |             0 |             0 |             0 |             0 |             0 |             0 |             0 |             0 |             0 |             0 |             0 |             0 |             0 |             0 |             0 |             0 |             0 |             0 |             0 |             0 |             0 |             0 |             0 |             0 |             0 |             0 |             0 |             0 |             0 |             0 |             0 |             0 |             0 |             0 |             0 |             0 |             0 |             0 |             0 |             0 |             0 |             0 |             0 |             0 |             0 |             0 |             0 |             0 |             0 |             0 |             0 |             0 |             0 |             0 |             0 |             0 |             0 |             0 |             0 |             0 |             0 |             0 |             0 |             0 |             0 |             0 |             0 |             0 |             0 |             0 |             0 |             0 |             0 |             0 |             0 |             0 |             0 |             0 |             0 |             0 |             0 |             0 |             0 |             0 |             0 |             0 |             0 |             0 |             0 |
|      CAS_CMD_RD      |  UMC3C0 |   94912056038 |             0 |             0 |             0 |             0 |             0 |             0 |             0 |             0 |             0 |             0 |             0 |             0 |             0 |             0 |             0 |             0 |             0 |             0 |             0 |             0 |             0 |             0 |             0 |             0 |             0 |             0 |             0 |             0 |             0 |             0 |             0 |             0 |             0 |             0 |             0 |             0 |             0 |             0 |             0 |             0 |             0 |             0 |             0 |             0 |             0 |             0 |             0 |             0 |             0 |             0 |             0 |             0 |             0 |             0 |             0 |             0 |             0 |             0 |             0 |             0 |             0 |             0 |             0 |             0 |             0 |             0 |             0 |             0 |             0 |             0 |             0 |             0 |             0 |             0 |             0 |             0 |             0 |             0 |             0 |             0 |             0 |             0 |             0 |             0 |             0 |             0 |             0 |             0 |             0 |             0 |             0 |             0 |             0 |             0 |             0 |
|      CAS_CMD_WR      |  UMC3C1 |   34372593520 |             0 |             0 |             0 |             0 |             0 |             0 |             0 |             0 |             0 |             0 |             0 |             0 |             0 |             0 |             0 |             0 |             0 |             0 |             0 |             0 |             0 |             0 |             0 |             0 |             0 |             0 |             0 |             0 |             0 |             0 |             0 |             0 |             0 |             0 |             0 |             0 |             0 |             0 |             0 |             0 |             0 |             0 |             0 |             0 |             0 |             0 |             0 |             0 |             0 |             0 |             0 |             0 |             0 |             0 |             0 |             0 |             0 |             0 |             0 |             0 |             0 |             0 |             0 |             0 |             0 |             0 |             0 |             0 |             0 |             0 |             0 |             0 |             0 |             0 |             0 |             0 |             0 |             0 |             0 |             0 |             0 |             0 |             0 |             0 |             0 |             0 |             0 |             0 |             0 |             0 |             0 |             0 |             0 |             0 |             0 |
|      CAS_CMD_RD      |  UMC4C0 |   94295218719 |             0 |             0 |             0 |             0 |             0 |             0 |             0 |             0 |             0 |             0 |             0 |             0 |             0 |             0 |             0 |             0 |             0 |             0 |             0 |             0 |             0 |             0 |             0 |             0 |             0 |             0 |             0 |             0 |             0 |             0 |             0 |             0 |             0 |             0 |             0 |             0 |             0 |             0 |             0 |             0 |             0 |             0 |             0 |             0 |             0 |             0 |             0 |             0 |             0 |             0 |             0 |             0 |             0 |             0 |             0 |             0 |             0 |             0 |             0 |             0 |             0 |             0 |             0 |             0 |             0 |             0 |             0 |             0 |             0 |             0 |             0 |             0 |             0 |             0 |             0 |             0 |             0 |             0 |             0 |             0 |             0 |             0 |             0 |             0 |             0 |             0 |             0 |             0 |             0 |             0 |             0 |             0 |             0 |             0 |             0 |
|      CAS_CMD_WR      |  UMC4C1 |   34314727635 |             0 |             0 |             0 |             0 |             0 |             0 |             0 |             0 |             0 |             0 |             0 |             0 |             0 |             0 |             0 |             0 |             0 |             0 |             0 |             0 |             0 |             0 |             0 |             0 |             0 |             0 |             0 |             0 |             0 |             0 |             0 |             0 |             0 |             0 |             0 |             0 |             0 |             0 |             0 |             0 |             0 |             0 |             0 |             0 |             0 |             0 |             0 |             0 |             0 |             0 |             0 |             0 |             0 |             0 |             0 |             0 |             0 |             0 |             0 |             0 |             0 |             0 |             0 |             0 |             0 |             0 |             0 |             0 |             0 |             0 |             0 |             0 |             0 |             0 |             0 |             0 |             0 |             0 |             0 |             0 |             0 |             0 |             0 |             0 |             0 |             0 |             0 |             0 |             0 |             0 |             0 |             0 |             0 |             0 |             0 |
|      CAS_CMD_RD      |  UMC5C0 |   94521959623 |             0 |             0 |             0 |             0 |             0 |             0 |             0 |             0 |             0 |             0 |             0 |             0 |             0 |             0 |             0 |             0 |             0 |             0 |             0 |             0 |             0 |             0 |             0 |             0 |             0 |             0 |             0 |             0 |             0 |             0 |             0 |             0 |             0 |             0 |             0 |             0 |             0 |             0 |             0 |             0 |             0 |             0 |             0 |             0 |             0 |             0 |             0 |             0 |             0 |             0 |             0 |             0 |             0 |             0 |             0 |             0 |             0 |             0 |             0 |             0 |             0 |             0 |             0 |             0 |             0 |             0 |             0 |             0 |             0 |             0 |             0 |             0 |             0 |             0 |             0 |             0 |             0 |             0 |             0 |             0 |             0 |             0 |             0 |             0 |             0 |             0 |             0 |             0 |             0 |             0 |             0 |             0 |             0 |             0 |             0 |
|      CAS_CMD_WR      |  UMC5C1 |   34300086605 |             0 |             0 |             0 |             0 |             0 |             0 |             0 |             0 |             0 |             0 |             0 |             0 |             0 |             0 |             0 |             0 |             0 |             0 |             0 |             0 |             0 |             0 |             0 |             0 |             0 |             0 |             0 |             0 |             0 |             0 |             0 |             0 |             0 |             0 |             0 |             0 |             0 |             0 |             0 |             0 |             0 |             0 |             0 |             0 |             0 |             0 |             0 |             0 |             0 |             0 |             0 |             0 |             0 |             0 |             0 |             0 |             0 |             0 |             0 |             0 |             0 |             0 |             0 |             0 |             0 |             0 |             0 |             0 |             0 |             0 |             0 |             0 |             0 |             0 |             0 |             0 |             0 |             0 |             0 |             0 |             0 |             0 |             0 |             0 |             0 |             0 |             0 |             0 |             0 |             0 |             0 |             0 |             0 |             0 |             0 |
|      CAS_CMD_RD      |  UMC6C0 |   94518375622 |             0 |             0 |             0 |             0 |             0 |             0 |             0 |             0 |             0 |             0 |             0 |             0 |             0 |             0 |             0 |             0 |             0 |             0 |             0 |             0 |             0 |             0 |             0 |             0 |             0 |             0 |             0 |             0 |             0 |             0 |             0 |             0 |             0 |             0 |             0 |             0 |             0 |             0 |             0 |             0 |             0 |             0 |             0 |             0 |             0 |             0 |             0 |             0 |             0 |             0 |             0 |             0 |             0 |             0 |             0 |             0 |             0 |             0 |             0 |             0 |             0 |             0 |             0 |             0 |             0 |             0 |             0 |             0 |             0 |             0 |             0 |             0 |             0 |             0 |             0 |             0 |             0 |             0 |             0 |             0 |             0 |             0 |             0 |             0 |             0 |             0 |             0 |             0 |             0 |             0 |             0 |             0 |             0 |             0 |             0 |
|      CAS_CMD_WR      |  UMC6C1 |   34341569243 |             0 |             0 |             0 |             0 |             0 |             0 |             0 |             0 |             0 |             0 |             0 |             0 |             0 |             0 |             0 |             0 |             0 |             0 |             0 |             0 |             0 |             0 |             0 |             0 |             0 |             0 |             0 |             0 |             0 |             0 |             0 |             0 |             0 |             0 |             0 |             0 |             0 |             0 |             0 |             0 |             0 |             0 |             0 |             0 |             0 |             0 |             0 |             0 |             0 |             0 |             0 |             0 |             0 |             0 |             0 |             0 |             0 |             0 |             0 |             0 |             0 |             0 |             0 |             0 |             0 |             0 |             0 |             0 |             0 |             0 |             0 |             0 |             0 |             0 |             0 |             0 |             0 |             0 |             0 |             0 |             0 |             0 |             0 |             0 |             0 |             0 |             0 |             0 |             0 |             0 |             0 |             0 |             0 |             0 |             0 |
|      CAS_CMD_RD      |  UMC7C0 |   94474501977 |             0 |             0 |             0 |             0 |             0 |             0 |             0 |             0 |             0 |             0 |             0 |             0 |             0 |             0 |             0 |             0 |             0 |             0 |             0 |             0 |             0 |             0 |             0 |             0 |             0 |             0 |             0 |             0 |             0 |             0 |             0 |             0 |             0 |             0 |             0 |             0 |             0 |             0 |             0 |             0 |             0 |             0 |             0 |             0 |             0 |             0 |             0 |             0 |             0 |             0 |             0 |             0 |             0 |             0 |             0 |             0 |             0 |             0 |             0 |             0 |             0 |             0 |             0 |             0 |             0 |             0 |             0 |             0 |             0 |             0 |             0 |             0 |             0 |             0 |             0 |             0 |             0 |             0 |             0 |             0 |             0 |             0 |             0 |             0 |             0 |             0 |             0 |             0 |             0 |             0 |             0 |             0 |             0 |             0 |             0 |
|      CAS_CMD_WR      |  UMC7C1 |   34342011925 |             0 |             0 |             0 |             0 |             0 |             0 |             0 |             0 |             0 |             0 |             0 |             0 |             0 |             0 |             0 |             0 |             0 |             0 |             0 |             0 |             0 |             0 |             0 |             0 |             0 |             0 |             0 |             0 |             0 |             0 |             0 |             0 |             0 |             0 |             0 |             0 |             0 |             0 |             0 |             0 |             0 |             0 |             0 |             0 |             0 |             0 |             0 |             0 |             0 |             0 |             0 |             0 |             0 |             0 |             0 |             0 |             0 |             0 |             0 |             0 |             0 |             0 |             0 |             0 |             0 |             0 |             0 |             0 |             0 |             0 |             0 |             0 |             0 |             0 |             0 |             0 |             0 |             0 |             0 |             0 |             0 |             0 |             0 |             0 |             0 |             0 |             0 |             0 |             0 |             0 |             0 |             0 |             0 |             0 |             0 |
|      CAS_CMD_RD      |  UMC8C0 |   93750783786 |             0 |             0 |             0 |             0 |             0 |             0 |             0 |             0 |             0 |             0 |             0 |             0 |             0 |             0 |             0 |             0 |             0 |             0 |             0 |             0 |             0 |             0 |             0 |             0 |             0 |             0 |             0 |             0 |             0 |             0 |             0 |             0 |             0 |             0 |             0 |             0 |             0 |             0 |             0 |             0 |             0 |             0 |             0 |             0 |             0 |             0 |             0 |             0 |             0 |             0 |             0 |             0 |             0 |             0 |             0 |             0 |             0 |             0 |             0 |             0 |             0 |             0 |             0 |             0 |             0 |             0 |             0 |             0 |             0 |             0 |             0 |             0 |             0 |             0 |             0 |             0 |             0 |             0 |             0 |             0 |             0 |             0 |             0 |             0 |             0 |             0 |             0 |             0 |             0 |             0 |             0 |             0 |             0 |             0 |             0 |
|      CAS_CMD_WR      |  UMC8C1 |   34294479406 |             0 |             0 |             0 |             0 |             0 |             0 |             0 |             0 |             0 |             0 |             0 |             0 |             0 |             0 |             0 |             0 |             0 |             0 |             0 |             0 |             0 |             0 |             0 |             0 |             0 |             0 |             0 |             0 |             0 |             0 |             0 |             0 |             0 |             0 |             0 |             0 |             0 |             0 |             0 |             0 |             0 |             0 |             0 |             0 |             0 |             0 |             0 |             0 |             0 |             0 |             0 |             0 |             0 |             0 |             0 |             0 |             0 |             0 |             0 |             0 |             0 |             0 |             0 |             0 |             0 |             0 |             0 |             0 |             0 |             0 |             0 |             0 |             0 |             0 |             0 |             0 |             0 |             0 |             0 |             0 |             0 |             0 |             0 |             0 |             0 |             0 |             0 |             0 |             0 |             0 |             0 |             0 |             0 |             0 |             0 |
|      CAS_CMD_RD      |  UMC9C0 |   94424923138 |             0 |             0 |             0 |             0 |             0 |             0 |             0 |             0 |             0 |             0 |             0 |             0 |             0 |             0 |             0 |             0 |             0 |             0 |             0 |             0 |             0 |             0 |             0 |             0 |             0 |             0 |             0 |             0 |             0 |             0 |             0 |             0 |             0 |             0 |             0 |             0 |             0 |             0 |             0 |             0 |             0 |             0 |             0 |             0 |             0 |             0 |             0 |             0 |             0 |             0 |             0 |             0 |             0 |             0 |             0 |             0 |             0 |             0 |             0 |             0 |             0 |             0 |             0 |             0 |             0 |             0 |             0 |             0 |             0 |             0 |             0 |             0 |             0 |             0 |             0 |             0 |             0 |             0 |             0 |             0 |             0 |             0 |             0 |             0 |             0 |             0 |             0 |             0 |             0 |             0 |             0 |             0 |             0 |             0 |             0 |
|      CAS_CMD_WR      |  UMC9C1 |   34372093465 |             0 |             0 |             0 |             0 |             0 |             0 |             0 |             0 |             0 |             0 |             0 |             0 |             0 |             0 |             0 |             0 |             0 |             0 |             0 |             0 |             0 |             0 |             0 |             0 |             0 |             0 |             0 |             0 |             0 |             0 |             0 |             0 |             0 |             0 |             0 |             0 |             0 |             0 |             0 |             0 |             0 |             0 |             0 |             0 |             0 |             0 |             0 |             0 |             0 |             0 |             0 |             0 |             0 |             0 |             0 |             0 |             0 |             0 |             0 |             0 |             0 |             0 |             0 |             0 |             0 |             0 |             0 |             0 |             0 |             0 |             0 |             0 |             0 |             0 |             0 |             0 |             0 |             0 |             0 |             0 |             0 |             0 |             0 |             0 |             0 |             0 |             0 |             0 |             0 |             0 |             0 |             0 |             0 |             0 |             0 |
|      CAS_CMD_RD      | UMC10C0 |   94298105039 |             0 |             0 |             0 |             0 |             0 |             0 |             0 |             0 |             0 |             0 |             0 |             0 |             0 |             0 |             0 |             0 |             0 |             0 |             0 |             0 |             0 |             0 |             0 |             0 |             0 |             0 |             0 |             0 |             0 |             0 |             0 |             0 |             0 |             0 |             0 |             0 |             0 |             0 |             0 |             0 |             0 |             0 |             0 |             0 |             0 |             0 |             0 |             0 |             0 |             0 |             0 |             0 |             0 |             0 |             0 |             0 |             0 |             0 |             0 |             0 |             0 |             0 |             0 |             0 |             0 |             0 |             0 |             0 |             0 |             0 |             0 |             0 |             0 |             0 |             0 |             0 |             0 |             0 |             0 |             0 |             0 |             0 |             0 |             0 |             0 |             0 |             0 |             0 |             0 |             0 |             0 |             0 |             0 |             0 |             0 |
|      CAS_CMD_WR      | UMC10C1 |   34375950245 |             0 |             0 |             0 |             0 |             0 |             0 |             0 |             0 |             0 |             0 |             0 |             0 |             0 |             0 |             0 |             0 |             0 |             0 |             0 |             0 |             0 |             0 |             0 |             0 |             0 |             0 |             0 |             0 |             0 |             0 |             0 |             0 |             0 |             0 |             0 |             0 |             0 |             0 |             0 |             0 |             0 |             0 |             0 |             0 |             0 |             0 |             0 |             0 |             0 |             0 |             0 |             0 |             0 |             0 |             0 |             0 |             0 |             0 |             0 |             0 |             0 |             0 |             0 |             0 |             0 |             0 |             0 |             0 |             0 |             0 |             0 |             0 |             0 |             0 |             0 |             0 |             0 |             0 |             0 |             0 |             0 |             0 |             0 |             0 |             0 |             0 |             0 |             0 |             0 |             0 |             0 |             0 |             0 |             0 |             0 |
|      CAS_CMD_RD      | UMC11C0 |   93953591964 |             0 |             0 |             0 |             0 |             0 |             0 |             0 |             0 |             0 |             0 |             0 |             0 |             0 |             0 |             0 |             0 |             0 |             0 |             0 |             0 |             0 |             0 |             0 |             0 |             0 |             0 |             0 |             0 |             0 |             0 |             0 |             0 |             0 |             0 |             0 |             0 |             0 |             0 |             0 |             0 |             0 |             0 |             0 |             0 |             0 |             0 |             0 |             0 |             0 |             0 |             0 |             0 |             0 |             0 |             0 |             0 |             0 |             0 |             0 |             0 |             0 |             0 |             0 |             0 |             0 |             0 |             0 |             0 |             0 |             0 |             0 |             0 |             0 |             0 |             0 |             0 |             0 |             0 |             0 |             0 |             0 |             0 |             0 |             0 |             0 |             0 |             0 |             0 |             0 |             0 |             0 |             0 |             0 |             0 |             0 |
|      CAS_CMD_WR      | UMC11C1 |   34374008814 |             0 |             0 |             0 |             0 |             0 |             0 |             0 |             0 |             0 |             0 |             0 |             0 |             0 |             0 |             0 |             0 |             0 |             0 |             0 |             0 |             0 |             0 |             0 |             0 |             0 |             0 |             0 |             0 |             0 |             0 |             0 |             0 |             0 |             0 |             0 |             0 |             0 |             0 |             0 |             0 |             0 |             0 |             0 |             0 |             0 |             0 |             0 |             0 |             0 |             0 |             0 |             0 |             0 |             0 |             0 |             0 |             0 |             0 |             0 |             0 |             0 |             0 |             0 |             0 |             0 |             0 |             0 |             0 |             0 |             0 |             0 |             0 |             0 |             0 |             0 |             0 |             0 |             0 |             0 |             0 |             0 |             0 |             0 |             0 |             0 |             0 |             0 |             0 |             0 |             0 |             0 |             0 |             0 |             0 |             0 |
+----------------------+---------+---------------+---------------+---------------+---------------+---------------+---------------+---------------+---------------+---------------+---------------+---------------+---------------+---------------+---------------+---------------+---------------+---------------+---------------+---------------+---------------+---------------+---------------+---------------+---------------+---------------+---------------+---------------+---------------+---------------+---------------+---------------+---------------+---------------+---------------+---------------+---------------+---------------+---------------+---------------+---------------+---------------+---------------+---------------+---------------+---------------+---------------+---------------+---------------+---------------+---------------+---------------+---------------+---------------+---------------+---------------+---------------+---------------+---------------+---------------+---------------+---------------+---------------+---------------+---------------+---------------+---------------+---------------+---------------+---------------+---------------+---------------+---------------+---------------+---------------+---------------+---------------+---------------+---------------+---------------+---------------+---------------+---------------+---------------+---------------+---------------+---------------+---------------+---------------+---------------+---------------+---------------+---------------+---------------+---------------+---------------+---------------+

+---------------------------+---------+-----------------+---------------+---------------+--------------+
|           Event           | Counter |       Sum       |      Min      |      Max      |      Avg     |
+---------------------------+---------+-----------------+---------------+---------------+--------------+
|   ACTUAL_CPU_CLOCK STAT   |  FIXC1  | 245846164130630 | 2324240460261 | 3289527100276 | 2.560898e+12 |
|     MAX_CPU_CLOCK STAT    |  FIXC2  | 177985402033478 | 1687081396624 | 2352119846596 | 1.854015e+12 |
| RETIRED_INSTRUCTIONS STAT |   PMC0  | 311322089700755 | 3136510061382 | 3962582697644 | 3.242938e+12 |
|  CPU_CLOCKS_UNHALTED STAT |   PMC1  | 230734392024229 | 2206913200169 | 2816929542139 | 2.403483e+12 |
|      CAS_CMD_RD STAT      |  UMC0C0 |     94412665730 |             0 |   94412665730 | 9.834653e+08 |
|      CAS_CMD_WR STAT      |  UMC0C1 |     34313202321 |             0 |   34313202321 | 3.574292e+08 |
|      CAS_CMD_RD STAT      |  UMC1C0 |     95142246586 |             0 |   95142246586 | 9.910651e+08 |
|      CAS_CMD_WR STAT      |  UMC1C1 |     34328937639 |             0 |   34328937639 | 3.575931e+08 |
|      CAS_CMD_RD STAT      |  UMC2C0 |     94829125686 |             0 |   94829125686 | 9.878034e+08 |
|      CAS_CMD_WR STAT      |  UMC2C1 |     34287394947 |             0 |   34287394947 | 3.571604e+08 |
|      CAS_CMD_RD STAT      |  UMC3C0 |     94912056038 |             0 |   94912056038 | 9.886673e+08 |
|      CAS_CMD_WR STAT      |  UMC3C1 |     34372593520 |             0 |   34372593520 | 3.580478e+08 |
|      CAS_CMD_RD STAT      |  UMC4C0 |     94295218719 |             0 |   94295218719 | 9.822419e+08 |
|      CAS_CMD_WR STAT      |  UMC4C1 |     34314727635 |             0 |   34314727635 | 3.574451e+08 |
|      CAS_CMD_RD STAT      |  UMC5C0 |     94521959623 |             0 |   94521959623 | 9.846037e+08 |
|      CAS_CMD_WR STAT      |  UMC5C1 |     34300086605 |             0 |   34300086605 | 3.572926e+08 |
|      CAS_CMD_RD STAT      |  UMC6C0 |     94518375622 |             0 |   94518375622 | 9.845664e+08 |
|      CAS_CMD_WR STAT      |  UMC6C1 |     34341569243 |             0 |   34341569243 | 3.577247e+08 |
|      CAS_CMD_RD STAT      |  UMC7C0 |     94474501977 |             0 |   94474501977 | 9.841094e+08 |
|      CAS_CMD_WR STAT      |  UMC7C1 |     34342011925 |             0 |   34342011925 | 3.577293e+08 |
|      CAS_CMD_RD STAT      |  UMC8C0 |     93750783786 |             0 |   93750783786 | 9.765707e+08 |
|      CAS_CMD_WR STAT      |  UMC8C1 |     34294479406 |             0 |   34294479406 | 3.572342e+08 |
|      CAS_CMD_RD STAT      |  UMC9C0 |     94424923138 |             0 |   94424923138 | 9.835929e+08 |
|      CAS_CMD_WR STAT      |  UMC9C1 |     34372093465 |             0 |   34372093465 | 3.580426e+08 |
|      CAS_CMD_RD STAT      | UMC10C0 |     94298105039 |             0 |   94298105039 | 9.822719e+08 |
|      CAS_CMD_WR STAT      | UMC10C1 |     34375950245 |             0 |   34375950245 | 3.580828e+08 |
|      CAS_CMD_RD STAT      | UMC11C0 |     93953591964 |             0 |   93953591964 | 9.786832e+08 |
|      CAS_CMD_WR STAT      | UMC11C1 |     34374008814 |             0 |   34374008814 | 3.580626e+08 |
+---------------------------+---------+-----------------+---------------+---------------+--------------+

+-----------------------------------+-------------+------------+------------+------------+------------+------------+------------+------------+------------+------------+-------------+-------------+-------------+-------------+-------------+-------------+-------------+-------------+-------------+-------------+-------------+-------------+-------------+-------------+-------------+-------------+-------------+-------------+-------------+-------------+-------------+-------------+-------------+-------------+-------------+-------------+-------------+-------------+-------------+-------------+-------------+-------------+-------------+-------------+-------------+-------------+-------------+-------------+-------------+-------------+-------------+-------------+-------------+-------------+-------------+-------------+-------------+-------------+-------------+-------------+-------------+-------------+-------------+-------------+-------------+-------------+-------------+-------------+-------------+-------------+-------------+-------------+-------------+-------------+-------------+-------------+-------------+-------------+-------------+-------------+-------------+-------------+-------------+-------------+-------------+-------------+-------------+-------------+-------------+-------------+-------------+-------------+-------------+-------------+-------------+-------------+
|               Metric              |  HWThread 0 | HWThread 1 | HWThread 2 | HWThread 3 | HWThread 4 | HWThread 5 | HWThread 6 | HWThread 7 | HWThread 8 | HWThread 9 | HWThread 10 | HWThread 11 | HWThread 12 | HWThread 13 | HWThread 14 | HWThread 15 | HWThread 16 | HWThread 17 | HWThread 18 | HWThread 19 | HWThread 20 | HWThread 21 | HWThread 22 | HWThread 23 | HWThread 24 | HWThread 25 | HWThread 26 | HWThread 27 | HWThread 28 | HWThread 29 | HWThread 30 | HWThread 31 | HWThread 32 | HWThread 33 | HWThread 34 | HWThread 35 | HWThread 36 | HWThread 37 | HWThread 38 | HWThread 39 | HWThread 40 | HWThread 41 | HWThread 42 | HWThread 43 | HWThread 44 | HWThread 45 | HWThread 46 | HWThread 47 | HWThread 48 | HWThread 49 | HWThread 50 | HWThread 51 | HWThread 52 | HWThread 53 | HWThread 54 | HWThread 55 | HWThread 56 | HWThread 57 | HWThread 58 | HWThread 59 | HWThread 60 | HWThread 61 | HWThread 62 | HWThread 63 | HWThread 64 | HWThread 65 | HWThread 66 | HWThread 67 | HWThread 68 | HWThread 69 | HWThread 70 | HWThread 71 | HWThread 72 | HWThread 73 | HWThread 74 | HWThread 75 | HWThread 76 | HWThread 77 | HWThread 78 | HWThread 79 | HWThread 80 | HWThread 81 | HWThread 82 | HWThread 83 | HWThread 84 | HWThread 85 | HWThread 86 | HWThread 87 | HWThread 88 | HWThread 89 | HWThread 90 | HWThread 91 | HWThread 92 | HWThread 93 | HWThread 94 | HWThread 95 |
+-----------------------------------+-------------+------------+------------+------------+------------+------------+------------+------------+------------+------------+-------------+-------------+-------------+-------------+-------------+-------------+-------------+-------------+-------------+-------------+-------------+-------------+-------------+-------------+-------------+-------------+-------------+-------------+-------------+-------------+-------------+-------------+-------------+-------------+-------------+-------------+-------------+-------------+-------------+-------------+-------------+-------------+-------------+-------------+-------------+-------------+-------------+-------------+-------------+-------------+-------------+-------------+-------------+-------------+-------------+-------------+-------------+-------------+-------------+-------------+-------------+-------------+-------------+-------------+-------------+-------------+-------------+-------------+-------------+-------------+-------------+-------------+-------------+-------------+-------------+-------------+-------------+-------------+-------------+-------------+-------------+-------------+-------------+-------------+-------------+-------------+-------------+-------------+-------------+-------------+-------------+-------------+-------------+-------------+-------------+-------------+
|        Runtime (RDTSC) [s]        |    934.7836 |   934.7836 |   934.7836 |   934.7836 |   934.7836 |   934.7836 |   934.7836 |   934.7836 |   934.7836 |   934.7836 |    934.7836 |    934.7836 |    934.7836 |    934.7836 |    934.7836 |    934.7836 |    934.7836 |    934.7836 |    934.7836 |    934.7836 |    934.7836 |    934.7836 |    934.7836 |    934.7836 |    934.7836 |    934.7836 |    934.7836 |    934.7836 |    934.7836 |    934.7836 |    934.7836 |    934.7836 |    934.7836 |    934.7836 |    934.7836 |    934.7836 |    934.7836 |    934.7836 |    934.7836 |    934.7836 |    934.7836 |    934.7836 |    934.7836 |    934.7836 |    934.7836 |    934.7836 |    934.7836 |    934.7836 |    934.7836 |    934.7836 |    934.7836 |    934.7836 |    934.7836 |    934.7836 |    934.7836 |    934.7836 |    934.7836 |    934.7836 |    934.7836 |    934.7836 |    934.7836 |    934.7836 |    934.7836 |    934.7836 |    934.7836 |    934.7836 |    934.7836 |    934.7836 |    934.7836 |    934.7836 |    934.7836 |    934.7836 |    934.7836 |    934.7836 |    934.7836 |    934.7836 |    934.7836 |    934.7836 |    934.7836 |    934.7836 |    934.7836 |    934.7836 |    934.7836 |    934.7836 |    934.7836 |    934.7836 |    934.7836 |    934.7836 |    934.7836 |    934.7836 |    934.7836 |    934.7836 |    934.7836 |    934.7836 |    934.7836 |    934.7836 |
|        Runtime unhalted [s]       |   1265.2044 |   985.6024 |  1009.6495 |   982.5286 |   984.9129 |   983.7196 |   985.4802 |   986.3128 |   906.2645 |   909.4465 |    903.4244 |    913.4248 |    913.8426 |    920.8407 |    921.5586 |    931.2755 |    948.4203 |    939.9084 |    942.2085 |    941.7240 |    950.3271 |    953.7250 |    954.1178 |    960.3765 |    897.1262 |    893.9398 |    902.6107 |    900.5947 |    905.6227 |    907.7186 |    914.7303 |    917.2626 |    911.4189 |    908.4218 |    912.1628 |    914.1349 |    920.5832 |    919.7980 |    924.7437 |    928.6388 |    937.8479 |    935.0789 |    940.1137 |    939.2593 |    947.1858 |    942.1137 |    949.4420 |    947.8858 |   1033.8696 |   1031.4616 |   1034.1292 |   1033.4092 |   1034.0812 |   1032.8295 |   1031.1308 |   1033.8025 |   1038.7752 |   1036.8162 |   1029.2232 |   1030.2738 |   1035.3389 |   1029.2023 |   1034.4195 |   1034.9491 |   1027.0454 |   1024.6215 |   1023.5936 |   1026.7674 |   1025.1729 |   1020.2704 |   1024.3687 |   1021.8748 |   1024.9219 |   1022.2013 |   1022.2244 |   1030.6097 |   1025.6881 |   1025.6354 |   1027.1932 |   1027.1735 |   1027.7825 |   1025.4363 |   1022.6796 |   1023.5142 |   1026.8403 |   1026.0389 |   1024.6343 |   1025.4737 |   1031.0311 |   1028.0253 |   1025.5862 |   1022.6619 |   1028.0425 |   1022.6739 |   1026.5013 |   1023.6140 |
|            Clock [MHz]            |   3636.1920 |  3575.3410 |  3593.6051 |  3590.0883 |  3591.5689 |  3590.5220 |  3594.1730 |  3595.3520 |  3581.4351 |  3580.9198 |   3587.2104 |   3580.9740 |   3584.5187 |   3581.9556 |   3585.0930 |   3583.0673 |   3586.9027 |   3584.0549 |   3582.6266 |   3585.4635 |   3586.3889 |   3585.0695 |   3587.6603 |   3585.7364 |   3588.7251 |   3581.9359 |   3580.6857 |   3581.0009 |   3583.4196 |   3583.6028 |   3582.7966 |   3582.8269 |   3579.2623 |   3579.3327 |   3579.2466 |   3579.8516 |   3581.5583 |   3580.9802 |   3581.2456 |   3581.9950 |   3576.3525 |   3575.6261 |   3575.8808 |   3576.6203 |   3577.7505 |   3577.0793 |   3578.2617 |   3578.1101 |   3584.1581 |   3585.9315 |   3582.9376 |   3583.7127 |   3583.0888 |   3583.2118 |   3586.1341 |   3583.2630 |   3585.0652 |   3584.9924 |   3595.4668 |   3594.5147 |   3586.5654 |   3594.8421 |   3588.3648 |   3588.1470 |   3591.0448 |   3595.1984 |   3596.9842 |   3592.3736 |   3594.9432 |   3601.6892 |   3595.8747 |   3599.4532 |   3604.3817 |   3608.3897 |   3608.7691 |   3596.8316 |   3603.8566 |   3603.4741 |   3601.7250 |   3601.6141 |   3602.2511 |   3606.7550 |   3610.2826 |   3609.2405 |   3604.5522 |   3605.7449 |   3607.5374 |   3606.6306 |   3598.4137 |   3602.3792 |   3605.6971 |   3610.1335 |   3602.4782 |   3610.1403 |   3604.4888 |   3607.7528 |
|                CPI                |      0.7109 |     0.7330 |     0.7453 |     0.7327 |     0.7342 |     0.7333 |     0.7342 |     0.7344 |     0.6762 |     0.6812 |      0.6784 |      0.6837 |      0.6852 |      0.6894 |      0.6905 |      0.6963 |      0.7100 |      0.7059 |      0.7072 |      0.7073 |      0.7127 |      0.7146 |      0.7145 |      0.7193 |      0.6812 |      0.6781 |      0.6839 |      0.6827 |      0.6860 |      0.6874 |      0.6919 |      0.6930 |      0.6895 |      0.6881 |      0.6910 |      0.6925 |      0.6964 |      0.6975 |      0.7005 |      0.7026 |      0.7124 |      0.7108 |      0.7146 |      0.7137 |      0.7182 |      0.7158 |      0.7208 |      0.7197 |      0.7768 |      0.7768 |      0.7777 |      0.7754 |      0.7760 |      0.7755 |      0.7690 |      0.7774 |      0.7773 |      0.7785 |      0.7769 |      0.7771 |      0.7777 |      0.7769 |      0.7770 |      0.7780 |      0.7749 |      0.7755 |      0.7756 |      0.7756 |      0.7755 |      0.7749 |      0.7736 |      0.7750 |      0.7793 |      0.7789 |      0.7811 |      0.7827 |      0.7798 |      0.7814 |      0.7819 |      0.7823 |      0.7805 |      0.7797 |      0.7805 |      0.7801 |      0.7801 |      0.7804 |      0.7790 |      0.7806 |      0.7812 |      0.7822 |      0.7818 |      0.7801 |      0.7814 |      0.7805 |      0.7823 |      0.7992 |
|  Memory read bandwidth [MBytes/s] |  77607.4237 |          0 |          0 |          0 |          0 |          0 |          0 |          0 |          0 |          0 |           0 |           0 |           0 |           0 |           0 |           0 |           0 |           0 |           0 |           0 |           0 |           0 |           0 |           0 |           0 |           0 |           0 |           0 |           0 |           0 |           0 |           0 |           0 |           0 |           0 |           0 |           0 |           0 |           0 |           0 |           0 |           0 |           0 |           0 |           0 |           0 |           0 |           0 |           0 |           0 |           0 |           0 |           0 |           0 |           0 |           0 |           0 |           0 |           0 |           0 |           0 |           0 |           0 |           0 |           0 |           0 |           0 |           0 |           0 |           0 |           0 |           0 |           0 |           0 |           0 |           0 |           0 |           0 |           0 |           0 |           0 |           0 |           0 |           0 |           0 |           0 |           0 |           0 |           0 |           0 |           0 |           0 |           0 |           0 |           0 |           0 |
|  Memory read data volume [GBytes] |  72546.1475 |          0 |          0 |          0 |          0 |          0 |          0 |          0 |          0 |          0 |           0 |           0 |           0 |           0 |           0 |           0 |           0 |           0 |           0 |           0 |           0 |           0 |           0 |           0 |           0 |           0 |           0 |           0 |           0 |           0 |           0 |           0 |           0 |           0 |           0 |           0 |           0 |           0 |           0 |           0 |           0 |           0 |           0 |           0 |           0 |           0 |           0 |           0 |           0 |           0 |           0 |           0 |           0 |           0 |           0 |           0 |           0 |           0 |           0 |           0 |           0 |           0 |           0 |           0 |           0 |           0 |           0 |           0 |           0 |           0 |           0 |           0 |           0 |           0 |           0 |           0 |           0 |           0 |           0 |           0 |           0 |           0 |           0 |           0 |           0 |           0 |           0 |           0 |           0 |           0 |           0 |           0 |           0 |           0 |           0 |           0 |
| Memory write bandwidth [MBytes/s] |  28208.7655 |          0 |          0 |          0 |          0 |          0 |          0 |          0 |          0 |          0 |           0 |           0 |           0 |           0 |           0 |           0 |           0 |           0 |           0 |           0 |           0 |           0 |           0 |           0 |           0 |           0 |           0 |           0 |           0 |           0 |           0 |           0 |           0 |           0 |           0 |           0 |           0 |           0 |           0 |           0 |           0 |           0 |           0 |           0 |           0 |           0 |           0 |           0 |           0 |           0 |           0 |           0 |           0 |           0 |           0 |           0 |           0 |           0 |           0 |           0 |           0 |           0 |           0 |           0 |           0 |           0 |           0 |           0 |           0 |           0 |           0 |           0 |           0 |           0 |           0 |           0 |           0 |           0 |           0 |           0 |           0 |           0 |           0 |           0 |           0 |           0 |           0 |           0 |           0 |           0 |           0 |           0 |           0 |           0 |           0 |           0 |
| Memory write data volume [GBytes] |  26369.0916 |          0 |          0 |          0 |          0 |          0 |          0 |          0 |          0 |          0 |           0 |           0 |           0 |           0 |           0 |           0 |           0 |           0 |           0 |           0 |           0 |           0 |           0 |           0 |           0 |           0 |           0 |           0 |           0 |           0 |           0 |           0 |           0 |           0 |           0 |           0 |           0 |           0 |           0 |           0 |           0 |           0 |           0 |           0 |           0 |           0 |           0 |           0 |           0 |           0 |           0 |           0 |           0 |           0 |           0 |           0 |           0 |           0 |           0 |           0 |           0 |           0 |           0 |           0 |           0 |           0 |           0 |           0 |           0 |           0 |           0 |           0 |           0 |           0 |           0 |           0 |           0 |           0 |           0 |           0 |           0 |           0 |           0 |           0 |           0 |           0 |           0 |           0 |           0 |           0 |           0 |           0 |           0 |           0 |           0 |           0 |
|    Memory bandwidth [MBytes/s]    | 105816.1892 |          0 |          0 |          0 |          0 |          0 |          0 |          0 |          0 |          0 |           0 |           0 |           0 |           0 |           0 |           0 |           0 |           0 |           0 |           0 |           0 |           0 |           0 |           0 |           0 |           0 |           0 |           0 |           0 |           0 |           0 |           0 |           0 |           0 |           0 |           0 |           0 |           0 |           0 |           0 |           0 |           0 |           0 |           0 |           0 |           0 |           0 |           0 |           0 |           0 |           0 |           0 |           0 |           0 |           0 |           0 |           0 |           0 |           0 |           0 |           0 |           0 |           0 |           0 |           0 |           0 |           0 |           0 |           0 |           0 |           0 |           0 |           0 |           0 |           0 |           0 |           0 |           0 |           0 |           0 |           0 |           0 |           0 |           0 |           0 |           0 |           0 |           0 |           0 |           0 |           0 |           0 |           0 |           0 |           0 |           0 |
|    Memory data volume [GBytes]    |  98915.2390 |          0 |          0 |          0 |          0 |          0 |          0 |          0 |          0 |          0 |           0 |           0 |           0 |           0 |           0 |           0 |           0 |           0 |           0 |           0 |           0 |           0 |           0 |           0 |           0 |           0 |           0 |           0 |           0 |           0 |           0 |           0 |           0 |           0 |           0 |           0 |           0 |           0 |           0 |           0 |           0 |           0 |           0 |           0 |           0 |           0 |           0 |           0 |           0 |           0 |           0 |           0 |           0 |           0 |           0 |           0 |           0 |           0 |           0 |           0 |           0 |           0 |           0 |           0 |           0 |           0 |           0 |           0 |           0 |           0 |           0 |           0 |           0 |           0 |           0 |           0 |           0 |           0 |           0 |           0 |           0 |           0 |           0 |           0 |           0 |           0 |           0 |           0 |           0 |           0 |           0 |           0 |           0 |           0 |           0 |           0 |
+-----------------------------------+-------------+------------+------------+------------+------------+------------+------------+------------+------------+------------+-------------+-------------+-------------+-------------+-------------+-------------+-------------+-------------+-------------+-------------+-------------+-------------+-------------+-------------+-------------+-------------+-------------+-------------+-------------+-------------+-------------+-------------+-------------+-------------+-------------+-------------+-------------+-------------+-------------+-------------+-------------+-------------+-------------+-------------+-------------+-------------+-------------+-------------+-------------+-------------+-------------+-------------+-------------+-------------+-------------+-------------+-------------+-------------+-------------+-------------+-------------+-------------+-------------+-------------+-------------+-------------+-------------+-------------+-------------+-------------+-------------+-------------+-------------+-------------+-------------+-------------+-------------+-------------+-------------+-------------+-------------+-------------+-------------+-------------+-------------+-------------+-------------+-------------+-------------+-------------+-------------+-------------+-------------+-------------+-------------+-------------+

+----------------------------------------+-------------+-----------+-------------+-----------+
|                 Metric                 |     Sum     |    Min    |     Max     |    Avg    |
+----------------------------------------+-------------+-----------+-------------+-----------+
|        Runtime (RDTSC) [s] STAT        |  89739.2256 |  934.7836 |    934.7836 |  934.7836 |
|        Runtime unhalted [s] STAT       |  94556.3404 |  893.9398 |   1265.2044 |  984.9619 |
|            Clock [MHz] STAT            | 344721.5432 | 3575.3410 |   3636.1920 | 3590.8494 |
|                CPI STAT                |     71.1803 |    0.6762 |      0.7992 |    0.7415 |
|  Memory read bandwidth [MBytes/s] STAT |  77607.4237 |         0 |  77607.4237 |  808.4107 |
|  Memory read data volume [GBytes] STAT |  72546.1475 |         0 |  72546.1475 |  755.6890 |
| Memory write bandwidth [MBytes/s] STAT |  28208.7655 |         0 |  28208.7655 |  293.8413 |
| Memory write data volume [GBytes] STAT |  26369.0916 |         0 |  26369.0916 |  274.6780 |
|    Memory bandwidth [MBytes/s] STAT    | 105816.1892 |         0 | 105816.1892 | 1102.2520 |
|    Memory data volume [GBytes] STAT    |  98915.2390 |         0 |  98915.2390 | 1030.3671 |
+----------------------------------------+-------------+-----------+-------------+-----------+

