INFO: You are running LIKWID in a cpuset with 48 CPUs. Taking given IDs as logical ID in cpuset
--------------------------------------------------------------------------------
CPU name:	AMD EPYC 9A14 96-Core Processor                
CPU type:	AMD K19 (Zen4) architecture
CPU clock:	2.60 GHz
--------------------------------------------------------------------------------
Use symmetry. Molecule point group: Dooh
Norb: 18   Ne: (8, 8)
Running RHF...
SCF not converged.
SCF energy = -149.453202296817
Running FCI ...
Guessing CI wfn symmetry = 0
Num symmetry allowed elements 239373732
tol 1e-10  toloose 1e-05
max_cycle 100  max_space 12  max_memory 746702  incore True
    CPU time for contract_2e   1783.90 sec, wall time     37.92 sec
davidson 0 1  |r|= 0.965  e= [-177.41918315]  max|de|= -177  lindep=    1
    CPU time for contract_2e   1806.57 sec, wall time     39.72 sec
davidson 1 2  |r|= 0.477  e= [-177.66345341]  max|de|= -0.244  lindep= 0.976
    CPU time for contract_2e   1819.64 sec, wall time     40.81 sec
davidson 2 3  |r|= 0.189  e= [-177.71009544]  max|de|= -0.0466  lindep= 0.997
    CPU time for contract_2e   1830.22 sec, wall time     41.81 sec
davidson 3 4  |r|= 0.0734  e= [-177.71605069]  max|de|= -0.00596  lindep= 0.98
    CPU time for contract_2e   1835.64 sec, wall time     42.61 sec
davidson 4 5  |r|= 0.0317  e= [-177.71693538]  max|de|= -0.000885  lindep= 0.96
    CPU time for contract_2e   1832.42 sec, wall time     43.34 sec
davidson 5 6  |r|= 0.0142  e= [-177.71710364]  max|de|= -0.000168  lindep= 0.93
    CPU time for contract_2e   1848.69 sec, wall time     44.47 sec
davidson 6 7  |r|= 0.00606  e= [-177.71713434]  max|de|= -3.07e-05  lindep= 0.918
    CPU time for contract_2e   1852.11 sec, wall time     45.31 sec
davidson 7 8  |r|= 0.00244  e= [-177.71713934]  max|de|= -5e-06  lindep= 0.932
    CPU time for contract_2e   1859.98 sec, wall time     46.24 sec
davidson 8 9  |r|= 0.000953  e= [-177.71714013]  max|de|= -7.84e-07  lindep= 0.926
    CPU time for contract_2e   1874.82 sec, wall time     47.30 sec
davidson 9 10  |r|= 0.000379  e= [-177.71714025]  max|de|= -1.21e-07  lindep= 0.919
    CPU time for contract_2e   1875.39 sec, wall time     48.14 sec
davidson 10 11  |r|= 0.000155  e= [-177.71714027]  max|de|= -1.73e-08  lindep= 0.942
    CPU time for contract_2e   1882.94 sec, wall time     49.03 sec
davidson 11 12  |r|= 6.24e-05  e= [-177.71714027]  max|de|= -2.81e-09  lindep= 0.939
    CPU time for contract_2e   1900.22 sec, wall time     50.54 sec
davidson 12 1  |r|= 6.24e-05  e= [-177.71714027]  max|de|= 1.67e-11  lindep=    1
    CPU time for contract_2e   1808.60 sec, wall time     39.79 sec
davidson 13 2  |r|= 2.68e-05  e= [-177.71714027]  max|de|= -3.93e-10  lindep= 0.988
    CPU time for contract_2e   1817.29 sec, wall time     40.68 sec
davidson 14 3  |r|= 1.29e-05  e= [-177.71714027]  max|de|= -1.22e-10  lindep= 0.879
    CPU time for contract_2e   1819.08 sec, wall time     41.54 sec
root 0 converged  |r|= 5.47e-06  e= -177.71714027031382  max|de|= -2.3e-11
converged 15 4  |r|= 5.47e-06  e= [-177.71714027]  max|de|= -2.3e-11
--------------------------------------------------------------------------------
Group 1: MEM
+----------------------+---------+---------------+---------------+---------------+---------------+---------------+---------------+---------------+---------------+---------------+---------------+---------------+---------------+---------------+---------------+---------------+---------------+---------------+---------------+---------------+---------------+---------------+---------------+---------------+---------------+---------------+---------------+---------------+---------------+---------------+---------------+---------------+---------------+---------------+---------------+---------------+---------------+---------------+---------------+---------------+---------------+---------------+---------------+---------------+---------------+---------------+---------------+---------------+---------------+
|         Event        | Counter |   HWThread 0  |   HWThread 1  |   HWThread 2  |   HWThread 3  |   HWThread 4  |   HWThread 5  |   HWThread 6  |   HWThread 7  |   HWThread 8  |   HWThread 9  |  HWThread 10  |  HWThread 11  |  HWThread 12  |  HWThread 13  |  HWThread 14  |  HWThread 15  |  HWThread 16  |  HWThread 17  |  HWThread 18  |  HWThread 19  |  HWThread 20  |  HWThread 21  |  HWThread 22  |  HWThread 23  |  HWThread 24  |  HWThread 25  |  HWThread 26  |  HWThread 27  |  HWThread 28  |  HWThread 29  |  HWThread 30  |  HWThread 31  |  HWThread 32  |  HWThread 33  |  HWThread 34  |  HWThread 35  |  HWThread 36  |  HWThread 37  |  HWThread 38  |  HWThread 39  |  HWThread 40  |  HWThread 41  |  HWThread 42  |  HWThread 43  |  HWThread 44  |  HWThread 45  |  HWThread 46  |  HWThread 47  |
+----------------------+---------+---------------+---------------+---------------+---------------+---------------+---------------+---------------+---------------+---------------+---------------+---------------+---------------+---------------+---------------+---------------+---------------+---------------+---------------+---------------+---------------+---------------+---------------+---------------+---------------+---------------+---------------+---------------+---------------+---------------+---------------+---------------+---------------+---------------+---------------+---------------+---------------+---------------+---------------+---------------+---------------+---------------+---------------+---------------+---------------+---------------+---------------+---------------+---------------+
|   ACTUAL_CPU_CLOCK   |  FIXC1  | 2906298457166 | 2296770817352 | 2295232387593 | 2295938955797 | 2296205199223 | 2296128571702 | 2296088218493 | 2296399207946 | 2258987155756 | 2252568593352 | 2248649374434 | 2252817961375 | 2248981725970 | 2242588349293 | 2255287207149 | 2260785775344 | 2296337539586 | 2295230826773 | 2297029203828 | 2295448291064 | 2296895936554 | 2296215747849 | 2295743813517 | 2297082337071 | 2297888102729 | 2297598696265 | 2297872101042 | 2297719750763 | 2297916953336 | 2297931946382 | 2297993901143 | 2297234073049 | 2296569838983 | 2295990176011 | 2296896849071 | 2295293292725 | 2295683425266 | 2294453308055 | 2296741736358 | 2296948772578 | 2296155357591 | 2295921443966 | 2296059837096 | 2294458391366 | 2296548051059 | 2293982603480 | 2294417243923 | 2296227354782 |
|     MAX_CPU_CLOCK    |  FIXC2  | 2043002866164 | 1640654931682 | 1627823876900 | 1627978655680 | 1628075244666 | 1627982045066 | 1627909788674 | 1628310047806 | 1603069680888 | 1598637759368 | 1595761479676 | 1598712299236 | 1595631321908 | 1591338000720 | 1600242781150 | 1604106309468 | 1629086565262 | 1628326921286 | 1629544092462 | 1628668494804 | 1629411391920 | 1629157093382 | 1629150071770 | 1629355483392 | 1630418066654 | 1630126247386 | 1630076045312 | 1630077136870 | 1630126164082 | 1630136849250 | 1630324316244 | 1630283544214 | 1628959025486 | 1628694227160 | 1629288049298 | 1628326292840 | 1628636200828 | 1627742521002 | 1629090577400 | 1629178141214 | 1628657587544 | 1628481290436 | 1628990407954 | 1627924807132 | 1628950288914 | 1627010863660 | 1627617005846 | 1628662316398 |
| RETIRED_INSTRUCTIONS |   PMC0  | 2065162896928 | 1460213264979 | 1457737637630 | 1460830054423 | 1457994448641 | 1459583574508 | 1457794919204 | 1457142306185 | 1497566443075 | 1501773691147 | 1498925707069 | 1498832922798 | 1496705711694 | 1500718981544 | 1493128967822 | 1487857075859 | 1461822827354 | 1464831159636 | 1460494360053 | 1462998867240 | 1458796410007 | 1460179593806 | 1457387636246 | 1455830796879 | 1448002681288 | 1448945880861 | 1447867871655 | 1448500797332 | 1447026262113 | 1447542063442 | 1447176627020 | 1446411533704 | 1468834188404 | 1471928719772 | 1467732927454 | 1469247257759 | 1465368304727 | 1468508071731 | 1463839308964 | 1462479435029 | 1453650163500 | 1455323154193 | 1452367466207 | 1451658047786 | 1446078415555 | 1450542706368 | 1444915908689 | 1420592182511 |
|  CPU_CLOCKS_UNHALTED |   PMC1  | 2493533510875 | 2063942031502 | 2063308704139 | 2066455227814 | 2066558457373 | 2065560649464 | 2061927581739 | 2065591746829 | 2080219151702 | 2084211430339 | 2078956281605 | 2079197909623 | 2072367985422 | 2079016362184 | 2073680609259 | 2061236753690 | 2068128016364 | 2078288053712 | 2064614810272 | 2075127029367 | 2061861718518 | 2064773529601 | 2055709602170 | 2051378287174 | 2062018602990 | 2068422263974 | 2066555526524 | 2068477130883 | 2066387313290 | 2067900801197 | 2064810810348 | 2064477786584 | 2070966522796 | 2075239776011 | 2065603843773 | 2070759046627 | 2063413689254 | 2072518218228 | 2061763289328 | 2055696625386 | 2070440627775 | 2075427581960 | 2066191325549 | 2066807349244 | 2068627904466 | 2080966277115 | 2063278818432 | 2066187556854 |
|      CAS_CMD_RD      |  UMC0C0 |   49027812449 |             0 |             0 |             0 |             0 |             0 |             0 |             0 |             0 |             0 |             0 |             0 |             0 |             0 |             0 |             0 |             0 |             0 |             0 |             0 |             0 |             0 |             0 |             0 |             0 |             0 |             0 |             0 |             0 |             0 |             0 |             0 |             0 |             0 |             0 |             0 |             0 |             0 |             0 |             0 |             0 |             0 |             0 |             0 |             0 |             0 |             0 |             0 |
|      CAS_CMD_WR      |  UMC0C1 |   19658830571 |             0 |             0 |             0 |             0 |             0 |             0 |             0 |             0 |             0 |             0 |             0 |             0 |             0 |             0 |             0 |             0 |             0 |             0 |             0 |             0 |             0 |             0 |             0 |             0 |             0 |             0 |             0 |             0 |             0 |             0 |             0 |             0 |             0 |             0 |             0 |             0 |             0 |             0 |             0 |             0 |             0 |             0 |             0 |             0 |             0 |             0 |             0 |
|      CAS_CMD_RD      |  UMC1C0 |   48045182552 |             0 |             0 |             0 |             0 |             0 |             0 |             0 |             0 |             0 |             0 |             0 |             0 |             0 |             0 |             0 |             0 |             0 |             0 |             0 |             0 |             0 |             0 |             0 |             0 |             0 |             0 |             0 |             0 |             0 |             0 |             0 |             0 |             0 |             0 |             0 |             0 |             0 |             0 |             0 |             0 |             0 |             0 |             0 |             0 |             0 |             0 |             0 |
|      CAS_CMD_WR      |  UMC1C1 |   19718433552 |             0 |             0 |             0 |             0 |             0 |             0 |             0 |             0 |             0 |             0 |             0 |             0 |             0 |             0 |             0 |             0 |             0 |             0 |             0 |             0 |             0 |             0 |             0 |             0 |             0 |             0 |             0 |             0 |             0 |             0 |             0 |             0 |             0 |             0 |             0 |             0 |             0 |             0 |             0 |             0 |             0 |             0 |             0 |             0 |             0 |             0 |             0 |
|      CAS_CMD_RD      |  UMC2C0 |   48326080607 |             0 |             0 |             0 |             0 |             0 |             0 |             0 |             0 |             0 |             0 |             0 |             0 |             0 |             0 |             0 |             0 |             0 |             0 |             0 |             0 |             0 |             0 |             0 |             0 |             0 |             0 |             0 |             0 |             0 |             0 |             0 |             0 |             0 |             0 |             0 |             0 |             0 |             0 |             0 |             0 |             0 |             0 |             0 |             0 |             0 |             0 |             0 |
|      CAS_CMD_WR      |  UMC2C1 |   19646870513 |             0 |             0 |             0 |             0 |             0 |             0 |             0 |             0 |             0 |             0 |             0 |             0 |             0 |             0 |             0 |             0 |             0 |             0 |             0 |             0 |             0 |             0 |             0 |             0 |             0 |             0 |             0 |             0 |             0 |             0 |             0 |             0 |             0 |             0 |             0 |             0 |             0 |             0 |             0 |             0 |             0 |             0 |             0 |             0 |             0 |             0 |             0 |
|      CAS_CMD_RD      |  UMC3C0 |   48866631863 |             0 |             0 |             0 |             0 |             0 |             0 |             0 |             0 |             0 |             0 |             0 |             0 |             0 |             0 |             0 |             0 |             0 |             0 |             0 |             0 |             0 |             0 |             0 |             0 |             0 |             0 |             0 |             0 |             0 |             0 |             0 |             0 |             0 |             0 |             0 |             0 |             0 |             0 |             0 |             0 |             0 |             0 |             0 |             0 |             0 |             0 |             0 |
|      CAS_CMD_WR      |  UMC3C1 |   19661204083 |             0 |             0 |             0 |             0 |             0 |             0 |             0 |             0 |             0 |             0 |             0 |             0 |             0 |             0 |             0 |             0 |             0 |             0 |             0 |             0 |             0 |             0 |             0 |             0 |             0 |             0 |             0 |             0 |             0 |             0 |             0 |             0 |             0 |             0 |             0 |             0 |             0 |             0 |             0 |             0 |             0 |             0 |             0 |             0 |             0 |             0 |             0 |
|      CAS_CMD_RD      |  UMC4C0 |   48711276974 |             0 |             0 |             0 |             0 |             0 |             0 |             0 |             0 |             0 |             0 |             0 |             0 |             0 |             0 |             0 |             0 |             0 |             0 |             0 |             0 |             0 |             0 |             0 |             0 |             0 |             0 |             0 |             0 |             0 |             0 |             0 |             0 |             0 |             0 |             0 |             0 |             0 |             0 |             0 |             0 |             0 |             0 |             0 |             0 |             0 |             0 |             0 |
|      CAS_CMD_WR      |  UMC4C1 |   19664050043 |             0 |             0 |             0 |             0 |             0 |             0 |             0 |             0 |             0 |             0 |             0 |             0 |             0 |             0 |             0 |             0 |             0 |             0 |             0 |             0 |             0 |             0 |             0 |             0 |             0 |             0 |             0 |             0 |             0 |             0 |             0 |             0 |             0 |             0 |             0 |             0 |             0 |             0 |             0 |             0 |             0 |             0 |             0 |             0 |             0 |             0 |             0 |
|      CAS_CMD_RD      |  UMC5C0 |   49179931462 |             0 |             0 |             0 |             0 |             0 |             0 |             0 |             0 |             0 |             0 |             0 |             0 |             0 |             0 |             0 |             0 |             0 |             0 |             0 |             0 |             0 |             0 |             0 |             0 |             0 |             0 |             0 |             0 |             0 |             0 |             0 |             0 |             0 |             0 |             0 |             0 |             0 |             0 |             0 |             0 |             0 |             0 |             0 |             0 |             0 |             0 |             0 |
|      CAS_CMD_WR      |  UMC5C1 |   19644397800 |             0 |             0 |             0 |             0 |             0 |             0 |             0 |             0 |             0 |             0 |             0 |             0 |             0 |             0 |             0 |             0 |             0 |             0 |             0 |             0 |             0 |             0 |             0 |             0 |             0 |             0 |             0 |             0 |             0 |             0 |             0 |             0 |             0 |             0 |             0 |             0 |             0 |             0 |             0 |             0 |             0 |             0 |             0 |             0 |             0 |             0 |             0 |
|      CAS_CMD_RD      |  UMC6C0 |   48500770372 |             0 |             0 |             0 |             0 |             0 |             0 |             0 |             0 |             0 |             0 |             0 |             0 |             0 |             0 |             0 |             0 |             0 |             0 |             0 |             0 |             0 |             0 |             0 |             0 |             0 |             0 |             0 |             0 |             0 |             0 |             0 |             0 |             0 |             0 |             0 |             0 |             0 |             0 |             0 |             0 |             0 |             0 |             0 |             0 |             0 |             0 |             0 |
|      CAS_CMD_WR      |  UMC6C1 |   19647570122 |             0 |             0 |             0 |             0 |             0 |             0 |             0 |             0 |             0 |             0 |             0 |             0 |             0 |             0 |             0 |             0 |             0 |             0 |             0 |             0 |             0 |             0 |             0 |             0 |             0 |             0 |             0 |             0 |             0 |             0 |             0 |             0 |             0 |             0 |             0 |             0 |             0 |             0 |             0 |             0 |             0 |             0 |             0 |             0 |             0 |             0 |             0 |
|      CAS_CMD_RD      |  UMC7C0 |   48314090474 |             0 |             0 |             0 |             0 |             0 |             0 |             0 |             0 |             0 |             0 |             0 |             0 |             0 |             0 |             0 |             0 |             0 |             0 |             0 |             0 |             0 |             0 |             0 |             0 |             0 |             0 |             0 |             0 |             0 |             0 |             0 |             0 |             0 |             0 |             0 |             0 |             0 |             0 |             0 |             0 |             0 |             0 |             0 |             0 |             0 |             0 |             0 |
|      CAS_CMD_WR      |  UMC7C1 |   19639987378 |             0 |             0 |             0 |             0 |             0 |             0 |             0 |             0 |             0 |             0 |             0 |             0 |             0 |             0 |             0 |             0 |             0 |             0 |             0 |             0 |             0 |             0 |             0 |             0 |             0 |             0 |             0 |             0 |             0 |             0 |             0 |             0 |             0 |             0 |             0 |             0 |             0 |             0 |             0 |             0 |             0 |             0 |             0 |             0 |             0 |             0 |             0 |
|      CAS_CMD_RD      |  UMC8C0 |   48222772992 |             0 |             0 |             0 |             0 |             0 |             0 |             0 |             0 |             0 |             0 |             0 |             0 |             0 |             0 |             0 |             0 |             0 |             0 |             0 |             0 |             0 |             0 |             0 |             0 |             0 |             0 |             0 |             0 |             0 |             0 |             0 |             0 |             0 |             0 |             0 |             0 |             0 |             0 |             0 |             0 |             0 |             0 |             0 |             0 |             0 |             0 |             0 |
|      CAS_CMD_WR      |  UMC8C1 |   19699721230 |             0 |             0 |             0 |             0 |             0 |             0 |             0 |             0 |             0 |             0 |             0 |             0 |             0 |             0 |             0 |             0 |             0 |             0 |             0 |             0 |             0 |             0 |             0 |             0 |             0 |             0 |             0 |             0 |             0 |             0 |             0 |             0 |             0 |             0 |             0 |             0 |             0 |             0 |             0 |             0 |             0 |             0 |             0 |             0 |             0 |             0 |             0 |
|      CAS_CMD_RD      |  UMC9C0 |   48559281926 |             0 |             0 |             0 |             0 |             0 |             0 |             0 |             0 |             0 |             0 |             0 |             0 |             0 |             0 |             0 |             0 |             0 |             0 |             0 |             0 |             0 |             0 |             0 |             0 |             0 |             0 |             0 |             0 |             0 |             0 |             0 |             0 |             0 |             0 |             0 |             0 |             0 |             0 |             0 |             0 |             0 |             0 |             0 |             0 |             0 |             0 |             0 |
|      CAS_CMD_WR      |  UMC9C1 |   19665697178 |             0 |             0 |             0 |             0 |             0 |             0 |             0 |             0 |             0 |             0 |             0 |             0 |             0 |             0 |             0 |             0 |             0 |             0 |             0 |             0 |             0 |             0 |             0 |             0 |             0 |             0 |             0 |             0 |             0 |             0 |             0 |             0 |             0 |             0 |             0 |             0 |             0 |             0 |             0 |             0 |             0 |             0 |             0 |             0 |             0 |             0 |             0 |
|      CAS_CMD_RD      | UMC10C0 |   47835501830 |             0 |             0 |             0 |             0 |             0 |             0 |             0 |             0 |             0 |             0 |             0 |             0 |             0 |             0 |             0 |             0 |             0 |             0 |             0 |             0 |             0 |             0 |             0 |             0 |             0 |             0 |             0 |             0 |             0 |             0 |             0 |             0 |             0 |             0 |             0 |             0 |             0 |             0 |             0 |             0 |             0 |             0 |             0 |             0 |             0 |             0 |             0 |
|      CAS_CMD_WR      | UMC10C1 |   19653238642 |             0 |             0 |             0 |             0 |             0 |             0 |             0 |             0 |             0 |             0 |             0 |             0 |             0 |             0 |             0 |             0 |             0 |             0 |             0 |             0 |             0 |             0 |             0 |             0 |             0 |             0 |             0 |             0 |             0 |             0 |             0 |             0 |             0 |             0 |             0 |             0 |             0 |             0 |             0 |             0 |             0 |             0 |             0 |             0 |             0 |             0 |             0 |
|      CAS_CMD_RD      | UMC11C0 |   48339685635 |             0 |             0 |             0 |             0 |             0 |             0 |             0 |             0 |             0 |             0 |             0 |             0 |             0 |             0 |             0 |             0 |             0 |             0 |             0 |             0 |             0 |             0 |             0 |             0 |             0 |             0 |             0 |             0 |             0 |             0 |             0 |             0 |             0 |             0 |             0 |             0 |             0 |             0 |             0 |             0 |             0 |             0 |             0 |             0 |             0 |             0 |             0 |
|      CAS_CMD_WR      | UMC11C1 |   19644149455 |             0 |             0 |             0 |             0 |             0 |             0 |             0 |             0 |             0 |             0 |             0 |             0 |             0 |             0 |             0 |             0 |             0 |             0 |             0 |             0 |             0 |             0 |             0 |             0 |             0 |             0 |             0 |             0 |             0 |             0 |             0 |             0 |             0 |             0 |             0 |             0 |             0 |             0 |             0 |             0 |             0 |             0 |             0 |             0 |             0 |             0 |             0 |
+----------------------+---------+---------------+---------------+---------------+---------------+---------------+---------------+---------------+---------------+---------------+---------------+---------------+---------------+---------------+---------------+---------------+---------------+---------------+---------------+---------------+---------------+---------------+---------------+---------------+---------------+---------------+---------------+---------------+---------------+---------------+---------------+---------------+---------------+---------------+---------------+---------------+---------------+---------------+---------------+---------------+---------------+---------------+---------------+---------------+---------------+---------------+---------------+---------------+---------------+

+---------------------------+---------+-----------------+---------------+---------------+--------------+
|           Event           | Counter |       Sum       |      Min      |      Max      |      Avg     |
+---------------------------+---------+-----------------+---------------+---------------+--------------+
|   ACTUAL_CPU_CLOCK STAT   |  FIXC1  | 110484214861206 | 2242588349293 | 2906298457166 | 2.301754e+12 |
|     MAX_CPU_CLOCK STAT    |  FIXC2  |  78369715176454 | 1591338000720 | 2043002866164 | 1.632702e+12 |
| RETIRED_INSTRUCTIONS STAT |   PMC0  |  70828850230791 | 1420592182511 | 2065162896928 | 1.475601e+12 |
|  CPU_CLOCKS_UNHALTED STAT |   PMC1  |  99698584129325 | 2051378287174 | 2493533510875 | 2.077054e+12 |
|      CAS_CMD_RD STAT      |  UMC0C0 |     49027812449 |             0 |   49027812449 | 1.021413e+09 |
|      CAS_CMD_WR STAT      |  UMC0C1 |     19658830571 |             0 |   19658830571 | 4.095590e+08 |
|      CAS_CMD_RD STAT      |  UMC1C0 |     48045182552 |             0 |   48045182552 | 1.000941e+09 |
|      CAS_CMD_WR STAT      |  UMC1C1 |     19718433552 |             0 |   19718433552 |    410800699 |
|      CAS_CMD_RD STAT      |  UMC2C0 |     48326080607 |             0 |   48326080607 | 1.006793e+09 |
|      CAS_CMD_WR STAT      |  UMC2C1 |     19646870513 |             0 |   19646870513 | 4.093098e+08 |
|      CAS_CMD_RD STAT      |  UMC3C0 |     48866631863 |             0 |   48866631863 | 1.018055e+09 |
|      CAS_CMD_WR STAT      |  UMC3C1 |     19661204083 |             0 |   19661204083 | 4.096084e+08 |
|      CAS_CMD_RD STAT      |  UMC4C0 |     48711276974 |             0 |   48711276974 | 1.014818e+09 |
|      CAS_CMD_WR STAT      |  UMC4C1 |     19664050043 |             0 |   19664050043 | 4.096677e+08 |
|      CAS_CMD_RD STAT      |  UMC5C0 |     49179931462 |             0 |   49179931462 | 1.024582e+09 |
|      CAS_CMD_WR STAT      |  UMC5C1 |     19644397800 |             0 |   19644397800 | 4.092583e+08 |
|      CAS_CMD_RD STAT      |  UMC6C0 |     48500770372 |             0 |   48500770372 | 1.010433e+09 |
|      CAS_CMD_WR STAT      |  UMC6C1 |     19647570122 |             0 |   19647570122 | 4.093244e+08 |
|      CAS_CMD_RD STAT      |  UMC7C0 |     48314090474 |             0 |   48314090474 | 1.006544e+09 |
|      CAS_CMD_WR STAT      |  UMC7C1 |     19639987378 |             0 |   19639987378 | 4.091664e+08 |
|      CAS_CMD_RD STAT      |  UMC8C0 |     48222772992 |             0 |   48222772992 |   1004641104 |
|      CAS_CMD_WR STAT      |  UMC8C1 |     19699721230 |             0 |   19699721230 | 4.104109e+08 |
|      CAS_CMD_RD STAT      |  UMC9C0 |     48559281926 |             0 |   48559281926 | 1.011652e+09 |
|      CAS_CMD_WR STAT      |  UMC9C1 |     19665697178 |             0 |   19665697178 | 4.097020e+08 |
|      CAS_CMD_RD STAT      | UMC10C0 |     47835501830 |             0 |   47835501830 | 9.965730e+08 |
|      CAS_CMD_WR STAT      | UMC10C1 |     19653238642 |             0 |   19653238642 | 4.094425e+08 |
|      CAS_CMD_RD STAT      | UMC11C0 |     48339685635 |             0 |   48339685635 | 1.007077e+09 |
|      CAS_CMD_WR STAT      | UMC11C1 |     19644149455 |             0 |   19644149455 | 4.092531e+08 |
+---------------------------+---------+-----------------+---------------+---------------+--------------+

+-----------------------------------+------------+------------+------------+------------+------------+------------+------------+------------+------------+------------+-------------+-------------+-------------+-------------+-------------+-------------+-------------+-------------+-------------+-------------+-------------+-------------+-------------+-------------+-------------+-------------+-------------+-------------+-------------+-------------+-------------+-------------+-------------+-------------+-------------+-------------+-------------+-------------+-------------+-------------+-------------+-------------+-------------+-------------+-------------+-------------+-------------+-------------+
|               Metric              | HWThread 0 | HWThread 1 | HWThread 2 | HWThread 3 | HWThread 4 | HWThread 5 | HWThread 6 | HWThread 7 | HWThread 8 | HWThread 9 | HWThread 10 | HWThread 11 | HWThread 12 | HWThread 13 | HWThread 14 | HWThread 15 | HWThread 16 | HWThread 17 | HWThread 18 | HWThread 19 | HWThread 20 | HWThread 21 | HWThread 22 | HWThread 23 | HWThread 24 | HWThread 25 | HWThread 26 | HWThread 27 | HWThread 28 | HWThread 29 | HWThread 30 | HWThread 31 | HWThread 32 | HWThread 33 | HWThread 34 | HWThread 35 | HWThread 36 | HWThread 37 | HWThread 38 | HWThread 39 | HWThread 40 | HWThread 41 | HWThread 42 | HWThread 43 | HWThread 44 | HWThread 45 | HWThread 46 | HWThread 47 |
+-----------------------------------+------------+------------+------------+------------+------------+------------+------------+------------+------------+------------+-------------+-------------+-------------+-------------+-------------+-------------+-------------+-------------+-------------+-------------+-------------+-------------+-------------+-------------+-------------+-------------+-------------+-------------+-------------+-------------+-------------+-------------+-------------+-------------+-------------+-------------+-------------+-------------+-------------+-------------+-------------+-------------+-------------+-------------+-------------+-------------+-------------+-------------+
|        Runtime (RDTSC) [s]        |   787.1369 |   787.1369 |   787.1369 |   787.1369 |   787.1369 |   787.1369 |   787.1369 |   787.1369 |   787.1369 |   787.1369 |    787.1369 |    787.1369 |    787.1369 |    787.1369 |    787.1369 |    787.1369 |    787.1369 |    787.1369 |    787.1369 |    787.1369 |    787.1369 |    787.1369 |    787.1369 |    787.1369 |    787.1369 |    787.1369 |    787.1369 |    787.1369 |    787.1369 |    787.1369 |    787.1369 |    787.1369 |    787.1369 |    787.1369 |    787.1369 |    787.1369 |    787.1369 |    787.1369 |    787.1369 |    787.1369 |    787.1369 |    787.1369 |    787.1369 |    787.1369 |    787.1369 |    787.1369 |    787.1369 |    787.1369 |
|        Runtime unhalted [s]       |  1117.8250 |   883.3875 |   882.7958 |   883.0676 |   883.1700 |   883.1405 |   883.1250 |   883.2446 |   868.8551 |   866.3864 |    864.8790 |    866.4823 |    865.0068 |    862.5478 |    867.4320 |    869.5469 |    883.2209 |    882.7952 |    883.4869 |    882.8789 |    883.4356 |    883.1740 |    882.9925 |    883.5073 |    883.8173 |    883.7059 |    883.8111 |    883.7525 |    883.8284 |    883.8341 |    883.8579 |    883.5657 |    883.3102 |    883.0873 |    883.4360 |    882.8192 |    882.9693 |    882.4962 |    883.3763 |    883.4560 |    883.1508 |    883.0608 |    883.1141 |    882.4981 |    883.3018 |    882.3151 |    882.4823 |    883.1785 |
|            Clock [MHz]            |  3698.6023 |  3639.7103 |  3665.9425 |  3666.7224 |  3666.9300 |  3667.0176 |  3667.1159 |  3666.7110 |  3663.7663 |  3663.4845 |   3663.7022 |   3663.7192 |   3664.5426 |   3663.9837 |   3664.2271 |   3664.3139 |   3664.8648 |   3664.8075 |   3664.9394 |   3664.3860 |   3665.0253 |   3664.5118 |   3663.7745 |   3665.4484 |   3664.3445 |   3664.5389 |   3665.0878 |   3664.8424 |   3665.0467 |   3665.0466 |   3664.7239 |   3663.6038 |   3665.5226 |   3665.1932 |   3665.3042 |   3664.9086 |   3664.8341 |   3664.8813 |   3665.5009 |   3665.6343 |   3665.5393 |   3665.5627 |   3664.6380 |   3664.4791 |   3665.5074 |   3665.7772 |   3665.1063 |   3665.6436 |
|                CPI                |     1.2074 |     1.4135 |     1.4154 |     1.4146 |     1.4174 |     1.4152 |     1.4144 |     1.4176 |     1.3891 |     1.3878 |      1.3870 |      1.3872 |      1.3846 |      1.3853 |      1.3888 |      1.3854 |      1.4148 |      1.4188 |      1.4136 |      1.4184 |      1.4134 |      1.4141 |      1.4105 |      1.4091 |      1.4240 |      1.4275 |      1.4273 |      1.4280 |      1.4280 |      1.4286 |      1.4268 |      1.4273 |      1.4099 |      1.4099 |      1.4073 |      1.4094 |      1.4081 |      1.4113 |      1.4085 |      1.4056 |      1.4243 |      1.4261 |      1.4226 |      1.4238 |      1.4305 |      1.4346 |      1.4280 |      1.4545 |
|  Memory read bandwidth [MBytes/s] | 47315.0958 |          0 |          0 |          0 |          0 |          0 |          0 |          0 |          0 |          0 |           0 |           0 |           0 |           0 |           0 |           0 |           0 |           0 |           0 |           0 |           0 |           0 |           0 |           0 |           0 |           0 |           0 |           0 |           0 |           0 |           0 |           0 |           0 |           0 |           0 |           0 |           0 |           0 |           0 |           0 |           0 |           0 |           0 |           0 |           0 |           0 |           0 |           0 |
|  Memory read data volume [GBytes] | 37243.4572 |          0 |          0 |          0 |          0 |          0 |          0 |          0 |          0 |          0 |           0 |           0 |           0 |           0 |           0 |           0 |           0 |           0 |           0 |           0 |           0 |           0 |           0 |           0 |           0 |           0 |           0 |           0 |           0 |           0 |           0 |           0 |           0 |           0 |           0 |           0 |           0 |           0 |           0 |           0 |           0 |           0 |           0 |           0 |           0 |           0 |           0 |           0 |
| Memory write bandwidth [MBytes/s] | 19183.9893 |          0 |          0 |          0 |          0 |          0 |          0 |          0 |          0 |          0 |           0 |           0 |           0 |           0 |           0 |           0 |           0 |           0 |           0 |           0 |           0 |           0 |           0 |           0 |           0 |           0 |           0 |           0 |           0 |           0 |           0 |           0 |           0 |           0 |           0 |           0 |           0 |           0 |           0 |           0 |           0 |           0 |           0 |           0 |           0 |           0 |           0 |           0 |
| Memory write data volume [GBytes] | 15100.4256 |          0 |          0 |          0 |          0 |          0 |          0 |          0 |          0 |          0 |           0 |           0 |           0 |           0 |           0 |           0 |           0 |           0 |           0 |           0 |           0 |           0 |           0 |           0 |           0 |           0 |           0 |           0 |           0 |           0 |           0 |           0 |           0 |           0 |           0 |           0 |           0 |           0 |           0 |           0 |           0 |           0 |           0 |           0 |           0 |           0 |           0 |           0 |
|    Memory bandwidth [MBytes/s]    | 66499.0851 |          0 |          0 |          0 |          0 |          0 |          0 |          0 |          0 |          0 |           0 |           0 |           0 |           0 |           0 |           0 |           0 |           0 |           0 |           0 |           0 |           0 |           0 |           0 |           0 |           0 |           0 |           0 |           0 |           0 |           0 |           0 |           0 |           0 |           0 |           0 |           0 |           0 |           0 |           0 |           0 |           0 |           0 |           0 |           0 |           0 |           0 |           0 |
|    Memory data volume [GBytes]    | 52343.8829 |          0 |          0 |          0 |          0 |          0 |          0 |          0 |          0 |          0 |           0 |           0 |           0 |           0 |           0 |           0 |           0 |           0 |           0 |           0 |           0 |           0 |           0 |           0 |           0 |           0 |           0 |           0 |           0 |           0 |           0 |           0 |           0 |           0 |           0 |           0 |           0 |           0 |           0 |           0 |           0 |           0 |           0 |           0 |           0 |           0 |           0 |           0 |
+-----------------------------------+------------+------------+------------+------------+------------+------------+------------+------------+------------+------------+-------------+-------------+-------------+-------------+-------------+-------------+-------------+-------------+-------------+-------------+-------------+-------------+-------------+-------------+-------------+-------------+-------------+-------------+-------------+-------------+-------------+-------------+-------------+-------------+-------------+-------------+-------------+-------------+-------------+-------------+-------------+-------------+-------------+-------------+-------------+-------------+-------------+-------------+

+----------------------------------------+-------------+-----------+------------+-----------+
|                 Metric                 |     Sum     |    Min    |     Max    |    Avg    |
+----------------------------------------+-------------+-----------+------------+-----------+
|        Runtime (RDTSC) [s] STAT        |  37782.5712 |  787.1369 |   787.1369 |  787.1369 |
|        Runtime unhalted [s] STAT       |  42494.6085 |  862.5478 |  1117.8250 |  885.3043 |
|            Clock [MHz] STAT            | 175929.5166 | 3639.7103 |  3698.6023 | 3665.1983 |
|                CPI STAT                |     67.6553 |    1.2074 |     1.4545 |    1.4095 |
|  Memory read bandwidth [MBytes/s] STAT |  47315.0958 |         0 | 47315.0958 |  985.7312 |
|  Memory read data volume [GBytes] STAT |  37243.4572 |         0 | 37243.4572 |  775.9054 |
| Memory write bandwidth [MBytes/s] STAT |  19183.9893 |         0 | 19183.9893 |  399.6664 |
| Memory write data volume [GBytes] STAT |  15100.4256 |         0 | 15100.4256 |  314.5922 |
|    Memory bandwidth [MBytes/s] STAT    |  66499.0851 |         0 | 66499.0851 | 1385.3976 |
|    Memory data volume [GBytes] STAT    |  52343.8829 |         0 | 52343.8829 | 1090.4976 |
+----------------------------------------+-------------+-----------+------------+-----------+

