INFO: You are running LIKWID in a cpuset with 64 CPUs. Taking given IDs as logical ID in cpuset
--------------------------------------------------------------------------------
CPU name:	AMD EPYC 9A14 96-Core Processor                
CPU type:	AMD K19 (Zen4) architecture
CPU clock:	2.60 GHz
--------------------------------------------------------------------------------
Use symmetry. Molecule point group: Dooh
Norb: 18   Ne: (8, 8)
Running RHF...
SCF not converged.
SCF energy = -149.453202297011
Running FCI ...
Guessing CI wfn symmetry = 0
Num symmetry allowed elements 239373732
tol 1e-10  toloose 1e-05
max_cycle 100  max_space 12  max_memory 746655  incore True
    CPU time for contract_2e   2844.65 sec, wall time     45.41 sec
davidson 0 1  |r|= 0.965  e= [-177.41918315]  max|de|= -177  lindep=    1
    CPU time for contract_2e   2872.39 sec, wall time     47.27 sec
davidson 1 2  |r|= 0.477  e= [-177.66345341]  max|de|= -0.244  lindep= 0.976
    CPU time for contract_2e   2887.09 sec, wall time     48.26 sec
davidson 2 3  |r|= 0.189  e= [-177.71009544]  max|de|= -0.0466  lindep= 0.997
    CPU time for contract_2e   2901.16 sec, wall time     49.23 sec
davidson 3 4  |r|= 0.0734  e= [-177.71605069]  max|de|= -0.00596  lindep= 0.98
    CPU time for contract_2e   2910.79 sec, wall time     50.18 sec
davidson 4 5  |r|= 0.0317  e= [-177.71693538]  max|de|= -0.000885  lindep= 0.96
    CPU time for contract_2e   2913.70 sec, wall time     51.00 sec
davidson 5 6  |r|= 0.0142  e= [-177.71710364]  max|de|= -0.000168  lindep= 0.93
    CPU time for contract_2e   2935.41 sec, wall time     52.10 sec
davidson 6 7  |r|= 0.00606  e= [-177.71713434]  max|de|= -3.07e-05  lindep= 0.918
    CPU time for contract_2e   2945.70 sec, wall time     53.04 sec
davidson 7 8  |r|= 0.00244  e= [-177.71713934]  max|de|= -5e-06  lindep= 0.932
    CPU time for contract_2e   2942.90 sec, wall time     53.75 sec
davidson 8 9  |r|= 0.000953  e= [-177.71714013]  max|de|= -7.84e-07  lindep= 0.926
    CPU time for contract_2e   2958.42 sec, wall time     54.83 sec
davidson 9 10  |r|= 0.000379  e= [-177.71714025]  max|de|= -1.21e-07  lindep= 0.919
    CPU time for contract_2e   2973.70 sec, wall time     55.79 sec
davidson 10 11  |r|= 0.000155  e= [-177.71714027]  max|de|= -1.73e-08  lindep= 0.942
    CPU time for contract_2e   2981.40 sec, wall time     56.69 sec
davidson 11 12  |r|= 6.24e-05  e= [-177.71714027]  max|de|= -2.81e-09  lindep= 0.939
    CPU time for contract_2e   2997.74 sec, wall time     58.14 sec
davidson 12 1  |r|= 6.24e-05  e= [-177.71714027]  max|de|= 1.28e-11  lindep=    1
    CPU time for contract_2e   2882.80 sec, wall time     47.44 sec
davidson 13 2  |r|= 2.68e-05  e= [-177.71714027]  max|de|= -3.93e-10  lindep= 0.988
    CPU time for contract_2e   2898.86 sec, wall time     48.47 sec
davidson 14 3  |r|= 1.29e-05  e= [-177.71714027]  max|de|= -1.22e-10  lindep= 0.879
    CPU time for contract_2e   2904.38 sec, wall time     49.29 sec
root 0 converged  |r|= 5.47e-06  e= -177.71714027031783  max|de|= -2.3e-11
converged 15 4  |r|= 5.47e-06  e= [-177.71714027]  max|de|= -2.3e-11
--------------------------------------------------------------------------------
Group 1: MEM
+----------------------+---------+---------------+---------------+---------------+---------------+---------------+---------------+---------------+---------------+---------------+---------------+---------------+---------------+---------------+---------------+---------------+---------------+---------------+---------------+---------------+---------------+---------------+---------------+---------------+---------------+---------------+---------------+---------------+---------------+---------------+---------------+---------------+---------------+---------------+---------------+---------------+---------------+---------------+---------------+---------------+---------------+---------------+---------------+---------------+---------------+---------------+---------------+---------------+---------------+---------------+---------------+---------------+---------------+---------------+---------------+---------------+---------------+---------------+---------------+---------------+---------------+---------------+---------------+---------------+---------------+
|         Event        | Counter |   HWThread 0  |   HWThread 1  |   HWThread 2  |   HWThread 3  |   HWThread 4  |   HWThread 5  |   HWThread 6  |   HWThread 7  |   HWThread 8  |   HWThread 9  |  HWThread 10  |  HWThread 11  |  HWThread 12  |  HWThread 13  |  HWThread 14  |  HWThread 15  |  HWThread 16  |  HWThread 17  |  HWThread 18  |  HWThread 19  |  HWThread 20  |  HWThread 21  |  HWThread 22  |  HWThread 23  |  HWThread 24  |  HWThread 25  |  HWThread 26  |  HWThread 27  |  HWThread 28  |  HWThread 29  |  HWThread 30  |  HWThread 31  |  HWThread 32  |  HWThread 33  |  HWThread 34  |  HWThread 35  |  HWThread 36  |  HWThread 37  |  HWThread 38  |  HWThread 39  |  HWThread 40  |  HWThread 41  |  HWThread 42  |  HWThread 43  |  HWThread 44  |  HWThread 45  |  HWThread 46  |  HWThread 47  |  HWThread 48  |  HWThread 49  |  HWThread 50  |  HWThread 51  |  HWThread 52  |  HWThread 53  |  HWThread 54  |  HWThread 55  |  HWThread 56  |  HWThread 57  |  HWThread 58  |  HWThread 59  |  HWThread 60  |  HWThread 61  |  HWThread 62  |  HWThread 63  |
+----------------------+---------+---------------+---------------+---------------+---------------+---------------+---------------+---------------+---------------+---------------+---------------+---------------+---------------+---------------+---------------+---------------+---------------+---------------+---------------+---------------+---------------+---------------+---------------+---------------+---------------+---------------+---------------+---------------+---------------+---------------+---------------+---------------+---------------+---------------+---------------+---------------+---------------+---------------+---------------+---------------+---------------+---------------+---------------+---------------+---------------+---------------+---------------+---------------+---------------+---------------+---------------+---------------+---------------+---------------+---------------+---------------+---------------+---------------+---------------+---------------+---------------+---------------+---------------+---------------+---------------+
|   ACTUAL_CPU_CLOCK   |  FIXC1  | 3339236826587 | 2734801211550 | 2730922717995 | 2731034739404 | 2730356121645 | 2730557036258 | 2730704143340 | 2730207470130 | 2606724386112 | 2621839479406 | 2614703087957 | 2581277113162 | 2618014134267 | 2617102902496 | 2620278518313 | 2638362822103 | 2729555379757 | 2729172336672 | 2729405345440 | 2729380538745 | 2728477527386 | 2728080285347 | 2729031832912 | 2729130244925 | 2730958132144 | 2730976155131 | 2730795161356 | 2729796958951 | 2730431504723 | 2730867471059 | 2730263933202 | 2730042221716 | 2703930513355 | 2712823918256 | 2700990678854 | 2712764139606 | 2716357622392 | 2723505916941 | 2721183542155 | 2723746508361 | 2729604863133 | 2730895604222 | 2729959165482 | 2730499813831 | 2730796181853 | 2729413788126 | 2728041045497 | 2729955120916 | 2712668604644 | 2713228246402 | 2714798455303 | 2717371117501 | 2719018988548 | 2717395735829 | 2718901431796 | 2724125413414 | 2715375883367 | 2716116248955 | 2715741912396 | 2716609928861 | 2720383282071 | 2719137404008 | 2720196827845 | 2721025072638 |
|     MAX_CPU_CLOCK    |  FIXC2  | 2347798468990 | 1950255367892 | 1935897033642 | 1935435617934 | 1935233059578 | 1935238061718 | 1935284715832 | 1935268600642 | 1848619069752 | 1859267556666 | 1854431510828 | 1831191195704 | 1856714799342 | 1856188040070 | 1858391338674 | 1871058898696 | 1935647892724 | 1935576545136 | 1935644315722 | 1935505429832 | 1934677161586 | 1934340617456 | 1935069473194 | 1935241923680 | 1935653368922 | 1935622860340 | 1935574036032 | 1935019561098 | 1935243383346 | 1935440492440 | 1935301309318 | 1934929126624 | 1917015362756 | 1923305526688 | 1914834825228 | 1922944476726 | 1925612458406 | 1930965917894 | 1928964176906 | 1930863740702 | 1934755041986 | 1935649614236 | 1935126884704 | 1935323293254 | 1935309211602 | 1934480685982 | 1933457915428 | 1934823216560 | 1924012967526 | 1924523176238 | 1925456344474 | 1927237287508 | 1928248596872 | 1926817247576 | 1928429100208 | 1931949313372 | 1925874852096 | 1926831835448 | 1926487603378 | 1926904123794 | 1929693687896 | 1929171804196 | 1928729732670 | 1929303227176 |
| RETIRED_INSTRUCTIONS |   PMC0  | 1748219858297 | 1154357970592 | 1153723202928 | 1154312900741 | 1153342282196 | 1153981931918 | 1152862933570 | 1152408350502 | 1208710942530 | 1209091260115 | 1208788767448 | 1211876435610 | 1207474555795 | 1206255890959 | 1207870688264 | 1200750100042 | 1158852500398 | 1160220569037 | 1160079801574 | 1158803387000 | 1157902272035 | 1159360273045 | 1156519382261 | 1156570275942 | 1151622446954 | 1152488810384 | 1151554504367 | 1151796112217 | 1146360018799 | 1147376789188 | 1145993935722 | 1145616616910 | 1182103240910 | 1180615441797 | 1181706727994 | 1180190917700 | 1174859782411 | 1172680895256 | 1169094434616 | 1168797812710 | 1146383269578 | 1146940867123 | 1146741221901 | 1146875435181 | 1145436512049 | 1146570027856 | 1144440658504 | 1143963898015 | 1213130580752 | 1215112306899 | 1211772391657 | 1213254072015 | 1209263553632 | 1210193633137 | 1203429618633 | 1196592258648 | 1212734106577 | 1213718175088 | 1210696825283 | 1212061521332 | 1207563776990 | 1209700988356 | 1203353562203 | 1126964917737 |
|  CPU_CLOCKS_UNHALTED |   PMC1  | 2901667206629 | 2470865353726 | 2475894627486 | 2474643976037 | 2473326166070 | 2470641077110 | 2472071795654 | 2468785016938 | 2415640360592 | 2433553722412 | 2424484780229 | 2407617458414 | 2426616259116 | 2423928487697 | 2429099710887 | 2426958097788 | 2471357013184 | 2475246445976 | 2476787949752 | 2474067627122 | 2470181469827 | 2473897002211 | 2466636097606 | 2465745542802 | 2471253235599 | 2471949214343 | 2472134919628 | 2471986550593 | 2468079977621 | 2472843450691 | 2470080814134 | 2469817542832 | 2476389078749 | 2476251280081 | 2472262194488 | 2480237973039 | 2469935569237 | 2466654312229 | 2468083866897 | 2464812402000 | 2473772873569 | 2472999321163 | 2475868097575 | 2473698773746 | 2471573448747 | 2473537858371 | 2470872245195 | 2469950405792 | 2529090636461 | 2533902381263 | 2527014611583 | 2535044595062 | 2526376781351 | 2531579560785 | 2518766906360 | 2505047093747 | 2538695661280 | 2543047683103 | 2536177667264 | 2541139018719 | 2534512915607 | 2538783081720 | 2530207856445 | 2514894267422 |
|      CAS_CMD_RD      |  UMC0C0 |   58834904611 |             0 |             0 |             0 |             0 |             0 |             0 |             0 |             0 |             0 |             0 |             0 |             0 |             0 |             0 |             0 |             0 |             0 |             0 |             0 |             0 |             0 |             0 |             0 |             0 |             0 |             0 |             0 |             0 |             0 |             0 |             0 |             0 |             0 |             0 |             0 |             0 |             0 |             0 |             0 |             0 |             0 |             0 |             0 |             0 |             0 |             0 |             0 |             0 |             0 |             0 |             0 |             0 |             0 |             0 |             0 |             0 |             0 |             0 |             0 |             0 |             0 |             0 |             0 |
|      CAS_CMD_WR      |  UMC0C1 |   24450739451 |             0 |             0 |             0 |             0 |             0 |             0 |             0 |             0 |             0 |             0 |             0 |             0 |             0 |             0 |             0 |             0 |             0 |             0 |             0 |             0 |             0 |             0 |             0 |             0 |             0 |             0 |             0 |             0 |             0 |             0 |             0 |             0 |             0 |             0 |             0 |             0 |             0 |             0 |             0 |             0 |             0 |             0 |             0 |             0 |             0 |             0 |             0 |             0 |             0 |             0 |             0 |             0 |             0 |             0 |             0 |             0 |             0 |             0 |             0 |             0 |             0 |             0 |             0 |
|      CAS_CMD_RD      |  UMC1C0 |   58231277361 |             0 |             0 |             0 |             0 |             0 |             0 |             0 |             0 |             0 |             0 |             0 |             0 |             0 |             0 |             0 |             0 |             0 |             0 |             0 |             0 |             0 |             0 |             0 |             0 |             0 |             0 |             0 |             0 |             0 |             0 |             0 |             0 |             0 |             0 |             0 |             0 |             0 |             0 |             0 |             0 |             0 |             0 |             0 |             0 |             0 |             0 |             0 |             0 |             0 |             0 |             0 |             0 |             0 |             0 |             0 |             0 |             0 |             0 |             0 |             0 |             0 |             0 |             0 |
|      CAS_CMD_WR      |  UMC1C1 |   24507188255 |             0 |             0 |             0 |             0 |             0 |             0 |             0 |             0 |             0 |             0 |             0 |             0 |             0 |             0 |             0 |             0 |             0 |             0 |             0 |             0 |             0 |             0 |             0 |             0 |             0 |             0 |             0 |             0 |             0 |             0 |             0 |             0 |             0 |             0 |             0 |             0 |             0 |             0 |             0 |             0 |             0 |             0 |             0 |             0 |             0 |             0 |             0 |             0 |             0 |             0 |             0 |             0 |             0 |             0 |             0 |             0 |             0 |             0 |             0 |             0 |             0 |             0 |             0 |
|      CAS_CMD_RD      |  UMC2C0 |   59144417550 |             0 |             0 |             0 |             0 |             0 |             0 |             0 |             0 |             0 |             0 |             0 |             0 |             0 |             0 |             0 |             0 |             0 |             0 |             0 |             0 |             0 |             0 |             0 |             0 |             0 |             0 |             0 |             0 |             0 |             0 |             0 |             0 |             0 |             0 |             0 |             0 |             0 |             0 |             0 |             0 |             0 |             0 |             0 |             0 |             0 |             0 |             0 |             0 |             0 |             0 |             0 |             0 |             0 |             0 |             0 |             0 |             0 |             0 |             0 |             0 |             0 |             0 |             0 |
|      CAS_CMD_WR      |  UMC2C1 |   24494941165 |             0 |             0 |             0 |             0 |             0 |             0 |             0 |             0 |             0 |             0 |             0 |             0 |             0 |             0 |             0 |             0 |             0 |             0 |             0 |             0 |             0 |             0 |             0 |             0 |             0 |             0 |             0 |             0 |             0 |             0 |             0 |             0 |             0 |             0 |             0 |             0 |             0 |             0 |             0 |             0 |             0 |             0 |             0 |             0 |             0 |             0 |             0 |             0 |             0 |             0 |             0 |             0 |             0 |             0 |             0 |             0 |             0 |             0 |             0 |             0 |             0 |             0 |             0 |
|      CAS_CMD_RD      |  UMC3C0 |   58101106841 |             0 |             0 |             0 |             0 |             0 |             0 |             0 |             0 |             0 |             0 |             0 |             0 |             0 |             0 |             0 |             0 |             0 |             0 |             0 |             0 |             0 |             0 |             0 |             0 |             0 |             0 |             0 |             0 |             0 |             0 |             0 |             0 |             0 |             0 |             0 |             0 |             0 |             0 |             0 |             0 |             0 |             0 |             0 |             0 |             0 |             0 |             0 |             0 |             0 |             0 |             0 |             0 |             0 |             0 |             0 |             0 |             0 |             0 |             0 |             0 |             0 |             0 |             0 |
|      CAS_CMD_WR      |  UMC3C1 |   24569883826 |             0 |             0 |             0 |             0 |             0 |             0 |             0 |             0 |             0 |             0 |             0 |             0 |             0 |             0 |             0 |             0 |             0 |             0 |             0 |             0 |             0 |             0 |             0 |             0 |             0 |             0 |             0 |             0 |             0 |             0 |             0 |             0 |             0 |             0 |             0 |             0 |             0 |             0 |             0 |             0 |             0 |             0 |             0 |             0 |             0 |             0 |             0 |             0 |             0 |             0 |             0 |             0 |             0 |             0 |             0 |             0 |             0 |             0 |             0 |             0 |             0 |             0 |             0 |
|      CAS_CMD_RD      |  UMC4C0 |   58329890722 |             0 |             0 |             0 |             0 |             0 |             0 |             0 |             0 |             0 |             0 |             0 |             0 |             0 |             0 |             0 |             0 |             0 |             0 |             0 |             0 |             0 |             0 |             0 |             0 |             0 |             0 |             0 |             0 |             0 |             0 |             0 |             0 |             0 |             0 |             0 |             0 |             0 |             0 |             0 |             0 |             0 |             0 |             0 |             0 |             0 |             0 |             0 |             0 |             0 |             0 |             0 |             0 |             0 |             0 |             0 |             0 |             0 |             0 |             0 |             0 |             0 |             0 |             0 |
|      CAS_CMD_WR      |  UMC4C1 |   24559969800 |             0 |             0 |             0 |             0 |             0 |             0 |             0 |             0 |             0 |             0 |             0 |             0 |             0 |             0 |             0 |             0 |             0 |             0 |             0 |             0 |             0 |             0 |             0 |             0 |             0 |             0 |             0 |             0 |             0 |             0 |             0 |             0 |             0 |             0 |             0 |             0 |             0 |             0 |             0 |             0 |             0 |             0 |             0 |             0 |             0 |             0 |             0 |             0 |             0 |             0 |             0 |             0 |             0 |             0 |             0 |             0 |             0 |             0 |             0 |             0 |             0 |             0 |             0 |
|      CAS_CMD_RD      |  UMC5C0 |   58392132882 |             0 |             0 |             0 |             0 |             0 |             0 |             0 |             0 |             0 |             0 |             0 |             0 |             0 |             0 |             0 |             0 |             0 |             0 |             0 |             0 |             0 |             0 |             0 |             0 |             0 |             0 |             0 |             0 |             0 |             0 |             0 |             0 |             0 |             0 |             0 |             0 |             0 |             0 |             0 |             0 |             0 |             0 |             0 |             0 |             0 |             0 |             0 |             0 |             0 |             0 |             0 |             0 |             0 |             0 |             0 |             0 |             0 |             0 |             0 |             0 |             0 |             0 |             0 |
|      CAS_CMD_WR      |  UMC5C1 |   24546488305 |             0 |             0 |             0 |             0 |             0 |             0 |             0 |             0 |             0 |             0 |             0 |             0 |             0 |             0 |             0 |             0 |             0 |             0 |             0 |             0 |             0 |             0 |             0 |             0 |             0 |             0 |             0 |             0 |             0 |             0 |             0 |             0 |             0 |             0 |             0 |             0 |             0 |             0 |             0 |             0 |             0 |             0 |             0 |             0 |             0 |             0 |             0 |             0 |             0 |             0 |             0 |             0 |             0 |             0 |             0 |             0 |             0 |             0 |             0 |             0 |             0 |             0 |             0 |
|      CAS_CMD_RD      |  UMC6C0 |   58286951508 |             0 |             0 |             0 |             0 |             0 |             0 |             0 |             0 |             0 |             0 |             0 |             0 |             0 |             0 |             0 |             0 |             0 |             0 |             0 |             0 |             0 |             0 |             0 |             0 |             0 |             0 |             0 |             0 |             0 |             0 |             0 |             0 |             0 |             0 |             0 |             0 |             0 |             0 |             0 |             0 |             0 |             0 |             0 |             0 |             0 |             0 |             0 |             0 |             0 |             0 |             0 |             0 |             0 |             0 |             0 |             0 |             0 |             0 |             0 |             0 |             0 |             0 |             0 |
|      CAS_CMD_WR      |  UMC6C1 |   24510867048 |             0 |             0 |             0 |             0 |             0 |             0 |             0 |             0 |             0 |             0 |             0 |             0 |             0 |             0 |             0 |             0 |             0 |             0 |             0 |             0 |             0 |             0 |             0 |             0 |             0 |             0 |             0 |             0 |             0 |             0 |             0 |             0 |             0 |             0 |             0 |             0 |             0 |             0 |             0 |             0 |             0 |             0 |             0 |             0 |             0 |             0 |             0 |             0 |             0 |             0 |             0 |             0 |             0 |             0 |             0 |             0 |             0 |             0 |             0 |             0 |             0 |             0 |             0 |
|      CAS_CMD_RD      |  UMC7C0 |   58398078510 |             0 |             0 |             0 |             0 |             0 |             0 |             0 |             0 |             0 |             0 |             0 |             0 |             0 |             0 |             0 |             0 |             0 |             0 |             0 |             0 |             0 |             0 |             0 |             0 |             0 |             0 |             0 |             0 |             0 |             0 |             0 |             0 |             0 |             0 |             0 |             0 |             0 |             0 |             0 |             0 |             0 |             0 |             0 |             0 |             0 |             0 |             0 |             0 |             0 |             0 |             0 |             0 |             0 |             0 |             0 |             0 |             0 |             0 |             0 |             0 |             0 |             0 |             0 |
|      CAS_CMD_WR      |  UMC7C1 |   24452697649 |             0 |             0 |             0 |             0 |             0 |             0 |             0 |             0 |             0 |             0 |             0 |             0 |             0 |             0 |             0 |             0 |             0 |             0 |             0 |             0 |             0 |             0 |             0 |             0 |             0 |             0 |             0 |             0 |             0 |             0 |             0 |             0 |             0 |             0 |             0 |             0 |             0 |             0 |             0 |             0 |             0 |             0 |             0 |             0 |             0 |             0 |             0 |             0 |             0 |             0 |             0 |             0 |             0 |             0 |             0 |             0 |             0 |             0 |             0 |             0 |             0 |             0 |             0 |
|      CAS_CMD_RD      |  UMC8C0 |   58460755253 |             0 |             0 |             0 |             0 |             0 |             0 |             0 |             0 |             0 |             0 |             0 |             0 |             0 |             0 |             0 |             0 |             0 |             0 |             0 |             0 |             0 |             0 |             0 |             0 |             0 |             0 |             0 |             0 |             0 |             0 |             0 |             0 |             0 |             0 |             0 |             0 |             0 |             0 |             0 |             0 |             0 |             0 |             0 |             0 |             0 |             0 |             0 |             0 |             0 |             0 |             0 |             0 |             0 |             0 |             0 |             0 |             0 |             0 |             0 |             0 |             0 |             0 |             0 |
|      CAS_CMD_WR      |  UMC8C1 |   24495521492 |             0 |             0 |             0 |             0 |             0 |             0 |             0 |             0 |             0 |             0 |             0 |             0 |             0 |             0 |             0 |             0 |             0 |             0 |             0 |             0 |             0 |             0 |             0 |             0 |             0 |             0 |             0 |             0 |             0 |             0 |             0 |             0 |             0 |             0 |             0 |             0 |             0 |             0 |             0 |             0 |             0 |             0 |             0 |             0 |             0 |             0 |             0 |             0 |             0 |             0 |             0 |             0 |             0 |             0 |             0 |             0 |             0 |             0 |             0 |             0 |             0 |             0 |             0 |
|      CAS_CMD_RD      |  UMC9C0 |   58327638850 |             0 |             0 |             0 |             0 |             0 |             0 |             0 |             0 |             0 |             0 |             0 |             0 |             0 |             0 |             0 |             0 |             0 |             0 |             0 |             0 |             0 |             0 |             0 |             0 |             0 |             0 |             0 |             0 |             0 |             0 |             0 |             0 |             0 |             0 |             0 |             0 |             0 |             0 |             0 |             0 |             0 |             0 |             0 |             0 |             0 |             0 |             0 |             0 |             0 |             0 |             0 |             0 |             0 |             0 |             0 |             0 |             0 |             0 |             0 |             0 |             0 |             0 |             0 |
|      CAS_CMD_WR      |  UMC9C1 |   24566289740 |             0 |             0 |             0 |             0 |             0 |             0 |             0 |             0 |             0 |             0 |             0 |             0 |             0 |             0 |             0 |             0 |             0 |             0 |             0 |             0 |             0 |             0 |             0 |             0 |             0 |             0 |             0 |             0 |             0 |             0 |             0 |             0 |             0 |             0 |             0 |             0 |             0 |             0 |             0 |             0 |             0 |             0 |             0 |             0 |             0 |             0 |             0 |             0 |             0 |             0 |             0 |             0 |             0 |             0 |             0 |             0 |             0 |             0 |             0 |             0 |             0 |             0 |             0 |
|      CAS_CMD_RD      | UMC10C0 |   58393086052 |             0 |             0 |             0 |             0 |             0 |             0 |             0 |             0 |             0 |             0 |             0 |             0 |             0 |             0 |             0 |             0 |             0 |             0 |             0 |             0 |             0 |             0 |             0 |             0 |             0 |             0 |             0 |             0 |             0 |             0 |             0 |             0 |             0 |             0 |             0 |             0 |             0 |             0 |             0 |             0 |             0 |             0 |             0 |             0 |             0 |             0 |             0 |             0 |             0 |             0 |             0 |             0 |             0 |             0 |             0 |             0 |             0 |             0 |             0 |             0 |             0 |             0 |             0 |
|      CAS_CMD_WR      | UMC10C1 |   24500289890 |             0 |             0 |             0 |             0 |             0 |             0 |             0 |             0 |             0 |             0 |             0 |             0 |             0 |             0 |             0 |             0 |             0 |             0 |             0 |             0 |             0 |             0 |             0 |             0 |             0 |             0 |             0 |             0 |             0 |             0 |             0 |             0 |             0 |             0 |             0 |             0 |             0 |             0 |             0 |             0 |             0 |             0 |             0 |             0 |             0 |             0 |             0 |             0 |             0 |             0 |             0 |             0 |             0 |             0 |             0 |             0 |             0 |             0 |             0 |             0 |             0 |             0 |             0 |
|      CAS_CMD_RD      | UMC11C0 |   59310311343 |             0 |             0 |             0 |             0 |             0 |             0 |             0 |             0 |             0 |             0 |             0 |             0 |             0 |             0 |             0 |             0 |             0 |             0 |             0 |             0 |             0 |             0 |             0 |             0 |             0 |             0 |             0 |             0 |             0 |             0 |             0 |             0 |             0 |             0 |             0 |             0 |             0 |             0 |             0 |             0 |             0 |             0 |             0 |             0 |             0 |             0 |             0 |             0 |             0 |             0 |             0 |             0 |             0 |             0 |             0 |             0 |             0 |             0 |             0 |             0 |             0 |             0 |             0 |
|      CAS_CMD_WR      | UMC11C1 |   24563060884 |             0 |             0 |             0 |             0 |             0 |             0 |             0 |             0 |             0 |             0 |             0 |             0 |             0 |             0 |             0 |             0 |             0 |             0 |             0 |             0 |             0 |             0 |             0 |             0 |             0 |             0 |             0 |             0 |             0 |             0 |             0 |             0 |             0 |             0 |             0 |             0 |             0 |             0 |             0 |             0 |             0 |             0 |             0 |             0 |             0 |             0 |             0 |             0 |             0 |             0 |             0 |             0 |             0 |             0 |             0 |             0 |             0 |             0 |             0 |             0 |             0 |             0 |             0 |
+----------------------+---------+---------------+---------------+---------------+---------------+---------------+---------------+---------------+---------------+---------------+---------------+---------------+---------------+---------------+---------------+---------------+---------------+---------------+---------------+---------------+---------------+---------------+---------------+---------------+---------------+---------------+---------------+---------------+---------------+---------------+---------------+---------------+---------------+---------------+---------------+---------------+---------------+---------------+---------------+---------------+---------------+---------------+---------------+---------------+---------------+---------------+---------------+---------------+---------------+---------------+---------------+---------------+---------------+---------------+---------------+---------------+---------------+---------------+---------------+---------------+---------------+---------------+---------------+---------------+---------------+

+---------------------------+---------+-----------------+---------------+---------------+--------------+
|           Event           | Counter |       Sum       |      Min      |      Max      |      Avg     |
+---------------------------+---------+-----------------+---------------+---------------+--------------+
|   ACTUAL_CPU_CLOCK STAT   |  FIXC1  | 174089050716749 | 2581277113162 | 3339236826587 | 2.720141e+12 |
|     MAX_CPU_CLOCK STAT    |  FIXC2  | 123423864082896 | 1831191195704 | 2347798468990 | 1.928498e+12 |
| RETIRED_INSTRUCTIONS STAT |   PMC0  |  75792089199880 | 1126964917737 | 1748219858297 | 1.184251e+12 |
|  CPU_CLOCKS_UNHALTED STAT |   PMC1  | 159179039369756 | 2407617458414 | 2901667206629 | 2.487172e+12 |
|      CAS_CMD_RD STAT      |  UMC0C0 |     58834904611 |             0 |   58834904611 | 9.192954e+08 |
|      CAS_CMD_WR STAT      |  UMC0C1 |     24450739451 |             0 |   24450739451 | 3.820428e+08 |
|      CAS_CMD_RD STAT      |  UMC1C0 |     58231277361 |             0 |   58231277361 | 9.098637e+08 |
|      CAS_CMD_WR STAT      |  UMC1C1 |     24507188255 |             0 |   24507188255 | 3.829248e+08 |
|      CAS_CMD_RD STAT      |  UMC2C0 |     59144417550 |             0 |   59144417550 | 9.241315e+08 |
|      CAS_CMD_WR STAT      |  UMC2C1 |     24494941165 |             0 |   24494941165 | 3.827335e+08 |
|      CAS_CMD_RD STAT      |  UMC3C0 |     58101106841 |             0 |   58101106841 | 9.078298e+08 |
|      CAS_CMD_WR STAT      |  UMC3C1 |     24569883826 |             0 |   24569883826 | 3.839044e+08 |
|      CAS_CMD_RD STAT      |  UMC4C0 |     58329890722 |             0 |   58329890722 | 9.114045e+08 |
|      CAS_CMD_WR STAT      |  UMC4C1 |     24559969800 |             0 |   24559969800 | 3.837495e+08 |
|      CAS_CMD_RD STAT      |  UMC5C0 |     58392132882 |             0 |   58392132882 | 9.123771e+08 |
|      CAS_CMD_WR STAT      |  UMC5C1 |     24546488305 |             0 |   24546488305 | 3.835389e+08 |
|      CAS_CMD_RD STAT      |  UMC6C0 |     58286951508 |             0 |   58286951508 | 9.107336e+08 |
|      CAS_CMD_WR STAT      |  UMC6C1 |     24510867048 |             0 |   24510867048 | 3.829823e+08 |
|      CAS_CMD_RD STAT      |  UMC7C0 |     58398078510 |             0 |   58398078510 | 9.124700e+08 |
|      CAS_CMD_WR STAT      |  UMC7C1 |     24452697649 |             0 |   24452697649 | 3.820734e+08 |
|      CAS_CMD_RD STAT      |  UMC8C0 |     58460755253 |             0 |   58460755253 | 9.134493e+08 |
|      CAS_CMD_WR STAT      |  UMC8C1 |     24495521492 |             0 |   24495521492 | 3.827425e+08 |
|      CAS_CMD_RD STAT      |  UMC9C0 |     58327638850 |             0 |   58327638850 | 9.113694e+08 |
|      CAS_CMD_WR STAT      |  UMC9C1 |     24566289740 |             0 |   24566289740 | 3.838483e+08 |
|      CAS_CMD_RD STAT      | UMC10C0 |     58393086052 |             0 |   58393086052 | 9.123920e+08 |
|      CAS_CMD_WR STAT      | UMC10C1 |     24500289890 |             0 |   24500289890 | 3.828170e+08 |
|      CAS_CMD_RD STAT      | UMC11C0 |     59310311343 |             0 |   59310311343 | 9.267236e+08 |
|      CAS_CMD_WR STAT      | UMC11C1 |     24563060884 |             0 |   24563060884 | 3.837978e+08 |
+---------------------------+---------+-----------------+---------------+---------------+--------------+

+-----------------------------------+------------+------------+------------+------------+------------+------------+------------+------------+------------+------------+-------------+-------------+-------------+-------------+-------------+-------------+-------------+-------------+-------------+-------------+-------------+-------------+-------------+-------------+-------------+-------------+-------------+-------------+-------------+-------------+-------------+-------------+-------------+-------------+-------------+-------------+-------------+-------------+-------------+-------------+-------------+-------------+-------------+-------------+-------------+-------------+-------------+-------------+-------------+-------------+-------------+-------------+-------------+-------------+-------------+-------------+-------------+-------------+-------------+-------------+-------------+-------------+-------------+-------------+
|               Metric              | HWThread 0 | HWThread 1 | HWThread 2 | HWThread 3 | HWThread 4 | HWThread 5 | HWThread 6 | HWThread 7 | HWThread 8 | HWThread 9 | HWThread 10 | HWThread 11 | HWThread 12 | HWThread 13 | HWThread 14 | HWThread 15 | HWThread 16 | HWThread 17 | HWThread 18 | HWThread 19 | HWThread 20 | HWThread 21 | HWThread 22 | HWThread 23 | HWThread 24 | HWThread 25 | HWThread 26 | HWThread 27 | HWThread 28 | HWThread 29 | HWThread 30 | HWThread 31 | HWThread 32 | HWThread 33 | HWThread 34 | HWThread 35 | HWThread 36 | HWThread 37 | HWThread 38 | HWThread 39 | HWThread 40 | HWThread 41 | HWThread 42 | HWThread 43 | HWThread 44 | HWThread 45 | HWThread 46 | HWThread 47 | HWThread 48 | HWThread 49 | HWThread 50 | HWThread 51 | HWThread 52 | HWThread 53 | HWThread 54 | HWThread 55 | HWThread 56 | HWThread 57 | HWThread 58 | HWThread 59 | HWThread 60 | HWThread 61 | HWThread 62 | HWThread 63 |
+-----------------------------------+------------+------------+------------+------------+------------+------------+------------+------------+------------+------------+-------------+-------------+-------------+-------------+-------------+-------------+-------------+-------------+-------------+-------------+-------------+-------------+-------------+-------------+-------------+-------------+-------------+-------------+-------------+-------------+-------------+-------------+-------------+-------------+-------------+-------------+-------------+-------------+-------------+-------------+-------------+-------------+-------------+-------------+-------------+-------------+-------------+-------------+-------------+-------------+-------------+-------------+-------------+-------------+-------------+-------------+-------------+-------------+-------------+-------------+-------------+-------------+-------------+-------------+
|        Runtime (RDTSC) [s]        |   903.6726 |   903.6726 |   903.6726 |   903.6726 |   903.6726 |   903.6726 |   903.6726 |   903.6726 |   903.6726 |   903.6726 |    903.6726 |    903.6726 |    903.6726 |    903.6726 |    903.6726 |    903.6726 |    903.6726 |    903.6726 |    903.6726 |    903.6726 |    903.6726 |    903.6726 |    903.6726 |    903.6726 |    903.6726 |    903.6726 |    903.6726 |    903.6726 |    903.6726 |    903.6726 |    903.6726 |    903.6726 |    903.6726 |    903.6726 |    903.6726 |    903.6726 |    903.6726 |    903.6726 |    903.6726 |    903.6726 |    903.6726 |    903.6726 |    903.6726 |    903.6726 |    903.6726 |    903.6726 |    903.6726 |    903.6726 |    903.6726 |    903.6726 |    903.6726 |    903.6726 |    903.6726 |    903.6726 |    903.6726 |    903.6726 |    903.6726 |    903.6726 |    903.6726 |    903.6726 |    903.6726 |    903.6726 |    903.6726 |    903.6726 |
|        Runtime unhalted [s]       |  1284.3230 |  1051.8475 |  1050.3558 |  1050.3989 |  1050.1379 |  1050.2151 |  1050.2717 |  1050.0807 |  1002.5872 |  1008.4007 |   1005.6559 |    992.7997 |   1006.9294 |   1006.5789 |   1007.8003 |   1014.7558 |   1049.8299 |   1049.6826 |   1049.7722 |   1049.7626 |   1049.4153 |   1049.2626 |   1049.6285 |   1049.6664 |   1050.3694 |   1050.3763 |   1050.3067 |   1049.9228 |   1050.1669 |   1050.3345 |   1050.1024 |   1050.0171 |   1039.9742 |   1043.3947 |   1038.8435 |   1043.3717 |   1044.7538 |   1047.5032 |   1046.6100 |   1047.5957 |   1049.8489 |   1050.3454 |   1049.9852 |   1050.1931 |   1050.3071 |   1049.7754 |   1049.2475 |   1049.9836 |   1043.3350 |   1043.5502 |   1044.1541 |   1045.1436 |   1045.7774 |   1045.1531 |   1045.7322 |   1047.7414 |   1044.3762 |   1044.6610 |   1044.5170 |   1044.8509 |   1046.3022 |   1045.8230 |   1046.2304 |   1046.5490 |
|            Clock [MHz]            |  3697.9359 |  3645.9210 |  3667.7534 |  3668.7783 |  3668.2506 |  3668.5110 |  3668.6202 |  3667.9835 |  3666.2381 |  3666.3775 |   3665.9333 |   3664.9994 |   3666.0616 |   3665.8256 |   3665.9223 |   3666.2328 |   3666.3889 |   3666.0095 |   3666.1941 |   3666.4239 |   3666.7800 |   3666.8840 |   3666.7814 |   3666.5868 |   3668.2627 |   3668.3447 |   3668.1941 |   3667.9040 |   3668.3323 |   3668.5444 |   3667.9974 |   3668.4050 |   3667.2702 |   3667.2988 |   3667.4546 |   3667.9066 |   3667.6766 |   3667.1332 |   3667.8085 |   3667.6513 |   3668.1473 |   3668.1858 |   3667.9185 |   3668.2726 |   3668.6974 |   3668.4108 |   3668.5053 |   3668.4888 |   3665.7405 |   3665.5248 |   3665.8686 |   3665.9517 |   3666.2510 |   3666.7841 |   3665.7493 |   3666.1003 |   3665.8515 |   3665.0298 |   3665.1795 |   3665.5585 |   3665.3436 |   3664.6561 |   3666.9242 |   3666.9503 |
|                CPI                |     1.6598 |     2.1405 |     2.1460 |     2.1438 |     2.1445 |     2.1410 |     2.1443 |     2.1423 |     1.9985 |     2.0127 |      2.0057 |      1.9867 |      2.0097 |      2.0095 |      2.0111 |      2.0212 |      2.1326 |      2.1334 |      2.1350 |      2.1350 |      2.1333 |      2.1338 |      2.1328 |      2.1319 |      2.1459 |      2.1449 |      2.1468 |      2.1462 |      2.1530 |      2.1552 |      2.1554 |      2.1559 |      2.0949 |      2.0974 |      2.0921 |      2.1016 |      2.1023 |      2.1034 |      2.1111 |      2.1088 |      2.1579 |      2.1562 |      2.1590 |      2.1569 |      2.1578 |      2.1573 |      2.1590 |      2.1591 |      2.0848 |      2.0853 |      2.0854 |      2.0895 |      2.0892 |      2.0919 |      2.0930 |      2.0935 |      2.0934 |      2.0953 |      2.0948 |      2.0965 |      2.0989 |      2.0987 |      2.1026 |      2.2316 |
|  Memory read bandwidth [MBytes/s] | 49732.0311 |          0 |          0 |          0 |          0 |          0 |          0 |          0 |          0 |          0 |           0 |           0 |           0 |           0 |           0 |           0 |           0 |           0 |           0 |           0 |           0 |           0 |           0 |           0 |           0 |           0 |           0 |           0 |           0 |           0 |           0 |           0 |           0 |           0 |           0 |           0 |           0 |           0 |           0 |           0 |           0 |           0 |           0 |           0 |           0 |           0 |           0 |           0 |           0 |           0 |           0 |           0 |           0 |           0 |           0 |           0 |           0 |           0 |           0 |           0 |           0 |           0 |           0 |           0 |
|  Memory read data volume [GBytes] | 44941.4753 |          0 |          0 |          0 |          0 |          0 |          0 |          0 |          0 |          0 |           0 |           0 |           0 |           0 |           0 |           0 |           0 |           0 |           0 |           0 |           0 |           0 |           0 |           0 |           0 |           0 |           0 |           0 |           0 |           0 |           0 |           0 |           0 |           0 |           0 |           0 |           0 |           0 |           0 |           0 |           0 |           0 |           0 |           0 |           0 |           0 |           0 |           0 |           0 |           0 |           0 |           0 |           0 |           0 |           0 |           0 |           0 |           0 |           0 |           0 |           0 |           0 |           0 |           0 |
| Memory write bandwidth [MBytes/s] | 20837.1344 |          0 |          0 |          0 |          0 |          0 |          0 |          0 |          0 |          0 |           0 |           0 |           0 |           0 |           0 |           0 |           0 |           0 |           0 |           0 |           0 |           0 |           0 |           0 |           0 |           0 |           0 |           0 |           0 |           0 |           0 |           0 |           0 |           0 |           0 |           0 |           0 |           0 |           0 |           0 |           0 |           0 |           0 |           0 |           0 |           0 |           0 |           0 |           0 |           0 |           0 |           0 |           0 |           0 |           0 |           0 |           0 |           0 |           0 |           0 |           0 |           0 |           0 |           0 |
| Memory write data volume [GBytes] | 18829.9480 |          0 |          0 |          0 |          0 |          0 |          0 |          0 |          0 |          0 |           0 |           0 |           0 |           0 |           0 |           0 |           0 |           0 |           0 |           0 |           0 |           0 |           0 |           0 |           0 |           0 |           0 |           0 |           0 |           0 |           0 |           0 |           0 |           0 |           0 |           0 |           0 |           0 |           0 |           0 |           0 |           0 |           0 |           0 |           0 |           0 |           0 |           0 |           0 |           0 |           0 |           0 |           0 |           0 |           0 |           0 |           0 |           0 |           0 |           0 |           0 |           0 |           0 |           0 |
|    Memory bandwidth [MBytes/s]    | 70569.1655 |          0 |          0 |          0 |          0 |          0 |          0 |          0 |          0 |          0 |           0 |           0 |           0 |           0 |           0 |           0 |           0 |           0 |           0 |           0 |           0 |           0 |           0 |           0 |           0 |           0 |           0 |           0 |           0 |           0 |           0 |           0 |           0 |           0 |           0 |           0 |           0 |           0 |           0 |           0 |           0 |           0 |           0 |           0 |           0 |           0 |           0 |           0 |           0 |           0 |           0 |           0 |           0 |           0 |           0 |           0 |           0 |           0 |           0 |           0 |           0 |           0 |           0 |           0 |
|    Memory data volume [GBytes]    | 63771.4233 |          0 |          0 |          0 |          0 |          0 |          0 |          0 |          0 |          0 |           0 |           0 |           0 |           0 |           0 |           0 |           0 |           0 |           0 |           0 |           0 |           0 |           0 |           0 |           0 |           0 |           0 |           0 |           0 |           0 |           0 |           0 |           0 |           0 |           0 |           0 |           0 |           0 |           0 |           0 |           0 |           0 |           0 |           0 |           0 |           0 |           0 |           0 |           0 |           0 |           0 |           0 |           0 |           0 |           0 |           0 |           0 |           0 |           0 |           0 |           0 |           0 |           0 |           0 |
+-----------------------------------+------------+------------+------------+------------+------------+------------+------------+------------+------------+------------+-------------+-------------+-------------+-------------+-------------+-------------+-------------+-------------+-------------+-------------+-------------+-------------+-------------+-------------+-------------+-------------+-------------+-------------+-------------+-------------+-------------+-------------+-------------+-------------+-------------+-------------+-------------+-------------+-------------+-------------+-------------+-------------+-------------+-------------+-------------+-------------+-------------+-------------+-------------+-------------+-------------+-------------+-------------+-------------+-------------+-------------+-------------+-------------+-------------+-------------+-------------+-------------+-------------+-------------+

+----------------------------------------+-------------+-----------+------------+-----------+
|                 Metric                 |     Sum     |    Min    |     Max    |    Avg    |
+----------------------------------------+-------------+-----------+------------+-----------+
|        Runtime (RDTSC) [s] STAT        |  57835.0464 |  903.6726 |   903.6726 |  903.6726 |
|        Runtime unhalted [s] STAT       |  66957.3844 |  992.7997 |  1284.3230 | 1046.2091 |
|            Clock [MHz] STAT            | 234699.6678 | 3645.9210 |  3697.9359 | 3667.1823 |
|                CPI STAT                |    134.6876 |    1.6598 |     2.2316 |    2.1045 |
|  Memory read bandwidth [MBytes/s] STAT |  49732.0311 |         0 | 49732.0311 |  777.0630 |
|  Memory read data volume [GBytes] STAT |  44941.4753 |         0 | 44941.4753 |  702.2106 |
| Memory write bandwidth [MBytes/s] STAT |  20837.1344 |         0 | 20837.1344 |  325.5802 |
| Memory write data volume [GBytes] STAT |  18829.9480 |         0 | 18829.9480 |  294.2179 |
|    Memory bandwidth [MBytes/s] STAT    |  70569.1655 |         0 | 70569.1655 | 1102.6432 |
|    Memory data volume [GBytes] STAT    |  63771.4233 |         0 | 63771.4233 |  996.4285 |
+----------------------------------------+-------------+-----------+------------+-----------+

