INFO: You are running LIKWID in a cpuset with 80 CPUs. Taking given IDs as logical ID in cpuset
--------------------------------------------------------------------------------
CPU name:	AMD EPYC 9A14 96-Core Processor                
CPU type:	AMD K19 (Zen4) architecture
CPU clock:	2.60 GHz
--------------------------------------------------------------------------------
Use symmetry. Molecule point group: Dooh
Norb: 18   Ne: (8, 8)
Running RHF...
SCF not converged.
SCF energy = -149.453202296811
Running FCI ...
Guessing CI wfn symmetry = 0
Num symmetry allowed elements 239373732
tol 1e-10  toloose 1e-05
max_cycle 100  max_space 12  max_memory 746700  incore True
    CPU time for contract_2e   3808.12 sec, wall time     49.37 sec
davidson 0 1  |r|= 0.965  e= [-177.41918315]  max|de|= -177  lindep=    1
    CPU time for contract_2e   3827.74 sec, wall time     51.09 sec
davidson 1 2  |r|= 0.477  e= [-177.66345341]  max|de|= -0.244  lindep= 0.976
    CPU time for contract_2e   3841.40 sec, wall time     52.03 sec
davidson 2 3  |r|= 0.189  e= [-177.71009544]  max|de|= -0.0466  lindep= 0.997
    CPU time for contract_2e   3848.08 sec, wall time     52.93 sec
davidson 3 4  |r|= 0.0734  e= [-177.71605069]  max|de|= -0.00596  lindep= 0.98
    CPU time for contract_2e   3858.28 sec, wall time     53.87 sec
davidson 4 5  |r|= 0.0317  e= [-177.71693538]  max|de|= -0.000885  lindep= 0.96
    CPU time for contract_2e   3867.17 sec, wall time     54.83 sec
davidson 5 6  |r|= 0.0142  e= [-177.71710364]  max|de|= -0.000168  lindep= 0.93
    CPU time for contract_2e   3893.75 sec, wall time     55.97 sec
davidson 6 7  |r|= 0.00606  e= [-177.71713434]  max|de|= -3.07e-05  lindep= 0.918
    CPU time for contract_2e   3903.62 sec, wall time     56.95 sec
davidson 7 8  |r|= 0.00244  e= [-177.71713934]  max|de|= -5e-06  lindep= 0.932
    CPU time for contract_2e   3913.66 sec, wall time     57.88 sec
davidson 8 9  |r|= 0.000953  e= [-177.71714013]  max|de|= -7.84e-07  lindep= 0.926
    CPU time for contract_2e   3914.02 sec, wall time     58.70 sec
davidson 9 10  |r|= 0.000379  e= [-177.71714025]  max|de|= -1.21e-07  lindep= 0.919
    CPU time for contract_2e   3909.13 sec, wall time     59.43 sec
davidson 10 11  |r|= 0.000155  e= [-177.71714027]  max|de|= -1.73e-08  lindep= 0.942
    CPU time for contract_2e   3925.45 sec, wall time     60.45 sec
davidson 11 12  |r|= 6.24e-05  e= [-177.71714027]  max|de|= -2.81e-09  lindep= 0.939
    CPU time for contract_2e   3949.11 sec, wall time     61.94 sec
davidson 12 1  |r|= 6.24e-05  e= [-177.71714027]  max|de|= 1.27e-11  lindep=    1
    CPU time for contract_2e   3838.31 sec, wall time     51.25 sec
davidson 13 2  |r|= 2.68e-05  e= [-177.71714027]  max|de|= -3.93e-10  lindep= 0.988
    CPU time for contract_2e   3862.70 sec, wall time     52.43 sec
davidson 14 3  |r|= 1.29e-05  e= [-177.71714027]  max|de|= -1.22e-10  lindep= 0.879
    CPU time for contract_2e   3869.17 sec, wall time     53.29 sec
root 0 converged  |r|= 5.47e-06  e= -177.71714027031783  max|de|= -2.3e-11
converged 15 4  |r|= 5.47e-06  e= [-177.71714027]  max|de|= -2.3e-11
--------------------------------------------------------------------------------
Group 1: MEM
+----------------------+---------+---------------+---------------+---------------+---------------+---------------+---------------+---------------+---------------+---------------+---------------+---------------+---------------+---------------+---------------+---------------+---------------+---------------+---------------+---------------+---------------+---------------+---------------+---------------+---------------+---------------+---------------+---------------+---------------+---------------+---------------+---------------+---------------+---------------+---------------+---------------+---------------+---------------+---------------+---------------+---------------+---------------+---------------+---------------+---------------+---------------+---------------+---------------+---------------+---------------+---------------+---------------+---------------+---------------+---------------+---------------+---------------+---------------+---------------+---------------+---------------+---------------+---------------+---------------+---------------+---------------+---------------+---------------+---------------+---------------+---------------+---------------+---------------+---------------+---------------+---------------+---------------+---------------+---------------+---------------+---------------+
|         Event        | Counter |   HWThread 0  |   HWThread 1  |   HWThread 2  |   HWThread 3  |   HWThread 4  |   HWThread 5  |   HWThread 6  |   HWThread 7  |   HWThread 8  |   HWThread 9  |  HWThread 10  |  HWThread 11  |  HWThread 12  |  HWThread 13  |  HWThread 14  |  HWThread 15  |  HWThread 16  |  HWThread 17  |  HWThread 18  |  HWThread 19  |  HWThread 20  |  HWThread 21  |  HWThread 22  |  HWThread 23  |  HWThread 24  |  HWThread 25  |  HWThread 26  |  HWThread 27  |  HWThread 28  |  HWThread 29  |  HWThread 30  |  HWThread 31  |  HWThread 32  |  HWThread 33  |  HWThread 34  |  HWThread 35  |  HWThread 36  |  HWThread 37  |  HWThread 38  |  HWThread 39  |  HWThread 40  |  HWThread 41  |  HWThread 42  |  HWThread 43  |  HWThread 44  |  HWThread 45  |  HWThread 46  |  HWThread 47  |  HWThread 48  |  HWThread 49  |  HWThread 50  |  HWThread 51  |  HWThread 52  |  HWThread 53  |  HWThread 54  |  HWThread 55  |  HWThread 56  |  HWThread 57  |  HWThread 58  |  HWThread 59  |  HWThread 60  |  HWThread 61  |  HWThread 62  |  HWThread 63  |  HWThread 64  |  HWThread 65  |  HWThread 66  |  HWThread 67  |  HWThread 68  |  HWThread 69  |  HWThread 70  |  HWThread 71  |  HWThread 72  |  HWThread 73  |  HWThread 74  |  HWThread 75  |  HWThread 76  |  HWThread 77  |  HWThread 78  |  HWThread 79  |
+----------------------+---------+---------------+---------------+---------------+---------------+---------------+---------------+---------------+---------------+---------------+---------------+---------------+---------------+---------------+---------------+---------------+---------------+---------------+---------------+---------------+---------------+---------------+---------------+---------------+---------------+---------------+---------------+---------------+---------------+---------------+---------------+---------------+---------------+---------------+---------------+---------------+---------------+---------------+---------------+---------------+---------------+---------------+---------------+---------------+---------------+---------------+---------------+---------------+---------------+---------------+---------------+---------------+---------------+---------------+---------------+---------------+---------------+---------------+---------------+---------------+---------------+---------------+---------------+---------------+---------------+---------------+---------------+---------------+---------------+---------------+---------------+---------------+---------------+---------------+---------------+---------------+---------------+---------------+---------------+---------------+---------------+
|   ACTUAL_CPU_CLOCK   |  FIXC1  | 3566194324138 | 2950684407086 | 2949457687274 | 2948017728863 | 2948886843331 | 2948873922175 | 2948710076780 | 2948638354028 | 2682073372106 | 2647878925950 | 2610081432177 | 2647842903925 | 2646342142031 | 2578598155556 | 2615154153742 | 2624740185760 | 2942020023459 | 2941479391298 | 2929196645548 | 2939665880276 | 2945847225492 | 2938024802332 | 2943220412723 | 2937979085655 | 2944599964193 | 2938029472930 | 2942669203964 | 2941430650037 | 2940538423889 | 2943694186041 | 2945966807472 | 2944805172805 | 2621872650675 | 2554751680625 | 2571931996941 | 2621299067155 | 2609827356167 | 2652860185763 | 2643088603366 | 2662510920061 | 2939251696925 | 2939883939003 | 2933174737797 | 2939479742563 | 2939162358974 | 2939012074329 | 2934788764287 | 2936352827710 | 2934878904817 | 2921845155033 | 2927739625505 | 2904010451383 | 2927800592786 | 2942359391957 | 2899420268269 | 2902300715966 | 2913405774026 | 2931887336107 | 2930022586044 | 2930798915639 | 2937383454057 | 2941847172798 | 2917026540940 | 2940306020050 | 2942275972051 | 2945336480924 | 2916565088006 | 2912984231806 | 2943001431735 | 2936758805617 | 2936994834354 | 2942628511253 | 2938417321004 | 2933115620731 | 2917569504451 | 2937763814311 | 2906253823676 | 2922425400682 | 2918463788407 | 2900674835132 |
|     MAX_CPU_CLOCK    |  FIXC2  | 2509762518146 | 2103406037538 | 2091997831118 | 2090703566692 | 2091298322802 | 2091238979544 | 2091153621908 | 2091100640200 | 1910392248752 | 1886402827296 | 1859772943158 | 1883597045928 | 1885006510374 | 1835144011636 | 1863165438706 | 1868608386944 | 2086161568192 | 2086801069912 | 2074201083006 | 2084783776790 | 2090860594394 | 2082623972936 | 2088460731136 | 2082561555880 | 2086042251852 | 2079992758610 | 2084877005432 | 2083768055434 | 2081974635884 | 2085384550860 | 2086981316602 | 2085317953862 | 1859328022058 | 1812340679656 | 1822232057386 | 1858561143218 | 1845029603898 | 1880253759488 | 1874419695512 | 1888024513310 | 2082404690782 | 2082913912768 | 2077078539068 | 2082785557112 | 2082305899414 | 2082283135452 | 2076396787348 | 2077576997782 | 2081212376568 | 2067756586818 | 2073070839996 | 2048665119072 | 2073523967658 | 2088487148462 | 2044100251882 | 2046865249962 | 2057949812282 | 2077272892734 | 2075344600914 | 2075546510986 | 2082148621592 | 2086841056924 | 2061127077100 | 2085414836778 | 2087227849148 | 2090391589728 | 2060303277890 | 2056798905512 | 2087662809180 | 2081853069842 | 2081892622550 | 2087661852562 | 2078841462594 | 2073301312212 | 2056650320348 | 2078131694262 | 2044779160606 | 2062004035624 | 2058132341928 | 2040767809080 |
| RETIRED_INSTRUCTIONS |   PMC0  | 1601154738878 | 1002188569292 | 1000579570766 | 1001537595788 |  998406336550 | 1001732424225 |  996479673058 |  995807503759 | 1046312896896 | 1049376757673 | 1051357688721 | 1043966736931 | 1048603570362 | 1049976599411 | 1047184115909 | 1048586464584 | 1004847501098 | 1006763411821 | 1005221993589 | 1006742779910 | 1002434532124 | 1004774649531 | 1004272563806 |  999272600336 | 1028538929828 | 1031382156424 | 1029054251464 | 1030225653861 | 1023800927888 | 1024960064247 | 1022103676500 | 1019864928053 | 1046308172176 | 1047632725569 | 1047115422732 | 1047020661979 | 1045606396692 | 1046019179958 | 1046841123467 | 1046996857967 | 1021699036863 | 1023506383985 | 1022519163851 | 1022515321938 | 1020744128987 | 1021803692199 | 1018471771737 | 1016639294819 |  962879350887 |  963204515638 |  962904358449 |  962272864570 |  962418758466 |  964184778554 |  961118314296 |  960633587805 |  990263119786 |  989513443903 |  991407532458 |  989405359368 |  987076600261 |  988700264956 |  984366343764 |  984782608278 |  964334637980 |  964556706558 |  963020146922 |  963340325475 |  963573843408 |  963295402782 |  962507602367 |  961383924301 |  980951863871 |  981832470413 |  980731436218 |  981491406659 |  979109115781 |  980364088724 |  978037904972 |  857226868047 |
|  CPU_CLOCKS_UNHALTED |   PMC1  | 3133547507723 | 2708699506000 | 2705100641076 | 2713396881005 | 2702140909239 | 2711795253494 | 2698592143090 | 2701097532935 | 2525505049696 | 2509939461836 | 2483560770977 | 2503477789895 | 2508756311203 | 2463170207489 | 2478149631201 | 2493876512156 | 2713254703975 | 2719304505022 | 2716694266874 | 2719439945071 | 2709351786079 | 2712518149129 | 2714311841368 | 2701517224100 | 2766542296581 | 2767681872095 | 2761917491235 | 2767700724875 | 2761453279572 | 2767901314605 | 2760304109859 | 2758869868509 | 2506336111258 | 2456609862133 | 2474601945006 | 2510526962839 | 2507172640640 | 2532818097321 | 2524524401113 | 2541848993247 | 2763563071524 | 2770009705381 | 2767640154109 | 2770157753887 | 2761421577315 | 2764513297993 | 2758826644621 | 2756772796387 | 2681938003378 | 2680408007430 | 2682775275323 | 2676527540887 | 2686264307749 | 2692218042961 | 2679993168877 | 2677809726335 | 2662284513045 | 2665389730071 | 2670709802018 | 2666426020670 | 2661610903739 | 2667212793806 | 2654513368523 | 2661324401168 | 2692851885403 | 2694632195691 | 2688781883535 | 2684017280523 | 2691496035520 | 2687931145970 | 2686905389378 | 2689873339084 | 2679640740670 | 2681912717575 | 2682936450651 | 2682790273272 | 2678939411720 | 2680596573450 | 2684902600899 | 2677702231422 |
|      CAS_CMD_RD      |  UMC0C0 |   67623045640 |             0 |             0 |             0 |             0 |             0 |             0 |             0 |             0 |             0 |             0 |             0 |             0 |             0 |             0 |             0 |             0 |             0 |             0 |             0 |             0 |             0 |             0 |             0 |             0 |             0 |             0 |             0 |             0 |             0 |             0 |             0 |             0 |             0 |             0 |             0 |             0 |             0 |             0 |             0 |             0 |             0 |             0 |             0 |             0 |             0 |             0 |             0 |             0 |             0 |             0 |             0 |             0 |             0 |             0 |             0 |             0 |             0 |             0 |             0 |             0 |             0 |             0 |             0 |             0 |             0 |             0 |             0 |             0 |             0 |             0 |             0 |             0 |             0 |             0 |             0 |             0 |             0 |             0 |             0 |
|      CAS_CMD_WR      |  UMC0C1 |   29429591185 |             0 |             0 |             0 |             0 |             0 |             0 |             0 |             0 |             0 |             0 |             0 |             0 |             0 |             0 |             0 |             0 |             0 |             0 |             0 |             0 |             0 |             0 |             0 |             0 |             0 |             0 |             0 |             0 |             0 |             0 |             0 |             0 |             0 |             0 |             0 |             0 |             0 |             0 |             0 |             0 |             0 |             0 |             0 |             0 |             0 |             0 |             0 |             0 |             0 |             0 |             0 |             0 |             0 |             0 |             0 |             0 |             0 |             0 |             0 |             0 |             0 |             0 |             0 |             0 |             0 |             0 |             0 |             0 |             0 |             0 |             0 |             0 |             0 |             0 |             0 |             0 |             0 |             0 |             0 |
|      CAS_CMD_RD      |  UMC1C0 |   68562339126 |             0 |             0 |             0 |             0 |             0 |             0 |             0 |             0 |             0 |             0 |             0 |             0 |             0 |             0 |             0 |             0 |             0 |             0 |             0 |             0 |             0 |             0 |             0 |             0 |             0 |             0 |             0 |             0 |             0 |             0 |             0 |             0 |             0 |             0 |             0 |             0 |             0 |             0 |             0 |             0 |             0 |             0 |             0 |             0 |             0 |             0 |             0 |             0 |             0 |             0 |             0 |             0 |             0 |             0 |             0 |             0 |             0 |             0 |             0 |             0 |             0 |             0 |             0 |             0 |             0 |             0 |             0 |             0 |             0 |             0 |             0 |             0 |             0 |             0 |             0 |             0 |             0 |             0 |             0 |
|      CAS_CMD_WR      |  UMC1C1 |   29437867195 |             0 |             0 |             0 |             0 |             0 |             0 |             0 |             0 |             0 |             0 |             0 |             0 |             0 |             0 |             0 |             0 |             0 |             0 |             0 |             0 |             0 |             0 |             0 |             0 |             0 |             0 |             0 |             0 |             0 |             0 |             0 |             0 |             0 |             0 |             0 |             0 |             0 |             0 |             0 |             0 |             0 |             0 |             0 |             0 |             0 |             0 |             0 |             0 |             0 |             0 |             0 |             0 |             0 |             0 |             0 |             0 |             0 |             0 |             0 |             0 |             0 |             0 |             0 |             0 |             0 |             0 |             0 |             0 |             0 |             0 |             0 |             0 |             0 |             0 |             0 |             0 |             0 |             0 |             0 |
|      CAS_CMD_RD      |  UMC2C0 |   67998125935 |             0 |             0 |             0 |             0 |             0 |             0 |             0 |             0 |             0 |             0 |             0 |             0 |             0 |             0 |             0 |             0 |             0 |             0 |             0 |             0 |             0 |             0 |             0 |             0 |             0 |             0 |             0 |             0 |             0 |             0 |             0 |             0 |             0 |             0 |             0 |             0 |             0 |             0 |             0 |             0 |             0 |             0 |             0 |             0 |             0 |             0 |             0 |             0 |             0 |             0 |             0 |             0 |             0 |             0 |             0 |             0 |             0 |             0 |             0 |             0 |             0 |             0 |             0 |             0 |             0 |             0 |             0 |             0 |             0 |             0 |             0 |             0 |             0 |             0 |             0 |             0 |             0 |             0 |             0 |
|      CAS_CMD_WR      |  UMC2C1 |   29477385052 |             0 |             0 |             0 |             0 |             0 |             0 |             0 |             0 |             0 |             0 |             0 |             0 |             0 |             0 |             0 |             0 |             0 |             0 |             0 |             0 |             0 |             0 |             0 |             0 |             0 |             0 |             0 |             0 |             0 |             0 |             0 |             0 |             0 |             0 |             0 |             0 |             0 |             0 |             0 |             0 |             0 |             0 |             0 |             0 |             0 |             0 |             0 |             0 |             0 |             0 |             0 |             0 |             0 |             0 |             0 |             0 |             0 |             0 |             0 |             0 |             0 |             0 |             0 |             0 |             0 |             0 |             0 |             0 |             0 |             0 |             0 |             0 |             0 |             0 |             0 |             0 |             0 |             0 |             0 |
|      CAS_CMD_RD      |  UMC3C0 |   67853548800 |             0 |             0 |             0 |             0 |             0 |             0 |             0 |             0 |             0 |             0 |             0 |             0 |             0 |             0 |             0 |             0 |             0 |             0 |             0 |             0 |             0 |             0 |             0 |             0 |             0 |             0 |             0 |             0 |             0 |             0 |             0 |             0 |             0 |             0 |             0 |             0 |             0 |             0 |             0 |             0 |             0 |             0 |             0 |             0 |             0 |             0 |             0 |             0 |             0 |             0 |             0 |             0 |             0 |             0 |             0 |             0 |             0 |             0 |             0 |             0 |             0 |             0 |             0 |             0 |             0 |             0 |             0 |             0 |             0 |             0 |             0 |             0 |             0 |             0 |             0 |             0 |             0 |             0 |             0 |
|      CAS_CMD_WR      |  UMC3C1 |   29439381188 |             0 |             0 |             0 |             0 |             0 |             0 |             0 |             0 |             0 |             0 |             0 |             0 |             0 |             0 |             0 |             0 |             0 |             0 |             0 |             0 |             0 |             0 |             0 |             0 |             0 |             0 |             0 |             0 |             0 |             0 |             0 |             0 |             0 |             0 |             0 |             0 |             0 |             0 |             0 |             0 |             0 |             0 |             0 |             0 |             0 |             0 |             0 |             0 |             0 |             0 |             0 |             0 |             0 |             0 |             0 |             0 |             0 |             0 |             0 |             0 |             0 |             0 |             0 |             0 |             0 |             0 |             0 |             0 |             0 |             0 |             0 |             0 |             0 |             0 |             0 |             0 |             0 |             0 |             0 |
|      CAS_CMD_RD      |  UMC4C0 |   69385655206 |             0 |             0 |             0 |             0 |             0 |             0 |             0 |             0 |             0 |             0 |             0 |             0 |             0 |             0 |             0 |             0 |             0 |             0 |             0 |             0 |             0 |             0 |             0 |             0 |             0 |             0 |             0 |             0 |             0 |             0 |             0 |             0 |             0 |             0 |             0 |             0 |             0 |             0 |             0 |             0 |             0 |             0 |             0 |             0 |             0 |             0 |             0 |             0 |             0 |             0 |             0 |             0 |             0 |             0 |             0 |             0 |             0 |             0 |             0 |             0 |             0 |             0 |             0 |             0 |             0 |             0 |             0 |             0 |             0 |             0 |             0 |             0 |             0 |             0 |             0 |             0 |             0 |             0 |             0 |
|      CAS_CMD_WR      |  UMC4C1 |   29478842944 |             0 |             0 |             0 |             0 |             0 |             0 |             0 |             0 |             0 |             0 |             0 |             0 |             0 |             0 |             0 |             0 |             0 |             0 |             0 |             0 |             0 |             0 |             0 |             0 |             0 |             0 |             0 |             0 |             0 |             0 |             0 |             0 |             0 |             0 |             0 |             0 |             0 |             0 |             0 |             0 |             0 |             0 |             0 |             0 |             0 |             0 |             0 |             0 |             0 |             0 |             0 |             0 |             0 |             0 |             0 |             0 |             0 |             0 |             0 |             0 |             0 |             0 |             0 |             0 |             0 |             0 |             0 |             0 |             0 |             0 |             0 |             0 |             0 |             0 |             0 |             0 |             0 |             0 |             0 |
|      CAS_CMD_RD      |  UMC5C0 |   68167870196 |             0 |             0 |             0 |             0 |             0 |             0 |             0 |             0 |             0 |             0 |             0 |             0 |             0 |             0 |             0 |             0 |             0 |             0 |             0 |             0 |             0 |             0 |             0 |             0 |             0 |             0 |             0 |             0 |             0 |             0 |             0 |             0 |             0 |             0 |             0 |             0 |             0 |             0 |             0 |             0 |             0 |             0 |             0 |             0 |             0 |             0 |             0 |             0 |             0 |             0 |             0 |             0 |             0 |             0 |             0 |             0 |             0 |             0 |             0 |             0 |             0 |             0 |             0 |             0 |             0 |             0 |             0 |             0 |             0 |             0 |             0 |             0 |             0 |             0 |             0 |             0 |             0 |             0 |             0 |
|      CAS_CMD_WR      |  UMC5C1 |   29485810876 |             0 |             0 |             0 |             0 |             0 |             0 |             0 |             0 |             0 |             0 |             0 |             0 |             0 |             0 |             0 |             0 |             0 |             0 |             0 |             0 |             0 |             0 |             0 |             0 |             0 |             0 |             0 |             0 |             0 |             0 |             0 |             0 |             0 |             0 |             0 |             0 |             0 |             0 |             0 |             0 |             0 |             0 |             0 |             0 |             0 |             0 |             0 |             0 |             0 |             0 |             0 |             0 |             0 |             0 |             0 |             0 |             0 |             0 |             0 |             0 |             0 |             0 |             0 |             0 |             0 |             0 |             0 |             0 |             0 |             0 |             0 |             0 |             0 |             0 |             0 |             0 |             0 |             0 |             0 |
|      CAS_CMD_RD      |  UMC6C0 |   67517643270 |             0 |             0 |             0 |             0 |             0 |             0 |             0 |             0 |             0 |             0 |             0 |             0 |             0 |             0 |             0 |             0 |             0 |             0 |             0 |             0 |             0 |             0 |             0 |             0 |             0 |             0 |             0 |             0 |             0 |             0 |             0 |             0 |             0 |             0 |             0 |             0 |             0 |             0 |             0 |             0 |             0 |             0 |             0 |             0 |             0 |             0 |             0 |             0 |             0 |             0 |             0 |             0 |             0 |             0 |             0 |             0 |             0 |             0 |             0 |             0 |             0 |             0 |             0 |             0 |             0 |             0 |             0 |             0 |             0 |             0 |             0 |             0 |             0 |             0 |             0 |             0 |             0 |             0 |             0 |
|      CAS_CMD_WR      |  UMC6C1 |   29426401780 |             0 |             0 |             0 |             0 |             0 |             0 |             0 |             0 |             0 |             0 |             0 |             0 |             0 |             0 |             0 |             0 |             0 |             0 |             0 |             0 |             0 |             0 |             0 |             0 |             0 |             0 |             0 |             0 |             0 |             0 |             0 |             0 |             0 |             0 |             0 |             0 |             0 |             0 |             0 |             0 |             0 |             0 |             0 |             0 |             0 |             0 |             0 |             0 |             0 |             0 |             0 |             0 |             0 |             0 |             0 |             0 |             0 |             0 |             0 |             0 |             0 |             0 |             0 |             0 |             0 |             0 |             0 |             0 |             0 |             0 |             0 |             0 |             0 |             0 |             0 |             0 |             0 |             0 |             0 |
|      CAS_CMD_RD      |  UMC7C0 |   68243211613 |             0 |             0 |             0 |             0 |             0 |             0 |             0 |             0 |             0 |             0 |             0 |             0 |             0 |             0 |             0 |             0 |             0 |             0 |             0 |             0 |             0 |             0 |             0 |             0 |             0 |             0 |             0 |             0 |             0 |             0 |             0 |             0 |             0 |             0 |             0 |             0 |             0 |             0 |             0 |             0 |             0 |             0 |             0 |             0 |             0 |             0 |             0 |             0 |             0 |             0 |             0 |             0 |             0 |             0 |             0 |             0 |             0 |             0 |             0 |             0 |             0 |             0 |             0 |             0 |             0 |             0 |             0 |             0 |             0 |             0 |             0 |             0 |             0 |             0 |             0 |             0 |             0 |             0 |             0 |
|      CAS_CMD_WR      |  UMC7C1 |   29432135961 |             0 |             0 |             0 |             0 |             0 |             0 |             0 |             0 |             0 |             0 |             0 |             0 |             0 |             0 |             0 |             0 |             0 |             0 |             0 |             0 |             0 |             0 |             0 |             0 |             0 |             0 |             0 |             0 |             0 |             0 |             0 |             0 |             0 |             0 |             0 |             0 |             0 |             0 |             0 |             0 |             0 |             0 |             0 |             0 |             0 |             0 |             0 |             0 |             0 |             0 |             0 |             0 |             0 |             0 |             0 |             0 |             0 |             0 |             0 |             0 |             0 |             0 |             0 |             0 |             0 |             0 |             0 |             0 |             0 |             0 |             0 |             0 |             0 |             0 |             0 |             0 |             0 |             0 |             0 |
|      CAS_CMD_RD      |  UMC8C0 |   67720122011 |             0 |             0 |             0 |             0 |             0 |             0 |             0 |             0 |             0 |             0 |             0 |             0 |             0 |             0 |             0 |             0 |             0 |             0 |             0 |             0 |             0 |             0 |             0 |             0 |             0 |             0 |             0 |             0 |             0 |             0 |             0 |             0 |             0 |             0 |             0 |             0 |             0 |             0 |             0 |             0 |             0 |             0 |             0 |             0 |             0 |             0 |             0 |             0 |             0 |             0 |             0 |             0 |             0 |             0 |             0 |             0 |             0 |             0 |             0 |             0 |             0 |             0 |             0 |             0 |             0 |             0 |             0 |             0 |             0 |             0 |             0 |             0 |             0 |             0 |             0 |             0 |             0 |             0 |             0 |
|      CAS_CMD_WR      |  UMC8C1 |   29477695094 |             0 |             0 |             0 |             0 |             0 |             0 |             0 |             0 |             0 |             0 |             0 |             0 |             0 |             0 |             0 |             0 |             0 |             0 |             0 |             0 |             0 |             0 |             0 |             0 |             0 |             0 |             0 |             0 |             0 |             0 |             0 |             0 |             0 |             0 |             0 |             0 |             0 |             0 |             0 |             0 |             0 |             0 |             0 |             0 |             0 |             0 |             0 |             0 |             0 |             0 |             0 |             0 |             0 |             0 |             0 |             0 |             0 |             0 |             0 |             0 |             0 |             0 |             0 |             0 |             0 |             0 |             0 |             0 |             0 |             0 |             0 |             0 |             0 |             0 |             0 |             0 |             0 |             0 |             0 |
|      CAS_CMD_RD      |  UMC9C0 |   68039433298 |             0 |             0 |             0 |             0 |             0 |             0 |             0 |             0 |             0 |             0 |             0 |             0 |             0 |             0 |             0 |             0 |             0 |             0 |             0 |             0 |             0 |             0 |             0 |             0 |             0 |             0 |             0 |             0 |             0 |             0 |             0 |             0 |             0 |             0 |             0 |             0 |             0 |             0 |             0 |             0 |             0 |             0 |             0 |             0 |             0 |             0 |             0 |             0 |             0 |             0 |             0 |             0 |             0 |             0 |             0 |             0 |             0 |             0 |             0 |             0 |             0 |             0 |             0 |             0 |             0 |             0 |             0 |             0 |             0 |             0 |             0 |             0 |             0 |             0 |             0 |             0 |             0 |             0 |             0 |
|      CAS_CMD_WR      |  UMC9C1 |   29428964842 |             0 |             0 |             0 |             0 |             0 |             0 |             0 |             0 |             0 |             0 |             0 |             0 |             0 |             0 |             0 |             0 |             0 |             0 |             0 |             0 |             0 |             0 |             0 |             0 |             0 |             0 |             0 |             0 |             0 |             0 |             0 |             0 |             0 |             0 |             0 |             0 |             0 |             0 |             0 |             0 |             0 |             0 |             0 |             0 |             0 |             0 |             0 |             0 |             0 |             0 |             0 |             0 |             0 |             0 |             0 |             0 |             0 |             0 |             0 |             0 |             0 |             0 |             0 |             0 |             0 |             0 |             0 |             0 |             0 |             0 |             0 |             0 |             0 |             0 |             0 |             0 |             0 |             0 |             0 |
|      CAS_CMD_RD      | UMC10C0 |   68768929436 |             0 |             0 |             0 |             0 |             0 |             0 |             0 |             0 |             0 |             0 |             0 |             0 |             0 |             0 |             0 |             0 |             0 |             0 |             0 |             0 |             0 |             0 |             0 |             0 |             0 |             0 |             0 |             0 |             0 |             0 |             0 |             0 |             0 |             0 |             0 |             0 |             0 |             0 |             0 |             0 |             0 |             0 |             0 |             0 |             0 |             0 |             0 |             0 |             0 |             0 |             0 |             0 |             0 |             0 |             0 |             0 |             0 |             0 |             0 |             0 |             0 |             0 |             0 |             0 |             0 |             0 |             0 |             0 |             0 |             0 |             0 |             0 |             0 |             0 |             0 |             0 |             0 |             0 |             0 |
|      CAS_CMD_WR      | UMC10C1 |   29414884327 |             0 |             0 |             0 |             0 |             0 |             0 |             0 |             0 |             0 |             0 |             0 |             0 |             0 |             0 |             0 |             0 |             0 |             0 |             0 |             0 |             0 |             0 |             0 |             0 |             0 |             0 |             0 |             0 |             0 |             0 |             0 |             0 |             0 |             0 |             0 |             0 |             0 |             0 |             0 |             0 |             0 |             0 |             0 |             0 |             0 |             0 |             0 |             0 |             0 |             0 |             0 |             0 |             0 |             0 |             0 |             0 |             0 |             0 |             0 |             0 |             0 |             0 |             0 |             0 |             0 |             0 |             0 |             0 |             0 |             0 |             0 |             0 |             0 |             0 |             0 |             0 |             0 |             0 |             0 |
|      CAS_CMD_RD      | UMC11C0 |   67475099250 |             0 |             0 |             0 |             0 |             0 |             0 |             0 |             0 |             0 |             0 |             0 |             0 |             0 |             0 |             0 |             0 |             0 |             0 |             0 |             0 |             0 |             0 |             0 |             0 |             0 |             0 |             0 |             0 |             0 |             0 |             0 |             0 |             0 |             0 |             0 |             0 |             0 |             0 |             0 |             0 |             0 |             0 |             0 |             0 |             0 |             0 |             0 |             0 |             0 |             0 |             0 |             0 |             0 |             0 |             0 |             0 |             0 |             0 |             0 |             0 |             0 |             0 |             0 |             0 |             0 |             0 |             0 |             0 |             0 |             0 |             0 |             0 |             0 |             0 |             0 |             0 |             0 |             0 |             0 |
|      CAS_CMD_WR      | UMC11C1 |   29483364242 |             0 |             0 |             0 |             0 |             0 |             0 |             0 |             0 |             0 |             0 |             0 |             0 |             0 |             0 |             0 |             0 |             0 |             0 |             0 |             0 |             0 |             0 |             0 |             0 |             0 |             0 |             0 |             0 |             0 |             0 |             0 |             0 |             0 |             0 |             0 |             0 |             0 |             0 |             0 |             0 |             0 |             0 |             0 |             0 |             0 |             0 |             0 |             0 |             0 |             0 |             0 |             0 |             0 |             0 |             0 |             0 |             0 |             0 |             0 |             0 |             0 |             0 |             0 |             0 |             0 |             0 |             0 |             0 |             0 |             0 |             0 |             0 |             0 |             0 |             0 |             0 |             0 |             0 |             0 |
+----------------------+---------+---------------+---------------+---------------+---------------+---------------+---------------+---------------+---------------+---------------+---------------+---------------+---------------+---------------+---------------+---------------+---------------+---------------+---------------+---------------+---------------+---------------+---------------+---------------+---------------+---------------+---------------+---------------+---------------+---------------+---------------+---------------+---------------+---------------+---------------+---------------+---------------+---------------+---------------+---------------+---------------+---------------+---------------+---------------+---------------+---------------+---------------+---------------+---------------+---------------+---------------+---------------+---------------+---------------+---------------+---------------+---------------+---------------+---------------+---------------+---------------+---------------+---------------+---------------+---------------+---------------+---------------+---------------+---------------+---------------+---------------+---------------+---------------+---------------+---------------+---------------+---------------+---------------+---------------+---------------+---------------+

+---------------------------+---------+-----------------+---------------+---------------+--------------+
|           Event           | Counter |       Sum       |      Min      |      Max      |      Avg     |
+---------------------------+---------+-----------------+---------------+---------------+--------------+
|   ACTUAL_CPU_CLOCK STAT   |  FIXC1  | 230414852934894 | 2554751680625 | 3566194324138 | 2.880186e+12 |
|     MAX_CPU_CLOCK STAT    |  FIXC2  | 163239205868570 | 1812340679656 | 2509762518146 | 2.040490e+12 |
| RETIRED_INSTRUCTIONS STAT |   PMC0  |  80799840744119 |  857226868047 | 1601154738878 | 1.009998e+12 |
|  CPU_CLOCKS_UNHALTED STAT |   PMC1  | 213760229263481 | 2456609862133 | 3133547507723 | 2.672003e+12 |
|      CAS_CMD_RD STAT      |  UMC0C0 |     67623045640 |             0 |   67623045640 | 8.452881e+08 |
|      CAS_CMD_WR STAT      |  UMC0C1 |     29429591185 |             0 |   29429591185 | 3.678699e+08 |
|      CAS_CMD_RD STAT      |  UMC1C0 |     68562339126 |             0 |   68562339126 | 8.570292e+08 |
|      CAS_CMD_WR STAT      |  UMC1C1 |     29437867195 |             0 |   29437867195 | 3.679733e+08 |
|      CAS_CMD_RD STAT      |  UMC2C0 |     67998125935 |             0 |   67998125935 | 8.499766e+08 |
|      CAS_CMD_WR STAT      |  UMC2C1 |     29477385052 |             0 |   29477385052 | 3.684673e+08 |
|      CAS_CMD_RD STAT      |  UMC3C0 |     67853548800 |             0 |   67853548800 |    848169360 |
|      CAS_CMD_WR STAT      |  UMC3C1 |     29439381188 |             0 |   29439381188 | 3.679923e+08 |
|      CAS_CMD_RD STAT      |  UMC4C0 |     69385655206 |             0 |   69385655206 | 8.673207e+08 |
|      CAS_CMD_WR STAT      |  UMC4C1 |     29478842944 |             0 |   29478842944 | 3.684855e+08 |
|      CAS_CMD_RD STAT      |  UMC5C0 |     68167870196 |             0 |   68167870196 | 8.520984e+08 |
|      CAS_CMD_WR STAT      |  UMC5C1 |     29485810876 |             0 |   29485810876 | 3.685726e+08 |
|      CAS_CMD_RD STAT      |  UMC6C0 |     67517643270 |             0 |   67517643270 | 8.439705e+08 |
|      CAS_CMD_WR STAT      |  UMC6C1 |     29426401780 |             0 |   29426401780 | 3.678300e+08 |
|      CAS_CMD_RD STAT      |  UMC7C0 |     68243211613 |             0 |   68243211613 | 8.530401e+08 |
|      CAS_CMD_WR STAT      |  UMC7C1 |     29432135961 |             0 |   29432135961 | 3.679017e+08 |
|      CAS_CMD_RD STAT      |  UMC8C0 |     67720122011 |             0 |   67720122011 | 8.465015e+08 |
|      CAS_CMD_WR STAT      |  UMC8C1 |     29477695094 |             0 |   29477695094 | 3.684712e+08 |
|      CAS_CMD_RD STAT      |  UMC9C0 |     68039433298 |             0 |   68039433298 | 8.504929e+08 |
|      CAS_CMD_WR STAT      |  UMC9C1 |     29428964842 |             0 |   29428964842 | 3.678621e+08 |
|      CAS_CMD_RD STAT      | UMC10C0 |     68768929436 |             0 |   68768929436 | 8.596116e+08 |
|      CAS_CMD_WR STAT      | UMC10C1 |     29414884327 |             0 |   29414884327 | 3.676861e+08 |
|      CAS_CMD_RD STAT      | UMC11C0 |     67475099250 |             0 |   67475099250 | 8.434387e+08 |
|      CAS_CMD_WR STAT      | UMC11C1 |     29483364242 |             0 |   29483364242 | 3.685421e+08 |
+---------------------------+---------+-----------------+---------------+---------------+--------------+

+-----------------------------------+------------+------------+------------+------------+------------+------------+------------+------------+------------+------------+-------------+-------------+-------------+-------------+-------------+-------------+-------------+-------------+-------------+-------------+-------------+-------------+-------------+-------------+-------------+-------------+-------------+-------------+-------------+-------------+-------------+-------------+-------------+-------------+-------------+-------------+-------------+-------------+-------------+-------------+-------------+-------------+-------------+-------------+-------------+-------------+-------------+-------------+-------------+-------------+-------------+-------------+-------------+-------------+-------------+-------------+-------------+-------------+-------------+-------------+-------------+-------------+-------------+-------------+-------------+-------------+-------------+-------------+-------------+-------------+-------------+-------------+-------------+-------------+-------------+-------------+-------------+-------------+-------------+-------------+
|               Metric              | HWThread 0 | HWThread 1 | HWThread 2 | HWThread 3 | HWThread 4 | HWThread 5 | HWThread 6 | HWThread 7 | HWThread 8 | HWThread 9 | HWThread 10 | HWThread 11 | HWThread 12 | HWThread 13 | HWThread 14 | HWThread 15 | HWThread 16 | HWThread 17 | HWThread 18 | HWThread 19 | HWThread 20 | HWThread 21 | HWThread 22 | HWThread 23 | HWThread 24 | HWThread 25 | HWThread 26 | HWThread 27 | HWThread 28 | HWThread 29 | HWThread 30 | HWThread 31 | HWThread 32 | HWThread 33 | HWThread 34 | HWThread 35 | HWThread 36 | HWThread 37 | HWThread 38 | HWThread 39 | HWThread 40 | HWThread 41 | HWThread 42 | HWThread 43 | HWThread 44 | HWThread 45 | HWThread 46 | HWThread 47 | HWThread 48 | HWThread 49 | HWThread 50 | HWThread 51 | HWThread 52 | HWThread 53 | HWThread 54 | HWThread 55 | HWThread 56 | HWThread 57 | HWThread 58 | HWThread 59 | HWThread 60 | HWThread 61 | HWThread 62 | HWThread 63 | HWThread 64 | HWThread 65 | HWThread 66 | HWThread 67 | HWThread 68 | HWThread 69 | HWThread 70 | HWThread 71 | HWThread 72 | HWThread 73 | HWThread 74 | HWThread 75 | HWThread 76 | HWThread 77 | HWThread 78 | HWThread 79 |
+-----------------------------------+------------+------------+------------+------------+------------+------------+------------+------------+------------+------------+-------------+-------------+-------------+-------------+-------------+-------------+-------------+-------------+-------------+-------------+-------------+-------------+-------------+-------------+-------------+-------------+-------------+-------------+-------------+-------------+-------------+-------------+-------------+-------------+-------------+-------------+-------------+-------------+-------------+-------------+-------------+-------------+-------------+-------------+-------------+-------------+-------------+-------------+-------------+-------------+-------------+-------------+-------------+-------------+-------------+-------------+-------------+-------------+-------------+-------------+-------------+-------------+-------------+-------------+-------------+-------------+-------------+-------------+-------------+-------------+-------------+-------------+-------------+-------------+-------------+-------------+-------------+-------------+-------------+-------------+
|        Runtime (RDTSC) [s]        |   965.8765 |   965.8765 |   965.8765 |   965.8765 |   965.8765 |   965.8765 |   965.8765 |   965.8765 |   965.8765 |   965.8765 |    965.8765 |    965.8765 |    965.8765 |    965.8765 |    965.8765 |    965.8765 |    965.8765 |    965.8765 |    965.8765 |    965.8765 |    965.8765 |    965.8765 |    965.8765 |    965.8765 |    965.8765 |    965.8765 |    965.8765 |    965.8765 |    965.8765 |    965.8765 |    965.8765 |    965.8765 |    965.8765 |    965.8765 |    965.8765 |    965.8765 |    965.8765 |    965.8765 |    965.8765 |    965.8765 |    965.8765 |    965.8765 |    965.8765 |    965.8765 |    965.8765 |    965.8765 |    965.8765 |    965.8765 |    965.8765 |    965.8765 |    965.8765 |    965.8765 |    965.8765 |    965.8765 |    965.8765 |    965.8765 |    965.8765 |    965.8765 |    965.8765 |    965.8765 |    965.8765 |    965.8765 |    965.8765 |    965.8765 |    965.8765 |    965.8765 |    965.8765 |    965.8765 |    965.8765 |    965.8765 |    965.8765 |    965.8765 |    965.8765 |    965.8765 |    965.8765 |    965.8765 |    965.8765 |    965.8765 |    965.8765 |    965.8765 |
|        Runtime unhalted [s]       |  1371.6314 |  1134.8936 |  1134.4218 |  1133.8680 |  1134.2023 |  1134.1973 |  1134.1343 |  1134.1067 |  1031.5803 |  1018.4285 |   1003.8908 |   1018.4146 |   1017.8374 |    991.7817 |   1005.8418 |   1009.5288 |   1131.5611 |   1131.3532 |   1126.6290 |   1130.6557 |   1133.0332 |   1130.0245 |   1132.0228 |   1130.0069 |   1132.5534 |   1130.0263 |   1131.8108 |   1131.3345 |   1130.9913 |   1132.2051 |   1133.0792 |   1132.6324 |   1008.4259 |    982.6098 |    989.2177 |   1008.2053 |   1003.7930 |   1020.3443 |   1016.5860 |   1024.0562 |   1130.4964 |   1130.7396 |   1128.1591 |   1130.5841 |   1130.4620 |   1130.4042 |   1128.7799 |   1129.3814 |   1128.8145 |   1123.8015 |   1126.0686 |   1116.9419 |   1126.0921 |   1131.6917 |   1115.1764 |   1116.2843 |   1120.5555 |   1127.6639 |   1126.9467 |   1127.2453 |   1129.7778 |   1131.4947 |   1121.9481 |   1130.9019 |   1131.6596 |   1132.8367 |   1121.7707 |   1120.3934 |   1131.9386 |   1129.5376 |   1129.6284 |   1131.7952 |   1130.1755 |   1128.1363 |   1122.1570 |   1129.9241 |   1117.8047 |   1124.0246 |   1122.5009 |   1115.6589 |
|            Clock [MHz]            |  3694.3665 |  3647.2644 |  3665.6293 |  3666.1078 |  3666.1457 |  3666.2336 |  3666.1796 |  3666.1833 |  3650.1920 |  3649.4825 |   3648.8981 |   3654.8690 |   3650.0662 |   3653.2645 |   3649.3328 |   3652.0408 |   3666.6148 |   3664.8175 |   3671.6838 |   3666.1021 |   3663.1335 |   3667.8553 |   3664.0726 |   3667.9081 |   3670.0400 |   3672.5010 |   3669.6835 |   3670.0910 |   3672.1382 |   3670.0682 |   3670.0915 |   3671.5706 |   3666.2593 |   3665.0209 |   3669.6395 |   3666.9697 |   3677.6978 |   3668.3055 |   3666.1690 |   3666.4973 |   3669.7734 |   3669.6654 |   3671.5768 |   3669.3870 |   3669.8359 |   3669.6884 |   3674.8033 |   3674.6731 |   3666.4130 |   3673.8835 |   3671.8582 |   3685.4863 |   3671.1323 |   3662.9544 |   3687.8783 |   3686.5553 |   3680.7286 |   3669.6219 |   3670.6954 |   3671.3108 |   3667.8918 |   3665.2055 |   3679.6220 |   3665.7908 |   3665.0605 |   3663.3201 |   3680.5110 |   3682.2553 |   3665.2003 |   3667.6324 |   3667.8575 |   3664.7376 |   3675.0200 |   3678.1917 |   3688.3180 |   3675.4575 |   3695.3428 |   3684.8645 |   3686.7918 |   3695.4987 |
|                CPI                |     1.9571 |     2.7028 |     2.7035 |     2.7092 |     2.7065 |     2.7071 |     2.7081 |     2.7125 |     2.4137 |     2.3918 |      2.3622 |      2.3980 |      2.3925 |      2.3459 |      2.3665 |      2.3783 |      2.7002 |      2.7010 |      2.7026 |      2.7012 |      2.7028 |      2.6996 |      2.7028 |      2.7035 |      2.6898 |      2.6835 |      2.6839 |      2.6865 |      2.6973 |      2.7005 |      2.7006 |      2.7051 |      2.3954 |      2.3449 |      2.3633 |      2.3978 |      2.3978 |      2.4214 |      2.4116 |      2.4278 |      2.7049 |      2.7064 |      2.7067 |      2.7092 |      2.7053 |      2.7055 |      2.7088 |      2.7117 |      2.7853 |      2.7828 |      2.7861 |      2.7815 |      2.7912 |      2.7922 |      2.7884 |      2.7875 |      2.6885 |      2.6936 |      2.6939 |      2.6950 |      2.6965 |      2.6977 |      2.6967 |      2.7024 |      2.7924 |      2.7936 |      2.7920 |      2.7862 |      2.7932 |      2.7903 |      2.7916 |      2.7979 |      2.7317 |      2.7315 |      2.7356 |      2.7334 |      2.7361 |      2.7343 |      2.7452 |      3.1237 |
|  Memory read bandwidth [MBytes/s] | 54158.8111 |          0 |          0 |          0 |          0 |          0 |          0 |          0 |          0 |          0 |           0 |           0 |           0 |           0 |           0 |           0 |           0 |           0 |           0 |           0 |           0 |           0 |           0 |           0 |           0 |           0 |           0 |           0 |           0 |           0 |           0 |           0 |           0 |           0 |           0 |           0 |           0 |           0 |           0 |           0 |           0 |           0 |           0 |           0 |           0 |           0 |           0 |           0 |           0 |           0 |           0 |           0 |           0 |           0 |           0 |           0 |           0 |           0 |           0 |           0 |           0 |           0 |           0 |           0 |           0 |           0 |           0 |           0 |           0 |           0 |           0 |           0 |           0 |           0 |           0 |           0 |           0 |           0 |           0 |           0 |
|  Memory read data volume [GBytes] | 52310.7215 |          0 |          0 |          0 |          0 |          0 |          0 |          0 |          0 |          0 |           0 |           0 |           0 |           0 |           0 |           0 |           0 |           0 |           0 |           0 |           0 |           0 |           0 |           0 |           0 |           0 |           0 |           0 |           0 |           0 |           0 |           0 |           0 |           0 |           0 |           0 |           0 |           0 |           0 |           0 |           0 |           0 |           0 |           0 |           0 |           0 |           0 |           0 |           0 |           0 |           0 |           0 |           0 |           0 |           0 |           0 |           0 |           0 |           0 |           0 |           0 |           0 |           0 |           0 |           0 |           0 |           0 |           0 |           0 |           0 |           0 |           0 |           0 |           0 |           0 |           0 |           0 |           0 |           0 |           0 |
| Memory write bandwidth [MBytes/s] | 23417.4756 |          0 |          0 |          0 |          0 |          0 |          0 |          0 |          0 |          0 |           0 |           0 |           0 |           0 |           0 |           0 |           0 |           0 |           0 |           0 |           0 |           0 |           0 |           0 |           0 |           0 |           0 |           0 |           0 |           0 |           0 |           0 |           0 |           0 |           0 |           0 |           0 |           0 |           0 |           0 |           0 |           0 |           0 |           0 |           0 |           0 |           0 |           0 |           0 |           0 |           0 |           0 |           0 |           0 |           0 |           0 |           0 |           0 |           0 |           0 |           0 |           0 |           0 |           0 |           0 |           0 |           0 |           0 |           0 |           0 |           0 |           0 |           0 |           0 |           0 |           0 |           0 |           0 |           0 |           0 |
| Memory write data volume [GBytes] | 22618.3888 |          0 |          0 |          0 |          0 |          0 |          0 |          0 |          0 |          0 |           0 |           0 |           0 |           0 |           0 |           0 |           0 |           0 |           0 |           0 |           0 |           0 |           0 |           0 |           0 |           0 |           0 |           0 |           0 |           0 |           0 |           0 |           0 |           0 |           0 |           0 |           0 |           0 |           0 |           0 |           0 |           0 |           0 |           0 |           0 |           0 |           0 |           0 |           0 |           0 |           0 |           0 |           0 |           0 |           0 |           0 |           0 |           0 |           0 |           0 |           0 |           0 |           0 |           0 |           0 |           0 |           0 |           0 |           0 |           0 |           0 |           0 |           0 |           0 |           0 |           0 |           0 |           0 |           0 |           0 |
|    Memory bandwidth [MBytes/s]    | 77576.2867 |          0 |          0 |          0 |          0 |          0 |          0 |          0 |          0 |          0 |           0 |           0 |           0 |           0 |           0 |           0 |           0 |           0 |           0 |           0 |           0 |           0 |           0 |           0 |           0 |           0 |           0 |           0 |           0 |           0 |           0 |           0 |           0 |           0 |           0 |           0 |           0 |           0 |           0 |           0 |           0 |           0 |           0 |           0 |           0 |           0 |           0 |           0 |           0 |           0 |           0 |           0 |           0 |           0 |           0 |           0 |           0 |           0 |           0 |           0 |           0 |           0 |           0 |           0 |           0 |           0 |           0 |           0 |           0 |           0 |           0 |           0 |           0 |           0 |           0 |           0 |           0 |           0 |           0 |           0 |
|    Memory data volume [GBytes]    | 74929.1103 |          0 |          0 |          0 |          0 |          0 |          0 |          0 |          0 |          0 |           0 |           0 |           0 |           0 |           0 |           0 |           0 |           0 |           0 |           0 |           0 |           0 |           0 |           0 |           0 |           0 |           0 |           0 |           0 |           0 |           0 |           0 |           0 |           0 |           0 |           0 |           0 |           0 |           0 |           0 |           0 |           0 |           0 |           0 |           0 |           0 |           0 |           0 |           0 |           0 |           0 |           0 |           0 |           0 |           0 |           0 |           0 |           0 |           0 |           0 |           0 |           0 |           0 |           0 |           0 |           0 |           0 |           0 |           0 |           0 |           0 |           0 |           0 |           0 |           0 |           0 |           0 |           0 |           0 |           0 |
+-----------------------------------+------------+------------+------------+------------+------------+------------+------------+------------+------------+------------+-------------+-------------+-------------+-------------+-------------+-------------+-------------+-------------+-------------+-------------+-------------+-------------+-------------+-------------+-------------+-------------+-------------+-------------+-------------+-------------+-------------+-------------+-------------+-------------+-------------+-------------+-------------+-------------+-------------+-------------+-------------+-------------+-------------+-------------+-------------+-------------+-------------+-------------+-------------+-------------+-------------+-------------+-------------+-------------+-------------+-------------+-------------+-------------+-------------+-------------+-------------+-------------+-------------+-------------+-------------+-------------+-------------+-------------+-------------+-------------+-------------+-------------+-------------+-------------+-------------+-------------+-------------+-------------+-------------+-------------+

+----------------------------------------+-------------+-----------+------------+-----------+
|                 Metric                 |     Sum     |    Min    |     Max    |    Avg    |
+----------------------------------------+-------------+-----------+------------+-----------+
|        Runtime (RDTSC) [s] STAT        |  77270.1200 |  965.8765 |   965.8765 |  965.8765 |
|        Runtime unhalted [s] STAT       |  88622.2707 |  982.6098 |  1371.6314 | 1107.7784 |
|            Clock [MHz] STAT            | 293573.6779 | 3647.2644 |  3695.4987 | 3669.6710 |
|                CPI STAT                |    212.4031 |    1.9571 |     3.1237 |    2.6550 |
|  Memory read bandwidth [MBytes/s] STAT |  54158.8111 |         0 | 54158.8111 |  676.9851 |
|  Memory read data volume [GBytes] STAT |  52310.7215 |         0 | 52310.7215 |  653.8840 |
| Memory write bandwidth [MBytes/s] STAT |  23417.4756 |         0 | 23417.4756 |  292.7184 |
| Memory write data volume [GBytes] STAT |  22618.3888 |         0 | 22618.3888 |  282.7299 |
|    Memory bandwidth [MBytes/s] STAT    |  77576.2867 |         0 | 77576.2867 |  969.7036 |
|    Memory data volume [GBytes] STAT    |  74929.1103 |         0 | 74929.1103 |  936.6139 |
+----------------------------------------+-------------+-----------+------------+-----------+

