INFO: You are running LIKWID in a cpuset with 96 CPUs. Taking given IDs as logical ID in cpuset
--------------------------------------------------------------------------------
CPU name:	AMD EPYC 9A14 96-Core Processor                
CPU type:	AMD K19 (Zen4) architecture
CPU clock:	2.60 GHz
--------------------------------------------------------------------------------
Use symmetry. Molecule point group: Dooh
Norb: 18   Ne: (8, 8)
Running RHF...
SCF not converged.
SCF energy = -149.453202296576
Running FCI ...
Guessing CI wfn symmetry = 0
Num symmetry allowed elements 239373732
tol 1e-10  toloose 1e-05
max_cycle 100  max_space 12  max_memory 746715  incore True
    CPU time for contract_2e   5459.01 sec, wall time     59.23 sec
davidson 0 1  |r|= 0.965  e= [-177.41918315]  max|de|= -177  lindep=    1
    CPU time for contract_2e   5476.69 sec, wall time     60.95 sec
davidson 1 2  |r|= 0.477  e= [-177.66345341]  max|de|= -0.244  lindep= 0.976
    CPU time for contract_2e   5486.13 sec, wall time     61.86 sec
davidson 2 3  |r|= 0.189  e= [-177.71009544]  max|de|= -0.0466  lindep= 0.997
    CPU time for contract_2e   5489.93 sec, wall time     62.72 sec
davidson 3 4  |r|= 0.0734  e= [-177.71605069]  max|de|= -0.00596  lindep= 0.98
    CPU time for contract_2e   5505.03 sec, wall time     63.73 sec
davidson 4 5  |r|= 0.0317  e= [-177.71693538]  max|de|= -0.000885  lindep= 0.96
    CPU time for contract_2e   5497.09 sec, wall time     64.40 sec
davidson 5 6  |r|= 0.0142  e= [-177.71710364]  max|de|= -0.000168  lindep= 0.93
    CPU time for contract_2e   5509.17 sec, wall time     65.44 sec
davidson 6 7  |r|= 0.00606  e= [-177.71713434]  max|de|= -3.07e-05  lindep= 0.918
    CPU time for contract_2e   5534.09 sec, wall time     66.58 sec
davidson 7 8  |r|= 0.00244  e= [-177.71713934]  max|de|= -5e-06  lindep= 0.932
    CPU time for contract_2e   5559.32 sec, wall time     67.60 sec
davidson 8 9  |r|= 0.000953  e= [-177.71714013]  max|de|= -7.84e-07  lindep= 0.926
    CPU time for contract_2e   5551.14 sec, wall time     68.43 sec
davidson 9 10  |r|= 0.000379  e= [-177.71714025]  max|de|= -1.21e-07  lindep= 0.919
    CPU time for contract_2e   5553.99 sec, wall time     69.25 sec
davidson 10 11  |r|= 0.000155  e= [-177.71714027]  max|de|= -1.73e-08  lindep= 0.942
    CPU time for contract_2e   5559.94 sec, wall time     70.13 sec
davidson 11 12  |r|= 6.24e-05  e= [-177.71714027]  max|de|= -2.81e-09  lindep= 0.939
    CPU time for contract_2e   5591.52 sec, wall time     71.74 sec
davidson 12 1  |r|= 6.24e-05  e= [-177.71714027]  max|de|= 1.28e-11  lindep=    1
    CPU time for contract_2e   5465.23 sec, wall time     60.86 sec
davidson 13 2  |r|= 2.68e-05  e= [-177.71714027]  max|de|= -3.93e-10  lindep= 0.988
    CPU time for contract_2e   5459.03 sec, wall time     61.54 sec
davidson 14 3  |r|= 1.29e-05  e= [-177.71714027]  max|de|= -1.22e-10  lindep= 0.879
    CPU time for contract_2e   5474.79 sec, wall time     62.52 sec
root 0 converged  |r|= 5.47e-06  e= -177.71714027031788  max|de|= -2.3e-11
converged 15 4  |r|= 5.47e-06  e= [-177.71714027]  max|de|= -2.3e-11
--------------------------------------------------------------------------------
Group 1: MEM
+----------------------+---------+---------------+---------------+---------------+---------------+---------------+---------------+---------------+---------------+---------------+---------------+---------------+---------------+---------------+---------------+---------------+---------------+---------------+---------------+---------------+---------------+---------------+---------------+---------------+---------------+---------------+---------------+---------------+---------------+---------------+---------------+---------------+---------------+---------------+---------------+---------------+---------------+---------------+---------------+---------------+---------------+---------------+---------------+---------------+---------------+---------------+---------------+---------------+---------------+---------------+---------------+---------------+---------------+---------------+---------------+---------------+---------------+---------------+---------------+---------------+---------------+---------------+---------------+---------------+---------------+---------------+---------------+---------------+---------------+---------------+---------------+---------------+---------------+---------------+---------------+---------------+---------------+---------------+---------------+---------------+---------------+---------------+---------------+---------------+---------------+---------------+---------------+---------------+---------------+---------------+---------------+---------------+---------------+---------------+---------------+---------------+---------------+
|         Event        | Counter |   HWThread 0  |   HWThread 1  |   HWThread 2  |   HWThread 3  |   HWThread 4  |   HWThread 5  |   HWThread 6  |   HWThread 7  |   HWThread 8  |   HWThread 9  |  HWThread 10  |  HWThread 11  |  HWThread 12  |  HWThread 13  |  HWThread 14  |  HWThread 15  |  HWThread 16  |  HWThread 17  |  HWThread 18  |  HWThread 19  |  HWThread 20  |  HWThread 21  |  HWThread 22  |  HWThread 23  |  HWThread 24  |  HWThread 25  |  HWThread 26  |  HWThread 27  |  HWThread 28  |  HWThread 29  |  HWThread 30  |  HWThread 31  |  HWThread 32  |  HWThread 33  |  HWThread 34  |  HWThread 35  |  HWThread 36  |  HWThread 37  |  HWThread 38  |  HWThread 39  |  HWThread 40  |  HWThread 41  |  HWThread 42  |  HWThread 43  |  HWThread 44  |  HWThread 45  |  HWThread 46  |  HWThread 47  |  HWThread 48  |  HWThread 49  |  HWThread 50  |  HWThread 51  |  HWThread 52  |  HWThread 53  |  HWThread 54  |  HWThread 55  |  HWThread 56  |  HWThread 57  |  HWThread 58  |  HWThread 59  |  HWThread 60  |  HWThread 61  |  HWThread 62  |  HWThread 63  |  HWThread 64  |  HWThread 65  |  HWThread 66  |  HWThread 67  |  HWThread 68  |  HWThread 69  |  HWThread 70  |  HWThread 71  |  HWThread 72  |  HWThread 73  |  HWThread 74  |  HWThread 75  |  HWThread 76  |  HWThread 77  |  HWThread 78  |  HWThread 79  |  HWThread 80  |  HWThread 81  |  HWThread 82  |  HWThread 83  |  HWThread 84  |  HWThread 85  |  HWThread 86  |  HWThread 87  |  HWThread 88  |  HWThread 89  |  HWThread 90  |  HWThread 91  |  HWThread 92  |  HWThread 93  |  HWThread 94  |  HWThread 95  |
+----------------------+---------+---------------+---------------+---------------+---------------+---------------+---------------+---------------+---------------+---------------+---------------+---------------+---------------+---------------+---------------+---------------+---------------+---------------+---------------+---------------+---------------+---------------+---------------+---------------+---------------+---------------+---------------+---------------+---------------+---------------+---------------+---------------+---------------+---------------+---------------+---------------+---------------+---------------+---------------+---------------+---------------+---------------+---------------+---------------+---------------+---------------+---------------+---------------+---------------+---------------+---------------+---------------+---------------+---------------+---------------+---------------+---------------+---------------+---------------+---------------+---------------+---------------+---------------+---------------+---------------+---------------+---------------+---------------+---------------+---------------+---------------+---------------+---------------+---------------+---------------+---------------+---------------+---------------+---------------+---------------+---------------+---------------+---------------+---------------+---------------+---------------+---------------+---------------+---------------+---------------+---------------+---------------+---------------+---------------+---------------+---------------+---------------+
|   ACTUAL_CPU_CLOCK   |  FIXC1  | 4142478883830 | 3520024307547 | 3515987076453 | 3516150486576 | 3512934956407 | 3516238716345 | 3515391136906 | 3515134104594 | 3213755237517 | 3174792034552 | 3110955994904 | 3179679122813 | 3131244443107 | 3153593164726 | 3090266953461 | 3132922184570 | 3515105239133 | 3515356061192 | 3514558667098 | 3514579830662 | 3515762122032 | 3515037953968 | 3511259909898 | 3515566846563 | 3512182363799 | 3511460772425 | 3508338476722 | 3512376321721 | 3503620006031 | 3506218488800 | 3506091309815 | 3504023049347 | 3373663555541 | 3373268131588 | 3373687718649 | 3394751324004 | 3379788101502 | 3399824074104 | 3400435921866 | 3399151495193 | 3507622468885 | 3501015204976 | 3501719805336 | 3498844118619 | 3481839315223 | 3498205453405 | 3485663622345 | 3487293538630 | 3378656496927 | 3362559035250 | 3388489151944 | 3372929870862 | 3404971059146 | 3378681110888 | 3422836708030 | 3425130101155 | 3046128860549 | 2993600669766 | 3011607645265 | 3008152344237 | 3036871761614 | 3098906391221 | 3093588918245 | 3076793364101 | 3371827838700 | 3361747366427 | 3373359114771 | 3364875997321 | 3395220534846 | 3390155724863 | 3418340186088 | 3434579923522 | 3503862925330 | 3497577070331 | 3488066846470 | 3482280062971 | 3498556783395 | 3472901546483 | 3492392249456 | 3484923223653 | 3459191074298 | 3480838998447 | 3472231721193 | 3471566934643 | 3464920961572 | 3478354764752 | 3483025190767 | 3476528246830 | 3477874717071 | 3474098995954 | 3469448199615 | 3477687113723 | 3474180328752 | 3472271536727 | 3478494776451 | 3415510960445 |
|     MAX_CPU_CLOCK    |  FIXC2  | 2914444576654 | 2504234453266 | 2489162836576 | 2489091762534 | 2486301453376 | 2489261736416 | 2488740745166 | 2488639668710 | 2277957004128 | 2251117775608 | 2205811469524 | 2253599636262 | 2220374479284 | 2236329382898 | 2191572283628 | 2221524338020 | 2489426180514 | 2489674407116 | 2489110138892 | 2489059584960 | 2490081785178 | 2489112391402 | 2485928247322 | 2490098019942 | 2490153964792 | 2489356988170 | 2486323254532 | 2490092247110 | 2481194764620 | 2484221932868 | 2483911324622 | 2481863274826 | 2387524558692 | 2387274760156 | 2388521278390 | 2401848327320 | 2391341546828 | 2406632514572 | 2404124935472 | 2404951866382 | 2481983491052 | 2476651803938 | 2477084495210 | 2474472724932 | 2456245877800 | 2473387335796 | 2460084241316 | 2461835097982 | 2388530900080 | 2377057567196 | 2402035500592 | 2384417900098 | 2408124248842 | 2386233670236 | 2419544345192 | 2421765018998 | 2154825145434 | 2117506851408 | 2129073776778 | 2126892732796 | 2142850233056 | 2187248189828 | 2185532335610 | 2170702477320 | 2384063275048 | 2379058195384 | 2386804710706 | 2378268889724 | 2402659539982 | 2401767540068 | 2418780140504 | 2433348963032 | 2477767577948 | 2471411070804 | 2461258730008 | 2454452933374 | 2471441464908 | 2445280076356 | 2466225445424 | 2458146496962 | 2438655739832 | 2458916214040 | 2446901535650 | 2450851941200 | 2438759937822 | 2452432684364 | 2456722969896 | 2449790656872 | 2451374113968 | 2447675934626 | 2442999471848 | 2451298662358 | 2447588323128 | 2445061334300 | 2452122746892 | 2408429317554 |
| RETIRED_INSTRUCTIONS |   PMC0  | 1455489863792 |  852908014654 |  852554773628 |  852596819445 |  851935557914 |  852467438285 |  851788090576 |  851516288517 |  910382726843 |  910710016541 |  917449009606 |  910670109837 |  914892618576 |  912231292352 |  917193978805 |  914899622567 |  853517649365 |  853993691594 |  853716530835 |  854412890188 |  852957558532 |  853911004849 |  852600177982 |  851204386419 |  846090730786 |  846196920298 |  845554461449 |  845943020665 |  844519656283 |  844338080910 |  844996520822 |  844419412474 |  897385432775 |  898666383821 |  897127331679 |  891091496502 |  895349041532 |  891668361941 |  891813219043 |  890690614003 |  848534160989 |  849132198652 |  848645801932 |  848679973064 |  846828648092 |  848234266242 |  846665998344 |  846180144144 |  914742309702 |  915107489999 |  915317484882 |  914879047472 |  913650163124 |  914139204081 |  911736223966 |  911496917087 |  937009206252 |  937529552434 |  935243003831 |  938090095950 |  937950269895 |  937551052946 |  937710779688 |  937804241981 |  913607639413 |  914087135288 |  913925410118 |  913647583855 |  913273617651 |  913992855514 |  911549528632 |  910533970714 |  872916440200 |  875358882100 |  874082792298 |  874131968835 |  871981506379 |  872278007899 |  869422002140 |  867417322203 |  925551404872 |  925109268733 |  921957418380 |  924662477683 |  916581145671 |  918137474276 |  908088988022 |  907131982167 |  887572892690 |  889577280881 |  889800389625 |  888818695065 |  882794710401 |  884590317223 |  863376203542 |  795068686712 |
|  CPU_CLOCKS_UNHALTED |   PMC1  | 3650869532179 | 3204793134372 | 3213080699996 | 3206767042622 | 3206980199537 | 3206255870046 | 3208349377926 | 3208859345567 | 2990146402977 | 2964202728180 | 2926385899350 | 2971051836050 | 2940137123814 | 2953556273826 | 2912118080500 | 2941695461886 | 3201422005399 | 3199096241763 | 3203149716178 | 3204645262675 | 3202836354592 | 3199962630768 | 3192931180260 | 3197557003832 | 3202888076424 | 3201191879977 | 3207504103302 | 3204601823598 | 3204112977598 | 3205530180876 | 3204507816419 | 3205512329821 | 3120962145892 | 3125755719206 | 3117231052666 | 3126229730242 | 3123192070660 | 3132882021022 | 3141076454551 | 3131425927237 | 3203562718202 | 3205167756481 | 3200338817739 | 3203876311943 | 3197380680873 | 3203466783974 | 3197676647818 | 3198619399709 | 3197002079266 | 3185622323350 | 3197390679669 | 3193760245454 | 3215963888293 | 3200356032663 | 3231625557224 | 3227929164607 | 2910238110382 | 2870062647279 | 2888142782496 | 2883568001107 | 2913495099394 | 2961487830104 | 2953028249148 | 2943804444235 | 3196084019871 | 3184335942270 | 3196720070819 | 3191445221344 | 3210373882069 | 3203605297394 | 3223482158290 | 3232272220281 | 3220553471611 | 3225576915518 | 3225377525028 | 3215554904072 | 3214119206752 | 3215837762742 | 3208459181077 | 3209965845048 | 3212943809081 | 3223187673014 | 3226466660115 | 3216952514333 | 3213410502107 | 3223354796733 | 3213377315991 | 3207187850553 | 3241661787800 | 3244674048218 | 3248389699387 | 3244916008966 | 3240481195988 | 3243922532208 | 3232621754408 | 3160598966740 |
|      CAS_CMD_RD      |  UMC0C0 |   78573103577 |             0 |             0 |             0 |             0 |             0 |             0 |             0 |             0 |             0 |             0 |             0 |             0 |             0 |             0 |             0 |             0 |             0 |             0 |             0 |             0 |             0 |             0 |             0 |             0 |             0 |             0 |             0 |             0 |             0 |             0 |             0 |             0 |             0 |             0 |             0 |             0 |             0 |             0 |             0 |             0 |             0 |             0 |             0 |             0 |             0 |             0 |             0 |             0 |             0 |             0 |             0 |             0 |             0 |             0 |             0 |             0 |             0 |             0 |             0 |             0 |             0 |             0 |             0 |             0 |             0 |             0 |             0 |             0 |             0 |             0 |             0 |             0 |             0 |             0 |             0 |             0 |             0 |             0 |             0 |             0 |             0 |             0 |             0 |             0 |             0 |             0 |             0 |             0 |             0 |             0 |             0 |             0 |             0 |             0 |             0 |
|      CAS_CMD_WR      |  UMC0C1 |   34535943843 |             0 |             0 |             0 |             0 |             0 |             0 |             0 |             0 |             0 |             0 |             0 |             0 |             0 |             0 |             0 |             0 |             0 |             0 |             0 |             0 |             0 |             0 |             0 |             0 |             0 |             0 |             0 |             0 |             0 |             0 |             0 |             0 |             0 |             0 |             0 |             0 |             0 |             0 |             0 |             0 |             0 |             0 |             0 |             0 |             0 |             0 |             0 |             0 |             0 |             0 |             0 |             0 |             0 |             0 |             0 |             0 |             0 |             0 |             0 |             0 |             0 |             0 |             0 |             0 |             0 |             0 |             0 |             0 |             0 |             0 |             0 |             0 |             0 |             0 |             0 |             0 |             0 |             0 |             0 |             0 |             0 |             0 |             0 |             0 |             0 |             0 |             0 |             0 |             0 |             0 |             0 |             0 |             0 |             0 |             0 |
|      CAS_CMD_RD      |  UMC1C0 |   78262585582 |             0 |             0 |             0 |             0 |             0 |             0 |             0 |             0 |             0 |             0 |             0 |             0 |             0 |             0 |             0 |             0 |             0 |             0 |             0 |             0 |             0 |             0 |             0 |             0 |             0 |             0 |             0 |             0 |             0 |             0 |             0 |             0 |             0 |             0 |             0 |             0 |             0 |             0 |             0 |             0 |             0 |             0 |             0 |             0 |             0 |             0 |             0 |             0 |             0 |             0 |             0 |             0 |             0 |             0 |             0 |             0 |             0 |             0 |             0 |             0 |             0 |             0 |             0 |             0 |             0 |             0 |             0 |             0 |             0 |             0 |             0 |             0 |             0 |             0 |             0 |             0 |             0 |             0 |             0 |             0 |             0 |             0 |             0 |             0 |             0 |             0 |             0 |             0 |             0 |             0 |             0 |             0 |             0 |             0 |             0 |
|      CAS_CMD_WR      |  UMC1C1 |   34484040476 |             0 |             0 |             0 |             0 |             0 |             0 |             0 |             0 |             0 |             0 |             0 |             0 |             0 |             0 |             0 |             0 |             0 |             0 |             0 |             0 |             0 |             0 |             0 |             0 |             0 |             0 |             0 |             0 |             0 |             0 |             0 |             0 |             0 |             0 |             0 |             0 |             0 |             0 |             0 |             0 |             0 |             0 |             0 |             0 |             0 |             0 |             0 |             0 |             0 |             0 |             0 |             0 |             0 |             0 |             0 |             0 |             0 |             0 |             0 |             0 |             0 |             0 |             0 |             0 |             0 |             0 |             0 |             0 |             0 |             0 |             0 |             0 |             0 |             0 |             0 |             0 |             0 |             0 |             0 |             0 |             0 |             0 |             0 |             0 |             0 |             0 |             0 |             0 |             0 |             0 |             0 |             0 |             0 |             0 |             0 |
|      CAS_CMD_RD      |  UMC2C0 |   78503786742 |             0 |             0 |             0 |             0 |             0 |             0 |             0 |             0 |             0 |             0 |             0 |             0 |             0 |             0 |             0 |             0 |             0 |             0 |             0 |             0 |             0 |             0 |             0 |             0 |             0 |             0 |             0 |             0 |             0 |             0 |             0 |             0 |             0 |             0 |             0 |             0 |             0 |             0 |             0 |             0 |             0 |             0 |             0 |             0 |             0 |             0 |             0 |             0 |             0 |             0 |             0 |             0 |             0 |             0 |             0 |             0 |             0 |             0 |             0 |             0 |             0 |             0 |             0 |             0 |             0 |             0 |             0 |             0 |             0 |             0 |             0 |             0 |             0 |             0 |             0 |             0 |             0 |             0 |             0 |             0 |             0 |             0 |             0 |             0 |             0 |             0 |             0 |             0 |             0 |             0 |             0 |             0 |             0 |             0 |             0 |
|      CAS_CMD_WR      |  UMC2C1 |   34665013991 |             0 |             0 |             0 |             0 |             0 |             0 |             0 |             0 |             0 |             0 |             0 |             0 |             0 |             0 |             0 |             0 |             0 |             0 |             0 |             0 |             0 |             0 |             0 |             0 |             0 |             0 |             0 |             0 |             0 |             0 |             0 |             0 |             0 |             0 |             0 |             0 |             0 |             0 |             0 |             0 |             0 |             0 |             0 |             0 |             0 |             0 |             0 |             0 |             0 |             0 |             0 |             0 |             0 |             0 |             0 |             0 |             0 |             0 |             0 |             0 |             0 |             0 |             0 |             0 |             0 |             0 |             0 |             0 |             0 |             0 |             0 |             0 |             0 |             0 |             0 |             0 |             0 |             0 |             0 |             0 |             0 |             0 |             0 |             0 |             0 |             0 |             0 |             0 |             0 |             0 |             0 |             0 |             0 |             0 |             0 |
|      CAS_CMD_RD      |  UMC3C0 |   78524826953 |             0 |             0 |             0 |             0 |             0 |             0 |             0 |             0 |             0 |             0 |             0 |             0 |             0 |             0 |             0 |             0 |             0 |             0 |             0 |             0 |             0 |             0 |             0 |             0 |             0 |             0 |             0 |             0 |             0 |             0 |             0 |             0 |             0 |             0 |             0 |             0 |             0 |             0 |             0 |             0 |             0 |             0 |             0 |             0 |             0 |             0 |             0 |             0 |             0 |             0 |             0 |             0 |             0 |             0 |             0 |             0 |             0 |             0 |             0 |             0 |             0 |             0 |             0 |             0 |             0 |             0 |             0 |             0 |             0 |             0 |             0 |             0 |             0 |             0 |             0 |             0 |             0 |             0 |             0 |             0 |             0 |             0 |             0 |             0 |             0 |             0 |             0 |             0 |             0 |             0 |             0 |             0 |             0 |             0 |             0 |
|      CAS_CMD_WR      |  UMC3C1 |   34503522099 |             0 |             0 |             0 |             0 |             0 |             0 |             0 |             0 |             0 |             0 |             0 |             0 |             0 |             0 |             0 |             0 |             0 |             0 |             0 |             0 |             0 |             0 |             0 |             0 |             0 |             0 |             0 |             0 |             0 |             0 |             0 |             0 |             0 |             0 |             0 |             0 |             0 |             0 |             0 |             0 |             0 |             0 |             0 |             0 |             0 |             0 |             0 |             0 |             0 |             0 |             0 |             0 |             0 |             0 |             0 |             0 |             0 |             0 |             0 |             0 |             0 |             0 |             0 |             0 |             0 |             0 |             0 |             0 |             0 |             0 |             0 |             0 |             0 |             0 |             0 |             0 |             0 |             0 |             0 |             0 |             0 |             0 |             0 |             0 |             0 |             0 |             0 |             0 |             0 |             0 |             0 |             0 |             0 |             0 |             0 |
|      CAS_CMD_RD      |  UMC4C0 |   79248580981 |             0 |             0 |             0 |             0 |             0 |             0 |             0 |             0 |             0 |             0 |             0 |             0 |             0 |             0 |             0 |             0 |             0 |             0 |             0 |             0 |             0 |             0 |             0 |             0 |             0 |             0 |             0 |             0 |             0 |             0 |             0 |             0 |             0 |             0 |             0 |             0 |             0 |             0 |             0 |             0 |             0 |             0 |             0 |             0 |             0 |             0 |             0 |             0 |             0 |             0 |             0 |             0 |             0 |             0 |             0 |             0 |             0 |             0 |             0 |             0 |             0 |             0 |             0 |             0 |             0 |             0 |             0 |             0 |             0 |             0 |             0 |             0 |             0 |             0 |             0 |             0 |             0 |             0 |             0 |             0 |             0 |             0 |             0 |             0 |             0 |             0 |             0 |             0 |             0 |             0 |             0 |             0 |             0 |             0 |             0 |
|      CAS_CMD_WR      |  UMC4C1 |   34551256657 |             0 |             0 |             0 |             0 |             0 |             0 |             0 |             0 |             0 |             0 |             0 |             0 |             0 |             0 |             0 |             0 |             0 |             0 |             0 |             0 |             0 |             0 |             0 |             0 |             0 |             0 |             0 |             0 |             0 |             0 |             0 |             0 |             0 |             0 |             0 |             0 |             0 |             0 |             0 |             0 |             0 |             0 |             0 |             0 |             0 |             0 |             0 |             0 |             0 |             0 |             0 |             0 |             0 |             0 |             0 |             0 |             0 |             0 |             0 |             0 |             0 |             0 |             0 |             0 |             0 |             0 |             0 |             0 |             0 |             0 |             0 |             0 |             0 |             0 |             0 |             0 |             0 |             0 |             0 |             0 |             0 |             0 |             0 |             0 |             0 |             0 |             0 |             0 |             0 |             0 |             0 |             0 |             0 |             0 |             0 |
|      CAS_CMD_RD      |  UMC5C0 |   78961333838 |             0 |             0 |             0 |             0 |             0 |             0 |             0 |             0 |             0 |             0 |             0 |             0 |             0 |             0 |             0 |             0 |             0 |             0 |             0 |             0 |             0 |             0 |             0 |             0 |             0 |             0 |             0 |             0 |             0 |             0 |             0 |             0 |             0 |             0 |             0 |             0 |             0 |             0 |             0 |             0 |             0 |             0 |             0 |             0 |             0 |             0 |             0 |             0 |             0 |             0 |             0 |             0 |             0 |             0 |             0 |             0 |             0 |             0 |             0 |             0 |             0 |             0 |             0 |             0 |             0 |             0 |             0 |             0 |             0 |             0 |             0 |             0 |             0 |             0 |             0 |             0 |             0 |             0 |             0 |             0 |             0 |             0 |             0 |             0 |             0 |             0 |             0 |             0 |             0 |             0 |             0 |             0 |             0 |             0 |             0 |
|      CAS_CMD_WR      |  UMC5C1 |   34512809860 |             0 |             0 |             0 |             0 |             0 |             0 |             0 |             0 |             0 |             0 |             0 |             0 |             0 |             0 |             0 |             0 |             0 |             0 |             0 |             0 |             0 |             0 |             0 |             0 |             0 |             0 |             0 |             0 |             0 |             0 |             0 |             0 |             0 |             0 |             0 |             0 |             0 |             0 |             0 |             0 |             0 |             0 |             0 |             0 |             0 |             0 |             0 |             0 |             0 |             0 |             0 |             0 |             0 |             0 |             0 |             0 |             0 |             0 |             0 |             0 |             0 |             0 |             0 |             0 |             0 |             0 |             0 |             0 |             0 |             0 |             0 |             0 |             0 |             0 |             0 |             0 |             0 |             0 |             0 |             0 |             0 |             0 |             0 |             0 |             0 |             0 |             0 |             0 |             0 |             0 |             0 |             0 |             0 |             0 |             0 |
|      CAS_CMD_RD      |  UMC6C0 |   78566376941 |             0 |             0 |             0 |             0 |             0 |             0 |             0 |             0 |             0 |             0 |             0 |             0 |             0 |             0 |             0 |             0 |             0 |             0 |             0 |             0 |             0 |             0 |             0 |             0 |             0 |             0 |             0 |             0 |             0 |             0 |             0 |             0 |             0 |             0 |             0 |             0 |             0 |             0 |             0 |             0 |             0 |             0 |             0 |             0 |             0 |             0 |             0 |             0 |             0 |             0 |             0 |             0 |             0 |             0 |             0 |             0 |             0 |             0 |             0 |             0 |             0 |             0 |             0 |             0 |             0 |             0 |             0 |             0 |             0 |             0 |             0 |             0 |             0 |             0 |             0 |             0 |             0 |             0 |             0 |             0 |             0 |             0 |             0 |             0 |             0 |             0 |             0 |             0 |             0 |             0 |             0 |             0 |             0 |             0 |             0 |
|      CAS_CMD_WR      |  UMC6C1 |   34577301017 |             0 |             0 |             0 |             0 |             0 |             0 |             0 |             0 |             0 |             0 |             0 |             0 |             0 |             0 |             0 |             0 |             0 |             0 |             0 |             0 |             0 |             0 |             0 |             0 |             0 |             0 |             0 |             0 |             0 |             0 |             0 |             0 |             0 |             0 |             0 |             0 |             0 |             0 |             0 |             0 |             0 |             0 |             0 |             0 |             0 |             0 |             0 |             0 |             0 |             0 |             0 |             0 |             0 |             0 |             0 |             0 |             0 |             0 |             0 |             0 |             0 |             0 |             0 |             0 |             0 |             0 |             0 |             0 |             0 |             0 |             0 |             0 |             0 |             0 |             0 |             0 |             0 |             0 |             0 |             0 |             0 |             0 |             0 |             0 |             0 |             0 |             0 |             0 |             0 |             0 |             0 |             0 |             0 |             0 |             0 |
|      CAS_CMD_RD      |  UMC7C0 |   78724671716 |             0 |             0 |             0 |             0 |             0 |             0 |             0 |             0 |             0 |             0 |             0 |             0 |             0 |             0 |             0 |             0 |             0 |             0 |             0 |             0 |             0 |             0 |             0 |             0 |             0 |             0 |             0 |             0 |             0 |             0 |             0 |             0 |             0 |             0 |             0 |             0 |             0 |             0 |             0 |             0 |             0 |             0 |             0 |             0 |             0 |             0 |             0 |             0 |             0 |             0 |             0 |             0 |             0 |             0 |             0 |             0 |             0 |             0 |             0 |             0 |             0 |             0 |             0 |             0 |             0 |             0 |             0 |             0 |             0 |             0 |             0 |             0 |             0 |             0 |             0 |             0 |             0 |             0 |             0 |             0 |             0 |             0 |             0 |             0 |             0 |             0 |             0 |             0 |             0 |             0 |             0 |             0 |             0 |             0 |             0 |
|      CAS_CMD_WR      |  UMC7C1 |   34609009459 |             0 |             0 |             0 |             0 |             0 |             0 |             0 |             0 |             0 |             0 |             0 |             0 |             0 |             0 |             0 |             0 |             0 |             0 |             0 |             0 |             0 |             0 |             0 |             0 |             0 |             0 |             0 |             0 |             0 |             0 |             0 |             0 |             0 |             0 |             0 |             0 |             0 |             0 |             0 |             0 |             0 |             0 |             0 |             0 |             0 |             0 |             0 |             0 |             0 |             0 |             0 |             0 |             0 |             0 |             0 |             0 |             0 |             0 |             0 |             0 |             0 |             0 |             0 |             0 |             0 |             0 |             0 |             0 |             0 |             0 |             0 |             0 |             0 |             0 |             0 |             0 |             0 |             0 |             0 |             0 |             0 |             0 |             0 |             0 |             0 |             0 |             0 |             0 |             0 |             0 |             0 |             0 |             0 |             0 |             0 |
|      CAS_CMD_RD      |  UMC8C0 |   79412045056 |             0 |             0 |             0 |             0 |             0 |             0 |             0 |             0 |             0 |             0 |             0 |             0 |             0 |             0 |             0 |             0 |             0 |             0 |             0 |             0 |             0 |             0 |             0 |             0 |             0 |             0 |             0 |             0 |             0 |             0 |             0 |             0 |             0 |             0 |             0 |             0 |             0 |             0 |             0 |             0 |             0 |             0 |             0 |             0 |             0 |             0 |             0 |             0 |             0 |             0 |             0 |             0 |             0 |             0 |             0 |             0 |             0 |             0 |             0 |             0 |             0 |             0 |             0 |             0 |             0 |             0 |             0 |             0 |             0 |             0 |             0 |             0 |             0 |             0 |             0 |             0 |             0 |             0 |             0 |             0 |             0 |             0 |             0 |             0 |             0 |             0 |             0 |             0 |             0 |             0 |             0 |             0 |             0 |             0 |             0 |
|      CAS_CMD_WR      |  UMC8C1 |   34637005753 |             0 |             0 |             0 |             0 |             0 |             0 |             0 |             0 |             0 |             0 |             0 |             0 |             0 |             0 |             0 |             0 |             0 |             0 |             0 |             0 |             0 |             0 |             0 |             0 |             0 |             0 |             0 |             0 |             0 |             0 |             0 |             0 |             0 |             0 |             0 |             0 |             0 |             0 |             0 |             0 |             0 |             0 |             0 |             0 |             0 |             0 |             0 |             0 |             0 |             0 |             0 |             0 |             0 |             0 |             0 |             0 |             0 |             0 |             0 |             0 |             0 |             0 |             0 |             0 |             0 |             0 |             0 |             0 |             0 |             0 |             0 |             0 |             0 |             0 |             0 |             0 |             0 |             0 |             0 |             0 |             0 |             0 |             0 |             0 |             0 |             0 |             0 |             0 |             0 |             0 |             0 |             0 |             0 |             0 |             0 |
|      CAS_CMD_RD      |  UMC9C0 |   78641156028 |             0 |             0 |             0 |             0 |             0 |             0 |             0 |             0 |             0 |             0 |             0 |             0 |             0 |             0 |             0 |             0 |             0 |             0 |             0 |             0 |             0 |             0 |             0 |             0 |             0 |             0 |             0 |             0 |             0 |             0 |             0 |             0 |             0 |             0 |             0 |             0 |             0 |             0 |             0 |             0 |             0 |             0 |             0 |             0 |             0 |             0 |             0 |             0 |             0 |             0 |             0 |             0 |             0 |             0 |             0 |             0 |             0 |             0 |             0 |             0 |             0 |             0 |             0 |             0 |             0 |             0 |             0 |             0 |             0 |             0 |             0 |             0 |             0 |             0 |             0 |             0 |             0 |             0 |             0 |             0 |             0 |             0 |             0 |             0 |             0 |             0 |             0 |             0 |             0 |             0 |             0 |             0 |             0 |             0 |             0 |
|      CAS_CMD_WR      |  UMC9C1 |   34579561065 |             0 |             0 |             0 |             0 |             0 |             0 |             0 |             0 |             0 |             0 |             0 |             0 |             0 |             0 |             0 |             0 |             0 |             0 |             0 |             0 |             0 |             0 |             0 |             0 |             0 |             0 |             0 |             0 |             0 |             0 |             0 |             0 |             0 |             0 |             0 |             0 |             0 |             0 |             0 |             0 |             0 |             0 |             0 |             0 |             0 |             0 |             0 |             0 |             0 |             0 |             0 |             0 |             0 |             0 |             0 |             0 |             0 |             0 |             0 |             0 |             0 |             0 |             0 |             0 |             0 |             0 |             0 |             0 |             0 |             0 |             0 |             0 |             0 |             0 |             0 |             0 |             0 |             0 |             0 |             0 |             0 |             0 |             0 |             0 |             0 |             0 |             0 |             0 |             0 |             0 |             0 |             0 |             0 |             0 |             0 |
|      CAS_CMD_RD      | UMC10C0 |   78586785691 |             0 |             0 |             0 |             0 |             0 |             0 |             0 |             0 |             0 |             0 |             0 |             0 |             0 |             0 |             0 |             0 |             0 |             0 |             0 |             0 |             0 |             0 |             0 |             0 |             0 |             0 |             0 |             0 |             0 |             0 |             0 |             0 |             0 |             0 |             0 |             0 |             0 |             0 |             0 |             0 |             0 |             0 |             0 |             0 |             0 |             0 |             0 |             0 |             0 |             0 |             0 |             0 |             0 |             0 |             0 |             0 |             0 |             0 |             0 |             0 |             0 |             0 |             0 |             0 |             0 |             0 |             0 |             0 |             0 |             0 |             0 |             0 |             0 |             0 |             0 |             0 |             0 |             0 |             0 |             0 |             0 |             0 |             0 |             0 |             0 |             0 |             0 |             0 |             0 |             0 |             0 |             0 |             0 |             0 |             0 |
|      CAS_CMD_WR      | UMC10C1 |   34580824813 |             0 |             0 |             0 |             0 |             0 |             0 |             0 |             0 |             0 |             0 |             0 |             0 |             0 |             0 |             0 |             0 |             0 |             0 |             0 |             0 |             0 |             0 |             0 |             0 |             0 |             0 |             0 |             0 |             0 |             0 |             0 |             0 |             0 |             0 |             0 |             0 |             0 |             0 |             0 |             0 |             0 |             0 |             0 |             0 |             0 |             0 |             0 |             0 |             0 |             0 |             0 |             0 |             0 |             0 |             0 |             0 |             0 |             0 |             0 |             0 |             0 |             0 |             0 |             0 |             0 |             0 |             0 |             0 |             0 |             0 |             0 |             0 |             0 |             0 |             0 |             0 |             0 |             0 |             0 |             0 |             0 |             0 |             0 |             0 |             0 |             0 |             0 |             0 |             0 |             0 |             0 |             0 |             0 |             0 |             0 |
|      CAS_CMD_RD      | UMC11C0 |   78507561875 |             0 |             0 |             0 |             0 |             0 |             0 |             0 |             0 |             0 |             0 |             0 |             0 |             0 |             0 |             0 |             0 |             0 |             0 |             0 |             0 |             0 |             0 |             0 |             0 |             0 |             0 |             0 |             0 |             0 |             0 |             0 |             0 |             0 |             0 |             0 |             0 |             0 |             0 |             0 |             0 |             0 |             0 |             0 |             0 |             0 |             0 |             0 |             0 |             0 |             0 |             0 |             0 |             0 |             0 |             0 |             0 |             0 |             0 |             0 |             0 |             0 |             0 |             0 |             0 |             0 |             0 |             0 |             0 |             0 |             0 |             0 |             0 |             0 |             0 |             0 |             0 |             0 |             0 |             0 |             0 |             0 |             0 |             0 |             0 |             0 |             0 |             0 |             0 |             0 |             0 |             0 |             0 |             0 |             0 |             0 |
|      CAS_CMD_WR      | UMC11C1 |   34515107229 |             0 |             0 |             0 |             0 |             0 |             0 |             0 |             0 |             0 |             0 |             0 |             0 |             0 |             0 |             0 |             0 |             0 |             0 |             0 |             0 |             0 |             0 |             0 |             0 |             0 |             0 |             0 |             0 |             0 |             0 |             0 |             0 |             0 |             0 |             0 |             0 |             0 |             0 |             0 |             0 |             0 |             0 |             0 |             0 |             0 |             0 |             0 |             0 |             0 |             0 |             0 |             0 |             0 |             0 |             0 |             0 |             0 |             0 |             0 |             0 |             0 |             0 |             0 |             0 |             0 |             0 |             0 |             0 |             0 |             0 |             0 |             0 |             0 |             0 |             0 |             0 |             0 |             0 |             0 |             0 |             0 |             0 |             0 |             0 |             0 |             0 |             0 |             0 |             0 |             0 |             0 |             0 |             0 |             0 |             0 |
+----------------------+---------+---------------+---------------+---------------+---------------+---------------+---------------+---------------+---------------+---------------+---------------+---------------+---------------+---------------+---------------+---------------+---------------+---------------+---------------+---------------+---------------+---------------+---------------+---------------+---------------+---------------+---------------+---------------+---------------+---------------+---------------+---------------+---------------+---------------+---------------+---------------+---------------+---------------+---------------+---------------+---------------+---------------+---------------+---------------+---------------+---------------+---------------+---------------+---------------+---------------+---------------+---------------+---------------+---------------+---------------+---------------+---------------+---------------+---------------+---------------+---------------+---------------+---------------+---------------+---------------+---------------+---------------+---------------+---------------+---------------+---------------+---------------+---------------+---------------+---------------+---------------+---------------+---------------+---------------+---------------+---------------+---------------+---------------+---------------+---------------+---------------+---------------+---------------+---------------+---------------+---------------+---------------+---------------+---------------+---------------+---------------+---------------+

+---------------------------+---------+-----------------+---------------+---------------+--------------+
|           Event           | Counter |       Sum       |      Min      |      Max      |      Avg     |
+---------------------------+---------+-----------------+---------------+---------------+--------------+
|   ACTUAL_CPU_CLOCK STAT   |  FIXC1  | 327236655478447 | 2993600669766 | 4142478883830 | 3.408715e+12 |
|     MAX_CPU_CLOCK STAT    |  FIXC2  | 231374394492800 | 2117506851408 | 2914444576654 | 2.410150e+12 |
| RETIRED_INSTRUCTIONS STAT |   PMC0  |  85675735030616 |  795068686712 | 1455489863792 | 8.924556e+11 |
|  CPU_CLOCKS_UNHALTED STAT |   PMC1  | 303512930705024 | 2870062647279 | 3650869532179 | 3.161593e+12 |
|      CAS_CMD_RD STAT      |  UMC0C0 |     78573103577 |             0 |   78573103577 | 8.184698e+08 |
|      CAS_CMD_WR STAT      |  UMC0C1 |     34535943843 |             0 |   34535943843 | 3.597494e+08 |
|      CAS_CMD_RD STAT      |  UMC1C0 |     78262585582 |             0 |   78262585582 | 8.152353e+08 |
|      CAS_CMD_WR STAT      |  UMC1C1 |     34484040476 |             0 |   34484040476 | 3.592088e+08 |
|      CAS_CMD_RD STAT      |  UMC2C0 |     78503786742 |             0 |   78503786742 | 8.177478e+08 |
|      CAS_CMD_WR STAT      |  UMC2C1 |     34665013991 |             0 |   34665013991 | 3.610939e+08 |
|      CAS_CMD_RD STAT      |  UMC3C0 |     78524826953 |             0 |   78524826953 | 8.179669e+08 |
|      CAS_CMD_WR STAT      |  UMC3C1 |     34503522099 |             0 |   34503522099 | 3.594117e+08 |
|      CAS_CMD_RD STAT      |  UMC4C0 |     79248580981 |             0 |   79248580981 | 8.255061e+08 |
|      CAS_CMD_WR STAT      |  UMC4C1 |     34551256657 |             0 |   34551256657 | 3.599089e+08 |
|      CAS_CMD_RD STAT      |  UMC5C0 |     78961333838 |             0 |   78961333838 | 8.225139e+08 |
|      CAS_CMD_WR STAT      |  UMC5C1 |     34512809860 |             0 |   34512809860 | 3.595084e+08 |
|      CAS_CMD_RD STAT      |  UMC6C0 |     78566376941 |             0 |   78566376941 | 8.183998e+08 |
|      CAS_CMD_WR STAT      |  UMC6C1 |     34577301017 |             0 |   34577301017 | 3.601802e+08 |
|      CAS_CMD_RD STAT      |  UMC7C0 |     78724671716 |             0 |   78724671716 | 8.200487e+08 |
|      CAS_CMD_WR STAT      |  UMC7C1 |     34609009459 |             0 |   34609009459 | 3.605105e+08 |
|      CAS_CMD_RD STAT      |  UMC8C0 |     79412045056 |             0 |   79412045056 | 8.272088e+08 |
|      CAS_CMD_WR STAT      |  UMC8C1 |     34637005753 |             0 |   34637005753 | 3.608021e+08 |
|      CAS_CMD_RD STAT      |  UMC9C0 |     78641156028 |             0 |   78641156028 | 8.191787e+08 |
|      CAS_CMD_WR STAT      |  UMC9C1 |     34579561065 |             0 |   34579561065 | 3.602038e+08 |
|      CAS_CMD_RD STAT      | UMC10C0 |     78586785691 |             0 |   78586785691 | 8.186124e+08 |
|      CAS_CMD_WR STAT      | UMC10C1 |     34580824813 |             0 |   34580824813 | 3.602169e+08 |
|      CAS_CMD_RD STAT      | UMC11C0 |     78507561875 |             0 |   78507561875 | 8.177871e+08 |
|      CAS_CMD_WR STAT      | UMC11C1 |     34515107229 |             0 |   34515107229 | 3.595324e+08 |
+---------------------------+---------+-----------------+---------------+---------------+--------------+

+-----------------------------------+------------+------------+------------+------------+------------+------------+------------+------------+------------+------------+-------------+-------------+-------------+-------------+-------------+-------------+-------------+-------------+-------------+-------------+-------------+-------------+-------------+-------------+-------------+-------------+-------------+-------------+-------------+-------------+-------------+-------------+-------------+-------------+-------------+-------------+-------------+-------------+-------------+-------------+-------------+-------------+-------------+-------------+-------------+-------------+-------------+-------------+-------------+-------------+-------------+-------------+-------------+-------------+-------------+-------------+-------------+-------------+-------------+-------------+-------------+-------------+-------------+-------------+-------------+-------------+-------------+-------------+-------------+-------------+-------------+-------------+-------------+-------------+-------------+-------------+-------------+-------------+-------------+-------------+-------------+-------------+-------------+-------------+-------------+-------------+-------------+-------------+-------------+-------------+-------------+-------------+-------------+-------------+-------------+-------------+
|               Metric              | HWThread 0 | HWThread 1 | HWThread 2 | HWThread 3 | HWThread 4 | HWThread 5 | HWThread 6 | HWThread 7 | HWThread 8 | HWThread 9 | HWThread 10 | HWThread 11 | HWThread 12 | HWThread 13 | HWThread 14 | HWThread 15 | HWThread 16 | HWThread 17 | HWThread 18 | HWThread 19 | HWThread 20 | HWThread 21 | HWThread 22 | HWThread 23 | HWThread 24 | HWThread 25 | HWThread 26 | HWThread 27 | HWThread 28 | HWThread 29 | HWThread 30 | HWThread 31 | HWThread 32 | HWThread 33 | HWThread 34 | HWThread 35 | HWThread 36 | HWThread 37 | HWThread 38 | HWThread 39 | HWThread 40 | HWThread 41 | HWThread 42 | HWThread 43 | HWThread 44 | HWThread 45 | HWThread 46 | HWThread 47 | HWThread 48 | HWThread 49 | HWThread 50 | HWThread 51 | HWThread 52 | HWThread 53 | HWThread 54 | HWThread 55 | HWThread 56 | HWThread 57 | HWThread 58 | HWThread 59 | HWThread 60 | HWThread 61 | HWThread 62 | HWThread 63 | HWThread 64 | HWThread 65 | HWThread 66 | HWThread 67 | HWThread 68 | HWThread 69 | HWThread 70 | HWThread 71 | HWThread 72 | HWThread 73 | HWThread 74 | HWThread 75 | HWThread 76 | HWThread 77 | HWThread 78 | HWThread 79 | HWThread 80 | HWThread 81 | HWThread 82 | HWThread 83 | HWThread 84 | HWThread 85 | HWThread 86 | HWThread 87 | HWThread 88 | HWThread 89 | HWThread 90 | HWThread 91 | HWThread 92 | HWThread 93 | HWThread 94 | HWThread 95 |
+-----------------------------------+------------+------------+------------+------------+------------+------------+------------+------------+------------+------------+-------------+-------------+-------------+-------------+-------------+-------------+-------------+-------------+-------------+-------------+-------------+-------------+-------------+-------------+-------------+-------------+-------------+-------------+-------------+-------------+-------------+-------------+-------------+-------------+-------------+-------------+-------------+-------------+-------------+-------------+-------------+-------------+-------------+-------------+-------------+-------------+-------------+-------------+-------------+-------------+-------------+-------------+-------------+-------------+-------------+-------------+-------------+-------------+-------------+-------------+-------------+-------------+-------------+-------------+-------------+-------------+-------------+-------------+-------------+-------------+-------------+-------------+-------------+-------------+-------------+-------------+-------------+-------------+-------------+-------------+-------------+-------------+-------------+-------------+-------------+-------------+-------------+-------------+-------------+-------------+-------------+-------------+-------------+-------------+-------------+-------------+
|        Runtime (RDTSC) [s]        |  1121.3974 |  1121.3974 |  1121.3974 |  1121.3974 |  1121.3974 |  1121.3974 |  1121.3974 |  1121.3974 |  1121.3974 |  1121.3974 |   1121.3974 |   1121.3974 |   1121.3974 |   1121.3974 |   1121.3974 |   1121.3974 |   1121.3974 |   1121.3974 |   1121.3974 |   1121.3974 |   1121.3974 |   1121.3974 |   1121.3974 |   1121.3974 |   1121.3974 |   1121.3974 |   1121.3974 |   1121.3974 |   1121.3974 |   1121.3974 |   1121.3974 |   1121.3974 |   1121.3974 |   1121.3974 |   1121.3974 |   1121.3974 |   1121.3974 |   1121.3974 |   1121.3974 |   1121.3974 |   1121.3974 |   1121.3974 |   1121.3974 |   1121.3974 |   1121.3974 |   1121.3974 |   1121.3974 |   1121.3974 |   1121.3974 |   1121.3974 |   1121.3974 |   1121.3974 |   1121.3974 |   1121.3974 |   1121.3974 |   1121.3974 |   1121.3974 |   1121.3974 |   1121.3974 |   1121.3974 |   1121.3974 |   1121.3974 |   1121.3974 |   1121.3974 |   1121.3974 |   1121.3974 |   1121.3974 |   1121.3974 |   1121.3974 |   1121.3974 |   1121.3974 |   1121.3974 |   1121.3974 |   1121.3974 |   1121.3974 |   1121.3974 |   1121.3974 |   1121.3974 |   1121.3974 |   1121.3974 |   1121.3974 |   1121.3974 |   1121.3974 |   1121.3974 |   1121.3974 |   1121.3974 |   1121.3974 |   1121.3974 |   1121.3974 |   1121.3974 |   1121.3974 |   1121.3974 |   1121.3974 |   1121.3974 |   1121.3974 |   1121.3974 |
|        Runtime unhalted [s]       |  1593.2673 |  1353.8608 |  1352.3080 |  1352.3708 |  1351.1341 |  1352.4048 |  1352.0788 |  1351.9799 |  1236.0645 |  1221.0786 |   1196.5262 |   1222.9583 |   1204.3295 |   1212.9252 |   1188.5688 |   1204.9748 |   1351.9688 |   1352.0653 |   1351.7586 |   1351.7667 |   1352.2215 |   1351.9429 |   1350.4898 |   1352.1464 |   1350.8446 |   1350.5671 |   1349.3662 |   1350.9192 |   1347.5514 |   1348.5508 |   1348.5019 |   1347.7064 |   1297.5680 |   1297.4159 |   1297.5773 |   1305.6787 |   1299.9236 |   1307.6297 |   1307.8651 |   1307.3711 |   1349.0908 |   1346.5496 |   1346.8206 |   1345.7145 |   1339.1742 |   1345.4689 |   1340.6451 |   1341.2720 |   1299.4883 |   1293.2970 |   1303.2701 |   1297.2858 |   1309.6094 |   1299.4978 |   1316.4808 |   1317.3629 |   1171.5926 |   1151.3894 |   1158.3151 |   1156.9862 |   1168.0322 |   1191.8917 |   1189.8465 |   1183.3867 |   1296.8619 |   1292.9848 |   1297.4509 |   1294.1881 |   1305.8591 |   1303.9111 |   1314.7514 |   1320.9974 |   1347.6448 |   1345.2272 |   1341.5694 |   1339.3437 |   1345.6040 |   1335.7366 |   1343.2330 |   1340.3603 |   1330.4633 |   1338.7895 |   1335.4789 |   1335.2233 |   1332.6671 |   1337.8340 |   1339.6303 |   1337.1315 |   1337.6493 |   1336.1971 |   1334.4084 |   1337.5772 |   1336.2284 |   1335.4943 |   1337.8878 |   1313.6632 |
|            Clock [MHz]            |  3695.5251 |  3654.6209 |  3672.5322 |  3672.8078 |  3673.5671 |  3672.6492 |  3672.5325 |  3672.4131 |  3668.0811 |  3666.8126 |   3666.8837 |   3668.4127 |   3666.5904 |   3666.4144 |   3666.1637 |   3666.6562 |   3671.2227 |   3671.1186 |   3671.1179 |   3671.2146 |   3670.9420 |   3671.6153 |   3672.3667 |   3670.7142 |   3667.0980 |   3667.5183 |   3668.7283 |   3667.3914 |   3671.3670 |   3669.6128 |   3669.9385 |   3670.8003 |   3673.8852 |   3673.8389 |   3672.3784 |   3674.8028 |   3674.6799 |   3672.9779 |   3677.4707 |   3674.8176 |   3674.3930 |   3675.3669 |   3675.4644 |   3676.3223 |   3685.6029 |   3677.2642 |   3683.8942 |   3682.9956 |   3677.7722 |   3677.9166 |   3667.7382 |   3677.8718 |   3676.2597 |   3681.3397 |   3678.1061 |   3677.1955 |   3675.4278 |   3675.7054 |   3677.7257 |   3677.2732 |   3684.7353 |   3683.6813 |   3680.2475 |   3685.2731 |   3677.2171 |   3673.9366 |   3674.6615 |   3678.5763 |   3674.0698 |   3669.9516 |   3674.4348 |   3669.7872 |   3676.7000 |   3679.5437 |   3684.6750 |   3688.7621 |   3680.5291 |   3692.6276 |   3681.8144 |   3686.0151 |   3688.0407 |   3680.5427 |   3689.4690 |   3682.8169 |   3693.9919 |   3687.6393 |   3686.1422 |   3689.6778 |   3688.7226 |   3690.2852 |   3692.3995 |   3688.6371 |   3690.5036 |   3692.2881 |   3688.2538 |   3687.1723 |
|                CPI                |     2.5083 |     3.7575 |     3.7688 |     3.7612 |     3.7643 |     3.7611 |     3.7666 |     3.7684 |     3.2845 |     3.2548 |      3.1897 |      3.2625 |      3.2136 |      3.2377 |      3.1750 |      3.2153 |      3.7509 |      3.7460 |      3.7520 |      3.7507 |      3.7550 |      3.7474 |      3.7449 |      3.7565 |      3.7855 |      3.7830 |      3.7934 |      3.7882 |      3.7940 |      3.7965 |      3.7923 |      3.7961 |      3.4778 |      3.4782 |      3.4747 |      3.5083 |      3.4882 |      3.5135 |      3.5221 |      3.5157 |      3.7754 |      3.7746 |      3.7711 |      3.7751 |      3.7757 |      3.7766 |      3.7768 |      3.7801 |      3.4950 |      3.4811 |      3.4932 |      3.4909 |      3.5199 |      3.5010 |      3.5445 |      3.5413 |      3.1059 |      3.0613 |      3.0881 |      3.0739 |      3.1062 |      3.1587 |      3.1492 |      3.1390 |      3.4983 |      3.4836 |      3.4978 |      3.4931 |      3.5152 |      3.5051 |      3.5363 |      3.5499 |      3.6894 |      3.6849 |      3.6900 |      3.6786 |      3.6860 |      3.6867 |      3.6903 |      3.7006 |      3.4714 |      3.4841 |      3.4996 |      3.4791 |      3.5059 |      3.5108 |      3.5386 |      3.5355 |      3.6523 |      3.6474 |      3.6507 |      3.6508 |      3.6707 |      3.6671 |      3.7442 |      3.9753 |
|  Memory read bandwidth [MBytes/s] | 53904.9069 |          0 |          0 |          0 |          0 |          0 |          0 |          0 |          0 |          0 |           0 |           0 |           0 |           0 |           0 |           0 |           0 |           0 |           0 |           0 |           0 |           0 |           0 |           0 |           0 |           0 |           0 |           0 |           0 |           0 |           0 |           0 |           0 |           0 |           0 |           0 |           0 |           0 |           0 |           0 |           0 |           0 |           0 |           0 |           0 |           0 |           0 |           0 |           0 |           0 |           0 |           0 |           0 |           0 |           0 |           0 |           0 |           0 |           0 |           0 |           0 |           0 |           0 |           0 |           0 |           0 |           0 |           0 |           0 |           0 |           0 |           0 |           0 |           0 |           0 |           0 |           0 |           0 |           0 |           0 |           0 |           0 |           0 |           0 |           0 |           0 |           0 |           0 |           0 |           0 |           0 |           0 |           0 |           0 |           0 |           0 |
|  Memory read data volume [GBytes] | 60448.8202 |          0 |          0 |          0 |          0 |          0 |          0 |          0 |          0 |          0 |           0 |           0 |           0 |           0 |           0 |           0 |           0 |           0 |           0 |           0 |           0 |           0 |           0 |           0 |           0 |           0 |           0 |           0 |           0 |           0 |           0 |           0 |           0 |           0 |           0 |           0 |           0 |           0 |           0 |           0 |           0 |           0 |           0 |           0 |           0 |           0 |           0 |           0 |           0 |           0 |           0 |           0 |           0 |           0 |           0 |           0 |           0 |           0 |           0 |           0 |           0 |           0 |           0 |           0 |           0 |           0 |           0 |           0 |           0 |           0 |           0 |           0 |           0 |           0 |           0 |           0 |           0 |           0 |           0 |           0 |           0 |           0 |           0 |           0 |           0 |           0 |           0 |           0 |           0 |           0 |           0 |           0 |           0 |           0 |           0 |           0 |
| Memory write bandwidth [MBytes/s] | 23670.5474 |          0 |          0 |          0 |          0 |          0 |          0 |          0 |          0 |          0 |           0 |           0 |           0 |           0 |           0 |           0 |           0 |           0 |           0 |           0 |           0 |           0 |           0 |           0 |           0 |           0 |           0 |           0 |           0 |           0 |           0 |           0 |           0 |           0 |           0 |           0 |           0 |           0 |           0 |           0 |           0 |           0 |           0 |           0 |           0 |           0 |           0 |           0 |           0 |           0 |           0 |           0 |           0 |           0 |           0 |           0 |           0 |           0 |           0 |           0 |           0 |           0 |           0 |           0 |           0 |           0 |           0 |           0 |           0 |           0 |           0 |           0 |           0 |           0 |           0 |           0 |           0 |           0 |           0 |           0 |           0 |           0 |           0 |           0 |           0 |           0 |           0 |           0 |           0 |           0 |           0 |           0 |           0 |           0 |           0 |           0 |
| Memory write data volume [GBytes] | 26544.0894 |          0 |          0 |          0 |          0 |          0 |          0 |          0 |          0 |          0 |           0 |           0 |           0 |           0 |           0 |           0 |           0 |           0 |           0 |           0 |           0 |           0 |           0 |           0 |           0 |           0 |           0 |           0 |           0 |           0 |           0 |           0 |           0 |           0 |           0 |           0 |           0 |           0 |           0 |           0 |           0 |           0 |           0 |           0 |           0 |           0 |           0 |           0 |           0 |           0 |           0 |           0 |           0 |           0 |           0 |           0 |           0 |           0 |           0 |           0 |           0 |           0 |           0 |           0 |           0 |           0 |           0 |           0 |           0 |           0 |           0 |           0 |           0 |           0 |           0 |           0 |           0 |           0 |           0 |           0 |           0 |           0 |           0 |           0 |           0 |           0 |           0 |           0 |           0 |           0 |           0 |           0 |           0 |           0 |           0 |           0 |
|    Memory bandwidth [MBytes/s]    | 77575.4544 |          0 |          0 |          0 |          0 |          0 |          0 |          0 |          0 |          0 |           0 |           0 |           0 |           0 |           0 |           0 |           0 |           0 |           0 |           0 |           0 |           0 |           0 |           0 |           0 |           0 |           0 |           0 |           0 |           0 |           0 |           0 |           0 |           0 |           0 |           0 |           0 |           0 |           0 |           0 |           0 |           0 |           0 |           0 |           0 |           0 |           0 |           0 |           0 |           0 |           0 |           0 |           0 |           0 |           0 |           0 |           0 |           0 |           0 |           0 |           0 |           0 |           0 |           0 |           0 |           0 |           0 |           0 |           0 |           0 |           0 |           0 |           0 |           0 |           0 |           0 |           0 |           0 |           0 |           0 |           0 |           0 |           0 |           0 |           0 |           0 |           0 |           0 |           0 |           0 |           0 |           0 |           0 |           0 |           0 |           0 |
|    Memory data volume [GBytes]    | 86992.9095 |          0 |          0 |          0 |          0 |          0 |          0 |          0 |          0 |          0 |           0 |           0 |           0 |           0 |           0 |           0 |           0 |           0 |           0 |           0 |           0 |           0 |           0 |           0 |           0 |           0 |           0 |           0 |           0 |           0 |           0 |           0 |           0 |           0 |           0 |           0 |           0 |           0 |           0 |           0 |           0 |           0 |           0 |           0 |           0 |           0 |           0 |           0 |           0 |           0 |           0 |           0 |           0 |           0 |           0 |           0 |           0 |           0 |           0 |           0 |           0 |           0 |           0 |           0 |           0 |           0 |           0 |           0 |           0 |           0 |           0 |           0 |           0 |           0 |           0 |           0 |           0 |           0 |           0 |           0 |           0 |           0 |           0 |           0 |           0 |           0 |           0 |           0 |           0 |           0 |           0 |           0 |           0 |           0 |           0 |           0 |
+-----------------------------------+------------+------------+------------+------------+------------+------------+------------+------------+------------+------------+-------------+-------------+-------------+-------------+-------------+-------------+-------------+-------------+-------------+-------------+-------------+-------------+-------------+-------------+-------------+-------------+-------------+-------------+-------------+-------------+-------------+-------------+-------------+-------------+-------------+-------------+-------------+-------------+-------------+-------------+-------------+-------------+-------------+-------------+-------------+-------------+-------------+-------------+-------------+-------------+-------------+-------------+-------------+-------------+-------------+-------------+-------------+-------------+-------------+-------------+-------------+-------------+-------------+-------------+-------------+-------------+-------------+-------------+-------------+-------------+-------------+-------------+-------------+-------------+-------------+-------------+-------------+-------------+-------------+-------------+-------------+-------------+-------------+-------------+-------------+-------------+-------------+-------------+-------------+-------------+-------------+-------------+-------------+-------------+-------------+-------------+

+----------------------------------------+-------------+-----------+------------+-----------+
|                 Metric                 |     Sum     |    Min    |     Max    |    Avg    |
+----------------------------------------+-------------+-----------+------------+-----------+
|        Runtime (RDTSC) [s] STAT        | 107654.1504 | 1121.3974 |  1121.3974 | 1121.3974 |
|        Runtime unhalted [s] STAT       | 125860.7429 | 1151.3894 |  1593.2673 | 1311.0494 |
|            Clock [MHz] STAT            | 353005.7379 | 3654.6209 |  3695.5251 | 3677.1431 |
|                CPI STAT                |    341.4241 |    2.5083 |     3.9753 |    3.5565 |
|  Memory read bandwidth [MBytes/s] STAT |  53904.9069 |         0 | 53904.9069 |  561.5094 |
|  Memory read data volume [GBytes] STAT |  60448.8202 |         0 | 60448.8202 |  629.6752 |
| Memory write bandwidth [MBytes/s] STAT |  23670.5474 |         0 | 23670.5474 |  246.5682 |
| Memory write data volume [GBytes] STAT |  26544.0894 |         0 | 26544.0894 |  276.5009 |
|    Memory bandwidth [MBytes/s] STAT    |  77575.4544 |         0 | 77575.4544 |  808.0777 |
|    Memory data volume [GBytes] STAT    |  86992.9095 |         0 | 86992.9095 |  906.1761 |
+----------------------------------------+-------------+-----------+------------+-----------+

