INFO: You are running LIKWID in a cpuset with 128 CPUs. Taking given IDs as logical ID in cpuset
--------------------------------------------------------------------------------
CPU name:	AMD EPYC 9A14 96-Core Processor                
CPU type:	AMD K19 (Zen4) architecture
CPU clock:	2.60 GHz
--------------------------------------------------------------------------------
Use symmetry. Molecule point group: C2v
Norb: 24   Ne: (5, 5)
Running RHF...
converged SCF energy = -76.0267607337663
Running FCI ...
Guessing CI wfn symmetry = 0
Num symmetry allowed elements 451681246
tol 1e-10  toloose 1e-05
max_cycle 100  max_space 12  max_memory 760521  incore True
    CPU time for contract_2e   7107.44 sec, wall time     68.01 sec
davidson 0 1  |r|= 0.999  e= [-85.21409431]  max|de|= -85.2  lindep=    1
    CPU time for contract_2e   7140.95 sec, wall time     68.17 sec
davidson 1 2  |r|= 0.336  e= [-85.41295423]  max|de|= -0.199  lindep= 0.992
    CPU time for contract_2e   7177.56 sec, wall time     70.40 sec
davidson 2 3  |r|= 0.0993  e= [-85.4295567]  max|de|= -0.0166  lindep= 0.982
    CPU time for contract_2e   7175.96 sec, wall time     72.21 sec
davidson 3 4  |r|= 0.0324  e= [-85.43094102]  max|de|= -0.00138  lindep= 0.955
    CPU time for contract_2e   7171.16 sec, wall time     73.23 sec
davidson 4 5  |r|= 0.0129  e= [-85.43110245]  max|de|= -0.000161  lindep= 0.911
    CPU time for contract_2e   7164.06 sec, wall time     74.73 sec
davidson 5 6  |r|= 0.00436  e= [-85.43112741]  max|de|= -2.5e-05  lindep= 0.833
    CPU time for contract_2e   7180.73 sec, wall time     76.55 sec
davidson 6 7  |r|= 0.00169  e= [-85.43113026]  max|de|= -2.84e-06  lindep= 0.932
    CPU time for contract_2e   7177.20 sec, wall time     78.21 sec
davidson 7 8  |r|= 0.000705  e= [-85.4311307]  max|de|= -4.44e-07  lindep= 0.849
    CPU time for contract_2e   7187.91 sec, wall time     79.94 sec
davidson 8 9  |r|= 0.000319  e= [-85.43113078]  max|de|= -8.55e-08  lindep= 0.895
    CPU time for contract_2e   7195.72 sec, wall time     81.70 sec
davidson 9 10  |r|= 0.000127  e= [-85.4311308]  max|de|= -1.57e-08  lindep= 0.804
    CPU time for contract_2e   7170.06 sec, wall time     83.20 sec
davidson 10 11  |r|= 4.77e-05  e= [-85.4311308]  max|de|= -2.31e-09  lindep= 0.878
    CPU time for contract_2e   7256.95 sec, wall time     85.59 sec
davidson 11 12  |r|= 1.71e-05  e= [-85.4311308]  max|de|= -2.93e-10  lindep= 0.87
    CPU time for contract_2e   7211.70 sec, wall time     87.48 sec
davidson 12 1  |r|= 1.71e-05  e= [-85.4311308]  max|de|= 3.21e-12  lindep=    1
    CPU time for contract_2e   7057.54 sec, wall time     67.36 sec
root 0 converged  |r|= 6.26e-06  e= -85.43113080323197  max|de|= -3.3e-11
converged 13 2  |r|= 6.26e-06  e= [-85.4311308]  max|de|= -3.3e-11
--------------------------------------------------------------------------------
Group 1: L3
+-----------------------------+---------+---------------+---------------+---------------+---------------+---------------+---------------+---------------+---------------+---------------+---------------+---------------+---------------+---------------+---------------+---------------+---------------+---------------+---------------+---------------+---------------+---------------+---------------+---------------+---------------+---------------+---------------+---------------+---------------+---------------+---------------+---------------+---------------+---------------+---------------+---------------+---------------+---------------+---------------+---------------+---------------+---------------+---------------+---------------+---------------+---------------+---------------+---------------+---------------+---------------+---------------+---------------+---------------+---------------+---------------+---------------+---------------+---------------+---------------+---------------+---------------+---------------+---------------+---------------+---------------+---------------+---------------+---------------+---------------+---------------+---------------+---------------+---------------+---------------+---------------+---------------+---------------+---------------+---------------+---------------+---------------+---------------+---------------+---------------+---------------+---------------+---------------+---------------+---------------+---------------+---------------+---------------+---------------+---------------+---------------+---------------+---------------+---------------+---------------+---------------+---------------+---------------+---------------+---------------+---------------+---------------+---------------+---------------+---------------+---------------+---------------+---------------+---------------+---------------+---------------+---------------+---------------+---------------+---------------+---------------+---------------+---------------+---------------+---------------+---------------+---------------+---------------+---------------+---------------+
|            Event            | Counter |   HWThread 0  |   HWThread 1  |   HWThread 2  |   HWThread 3  |   HWThread 4  |   HWThread 5  |   HWThread 6  |   HWThread 7  |   HWThread 8  |   HWThread 9  |  HWThread 10  |  HWThread 11  |  HWThread 12  |  HWThread 13  |  HWThread 14  |  HWThread 15  |  HWThread 16  |  HWThread 17  |  HWThread 18  |  HWThread 19  |  HWThread 20  |  HWThread 21  |  HWThread 22  |  HWThread 23  |  HWThread 24  |  HWThread 25  |  HWThread 26  |  HWThread 27  |  HWThread 28  |  HWThread 29  |  HWThread 30  |  HWThread 31  |  HWThread 32  |  HWThread 33  |  HWThread 34  |  HWThread 35  |  HWThread 36  |  HWThread 37  |  HWThread 38  |  HWThread 39  |  HWThread 40  |  HWThread 41  |  HWThread 42  |  HWThread 43  |  HWThread 44  |  HWThread 45  |  HWThread 46  |  HWThread 47  |  HWThread 48  |  HWThread 49  |  HWThread 50  |  HWThread 51  |  HWThread 52  |  HWThread 53  |  HWThread 54  |  HWThread 55  |  HWThread 56  |  HWThread 57  |  HWThread 58  |  HWThread 59  |  HWThread 60  |  HWThread 61  |  HWThread 62  |  HWThread 63  |  HWThread 64  |  HWThread 65  |  HWThread 66  |  HWThread 67  |  HWThread 68  |  HWThread 69  |  HWThread 70  |  HWThread 71  |  HWThread 72  |  HWThread 73  |  HWThread 74  |  HWThread 75  |  HWThread 76  |  HWThread 77  |  HWThread 78  |  HWThread 79  |  HWThread 80  |  HWThread 81  |  HWThread 82  |  HWThread 83  |  HWThread 84  |  HWThread 85  |  HWThread 86  |  HWThread 87  |  HWThread 88  |  HWThread 89  |  HWThread 90  |  HWThread 91  |  HWThread 92  |  HWThread 93  |  HWThread 94  |  HWThread 95  |  HWThread 96  |  HWThread 97  |  HWThread 98  |  HWThread 99  |  HWThread 100 |  HWThread 101 |  HWThread 102 |  HWThread 103 |  HWThread 104 |  HWThread 105 |  HWThread 106 |  HWThread 107 |  HWThread 108 |  HWThread 109 |  HWThread 110 |  HWThread 111 |  HWThread 112 |  HWThread 113 |  HWThread 114 |  HWThread 115 |  HWThread 116 |  HWThread 117 |  HWThread 118 |  HWThread 119 |  HWThread 120 |  HWThread 121 |  HWThread 122 |  HWThread 123 |  HWThread 124 |  HWThread 125 |  HWThread 126 |  HWThread 127 |
+-----------------------------+---------+---------------+---------------+---------------+---------------+---------------+---------------+---------------+---------------+---------------+---------------+---------------+---------------+---------------+---------------+---------------+---------------+---------------+---------------+---------------+---------------+---------------+---------------+---------------+---------------+---------------+---------------+---------------+---------------+---------------+---------------+---------------+---------------+---------------+---------------+---------------+---------------+---------------+---------------+---------------+---------------+---------------+---------------+---------------+---------------+---------------+---------------+---------------+---------------+---------------+---------------+---------------+---------------+---------------+---------------+---------------+---------------+---------------+---------------+---------------+---------------+---------------+---------------+---------------+---------------+---------------+---------------+---------------+---------------+---------------+---------------+---------------+---------------+---------------+---------------+---------------+---------------+---------------+---------------+---------------+---------------+---------------+---------------+---------------+---------------+---------------+---------------+---------------+---------------+---------------+---------------+---------------+---------------+---------------+---------------+---------------+---------------+---------------+---------------+---------------+---------------+---------------+---------------+---------------+---------------+---------------+---------------+---------------+---------------+---------------+---------------+---------------+---------------+---------------+---------------+---------------+---------------+---------------+---------------+---------------+---------------+---------------+---------------+---------------+---------------+---------------+---------------+---------------+---------------+
|       ACTUAL_CPU_CLOCK      |  FIXC1  | 2971056498156 | 1901902892583 | 1874726604356 | 1886342864457 | 1896242912290 | 1894174059639 | 1897166859846 | 1902502296881 | 1819574972791 | 1805585851189 | 1793530078336 | 1828214039107 | 1811957549282 | 1817796080494 | 1805873422986 | 1827708748640 | 1847562232679 | 1831661631559 | 1835714166784 | 1833568759601 | 1806894382867 | 1838539823419 | 1828339397730 | 1854479937393 | 2555094242365 | 2553279552342 | 2548151959829 | 2581198555431 | 2588024624023 | 2592359575322 | 2591142319994 | 2625490212051 | 2426838941922 | 2421128250063 | 2391332721578 | 2434001982201 | 2429437041116 | 2485288097079 | 2454188233599 | 2489248599419 | 2496584838255 | 2505188934992 | 2482250890560 | 2516535987952 | 2544476027077 | 2548120779515 | 2545284665041 | 2558349306880 | 3109963314126 | 3095604843123 | 3096196293368 | 3108077506377 | 3104459143477 | 3105658222970 | 3107721212964 | 3122497900107 | 3090885078221 | 3096447617892 | 3088497098326 | 3096018025710 | 3091800834317 | 3104884128558 | 3113045106396 | 3113287563935 | 3045290671682 | 3048291836699 | 3057022569322 | 3054452956079 | 3072438423687 | 3063939778502 | 3069864336495 | 3061300844848 | 3175714965547 | 3161940178283 | 3173811713887 | 3182356880267 | 3177460134206 | 3180369176710 | 3174883700155 | 3181106304936 | 3104130088916 | 3112598035726 | 3082048482715 | 3089696901352 | 3110673200426 | 3123007988785 | 3106917644072 | 3132848923623 | 3136305447118 | 3131540801012 | 3135063400125 | 3144975574949 | 3151072876102 | 3146119744563 | 3159843864253 | 3176629284664 | 3296014169657 | 3292836526246 | 3290128819534 | 3287904525810 | 3282483662945 | 3287055476142 | 3283519162118 | 3295916883695 | 3294812396114 | 3288992646740 | 3281715023944 | 3287828283970 | 3281747815677 | 3287742785644 | 3287657329246 | 3287665491319 | 3283681799303 | 3272799281434 | 3282537626524 | 3287486131784 | 3286078693053 | 3286919595577 | 3277862200588 | 3276412317844 | 3276687442679 | 3276585250967 | 3286953326685 | 3283951196810 | 3281563609778 | 3284022667882 | 3285794097524 | 3244601531467 |
|        MAX_CPU_CLOCK        |  FIXC2  | 2170300621918 | 1606838895688 | 1586640368066 | 1592981121186 | 1599096320666 | 1596843765140 | 1595597906084 | 1598777175944 | 1529851995854 | 1525945599932 | 1513718043500 | 1533490643464 | 1529793208424 | 1528900758190 | 1521688752584 | 1536741638510 | 1560747348966 | 1545546411812 | 1549150569590 | 1545396571654 | 1520925571464 | 1547418596308 | 1536247556870 | 1558019520980 | 1816080020794 | 1817132637762 | 1822261538890 | 1841052749952 | 1845431439046 | 1846017303000 | 1842723804714 | 1868223605794 | 1769061013824 | 1764258607254 | 1752765578070 | 1766964810338 | 1765339366466 | 1800789822806 | 1780451589904 | 1795511301636 | 1801751811444 | 1811376076588 | 1798067704524 | 1814749304394 | 1831166622116 | 1828636475822 | 1825875237394 | 1831936798120 | 2208260259218 | 2195041840758 | 2197803479950 | 2205812601304 | 2202101153772 | 2200098513314 | 2201605438630 | 2214624962004 | 2197597423008 | 2203882265078 | 2198843512736 | 2201956387748 | 2197651667640 | 2207086476712 | 2215460207506 | 2213332408326 | 2168715285464 | 2170731991038 | 2181509993494 | 2174773093584 | 2189749394352 | 2180554563434 | 2185682187832 | 2174976176022 | 2260573478306 | 2248277725252 | 2259501246964 | 2265779642204 | 2260647548978 | 2262049667332 | 2256049566550 | 2260619301356 | 2205954601214 | 2214138578366 | 2186003786954 | 2189589865606 | 2209568149152 | 2220169807414 | 2204037423692 | 2227471118522 | 2228412145440 | 2223510609502 | 2227697289740 | 2234727811758 | 2239744326274 | 2233501650952 | 2245967110296 | 2261384316854 | 2325005750236 | 2323010762514 | 2319833719970 | 2317676905414 | 2312428856348 | 2317166022132 | 2313949372904 | 2325470880772 | 2325570934362 | 2318786100436 | 2311716398134 | 2317462281420 | 2311679099340 | 2317444372490 | 2317433284296 | 2317388042086 | 2313359037080 | 2302408853004 | 2312355452862 | 2317500738514 | 2316709656872 | 2317076827754 | 2307482467758 | 2306846568546 | 2306936799050 | 2306873574980 | 2317434758080 | 2314262193932 | 2311728632668 | 2314400638914 | 2316171987324 | 2285874577870 |
|     RETIRED_INSTRUCTIONS    |   PMC0  | 3213510283380 | 2507268214221 | 2507202859545 | 2507018091238 | 2506895982469 | 2500773797876 | 2500383769782 | 2500301734880 | 2504548440289 | 2504744345534 | 2503651776774 | 2503370650382 | 2504033356235 | 2502414297409 | 2504308536365 | 2503152735663 | 2501097557375 | 2500193208742 | 2500524261544 | 2500277146062 | 2499401008307 | 2499650099977 | 2499446497429 | 2499828099187 | 2504663511886 | 2504759039850 | 2505305531419 | 2505517097967 | 2504490053367 | 2505483069601 | 2505078759192 | 2505661291681 | 2507130608760 | 2506525117772 | 2506108349934 | 2506179786840 | 2506383718668 | 2507301024477 | 2506628313504 | 2507096690981 | 2503944316132 | 2504245565728 | 2503920006937 | 2504238010615 | 2504637623283 | 2504576330812 | 2504534095303 | 2504040353125 | 2507864708485 | 2507765306181 | 2507577521226 | 2507839954154 | 2507819280014 | 2506809840439 | 2507097426237 | 2507542092730 | 2511641015527 | 2511785544901 | 2511961342656 | 2511543675035 | 2511257218685 | 2511483375760 | 2511917594932 | 2511878460290 | 2507828332702 | 2507684222795 | 2508353366827 | 2507086196013 | 2507521236482 | 2507323339312 | 2507337863750 | 2507210131163 | 2499044663922 | 2498167655443 | 2498999371847 | 2498970342009 | 2498669344385 | 2498496776636 | 2498198435431 | 2498268678744 | 2504253770235 | 2497740456641 | 2496987302276 | 2496630247477 | 2497125802817 | 2497404050022 | 2495859016330 | 2497030480328 | 2492818256611 | 2491574534548 | 2491958795510 | 2491916472365 | 2491714873707 | 2491080637290 | 2491482913564 | 2492374404369 | 2456956263837 | 2456217426011 | 2456593252445 | 2455943967554 | 2456336512713 | 2455519815932 | 2454927782201 | 2455189787062 | 2471204662870 | 2469996919213 | 2463031968451 | 2462703243654 | 2462677194029 | 2462577341929 | 2462404725478 | 2462259602771 | 2449684134554 | 2449178035442 | 2449541898917 | 2449462558973 | 2449794790215 | 2448950661733 | 2449028106477 | 2448270511455 | 2460013313996 | 2459836615347 | 2460213894526 | 2459648846626 | 2459867072281 | 2458989735917 | 2440660798857 | 2359931376235 |
|     CPU_CLOCKS_UNHALTED     |   PMC1  | 2469627510264 | 1775030212328 | 1761151585813 | 1767983457424 | 1781468414349 | 1776172913540 | 1778439261914 | 1785957902118 | 1703368520728 | 1696122351396 | 1695082034386 | 1724880074691 | 1703402238080 | 1715401909541 | 1703118935553 | 1720896200193 | 1732560101338 | 1728031811515 | 1730602308674 | 1731266158666 | 1717531123042 | 1738712291307 | 1735899381639 | 1749598569939 | 2372727412282 | 2369433088013 | 2360032397284 | 2385224711054 | 2389608413092 | 2394074551020 | 2399128640293 | 2415295190701 | 2249594078624 | 2251747502137 | 2228608969109 | 2263914557063 | 2261694517991 | 2300343310264 | 2281426767577 | 2311916295129 | 2323561615381 | 2326099018196 | 2312512006447 | 2338833930770 | 2360373714158 | 2363863234624 | 2366961737198 | 2376337905350 | 2838075799319 | 2832831521784 | 2828663356356 | 2842000295851 | 2839552831597 | 2842507385973 | 2841470490151 | 2858220185360 | 2831251153221 | 2830131359683 | 2828135704679 | 2837096463950 | 2835916089929 | 2847239512305 | 2848643199206 | 2854291246307 | 2789511022805 | 2784999873862 | 2793864420124 | 2800600279731 | 2811792172833 | 2802346330092 | 2811744256331 | 2813712201173 | 2904809387420 | 2896462738860 | 2906216175539 | 2911276402458 | 2902625411379 | 2915817757267 | 2914941268056 | 2918458631005 | 2848080584296 | 2852259409916 | 2837335766470 | 2847797750778 | 2856363962951 | 2860335270134 | 2858863034987 | 2871743797555 | 2876563692595 | 2877656019794 | 2879428581182 | 2887466782990 | 2888013205456 | 2894439483470 | 2899895500013 | 2907359373913 | 3103295667292 | 3099719714801 | 3103236233080 | 3101191408454 | 3098709904035 | 3099743192758 | 3096151890842 | 3100802647680 | 3100496015354 | 3098786001631 | 3098182540292 | 3091243792637 | 3096183068771 | 3097878316044 | 3095843030886 | 3099645198119 | 3098639293355 | 3094456226917 | 3099488400823 | 3100583020117 | 3099113218460 | 3099324906282 | 3098708064989 | 3094550458572 | 3120243695523 | 3118256565465 | 3124306850085 | 3121170553582 | 3120613203716 | 3121728404985 | 3119202374469 | 3079885324428 |
|       L2_PF_HIT_IN_L3       |   PMC2  |   16265441123 |    2293063139 |    2327600841 |    2115675590 |    2217748035 |    2060374973 |    2204616490 |    2345967926 |    1986464132 |    2194042207 |    2726438521 |    2057450232 |    2124486428 |    2235054583 |    2155456317 |    2212521455 |    2114387424 |    2097442155 |    2216166577 |    2385611872 |    2426744457 |    2242325700 |    2306540826 |    2296313134 |    2079879173 |    2339603059 |    2227581935 |    2186726817 |    2360622997 |    2158122638 |    2255755100 |    2216570810 |    2166798813 |    2084874389 |    2113458725 |    2223788552 |    2335642429 |    2027304991 |    2192921844 |    2074349486 |    2222955212 |    2360403770 |    2436016029 |    2270213764 |    2411740049 |    2220170132 |    2411299567 |    2174792312 |    2066446611 |    2054841735 |    2266665587 |    2134879983 |    2130459440 |    2228977342 |    2212650696 |    2167790653 |    1990490344 |    2056057691 |    2258890249 |    2028909215 |    2051952931 |    2334312977 |    2144008896 |    1997493216 |    2282496340 |    2178038988 |    2286715731 |    2213452553 |    2214466712 |    2278364009 |    2309995834 |    2219293204 |    2278701367 |    2099376724 |    2279236668 |    2096642580 |    2207386825 |    2179110049 |    2312928814 |    2054984601 |    2297550834 |    2699368991 |    2289487031 |    2404363361 |    2329329875 |    2471354426 |    2213685278 |    2262688360 |    2253310260 |    2346466254 |    2282358446 |    2326459414 |    2274256127 |    2252485193 |    2251196205 |    2108232854 |    2176898493 |    2356363432 |    2311625779 |    2368261270 |    2315940143 |    2233096136 |    2247173806 |    2046961455 |    2303474201 |    2162663134 |    2574604221 |    2392449583 |    2420184146 |    2293041599 |    2396040650 |    2192973175 |    2229161995 |    2410684137 |    2337663771 |    2411779458 |    2289855929 |    2273104179 |    2427932072 |    2192602067 |    2251084336 |    2303347139 |    2273054069 |    2148703883 |    2276180632 |    2192109272 |    2229074993 |    2218230100 |
|       L2_PF_MISS_IN_L3      |   PMC3  |   53056782807 |    5783547989 |    5774947159 |    5879930701 |    5842442094 |    5921021079 |    5762091553 |    5876219370 |    6009757459 |    6032006985 |    5954696491 |    6053401510 |    6026083792 |    5991318898 |    5985790881 |    6158082899 |    5909641167 |    5835915319 |    5771052612 |    5723983735 |    5565870157 |    5727048301 |    5564062839 |    5786823752 |    5859021748 |    5804032448 |    5778538152 |    5830860643 |    5712911170 |    5846090949 |    5863978565 |    5942918400 |    6313339446 |    6263606550 |    6227570364 |    5994344559 |    6030446892 |    6296584727 |    6164991849 |    6273572153 |    5922532858 |    6018713694 |    5957725517 |    6004685623 |    5972416113 |    6012777721 |    5987749066 |    6133082141 |    6200900743 |    6262760412 |    6216470481 |    6222601477 |    6162746442 |    6171318379 |    6124010665 |    6303967651 |    6699128023 |    6709338960 |    6659986268 |    6649526823 |    6539373355 |    6605732356 |    6610014942 |    6773080762 |    6350906085 |    6319913918 |    6379149753 |    6248546128 |    6294801831 |    6261680600 |    6348787992 |    6285149455 |    6571531075 |    6408799004 |    6491484105 |    6484055793 |    6377099698 |    6431475882 |    6349317421 |    6626214038 |    6430087278 |    6437945453 |    6346273646 |    6317499352 |    6346118951 |    6407328498 |    6309627807 |    6429257941 |    6567064519 |    6450018884 |    6498071222 |    6489946879 |    6495347286 |    6423069574 |    6549721392 |    6680114144 |    8572700173 |    8467632253 |    8479349748 |    8467881164 |    8329584552 |    8425059556 |    8448769804 |    8723540150 |    8337936781 |    8307265287 |    8187720932 |    8236380964 |    8206496668 |    8274264911 |    8262719275 |    8378176119 |    8465685876 |    8318244744 |    8341793308 |    8367991148 |    8326868896 |    8356684742 |    8272860987 |    8494982271 |    7992449267 |    7979905744 |    7984516260 |    8057698591 |    7937384676 |    7962693141 |    7591492915 |    6349851866 |
| L2_CACHE_MISS_AFTER_L1_MISS |   PMC4  |    4547989721 |    4456556747 |    4405361886 |    4402838397 |    4450625845 |    4362622536 |    4366534594 |    4445098433 |    4326107736 |    4262025833 |    4473500390 |    4229080884 |    4180797780 |    4306493061 |    4163420342 |    4273065765 |    4188183123 |    4175028294 |    4182487560 |    4302604674 |    4254571125 |    4217316283 |    4175608087 |    4198752870 |    4415624759 |    4505376233 |    4428211325 |    4473597109 |    4620927893 |    4527694276 |    4508576854 |    4468030005 |    4478212337 |    4512154020 |    4385490967 |    4517563635 |    4524691048 |    4442796719 |    4463606247 |    4435273717 |    4358273309 |    4444264485 |    4447379273 |    4479882980 |    4613748387 |    4366208785 |    4472342621 |    4497287405 |    4942559922 |    4861151225 |    4966384677 |    4907809447 |    4799129425 |    4960965519 |    4880673197 |    4843932748 |    4930929726 |    5023862290 |    5010198034 |    5063348394 |    4904788012 |    5114043197 |    5021160021 |    5032971277 |    4912144488 |    4913534520 |    4926152998 |    4988515385 |    4938731079 |    5002038119 |    4908087912 |    4876857156 |    5107530569 |    5005273934 |    5084386872 |    4975002734 |    5013701207 |    5094008076 |    5070252609 |    5081068808 |    5016462949 |    5256585437 |    4988269992 |    5026285269 |    5042815440 |    5191374876 |    5067271510 |    5171633223 |    5123440561 |    5146374849 |    5058049924 |    5191660670 |    5185484481 |    5115803211 |    5132435065 |    5092101602 |    3204823662 |    3364160599 |    3244537658 |    3334869952 |    3150641423 |    3311565214 |    3336790695 |    3330826182 |    3349530274 |    3277973072 |    3427340170 |    3396510482 |    3371976310 |    3383225052 |    3420691792 |    3390039768 |    3418762122 |    3492204779 |    3440783772 |    3522550207 |    3417427391 |    3531254063 |    3561004129 |    3606268286 |    3922852714 |    3979795853 |    3849463585 |    3898224762 |    3880393156 |    3996380506 |    3977893146 |    3784983976 |
+-----------------------------+---------+---------------+---------------+---------------+---------------+---------------+---------------+---------------+---------------+---------------+---------------+---------------+---------------+---------------+---------------+---------------+---------------+---------------+---------------+---------------+---------------+---------------+---------------+---------------+---------------+---------------+---------------+---------------+---------------+---------------+---------------+---------------+---------------+---------------+---------------+---------------+---------------+---------------+---------------+---------------+---------------+---------------+---------------+---------------+---------------+---------------+---------------+---------------+---------------+---------------+---------------+---------------+---------------+---------------+---------------+---------------+---------------+---------------+---------------+---------------+---------------+---------------+---------------+---------------+---------------+---------------+---------------+---------------+---------------+---------------+---------------+---------------+---------------+---------------+---------------+---------------+---------------+---------------+---------------+---------------+---------------+---------------+---------------+---------------+---------------+---------------+---------------+---------------+---------------+---------------+---------------+---------------+---------------+---------------+---------------+---------------+---------------+---------------+---------------+---------------+---------------+---------------+---------------+---------------+---------------+---------------+---------------+---------------+---------------+---------------+---------------+---------------+---------------+---------------+---------------+---------------+---------------+---------------+---------------+---------------+---------------+---------------+---------------+---------------+---------------+---------------+---------------+---------------+---------------+

+----------------------------------+---------+-----------------+---------------+---------------+--------------+
|               Event              | Counter |       Sum       |      Min      |      Max      |      Avg     |
+----------------------------------+---------+-----------------+---------------+---------------+--------------+
|       ACTUAL_CPU_CLOCK STAT      |  FIXC1  | 360430830789944 | 1793530078336 | 3296014169657 | 2.815866e+12 |
|        MAX_CPU_CLOCK STAT        |  FIXC2  | 261740957783110 | 1513718043500 | 2325570934362 | 2.044851e+12 |
|     RETIRED_INSTRUCTIONS STAT    |   PMC0  | 319540954165003 | 2359931376235 | 3213510283380 | 2.496414e+12 |
|     CPU_CLOCKS_UNHALTED STAT     |   PMC1  | 334775805157745 | 1695082034386 | 3124306850085 | 2.615436e+12 |
|       L2_PF_HIT_IN_L3 STAT       |   PMC2  |    301094457459 |    1986464132 |   16265441123 | 2.352300e+09 |
|       L2_PF_MISS_IN_L3 STAT      |   PMC3  |    903428957009 |    5564062839 |   53056782807 | 7.058039e+09 |
| L2_CACHE_MISS_AFTER_L1_MISS STAT |   PMC4  |    564276873743 |    3150641423 |    5256585437 | 4.408413e+09 |
+----------------------------------+---------+-----------------+---------------+---------------+--------------+

+-------------------------+------------+------------+------------+------------+------------+------------+------------+------------+------------+------------+-------------+-------------+-------------+-------------+-------------+-------------+-------------+-------------+-------------+-------------+-------------+-------------+-------------+-------------+-------------+-------------+-------------+-------------+-------------+-------------+-------------+-------------+-------------+-------------+-------------+-------------+-------------+-------------+-------------+-------------+-------------+-------------+-------------+-------------+-------------+-------------+-------------+-------------+-------------+-------------+-------------+-------------+-------------+-------------+-------------+-------------+-------------+-------------+-------------+-------------+-------------+-------------+-------------+-------------+-------------+-------------+-------------+-------------+-------------+-------------+-------------+-------------+-------------+-------------+-------------+-------------+-------------+-------------+-------------+-------------+-------------+-------------+-------------+-------------+-------------+-------------+-------------+-------------+-------------+-------------+-------------+-------------+-------------+-------------+-------------+-------------+-------------+-------------+-------------+-------------+--------------+--------------+--------------+--------------+--------------+--------------+--------------+--------------+--------------+--------------+--------------+--------------+--------------+--------------+--------------+--------------+--------------+--------------+--------------+--------------+--------------+--------------+--------------+--------------+--------------+--------------+--------------+--------------+
|          Metric         | HWThread 0 | HWThread 1 | HWThread 2 | HWThread 3 | HWThread 4 | HWThread 5 | HWThread 6 | HWThread 7 | HWThread 8 | HWThread 9 | HWThread 10 | HWThread 11 | HWThread 12 | HWThread 13 | HWThread 14 | HWThread 15 | HWThread 16 | HWThread 17 | HWThread 18 | HWThread 19 | HWThread 20 | HWThread 21 | HWThread 22 | HWThread 23 | HWThread 24 | HWThread 25 | HWThread 26 | HWThread 27 | HWThread 28 | HWThread 29 | HWThread 30 | HWThread 31 | HWThread 32 | HWThread 33 | HWThread 34 | HWThread 35 | HWThread 36 | HWThread 37 | HWThread 38 | HWThread 39 | HWThread 40 | HWThread 41 | HWThread 42 | HWThread 43 | HWThread 44 | HWThread 45 | HWThread 46 | HWThread 47 | HWThread 48 | HWThread 49 | HWThread 50 | HWThread 51 | HWThread 52 | HWThread 53 | HWThread 54 | HWThread 55 | HWThread 56 | HWThread 57 | HWThread 58 | HWThread 59 | HWThread 60 | HWThread 61 | HWThread 62 | HWThread 63 | HWThread 64 | HWThread 65 | HWThread 66 | HWThread 67 | HWThread 68 | HWThread 69 | HWThread 70 | HWThread 71 | HWThread 72 | HWThread 73 | HWThread 74 | HWThread 75 | HWThread 76 | HWThread 77 | HWThread 78 | HWThread 79 | HWThread 80 | HWThread 81 | HWThread 82 | HWThread 83 | HWThread 84 | HWThread 85 | HWThread 86 | HWThread 87 | HWThread 88 | HWThread 89 | HWThread 90 | HWThread 91 | HWThread 92 | HWThread 93 | HWThread 94 | HWThread 95 | HWThread 96 | HWThread 97 | HWThread 98 | HWThread 99 | HWThread 100 | HWThread 101 | HWThread 102 | HWThread 103 | HWThread 104 | HWThread 105 | HWThread 106 | HWThread 107 | HWThread 108 | HWThread 109 | HWThread 110 | HWThread 111 | HWThread 112 | HWThread 113 | HWThread 114 | HWThread 115 | HWThread 116 | HWThread 117 | HWThread 118 | HWThread 119 | HWThread 120 | HWThread 121 | HWThread 122 | HWThread 123 | HWThread 124 | HWThread 125 | HWThread 126 | HWThread 127 |
+-------------------------+------------+------------+------------+------------+------------+------------+------------+------------+------------+------------+-------------+-------------+-------------+-------------+-------------+-------------+-------------+-------------+-------------+-------------+-------------+-------------+-------------+-------------+-------------+-------------+-------------+-------------+-------------+-------------+-------------+-------------+-------------+-------------+-------------+-------------+-------------+-------------+-------------+-------------+-------------+-------------+-------------+-------------+-------------+-------------+-------------+-------------+-------------+-------------+-------------+-------------+-------------+-------------+-------------+-------------+-------------+-------------+-------------+-------------+-------------+-------------+-------------+-------------+-------------+-------------+-------------+-------------+-------------+-------------+-------------+-------------+-------------+-------------+-------------+-------------+-------------+-------------+-------------+-------------+-------------+-------------+-------------+-------------+-------------+-------------+-------------+-------------+-------------+-------------+-------------+-------------+-------------+-------------+-------------+-------------+-------------+-------------+-------------+-------------+--------------+--------------+--------------+--------------+--------------+--------------+--------------+--------------+--------------+--------------+--------------+--------------+--------------+--------------+--------------+--------------+--------------+--------------+--------------+--------------+--------------+--------------+--------------+--------------+--------------+--------------+--------------+--------------+
|   Runtime (RDTSC) [s]   |  1086.5291 |  1086.5291 |  1086.5291 |  1086.5291 |  1086.5291 |  1086.5291 |  1086.5291 |  1086.5291 |  1086.5291 |  1086.5291 |   1086.5291 |   1086.5291 |   1086.5291 |   1086.5291 |   1086.5291 |   1086.5291 |   1086.5291 |   1086.5291 |   1086.5291 |   1086.5291 |   1086.5291 |   1086.5291 |   1086.5291 |   1086.5291 |   1086.5291 |   1086.5291 |   1086.5291 |   1086.5291 |   1086.5291 |   1086.5291 |   1086.5291 |   1086.5291 |   1086.5291 |   1086.5291 |   1086.5291 |   1086.5291 |   1086.5291 |   1086.5291 |   1086.5291 |   1086.5291 |   1086.5291 |   1086.5291 |   1086.5291 |   1086.5291 |   1086.5291 |   1086.5291 |   1086.5291 |   1086.5291 |   1086.5291 |   1086.5291 |   1086.5291 |   1086.5291 |   1086.5291 |   1086.5291 |   1086.5291 |   1086.5291 |   1086.5291 |   1086.5291 |   1086.5291 |   1086.5291 |   1086.5291 |   1086.5291 |   1086.5291 |   1086.5291 |   1086.5291 |   1086.5291 |   1086.5291 |   1086.5291 |   1086.5291 |   1086.5291 |   1086.5291 |   1086.5291 |   1086.5291 |   1086.5291 |   1086.5291 |   1086.5291 |   1086.5291 |   1086.5291 |   1086.5291 |   1086.5291 |   1086.5291 |   1086.5291 |   1086.5291 |   1086.5291 |   1086.5291 |   1086.5291 |   1086.5291 |   1086.5291 |   1086.5291 |   1086.5291 |   1086.5291 |   1086.5291 |   1086.5291 |   1086.5291 |   1086.5291 |   1086.5291 |   1086.5291 |   1086.5291 |   1086.5291 |   1086.5291 |    1086.5291 |    1086.5291 |    1086.5291 |    1086.5291 |    1086.5291 |    1086.5291 |    1086.5291 |    1086.5291 |    1086.5291 |    1086.5291 |    1086.5291 |    1086.5291 |    1086.5291 |    1086.5291 |    1086.5291 |    1086.5291 |    1086.5291 |    1086.5291 |    1086.5291 |    1086.5291 |    1086.5291 |    1086.5291 |    1086.5291 |    1086.5291 |    1086.5291 |    1086.5291 |    1086.5291 |    1086.5291 |
|   Runtime unhalted [s]  |  1142.7163 |   731.5026 |   721.0502 |   725.5180 |   729.3257 |   728.5300 |   729.6810 |   731.7331 |   699.8379 |   694.4575 |    689.8207 |    703.1607 |    696.9082 |    699.1538 |    694.5681 |    702.9663 |    710.6023 |    704.4867 |    706.0453 |    705.2202 |    694.9608 |    707.1321 |    703.2089 |    713.2630 |    982.7305 |    982.0326 |    980.0604 |    992.7707 |    995.3961 |    997.0634 |    996.5952 |   1009.8060 |    933.4015 |    931.2051 |    919.7452 |    936.1565 |    934.4007 |    955.8820 |    943.9205 |    957.4052 |    960.2269 |    963.5362 |    954.7138 |    967.9004 |    978.6466 |    980.0484 |    978.9576 |    983.9825 |   1196.1422 |   1190.6197 |   1190.8471 |   1195.4168 |   1194.0252 |   1194.4863 |   1195.2798 |   1200.9632 |   1188.8044 |   1190.9438 |   1187.8859 |   1190.7786 |   1189.1566 |   1194.1886 |   1197.3275 |   1197.4207 |   1171.2680 |   1172.4223 |   1175.7803 |   1174.7920 |   1181.7095 |   1178.4408 |   1180.7194 |   1177.4258 |   1221.4313 |   1216.1333 |   1220.6993 |   1223.9859 |   1222.1025 |   1223.2214 |   1221.1116 |   1223.5049 |   1193.8986 |   1197.1555 |   1185.4057 |   1188.3474 |   1196.4152 |   1201.1593 |   1194.9707 |   1204.9443 |   1206.2738 |   1204.4412 |   1205.7961 |   1209.6084 |   1211.9536 |   1210.0485 |   1215.3270 |   1221.7830 |   1267.7003 |   1266.4781 |   1265.4367 |   1264.5812 |    1262.4963 |    1264.2547 |    1262.8945 |    1267.6629 |    1267.2381 |    1264.9997 |    1262.2006 |    1264.5519 |    1262.2132 |    1264.5190 |    1264.4861 |    1264.4893 |    1262.9571 |    1258.7715 |    1262.5170 |    1264.4203 |    1263.8790 |    1264.2024 |    1260.7188 |    1260.1611 |    1260.2669 |    1260.2276 |    1264.2154 |    1263.0607 |    1262.1424 |    1263.0882 |    1263.7695 |    1247.9262 |
|       Clock [MHz]       |  3559.2909 |  3077.4321 |  3072.0757 |  3078.8071 |  3083.1299 |  3084.1105 |  3091.3953 |  3093.9246 |  3092.3811 |  3076.4621 |   3080.6059 |   3099.6908 |   3079.5536 |   3091.2800 |   3085.5597 |   3092.2785 |   3077.7897 |   3081.3119 |   3080.9447 |   3084.8193 |   3088.8533 |   3089.1408 |   3094.3404 |   3094.7225 |   3658.0060 |   3653.2905 |   3635.6920 |   3645.2528 |   3646.2208 |   3651.1691 |   3655.9773 |   3653.8778 |   3566.7331 |   3568.0261 |   3547.2242 |   3581.5045 |   3578.0789 |   3588.2788 |   3583.8529 |   3604.5628 |   3602.6646 |   3595.8729 |   3589.3194 |   3605.4459 |   3612.7921 |   3622.9730 |   3624.4134 |   3630.9630 |   3661.6555 |   3666.6984 |   3662.7907 |   3663.4958 |   3665.3981 |   3670.1516 |   3670.0758 |   3665.8478 |   3656.8504 |   3652.9844 |   3651.9544 |   3655.6721 |   3657.8435 |   3657.6195 |   3653.3723 |   3657.1693 |   3650.8894 |   3651.0923 |   3643.4592 |   3651.6737 |   3648.0539 |   3653.3034 |   3651.7803 |   3659.5188 |   3652.5432 |   3656.5891 |   3652.0864 |   3651.7722 |   3654.4306 |   3655.5091 |   3658.9094 |   3658.6699 |   3658.6074 |   3655.0280 |   3665.7347 |   3668.8130 |   3660.3234 |   3657.2898 |   3665.0782 |   3656.7885 |   3659.2772 |   3661.7723 |   3659.0018 |   3659.0228 |   3657.9054 |   3662.3635 |   3657.9242 |   3652.2848 |   3685.8487 |   3685.4576 |   3687.4702 |   3688.4065 |    3690.6823 |    3688.2670 |    3689.4206 |    3685.0027 |    3683.6094 |    3687.8622 |    3690.9553 |    3688.6625 |    3691.0517 |    3688.5951 |    3688.5169 |    3688.5980 |    3690.5449 |    3695.8079 |    3690.8601 |    3688.2175 |    3687.8973 |    3688.2565 |    3693.3865 |    3692.7704 |    3692.9361 |    3692.9221 |    3687.7247 |    3689.4073 |    3690.7654 |    3689.2669 |    3688.4340 |    3690.4680 |
|           CPI           |     0.7685 |     0.7080 |     0.7024 |     0.7052 |     0.7106 |     0.7102 |     0.7113 |     0.7143 |     0.6801 |     0.6772 |      0.6770 |      0.6890 |      0.6803 |      0.6855 |      0.6801 |      0.6875 |      0.6927 |      0.6912 |      0.6921 |      0.6924 |      0.6872 |      0.6956 |      0.6945 |      0.6999 |      0.9473 |      0.9460 |      0.9420 |      0.9520 |      0.9541 |      0.9555 |      0.9577 |      0.9639 |      0.8973 |      0.8984 |      0.8893 |      0.9033 |      0.9024 |      0.9175 |      0.9102 |      0.9221 |      0.9280 |      0.9289 |      0.9236 |      0.9340 |      0.9424 |      0.9438 |      0.9451 |      0.9490 |      1.1317 |      1.1296 |      1.1280 |      1.1332 |      1.1323 |      1.1339 |      1.1334 |      1.1398 |      1.1273 |      1.1267 |      1.1259 |      1.1296 |      1.1293 |      1.1337 |      1.1341 |      1.1363 |      1.1123 |      1.1106 |      1.1138 |      1.1171 |      1.1213 |      1.1177 |      1.1214 |      1.1222 |      1.1624 |      1.1594 |      1.1630 |      1.1650 |      1.1617 |      1.1670 |      1.1668 |      1.1682 |      1.1373 |      1.1419 |      1.1363 |      1.1407 |      1.1439 |      1.1453 |      1.1454 |      1.1501 |      1.1539 |      1.1550 |      1.1555 |      1.1587 |      1.1590 |      1.1619 |      1.1639 |      1.1665 |      1.2631 |      1.2620 |      1.2632 |      1.2627 |       1.2615 |       1.2624 |       1.2612 |       1.2630 |       1.2546 |       1.2546 |       1.2579 |       1.2552 |       1.2572 |       1.2580 |       1.2572 |       1.2589 |       1.2649 |       1.2635 |       1.2653 |       1.2658 |       1.2651 |       1.2656 |       1.2653 |       1.2640 |       1.2684 |       1.2677 |       1.2699 |       1.2689 |       1.2686 |       1.2695 |       1.2780 |       1.3051 |
| L3 bandwidth [MBytes/s] |  4351.1892 |   738.2432 |   736.7554 |   730.3076 |   736.9266 |   727.1017 |   726.4670 |   746.1432 |   725.8242 |   735.5871 |    774.8496 |    726.8611 |    726.3566 |    738.2255 |    724.7838 |    744.7522 |    719.3379 |    713.2222 |    716.8342 |    731.1179 |    721.3980 |    717.8346 |    709.5600 |    723.4421 |    727.7206 |    745.0668 |    732.4214 |    735.7703 |    747.7440 |    738.1690 |    743.8474 |    743.8008 |    763.2878 |    757.5321 |    749.6323 |    750.1728 |    759.3077 |    751.9982 |    755.2281 |    752.9706 |    736.5111 |    755.3378 |    756.3826 |    751.2970 |    765.6177 |    742.1302 |    758.1657 |    754.2645 |    778.1053 |    776.2703 |    792.2193 |    781.3676 |    771.1800 |    787.0205 |    778.5428 |    784.3363 |    802.2934 |    812.2310 |    820.4665 |    809.4346 |    794.9638 |    827.8303 |    811.4019 |    813.0725 |    797.8756 |    789.9790 |    800.6129 |    792.2778 |    792.1297 |    797.6715 |    799.1317 |    788.2009 |    822.1564 |    795.9849 |    816.1097 |    798.4737 |    800.9763 |    807.2439 |    808.8876 |    810.6411 |    809.5710 |    847.8462 |    802.4985 |    809.8094 |    808.0492 |    828.7709 |    800.5284 |    816.6087 |    821.3348 |    821.2785 |    815.1302 |    825.1194 |    821.9988 |    812.3546 |    820.7185 |    817.6023 |    821.9596 |    835.7273 |    826.7361 |    834.7174 |     812.6378 |     822.8607 |     826.5724 |     830.6128 |     824.1107 |     809.7949 |     835.8162 |     826.1369 |     824.5652 |     821.7304 |     829.3242 |     822.3582 |     831.3363 |     837.6697 |     831.7268 |     842.4519 |     826.6560 |     834.1302 |     840.0650 |     841.9531 |     834.4450 |     840.1387 |     830.9489 |     830.8072 |     830.1787 |     833.5494 |     812.7730 |     727.6347 |
| L3 data volume [GBytes] |  4727.6937 |   802.1227 |   800.5062 |   793.5005 |   800.6922 |   790.0172 |   789.3275 |   810.7063 |   788.6291 |   799.2368 |    841.8967 |    789.7557 |    789.2076 |    802.1035 |    787.4987 |    809.1949 |    781.5815 |    774.9367 |    778.8612 |    794.3808 |    783.8199 |    779.9482 |    770.9576 |    786.0409 |    790.6896 |    809.5368 |    795.7972 |    799.4358 |    812.4456 |    802.0421 |    808.2119 |    808.1612 |    829.3344 |    823.0806 |    814.4973 |    815.0846 |    825.0099 |    817.0679 |    820.5773 |    818.1245 |    800.2407 |    820.6964 |    821.8317 |    816.3061 |    831.8659 |    806.3460 |    823.7690 |    819.5304 |    845.4341 |    843.4402 |    860.7693 |    848.9786 |    837.9095 |    855.1207 |    845.9094 |    852.2042 |    871.7151 |    882.5126 |    891.4608 |    879.4742 |    863.7513 |    899.4617 |    881.6118 |    883.4269 |    866.9150 |    858.3352 |    869.8892 |    860.8329 |    860.6720 |    866.6933 |    868.2798 |    856.4032 |    893.2968 |    864.8608 |    886.7269 |    867.5649 |    870.2840 |    877.0940 |    878.8799 |    880.7851 |    879.6225 |    921.2096 |    871.9380 |    879.8815 |    877.9689 |    900.4837 |    869.7974 |    887.2691 |    892.4042 |    892.3430 |    885.6627 |    896.5163 |    893.1256 |    882.6469 |    891.7346 |    888.3487 |    893.0830 |    908.0420 |    898.2728 |    906.9448 |     882.9546 |     894.0621 |     898.0950 |     902.4850 |     895.4202 |     879.8657 |     908.1386 |     897.6218 |     895.9141 |     892.8340 |     901.0849 |     893.5161 |     903.2710 |     910.1526 |     903.6954 |     915.3485 |     898.1857 |     906.3068 |     912.7550 |     914.8066 |     906.6487 |     912.8351 |     902.8502 |     902.6961 |     902.0133 |     905.6757 |     883.1015 |     790.5962 |
+-------------------------+------------+------------+------------+------------+------------+------------+------------+------------+------------+------------+-------------+-------------+-------------+-------------+-------------+-------------+-------------+-------------+-------------+-------------+-------------+-------------+-------------+-------------+-------------+-------------+-------------+-------------+-------------+-------------+-------------+-------------+-------------+-------------+-------------+-------------+-------------+-------------+-------------+-------------+-------------+-------------+-------------+-------------+-------------+-------------+-------------+-------------+-------------+-------------+-------------+-------------+-------------+-------------+-------------+-------------+-------------+-------------+-------------+-------------+-------------+-------------+-------------+-------------+-------------+-------------+-------------+-------------+-------------+-------------+-------------+-------------+-------------+-------------+-------------+-------------+-------------+-------------+-------------+-------------+-------------+-------------+-------------+-------------+-------------+-------------+-------------+-------------+-------------+-------------+-------------+-------------+-------------+-------------+-------------+-------------+-------------+-------------+-------------+-------------+--------------+--------------+--------------+--------------+--------------+--------------+--------------+--------------+--------------+--------------+--------------+--------------+--------------+--------------+--------------+--------------+--------------+--------------+--------------+--------------+--------------+--------------+--------------+--------------+--------------+--------------+--------------+--------------+

+------------------------------+-------------+-----------+-----------+-----------+
|            Metric            |     Sum     |    Min    |    Max    |    Avg    |
+------------------------------+-------------+-----------+-----------+-----------+
|   Runtime (RDTSC) [s] STAT   | 139075.7248 | 1086.5291 | 1086.5291 | 1086.5291 |
|   Runtime unhalted [s] STAT  | 138627.5231 |  689.8207 | 1267.7003 | 1083.0275 |
|       Clock [MHz] STAT       | 454867.2401 | 3072.0757 | 3695.8079 | 3553.6503 |
|           CPI STAT           |    134.3249 |    0.6770 |    1.3051 |    1.0494 |
| L3 bandwidth [MBytes/s] STAT | 104187.9310 |  709.5600 | 4351.1892 |  813.9682 |
| L3 data volume [GBytes] STAT | 113203.2182 |  770.9576 | 4727.6937 |  884.4001 |
+------------------------------+-------------+-----------+-----------+-----------+

