INFO: You are running LIKWID in a cpuset with 144 CPUs. Taking given IDs as logical ID in cpuset
--------------------------------------------------------------------------------
CPU name:	AMD EPYC 9A14 96-Core Processor                
CPU type:	AMD K19 (Zen4) architecture
CPU clock:	2.60 GHz
--------------------------------------------------------------------------------
Use symmetry. Molecule point group: C2v
Norb: 24   Ne: (5, 5)
Running RHF...
converged SCF energy = -76.0267607337664
Running FCI ...
Guessing CI wfn symmetry = 0
Num symmetry allowed elements 451681246
tol 1e-10  toloose 1e-05
max_cycle 100  max_space 12  max_memory 760542  incore True
    CPU time for contract_2e   8603.80 sec, wall time     72.93 sec
davidson 0 1  |r|= 0.999  e= [-85.21409431]  max|de|= -85.2  lindep=    1
    CPU time for contract_2e   8540.01 sec, wall time     72.19 sec
davidson 1 2  |r|= 0.336  e= [-85.41295423]  max|de|= -0.199  lindep= 0.992
    CPU time for contract_2e   8535.14 sec, wall time     73.76 sec
davidson 2 3  |r|= 0.0993  e= [-85.4295567]  max|de|= -0.0166  lindep= 0.982
    CPU time for contract_2e   8523.19 sec, wall time     75.38 sec
davidson 3 4  |r|= 0.0324  e= [-85.43094102]  max|de|= -0.00138  lindep= 0.955
    CPU time for contract_2e   8553.80 sec, wall time     77.21 sec
davidson 4 5  |r|= 0.0129  e= [-85.43110245]  max|de|= -0.000161  lindep= 0.911
    CPU time for contract_2e   8548.07 sec, wall time     78.77 sec
davidson 5 6  |r|= 0.00436  e= [-85.43112741]  max|de|= -2.5e-05  lindep= 0.833
    CPU time for contract_2e   8529.60 sec, wall time     80.34 sec
davidson 6 7  |r|= 0.00169  e= [-85.43113026]  max|de|= -2.84e-06  lindep= 0.932
    CPU time for contract_2e   8594.92 sec, wall time     82.44 sec
davidson 7 8  |r|= 0.000705  e= [-85.4311307]  max|de|= -4.44e-07  lindep= 0.849
    CPU time for contract_2e   8580.95 sec, wall time     84.08 sec
davidson 8 9  |r|= 0.000319  e= [-85.43113078]  max|de|= -8.55e-08  lindep= 0.895
    CPU time for contract_2e   8591.89 sec, wall time     85.77 sec
davidson 9 10  |r|= 0.000127  e= [-85.4311308]  max|de|= -1.57e-08  lindep= 0.804
    CPU time for contract_2e   8644.71 sec, wall time     87.96 sec
davidson 10 11  |r|= 4.77e-05  e= [-85.4311308]  max|de|= -2.31e-09  lindep= 0.878
    CPU time for contract_2e   8671.23 sec, wall time     89.57 sec
davidson 11 12  |r|= 1.71e-05  e= [-85.4311308]  max|de|= -2.93e-10  lindep= 0.87
    CPU time for contract_2e   8624.70 sec, wall time     91.84 sec
davidson 12 1  |r|= 1.71e-05  e= [-85.4311308]  max|de|= 3.2e-12  lindep=    1
    CPU time for contract_2e   8539.10 sec, wall time     71.98 sec
root 0 converged  |r|= 6.26e-06  e= -85.43113080323204  max|de|= -3.3e-11
converged 13 2  |r|= 6.26e-06  e= [-85.4311308]  max|de|= -3.3e-11
--------------------------------------------------------------------------------
Group 1: L3
+-----------------------------+---------+---------------+---------------+---------------+---------------+---------------+---------------+---------------+---------------+---------------+---------------+---------------+---------------+---------------+---------------+---------------+---------------+---------------+---------------+---------------+---------------+---------------+---------------+---------------+---------------+---------------+---------------+---------------+---------------+---------------+---------------+---------------+---------------+---------------+---------------+---------------+---------------+---------------+---------------+---------------+---------------+---------------+---------------+---------------+---------------+---------------+---------------+---------------+---------------+---------------+---------------+---------------+---------------+---------------+---------------+---------------+---------------+---------------+---------------+---------------+---------------+---------------+---------------+---------------+---------------+---------------+---------------+---------------+---------------+---------------+---------------+---------------+---------------+---------------+---------------+---------------+---------------+---------------+---------------+---------------+---------------+---------------+---------------+---------------+---------------+---------------+---------------+---------------+---------------+---------------+---------------+---------------+---------------+---------------+---------------+---------------+---------------+---------------+---------------+---------------+---------------+---------------+---------------+---------------+---------------+---------------+---------------+---------------+---------------+---------------+---------------+---------------+---------------+---------------+---------------+---------------+---------------+---------------+---------------+---------------+---------------+---------------+---------------+---------------+---------------+---------------+---------------+---------------+---------------+---------------+---------------+---------------+---------------+---------------+---------------+---------------+---------------+---------------+---------------+---------------+---------------+---------------+---------------+---------------+---------------+
|            Event            | Counter |   HWThread 0  |   HWThread 1  |   HWThread 2  |   HWThread 3  |   HWThread 4  |   HWThread 5  |   HWThread 6  |   HWThread 7  |   HWThread 8  |   HWThread 9  |  HWThread 10  |  HWThread 11  |  HWThread 12  |  HWThread 13  |  HWThread 14  |  HWThread 15  |  HWThread 16  |  HWThread 17  |  HWThread 18  |  HWThread 19  |  HWThread 20  |  HWThread 21  |  HWThread 22  |  HWThread 23  |  HWThread 24  |  HWThread 25  |  HWThread 26  |  HWThread 27  |  HWThread 28  |  HWThread 29  |  HWThread 30  |  HWThread 31  |  HWThread 32  |  HWThread 33  |  HWThread 34  |  HWThread 35  |  HWThread 36  |  HWThread 37  |  HWThread 38  |  HWThread 39  |  HWThread 40  |  HWThread 41  |  HWThread 42  |  HWThread 43  |  HWThread 44  |  HWThread 45  |  HWThread 46  |  HWThread 47  |  HWThread 48  |  HWThread 49  |  HWThread 50  |  HWThread 51  |  HWThread 52  |  HWThread 53  |  HWThread 54  |  HWThread 55  |  HWThread 56  |  HWThread 57  |  HWThread 58  |  HWThread 59  |  HWThread 60  |  HWThread 61  |  HWThread 62  |  HWThread 63  |  HWThread 64  |  HWThread 65  |  HWThread 66  |  HWThread 67  |  HWThread 68  |  HWThread 69  |  HWThread 70  |  HWThread 71  |  HWThread 72  |  HWThread 73  |  HWThread 74  |  HWThread 75  |  HWThread 76  |  HWThread 77  |  HWThread 78  |  HWThread 79  |  HWThread 80  |  HWThread 81  |  HWThread 82  |  HWThread 83  |  HWThread 84  |  HWThread 85  |  HWThread 86  |  HWThread 87  |  HWThread 88  |  HWThread 89  |  HWThread 90  |  HWThread 91  |  HWThread 92  |  HWThread 93  |  HWThread 94  |  HWThread 95  |  HWThread 96  |  HWThread 97  |  HWThread 98  |  HWThread 99  |  HWThread 100 |  HWThread 101 |  HWThread 102 |  HWThread 103 |  HWThread 104 |  HWThread 105 |  HWThread 106 |  HWThread 107 |  HWThread 108 |  HWThread 109 |  HWThread 110 |  HWThread 111 |  HWThread 112 |  HWThread 113 |  HWThread 114 |  HWThread 115 |  HWThread 116 |  HWThread 117 |  HWThread 118 |  HWThread 119 |  HWThread 120 |  HWThread 121 |  HWThread 122 |  HWThread 123 |  HWThread 124 |  HWThread 125 |  HWThread 126 |  HWThread 127 |  HWThread 128 |  HWThread 129 |  HWThread 130 |  HWThread 131 |  HWThread 132 |  HWThread 133 |  HWThread 134 |  HWThread 135 |  HWThread 136 |  HWThread 137 |  HWThread 138 |  HWThread 139 |  HWThread 140 |  HWThread 141 |  HWThread 142 |  HWThread 143 |
+-----------------------------+---------+---------------+---------------+---------------+---------------+---------------+---------------+---------------+---------------+---------------+---------------+---------------+---------------+---------------+---------------+---------------+---------------+---------------+---------------+---------------+---------------+---------------+---------------+---------------+---------------+---------------+---------------+---------------+---------------+---------------+---------------+---------------+---------------+---------------+---------------+---------------+---------------+---------------+---------------+---------------+---------------+---------------+---------------+---------------+---------------+---------------+---------------+---------------+---------------+---------------+---------------+---------------+---------------+---------------+---------------+---------------+---------------+---------------+---------------+---------------+---------------+---------------+---------------+---------------+---------------+---------------+---------------+---------------+---------------+---------------+---------------+---------------+---------------+---------------+---------------+---------------+---------------+---------------+---------------+---------------+---------------+---------------+---------------+---------------+---------------+---------------+---------------+---------------+---------------+---------------+---------------+---------------+---------------+---------------+---------------+---------------+---------------+---------------+---------------+---------------+---------------+---------------+---------------+---------------+---------------+---------------+---------------+---------------+---------------+---------------+---------------+---------------+---------------+---------------+---------------+---------------+---------------+---------------+---------------+---------------+---------------+---------------+---------------+---------------+---------------+---------------+---------------+---------------+---------------+---------------+---------------+---------------+---------------+---------------+---------------+---------------+---------------+---------------+---------------+---------------+---------------+---------------+---------------+---------------+---------------+
|       ACTUAL_CPU_CLOCK      |  FIXC1  | 3317694060568 | 2069637057574 | 1936110872179 | 1945126819511 | 1916505400375 | 1937309197483 | 1942504879732 | 1917838023861 | 1879903181263 | 1851951559256 | 1849876905510 | 1834713378146 | 1853959087571 | 1871016177940 | 1845254532801 | 1882545188319 | 1904310345196 | 1890515028062 | 1893859482717 | 1924276168192 | 1946681222808 | 1930434118731 | 1940532860608 | 1955833721617 | 2583492779249 | 2562416205789 | 2576854809468 | 2599579199454 | 2607817098310 | 2644980692326 | 2652173466660 | 2677040894671 | 2356463066328 | 2320527399767 | 2289807192261 | 2324075194579 | 2401794034524 | 2475101802612 | 2426657971994 | 2458302168035 | 2452922468962 | 2410032788792 | 2373415801079 | 2420210504821 | 2464948985368 | 2404567234140 | 2493193052158 | 2525322318321 | 3213130352314 | 3203982643984 | 3206914191580 | 3222120278312 | 3225915173418 | 3229833383470 | 3240759473976 | 3247656612094 | 3159143206787 | 3166308587375 | 3178341992428 | 3180387689753 | 3162441666125 | 3196968764100 | 3185091377632 | 3205484683612 | 3176317667643 | 3161996115091 | 3180307699147 | 3176035088540 | 3198846984304 | 3211339662648 | 3209742109440 | 3216346112979 | 3290314423349 | 3279085843451 | 3297248957070 | 3284265932022 | 3289215369891 | 3302262483191 | 3298601448699 | 3305352255116 | 3238052457627 | 3250618074570 | 3239679490321 | 3249767207315 | 3261962165861 | 3263445616360 | 3255357820628 | 3260855604884 | 3272825142926 | 3260561181297 | 3275636864347 | 3277239490113 | 3280026069017 | 3279335427017 | 3280270051474 | 3291090389067 | 3507705562706 | 3507661290214 | 3505215762121 | 3497036591551 | 3492028887688 | 3494523955350 | 3487413787863 | 3494000933571 | 3496675834950 | 3494748454129 | 3511867194313 | 3498523549324 | 3517348339473 | 3489541345135 | 3486476318526 | 3506920424413 | 3501833011488 | 3512227452020 | 3499131919739 | 3487140966787 | 3495463137513 | 3495368440336 | 3501805577688 | 3490088260951 | 3502723626781 | 3490118625726 | 3506738638600 | 3487048244905 | 3500050120117 | 3513420591700 | 3492820938326 | 3489288440302 | 3508928690018 | 3495060335804 | 3501393929278 | 3494826895759 | 3500608386530 | 3495903239914 | 3516033026211 | 3507803156654 | 3493985542652 | 3498089768672 | 3503327519992 | 3514995867951 | 3516837292088 | 3489912838198 | 3502732063066 | 3394079232398 |
|        MAX_CPU_CLOCK        |  FIXC2  | 2396898229882 | 1695152986748 | 1643433187422 | 1650762383920 | 1631344550602 | 1647905728248 | 1653074376122 | 1629784091156 | 1608051144154 | 1600144843388 | 1594208836090 | 1574552351632 | 1585710109152 | 1593810940800 | 1580814449500 | 1597431129762 | 1612870617176 | 1603325262682 | 1605110815698 | 1629821150542 | 1645737169388 | 1628988311964 | 1632282153112 | 1630189920008 | 1895772775208 | 1884938579446 | 1899506903658 | 1905311174936 | 1907330350458 | 1931954627642 | 1932102644966 | 1949865126872 | 1818186271772 | 1810806896730 | 1793904273564 | 1807029827538 | 1828192872038 | 1857766375894 | 1847124112860 | 1862654315262 | 1858893981906 | 1843236356208 | 1817928178742 | 1849266291106 | 1857453669292 | 1841134940138 | 1879522510528 | 1887990807638 | 2276556756396 | 2268720971790 | 2271249939452 | 2284321660556 | 2283491518880 | 2285918384334 | 2296067023198 | 2301123628700 | 2238217061990 | 2243816506906 | 2259345852790 | 2257577480288 | 2239702977330 | 2270360062464 | 2255864091702 | 2275435719518 | 2256745947508 | 2246262347628 | 2263718299804 | 2255594369782 | 2275786070246 | 2287464030592 | 2283819714826 | 2288335354032 | 2338269340108 | 2329239036904 | 2345284562374 | 2333449830114 | 2338295521120 | 2347713313218 | 2344934989930 | 2349038623594 | 2298026530800 | 2312399246586 | 2302604045404 | 2309909786730 | 2319789415476 | 2319890311128 | 2310736222002 | 2315795820936 | 2326745821556 | 2312011212810 | 2328298943152 | 2327774914322 | 2328682089058 | 2326530825476 | 2327773033898 | 2337417960748 | 2474230541952 | 2473583945950 | 2471361199996 | 2462657318914 | 2457992701294 | 2460696089332 | 2453185318714 | 2460162517202 | 2462733193180 | 2460767131914 | 2478223774026 | 2464765366466 | 2483821393872 | 2455459468124 | 2452393524334 | 2473059819854 | 2467818414802 | 2478018595598 | 2465367262956 | 2452893896544 | 2461387738654 | 2461381664872 | 2467598831724 | 2455993169214 | 2468731573646 | 2455960869960 | 2472690568452 | 2452880089244 | 2466013144374 | 2479176801946 | 2458670762574 | 2455028643860 | 2475036722080 | 2460785160886 | 2467189060752 | 2461054057540 | 2466534016674 | 2462137502994 | 2482826520616 | 2474341822654 | 2459764135842 | 2463873267024 | 2469218663652 | 2480834745662 | 2482298987038 | 2455604550984 | 2468442884128 | 2392228150806 |
|     RETIRED_INSTRUCTIONS    |   PMC0  | 2960977963694 | 2256090968860 | 2254770475761 | 2254194437276 | 2253546930411 | 2254632220857 | 2254408032340 | 2253579028518 | 2257565215461 | 2256372507159 | 2257964397444 | 2257067884008 | 2256920012770 | 2255563113762 | 2255759621998 | 2255974467935 | 2253730391946 | 2253657789395 | 2254061503804 | 2254348815238 | 2254976313461 | 2254005482545 | 2253872667251 | 2253566585895 | 2257932172878 | 2257309913051 | 2258092886146 | 2258020492559 | 2258023315769 | 2258609466602 | 2258330994284 | 2258401549111 | 2259705120017 | 2259618263110 | 2258627763043 | 2259034353384 | 2260137554109 | 2260943341719 | 2260085043947 | 2261041424327 | 2250594873172 | 2249871392008 | 2249165076851 | 2250154928770 | 2250066647120 | 2249408835531 | 2250503831547 | 2250843591773 | 2255949170912 | 2255568257114 | 2256089810503 | 2256534201871 | 2256219958882 | 2254880129572 | 2256070157043 | 2257244272444 | 2261708652802 | 2261507921177 | 2262810765751 | 2261993875111 | 2260855436996 | 2261076495644 | 2260633972392 | 2261965432345 | 2254487534842 | 2247971250947 | 2248350620856 | 2247825184849 | 2248051121719 | 2248292139419 | 2247913394676 | 2248339412982 | 2248308886941 | 2247862240646 | 2241842909637 | 2240789714325 | 2243138360210 | 2242334832771 | 2241662322513 | 2242064372244 | 2247525211952 | 2247337503512 | 2247771348318 | 2247797927154 | 2247524665178 | 2247673120305 | 2246931544559 | 2247880409075 | 2241776237496 | 2241089215701 | 2241715793199 | 2241342691000 | 2241054838769 | 2240598418065 | 2240478467698 | 2241124561291 | 2209893120620 | 2209621432086 | 2209937138672 | 2208821367339 | 2209697041413 | 2208422660051 | 2208267251604 | 2208070115098 | 2220873194804 | 2220606411897 | 2221820050391 | 2220534402896 | 2221602974410 | 2220011873027 | 2219357787377 | 2220061043987 | 2209296958510 | 2209705672734 | 2208974564491 | 2208106006018 | 2208819757796 | 2208269436968 | 2208377478054 | 2207929050838 | 2204286007480 | 2203768148545 | 2204334518171 | 2203139078358 | 2204090099796 | 2204033297463 | 2203421547835 | 2202630003598 | 2215481511678 | 2214547376031 | 2215353900737 | 2214394079504 | 2214768256310 | 2207605958123 | 2208072784930 | 2207436069445 | 2198974576851 | 2199170072943 | 2199560352658 | 2199470149316 | 2199508903694 | 2198313687750 | 2180424661177 | 2080566335414 |
|     CPU_CLOCKS_UNHALTED     |   PMC1  | 2765924315674 | 1909742960798 | 1799243633180 | 1805258963283 | 1788815085890 | 1796682881539 | 1801470455994 | 1790773144841 | 1743583359158 | 1721051652678 | 1723815718998 | 1724698713754 | 1737846161599 | 1752786500889 | 1733353448779 | 1763033888162 | 1778226795816 | 1771897674105 | 1774140031891 | 1790225050874 | 1799093052772 | 1798972861883 | 1808564280651 | 1832818187342 | 2363353834096 | 2354852441714 | 2362104432192 | 2383775849526 | 2389619884704 | 2414876544756 | 2425601773416 | 2440892048922 | 2165791077959 | 2128605027597 | 2109571175288 | 2137056083921 | 2211241413965 | 2268458163038 | 2224782823718 | 2248578133406 | 2241684332426 | 2211191873016 | 2191918745208 | 2217326184746 | 2259370558122 | 2203700367062 | 2274567247090 | 2305988526186 | 2879891628118 | 2874333587285 | 2880175057177 | 2880990334597 | 2902463032012 | 2906237117540 | 2913997160218 | 2920672236607 | 2851423197365 | 2844561703424 | 2859110170755 | 2861527172368 | 2855790983428 | 2874826252552 | 2875694497325 | 2885641603810 | 2875298897367 | 2863527366477 | 2875859799907 | 2880018951543 | 2890982591306 | 2896680942751 | 2899112841304 | 2906859683694 | 2964367388098 | 2958715482461 | 2971612353196 | 2959106271854 | 2963446554983 | 2972486969771 | 2973555121365 | 2979158479117 | 2929101244697 | 2933005215771 | 2926838059243 | 2926771669407 | 2941173216820 | 2939475186467 | 2935495417297 | 2948841328417 | 2953201396211 | 2955904230141 | 2960925616774 | 2963914304052 | 2964392325656 | 2962903625204 | 2970114217313 | 2974019388880 | 3255311750771 | 3256024761110 | 3253906619028 | 3253842878141 | 3248899157736 | 3255934691639 | 3253285041019 | 3256725284834 | 3250976237169 | 3253420643521 | 3256941041264 | 3255010845089 | 3259619539207 | 3251707813935 | 3240817384700 | 3256686553718 | 3255147001092 | 3258553485731 | 3252474544414 | 3248162679253 | 3253384792955 | 3254716179588 | 3253757000786 | 3251607543387 | 3281002006708 | 3278209263634 | 3285797461959 | 3278103821872 | 3281902883065 | 3285989076135 | 3279664205839 | 3276053706465 | 3284437007636 | 3278548044268 | 3282359677997 | 3278469794994 | 3283630245047 | 3282179789493 | 3287491693090 | 3285451977802 | 3266327449559 | 3283244454696 | 3280121926052 | 3285893205104 | 3282538423466 | 3279225366950 | 3284576389711 | 3161621616916 |
|       L2_PF_HIT_IN_L3       |   PMC2  |   16242473682 |    1648786527 |    1769952718 |    1754327554 |    1719707432 |    1962747217 |    1683828098 |    1693068724 |    1661791954 |    1675550242 |    2214316741 |    1809661381 |    1757390558 |    1716352192 |    2057123853 |    1645356853 |    1891499445 |    1850566740 |    1954773418 |    2127349288 |    1825669101 |    1871144516 |    2008510292 |    1726630642 |    1771877501 |    1732925560 |    1797196239 |    1948739781 |    1897726447 |    2255867773 |    1914811228 |    1632642874 |    1692516258 |    1643963432 |    2238433128 |    1811148377 |    1913846678 |    1837228033 |    1862074046 |    1515853392 |    1950502378 |    1705374766 |    1763887533 |    1747896218 |    1914560341 |    1838871709 |    1815324941 |    1733405422 |    1626495469 |    1743182881 |    1819397057 |    1772202641 |    1791901719 |    1686376484 |    1788396272 |    1554060332 |    1711309357 |    1874900272 |    1831880877 |    1721830096 |    1911704703 |    1724177469 |    1777754767 |    1630224418 |    1631437312 |    1741453770 |    1688254486 |    1768786516 |    1710511444 |    1671537037 |    1705851131 |    1589152753 |    1991787891 |    1817462418 |    1886771764 |    1754258187 |    1934640345 |    1741093699 |    2014440163 |    1783788401 |    1744359789 |    1833622829 |    1868556192 |    1740417538 |    1832249041 |    2133614758 |    1903338225 |    1781479450 |    1624396599 |    1795698233 |    1848956055 |    1845106342 |    1806798664 |    1934399972 |    1909658917 |    1812012618 |    1935942403 |    1876460872 |    1994942075 |    1876155799 |    1947704553 |    2001941656 |    1892757750 |    1722875317 |    1885702925 |    1906770360 |    1995474932 |    1947566031 |    2132938406 |    1990913557 |    1975319445 |    1908145489 |    1836641542 |    1825781636 |    2034899971 |    2011206447 |    1907779927 |    1896368950 |    2007230825 |    1838103660 |    2009097130 |    1981841860 |    2019255203 |    1998829060 |    2045159687 |    1978070175 |    2047849115 |    1796609476 |    1958481149 |    1986943752 |    2024177446 |    2044694424 |    2029130848 |    2072779746 |    2038966127 |    1914096288 |    1977676713 |    1942863969 |    1970454994 |    1962372211 |    2073562534 |    2042204802 |    1943691736 |    1844409861 |
|       L2_PF_MISS_IN_L3      |   PMC3  |   53703569684 |    5355271237 |    5372772366 |    5406908921 |    5253360011 |    5372261211 |    5382855656 |    5300837937 |    5547148653 |    5430891778 |    5367893712 |    5367050046 |    5397873599 |    5425939703 |    5332600311 |    5560659617 |    5212475174 |    5253119985 |    5319241659 |    5386421476 |    5459560179 |    5378570689 |    5230233821 |    5386162884 |    5143502710 |    5105077290 |    5177982935 |    5183362905 |    5095144729 |    5186465128 |    5215545487 |    5327774189 |    5429835053 |    5564894503 |    5528036113 |    5495542402 |    5358486407 |    5556708042 |    5448245669 |    5825902835 |    5131918020 |    5072936681 |    5105580195 |    5222920834 |    5051801745 |    5093025755 |    5248908518 |    5326475654 |    5877240602 |    5815143510 |    5821355915 |    5870292142 |    5740353741 |    5732745160 |    5770687160 |    6002067792 |    6092154843 |    6074934291 |    6159697816 |    6120162738 |    5923244916 |    6128458349 |    5960399008 |    6217993335 |    5987278434 |    5948929184 |    5964005478 |    5913197757 |    5901224840 |    5988956799 |    5938873730 |    6163838219 |    6000750977 |    5951770472 |    6010099163 |    5963268048 |    5839606108 |    6001778324 |    5916297351 |    6113246128 |    6303843723 |    6297482179 |    6211957155 |    6270369812 |    6249918987 |    6240882681 |    6177619673 |    6292896626 |    6309924327 |    5964443917 |    6104843090 |    6107046262 |    6067234438 |    5987986452 |    6012995913 |    6240541438 |    8033956789 |    8032328270 |    7979002456 |    7956632684 |    7927251881 |    7889720806 |    7923722774 |    8115486665 |    7812749385 |    7719351270 |    7784489554 |    7776615555 |    7730111745 |    7723942382 |    7735091421 |    7945298723 |    8196569483 |    8143881914 |    7918048993 |    7858970626 |    7963487460 |    8012722022 |    7939035767 |    8117176532 |    7890099683 |    7826666017 |    7892145190 |    7812698585 |    7848052988 |    7945652404 |    7792693367 |    7989001612 |    7851530079 |    7756965569 |    7784246939 |    7711285328 |    7792342749 |    7695741585 |    7872069458 |    7999327606 |    7553149309 |    7539767519 |    7562616189 |    7632480178 |    7549013955 |    7371920062 |    7223027072 |    5855685128 |
| L2_CACHE_MISS_AFTER_L1_MISS |   PMC4  |    5560861779 |    4403262825 |    4360948767 |    4379691007 |    4307168496 |    4442408806 |    4306378323 |    4365830252 |    4168120277 |    4258846345 |    4230299365 |    4110634907 |    4063355545 |    4093770298 |    4219782154 |    4069673104 |    4034873287 |    4122731696 |    4121956067 |    4172082838 |    4056940471 |    4110755812 |    4124767975 |    4062975146 |    4328289836 |    4323953249 |    4285973272 |    4380593728 |    4277257440 |    4481206832 |    4395771405 |    4419881678 |    4332620371 |    4295353045 |    4390371858 |    4258112673 |    4285395523 |    4340902390 |    4266318982 |    4249090727 |    4325408071 |    4430909199 |    4223421634 |    4266060381 |    4337540093 |    4454136371 |    4414389679 |    4403514551 |    4665614320 |    4743314621 |    4716844762 |    4686408825 |    4602064845 |    4758733754 |    4756756035 |    4592518280 |    4582893655 |    4678023531 |    4618391256 |    4611459224 |    4657354572 |    4655950981 |    4603171861 |    4585714984 |    4721067589 |    4798342143 |    4683203754 |    4790752632 |    4731393691 |    4809311448 |    4775597539 |    4813369645 |    4771805656 |    4740239747 |    4722880114 |    4794687142 |    4862633069 |    4767492472 |    4774067459 |    4677274996 |    4747451320 |    4851922251 |    4758875900 |    4764818539 |    4757524991 |    4927086249 |    4812818013 |    4806432743 |    4726672870 |    4850539976 |    4817593939 |    4873008821 |    4832143417 |    4925554739 |    4920574720 |    4833376515 |    3141685732 |    3158762888 |    3164611457 |    3200532753 |    3103487719 |    3212118185 |    3169946480 |    3186102251 |    3441896021 |    3477286354 |    3438115244 |    3515660711 |    3471252609 |    3544882661 |    3527872467 |    3539548514 |    3248551317 |    3239055402 |    3314563161 |    3334477815 |    3267641896 |    3315197956 |    3373459794 |    3326753621 |    3451519594 |    3469857600 |    3463147737 |    3499235496 |    3454473076 |    3505347333 |    3413046004 |    3493888067 |    3623520146 |    3673375241 |    3645164421 |    3703189322 |    3691091777 |    3754211200 |    3744473794 |    3776056985 |    4097086841 |    4024950274 |    4073786493 |    4178078923 |    4203102931 |    4329854769 |    4180229888 |    3465994783 |
+-----------------------------+---------+---------------+---------------+---------------+---------------+---------------+---------------+---------------+---------------+---------------+---------------+---------------+---------------+---------------+---------------+---------------+---------------+---------------+---------------+---------------+---------------+---------------+---------------+---------------+---------------+---------------+---------------+---------------+---------------+---------------+---------------+---------------+---------------+---------------+---------------+---------------+---------------+---------------+---------------+---------------+---------------+---------------+---------------+---------------+---------------+---------------+---------------+---------------+---------------+---------------+---------------+---------------+---------------+---------------+---------------+---------------+---------------+---------------+---------------+---------------+---------------+---------------+---------------+---------------+---------------+---------------+---------------+---------------+---------------+---------------+---------------+---------------+---------------+---------------+---------------+---------------+---------------+---------------+---------------+---------------+---------------+---------------+---------------+---------------+---------------+---------------+---------------+---------------+---------------+---------------+---------------+---------------+---------------+---------------+---------------+---------------+---------------+---------------+---------------+---------------+---------------+---------------+---------------+---------------+---------------+---------------+---------------+---------------+---------------+---------------+---------------+---------------+---------------+---------------+---------------+---------------+---------------+---------------+---------------+---------------+---------------+---------------+---------------+---------------+---------------+---------------+---------------+---------------+---------------+---------------+---------------+---------------+---------------+---------------+---------------+---------------+---------------+---------------+---------------+---------------+---------------+---------------+---------------+---------------+---------------+

+----------------------------------+---------+-----------------+---------------+---------------+--------------+
|               Event              | Counter |       Sum       |      Min      |      Max      |      Avg     |
+----------------------------------+---------+-----------------+---------------+---------------+--------------+
|       ACTUAL_CPU_CLOCK STAT      |  FIXC1  | 429966041691544 | 1834713378146 | 3517348339473 | 2.985875e+12 |
|        MAX_CPU_CLOCK STAT        |  FIXC2  | 313022261354582 | 1574552351632 | 2483821393872 | 2.173766e+12 |
|     RETIRED_INSTRUCTIONS STAT    |   PMC0  | 322852522590913 | 2080566335414 | 2960977963694 | 2.242031e+12 |
|     CPU_CLOCKS_UNHALTED STAT     |   PMC1  | 395050882193294 | 1721051652678 | 3287491693090 | 2.743409e+12 |
|       L2_PF_HIT_IN_L3 STAT       |   PMC2  |    282069783410 |    1515853392 |   16242473682 | 1.958818e+09 |
|       L2_PF_MISS_IN_L3 STAT      |   PMC3  |    967833616839 |    5051801745 |   53703569684 | 6.721067e+09 |
| L2_CACHE_MISS_AFTER_L1_MISS STAT |   PMC4  |    603898463838 |    3103487719 |    5560861779 | 4.193739e+09 |
+----------------------------------+---------+-----------------+---------------+---------------+--------------+

+-------------------------+------------+------------+------------+------------+------------+------------+------------+------------+------------+------------+-------------+-------------+-------------+-------------+-------------+-------------+-------------+-------------+-------------+-------------+-------------+-------------+-------------+-------------+-------------+-------------+-------------+-------------+-------------+-------------+-------------+-------------+-------------+-------------+-------------+-------------+-------------+-------------+-------------+-------------+-------------+-------------+-------------+-------------+-------------+-------------+-------------+-------------+-------------+-------------+-------------+-------------+-------------+-------------+-------------+-------------+-------------+-------------+-------------+-------------+-------------+-------------+-------------+-------------+-------------+-------------+-------------+-------------+-------------+-------------+-------------+-------------+-------------+-------------+-------------+-------------+-------------+-------------+-------------+-------------+-------------+-------------+-------------+-------------+-------------+-------------+-------------+-------------+-------------+-------------+-------------+-------------+-------------+-------------+-------------+-------------+-------------+-------------+-------------+-------------+--------------+--------------+--------------+--------------+--------------+--------------+--------------+--------------+--------------+--------------+--------------+--------------+--------------+--------------+--------------+--------------+--------------+--------------+--------------+--------------+--------------+--------------+--------------+--------------+--------------+--------------+--------------+--------------+--------------+--------------+--------------+--------------+--------------+--------------+--------------+--------------+--------------+--------------+--------------+--------------+--------------+--------------+--------------+--------------+
|          Metric         | HWThread 0 | HWThread 1 | HWThread 2 | HWThread 3 | HWThread 4 | HWThread 5 | HWThread 6 | HWThread 7 | HWThread 8 | HWThread 9 | HWThread 10 | HWThread 11 | HWThread 12 | HWThread 13 | HWThread 14 | HWThread 15 | HWThread 16 | HWThread 17 | HWThread 18 | HWThread 19 | HWThread 20 | HWThread 21 | HWThread 22 | HWThread 23 | HWThread 24 | HWThread 25 | HWThread 26 | HWThread 27 | HWThread 28 | HWThread 29 | HWThread 30 | HWThread 31 | HWThread 32 | HWThread 33 | HWThread 34 | HWThread 35 | HWThread 36 | HWThread 37 | HWThread 38 | HWThread 39 | HWThread 40 | HWThread 41 | HWThread 42 | HWThread 43 | HWThread 44 | HWThread 45 | HWThread 46 | HWThread 47 | HWThread 48 | HWThread 49 | HWThread 50 | HWThread 51 | HWThread 52 | HWThread 53 | HWThread 54 | HWThread 55 | HWThread 56 | HWThread 57 | HWThread 58 | HWThread 59 | HWThread 60 | HWThread 61 | HWThread 62 | HWThread 63 | HWThread 64 | HWThread 65 | HWThread 66 | HWThread 67 | HWThread 68 | HWThread 69 | HWThread 70 | HWThread 71 | HWThread 72 | HWThread 73 | HWThread 74 | HWThread 75 | HWThread 76 | HWThread 77 | HWThread 78 | HWThread 79 | HWThread 80 | HWThread 81 | HWThread 82 | HWThread 83 | HWThread 84 | HWThread 85 | HWThread 86 | HWThread 87 | HWThread 88 | HWThread 89 | HWThread 90 | HWThread 91 | HWThread 92 | HWThread 93 | HWThread 94 | HWThread 95 | HWThread 96 | HWThread 97 | HWThread 98 | HWThread 99 | HWThread 100 | HWThread 101 | HWThread 102 | HWThread 103 | HWThread 104 | HWThread 105 | HWThread 106 | HWThread 107 | HWThread 108 | HWThread 109 | HWThread 110 | HWThread 111 | HWThread 112 | HWThread 113 | HWThread 114 | HWThread 115 | HWThread 116 | HWThread 117 | HWThread 118 | HWThread 119 | HWThread 120 | HWThread 121 | HWThread 122 | HWThread 123 | HWThread 124 | HWThread 125 | HWThread 126 | HWThread 127 | HWThread 128 | HWThread 129 | HWThread 130 | HWThread 131 | HWThread 132 | HWThread 133 | HWThread 134 | HWThread 135 | HWThread 136 | HWThread 137 | HWThread 138 | HWThread 139 | HWThread 140 | HWThread 141 | HWThread 142 | HWThread 143 |
+-------------------------+------------+------------+------------+------------+------------+------------+------------+------------+------------+------------+-------------+-------------+-------------+-------------+-------------+-------------+-------------+-------------+-------------+-------------+-------------+-------------+-------------+-------------+-------------+-------------+-------------+-------------+-------------+-------------+-------------+-------------+-------------+-------------+-------------+-------------+-------------+-------------+-------------+-------------+-------------+-------------+-------------+-------------+-------------+-------------+-------------+-------------+-------------+-------------+-------------+-------------+-------------+-------------+-------------+-------------+-------------+-------------+-------------+-------------+-------------+-------------+-------------+-------------+-------------+-------------+-------------+-------------+-------------+-------------+-------------+-------------+-------------+-------------+-------------+-------------+-------------+-------------+-------------+-------------+-------------+-------------+-------------+-------------+-------------+-------------+-------------+-------------+-------------+-------------+-------------+-------------+-------------+-------------+-------------+-------------+-------------+-------------+-------------+-------------+--------------+--------------+--------------+--------------+--------------+--------------+--------------+--------------+--------------+--------------+--------------+--------------+--------------+--------------+--------------+--------------+--------------+--------------+--------------+--------------+--------------+--------------+--------------+--------------+--------------+--------------+--------------+--------------+--------------+--------------+--------------+--------------+--------------+--------------+--------------+--------------+--------------+--------------+--------------+--------------+--------------+--------------+--------------+--------------+
|   Runtime (RDTSC) [s]   |  1143.8885 |  1143.8885 |  1143.8885 |  1143.8885 |  1143.8885 |  1143.8885 |  1143.8885 |  1143.8885 |  1143.8885 |  1143.8885 |   1143.8885 |   1143.8885 |   1143.8885 |   1143.8885 |   1143.8885 |   1143.8885 |   1143.8885 |   1143.8885 |   1143.8885 |   1143.8885 |   1143.8885 |   1143.8885 |   1143.8885 |   1143.8885 |   1143.8885 |   1143.8885 |   1143.8885 |   1143.8885 |   1143.8885 |   1143.8885 |   1143.8885 |   1143.8885 |   1143.8885 |   1143.8885 |   1143.8885 |   1143.8885 |   1143.8885 |   1143.8885 |   1143.8885 |   1143.8885 |   1143.8885 |   1143.8885 |   1143.8885 |   1143.8885 |   1143.8885 |   1143.8885 |   1143.8885 |   1143.8885 |   1143.8885 |   1143.8885 |   1143.8885 |   1143.8885 |   1143.8885 |   1143.8885 |   1143.8885 |   1143.8885 |   1143.8885 |   1143.8885 |   1143.8885 |   1143.8885 |   1143.8885 |   1143.8885 |   1143.8885 |   1143.8885 |   1143.8885 |   1143.8885 |   1143.8885 |   1143.8885 |   1143.8885 |   1143.8885 |   1143.8885 |   1143.8885 |   1143.8885 |   1143.8885 |   1143.8885 |   1143.8885 |   1143.8885 |   1143.8885 |   1143.8885 |   1143.8885 |   1143.8885 |   1143.8885 |   1143.8885 |   1143.8885 |   1143.8885 |   1143.8885 |   1143.8885 |   1143.8885 |   1143.8885 |   1143.8885 |   1143.8885 |   1143.8885 |   1143.8885 |   1143.8885 |   1143.8885 |   1143.8885 |   1143.8885 |   1143.8885 |   1143.8885 |   1143.8885 |    1143.8885 |    1143.8885 |    1143.8885 |    1143.8885 |    1143.8885 |    1143.8885 |    1143.8885 |    1143.8885 |    1143.8885 |    1143.8885 |    1143.8885 |    1143.8885 |    1143.8885 |    1143.8885 |    1143.8885 |    1143.8885 |    1143.8885 |    1143.8885 |    1143.8885 |    1143.8885 |    1143.8885 |    1143.8885 |    1143.8885 |    1143.8885 |    1143.8885 |    1143.8885 |    1143.8885 |    1143.8885 |    1143.8885 |    1143.8885 |    1143.8885 |    1143.8885 |    1143.8885 |    1143.8885 |    1143.8885 |    1143.8885 |    1143.8885 |    1143.8885 |    1143.8885 |    1143.8885 |    1143.8885 |    1143.8885 |    1143.8885 |    1143.8885 |
|   Runtime unhalted [s]  |  1276.0974 |   796.0525 |   744.6938 |   748.1616 |   737.1528 |   745.1547 |   747.1531 |   737.6654 |   723.0744 |   712.3232 |    711.5253 |    705.6929 |    713.0954 |    719.6561 |    709.7473 |    724.0906 |    732.4622 |    727.1561 |    728.4425 |    740.1417 |    748.7595 |    742.5103 |    746.3946 |    752.2798 |    993.6988 |    985.5920 |    991.1456 |    999.8861 |   1003.0547 |   1017.3491 |   1020.1157 |   1029.6805 |    906.3754 |    892.5534 |    880.7373 |    893.9180 |    923.8113 |    952.0079 |    933.3748 |    945.5462 |    943.4770 |    926.9802 |    912.8960 |    930.8949 |    948.1028 |    924.8779 |    958.9664 |    971.3244 |   1235.8787 |   1232.3602 |   1233.4877 |   1239.3365 |   1240.7962 |   1242.3032 |   1246.5058 |   1249.1586 |   1215.1134 |   1217.8694 |   1222.4979 |   1223.2847 |   1216.3821 |   1229.6624 |   1225.0939 |   1232.9379 |   1221.7193 |   1216.2107 |   1223.2540 |   1221.6106 |   1230.3848 |   1235.1899 |   1234.5754 |   1237.1156 |   1265.5663 |   1261.2474 |   1268.2335 |   1263.2398 |   1265.1435 |   1270.1619 |   1268.7538 |   1271.3503 |   1245.4646 |   1250.2977 |   1246.0904 |   1249.9705 |   1254.6610 |   1255.2316 |   1252.1208 |   1254.2354 |   1258.8393 |   1254.1222 |   1259.9208 |   1260.5372 |   1261.6090 |   1261.3434 |   1261.7029 |   1265.8647 |   1349.1823 |   1349.1652 |   1348.2246 |   1345.0786 |    1343.1525 |    1344.1122 |    1341.3774 |    1343.9110 |    1344.9399 |    1344.1985 |    1350.7830 |    1345.6506 |    1352.8912 |    1342.1957 |    1341.0168 |    1348.8803 |    1346.9235 |    1350.9215 |    1345.8846 |    1341.2724 |    1344.4734 |    1344.4370 |    1346.9129 |    1342.4061 |    1347.2661 |    1342.4177 |    1348.8104 |    1341.2368 |    1346.2377 |    1351.3805 |    1343.4571 |    1342.0984 |    1349.6527 |    1344.3185 |    1346.7546 |    1344.2287 |    1346.4525 |    1344.6427 |    1352.3853 |    1349.2198 |    1343.9051 |    1345.4837 |    1347.4983 |    1351.9864 |    1352.6946 |    1342.3386 |    1347.2693 |    1305.4777 |
|       Clock [MHz]       |  3598.6470 |  3174.2257 |  3062.8849 |  3063.4857 |  3054.3363 |  3056.4626 |  3055.0775 |  3059.3866 |  3039.4019 |  3009.0045 |   3016.8250 |   3029.4489 |   3039.6869 |   3052.0612 |   3034.7847 |   3063.9084 |   3069.6630 |   3065.5684 |   3067.5753 |   3069.5871 |   3075.2956 |   3080.9846 |   3090.8525 |   3119.2216 |   3543.0190 |   3534.3127 |   3526.9685 |   3547.2324 |   3554.7062 |   3559.4106 |   3568.8166 |   3569.4634 |   3369.5722 |   3331.7090 |   3318.5790 |   3343.7774 |   3415.5941 |   3463.8133 |   3415.5842 |   3431.2748 |   3430.6918 |   3399.3386 |   3394.2952 |   3402.5631 |   3450.1855 |   3395.5006 |   3448.7434 |   3477.5185 |   3669.4618 |   3671.6525 |   3670.9200 |   3667.2203 |   3672.8741 |   3673.4311 |   3669.5663 |   3669.2952 |   3669.6075 |   3668.7524 |   3657.3828 |   3662.6035 |   3671.0018 |   3660.9699 |   3670.8063 |   3662.5338 |   3659.2642 |   3659.7664 |   3652.5760 |   3660.8067 |   3654.3870 |   3649.9295 |   3653.9351 |   3654.2278 |   3658.4352 |   3660.0855 |   3655.1794 |   3659.2523 |   3657.1723 |   3656.9501 |   3657.2239 |   3658.3066 |   3663.3747 |   3654.7328 |   3657.9291 |   3657.7139 |   3655.8037 |   3657.3071 |   3662.6959 |   3660.8658 |   3657.0118 |   3666.5273 |   3657.7121 |   3660.3254 |   3662.0106 |   3664.6250 |   3663.7132 |   3660.6309 |   3685.8315 |   3686.7484 |   3687.4916 |   3691.8895 |    3693.5990 |    3692.1773 |    3695.9461 |    3692.4254 |    3691.3949 |    3692.3079 |    3684.2583 |    3690.3004 |    3681.6926 |    3694.7757 |    3696.1455 |    3686.7509 |    3689.2216 |    3684.9413 |    3690.0410 |    3696.0960 |    3692.1318 |    3692.0409 |    3689.5209 |    3694.5518 |    3688.7949 |    3694.6325 |    3687.1103 |    3696.0186 |    3690.0426 |    3684.4710 |    3693.4179 |    3695.1563 |    3685.9157 |    3692.6104 |    3689.6999 |    3691.9603 |    3689.8518 |    3691.4722 |    3681.7905 |    3685.7682 |    3693.0071 |    3691.1789 |    3688.7031 |    3683.6596 |    3683.4153 |    3694.9508 |    3689.2352 |    3688.6877 |
|           CPI           |     0.9341 |     0.8465 |     0.7980 |     0.8008 |     0.7938 |     0.7969 |     0.7991 |     0.7946 |     0.7723 |     0.7628 |      0.7634 |      0.7641 |      0.7700 |      0.7771 |      0.7684 |      0.7815 |      0.7890 |      0.7862 |      0.7871 |      0.7941 |      0.7978 |      0.7981 |      0.8024 |      0.8133 |      1.0467 |      1.0432 |      1.0461 |      1.0557 |      1.0583 |      1.0692 |      1.0741 |      1.0808 |      0.9584 |      0.9420 |      0.9340 |      0.9460 |      0.9784 |      1.0033 |      0.9844 |      0.9945 |      0.9960 |      0.9828 |      0.9745 |      0.9854 |      1.0041 |      0.9797 |      1.0107 |      1.0245 |      1.2766 |      1.2743 |      1.2766 |      1.2767 |      1.2864 |      1.2889 |      1.2916 |      1.2939 |      1.2607 |      1.2578 |      1.2635 |      1.2650 |      1.2631 |      1.2714 |      1.2721 |      1.2757 |      1.2754 |      1.2738 |      1.2791 |      1.2812 |      1.2860 |      1.2884 |      1.2897 |      1.2929 |      1.3185 |      1.3162 |      1.3255 |      1.3206 |      1.3211 |      1.3256 |      1.3265 |      1.3288 |      1.3033 |      1.3051 |      1.3021 |      1.3021 |      1.3086 |      1.3078 |      1.3064 |      1.3118 |      1.3173 |      1.3190 |      1.3208 |      1.3224 |      1.3228 |      1.3224 |      1.3257 |      1.3270 |      1.4731 |      1.4736 |      1.4724 |      1.4731 |       1.4703 |       1.4743 |       1.4732 |       1.4749 |       1.4638 |       1.4651 |       1.4659 |       1.4659 |       1.4672 |       1.4647 |       1.4603 |       1.4669 |       1.4734 |       1.4747 |       1.4724 |       1.4710 |       1.4729 |       1.4739 |       1.4734 |       1.4727 |       1.4885 |       1.4875 |       1.4906 |       1.4879 |       1.4890 |       1.4909 |       1.4884 |       1.4873 |       1.4825 |       1.4805 |       1.4816 |       1.4805 |       1.4826 |       1.4868 |       1.4889 |       1.4884 |       1.4854 |       1.4929 |       1.4913 |       1.4939 |       1.4924 |       1.4917 |       1.5064 |       1.5196 |
| L3 bandwidth [MBytes/s] |  4224.5744 |   638.2340 |   643.6249 |   645.7093 |   631.1237 |   658.9407 |   636.3173 |   635.5717 |   636.5410 |   635.8823 |    660.9042 |    631.5215 |    627.6763 |    628.6522 |    649.5462 |    630.8693 |    623.2131 |    628.1126 |    637.5990 |    653.8178 |    634.5889 |    635.6128 |    635.7829 |    625.2788 |    629.0778 |    624.5060 |    630.0560 |    644.1297 |    630.5582 |    667.1162 |    644.8812 |    636.7222 |    640.9001 |    643.6550 |    680.1693 |    647.0451 |    646.6493 |    656.5585 |    647.7073 |    648.5022 |    638.2624 |    627.1504 |    620.6417 |    628.6978 |    632.4478 |    637.0430 |    642.2234 |    641.3714 |    680.8692 |    688.2708 |    691.4016 |    689.7961 |    678.9093 |    681.3451 |    689.0652 |    679.7108 |    693.0107 |    706.5225 |    705.5217 |    696.7646 |    698.9383 |    699.8493 |    690.4911 |    695.6725 |    690.4048 |    698.7381 |    690.1632 |    697.8435 |    690.5921 |    697.6795 |    694.9110 |    703.0817 |    714.1588 |    699.8989 |    706.0689 |    700.0522 |    707.0272 |    699.9488 |    710.8276 |    703.5265 |    715.9106 |    726.3940 |    718.3576 |    714.7889 |    718.3746 |    744.2171 |    721.4005 |    720.6750 |    708.3764 |    705.5615 |    714.5532 |    717.5615 |    710.9044 |    718.8360 |    718.5724 |    720.9615 |    733.5868 |    731.1232 |    735.0958 |    729.2080 |     726.1376 |     733.1501 |     726.5842 |     728.7124 |     735.1961 |     733.1293 |     739.5451 |     740.7627 |     746.0477 |     741.8759 |     740.6755 |     749.3314 |     743.1081 |     739.0214 |     742.3108 |     738.7940 |     735.1156 |     739.8925 |     745.2322 |     743.1233 |     746.9661 |     742.9181 |     748.2994 |     744.7307 |     746.7965 |     751.3499 |     741.5318 |     742.9815 |     751.5995 |     750.6905 |     752.7217 |     753.0339 |     756.0214 |     756.5903 |     764.0191 |     765.9198 |     762.4751 |     755.7426 |     761.2970 |     770.5888 |     773.5400 |     768.9689 |     746.7553 |     624.7373 |
| L3 data volume [GBytes] |  4832.4419 |   730.0685 |   736.2351 |   738.6194 |   721.9351 |   753.7547 |   727.8760 |   727.0232 |   728.1319 |   727.3785 |    756.0006 |    722.3902 |    717.9917 |    719.1080 |    743.0084 |    721.6441 |    712.8863 |    718.4908 |    729.3422 |    747.8946 |    725.8989 |    727.0701 |    727.2648 |    715.2492 |    719.5949 |    714.3652 |    720.7138 |    736.8126 |    721.2882 |    763.1065 |    737.6722 |    728.3391 |    733.1182 |    736.2695 |    778.0378 |    740.1474 |    739.6946 |    751.0297 |    740.9049 |    741.8142 |    730.1010 |    717.3901 |    709.9449 |    719.1602 |    723.4497 |    728.7062 |    734.6319 |    733.6573 |    778.8384 |    787.3050 |    790.8863 |    789.0498 |    776.5965 |    779.3827 |    788.2137 |    777.5134 |    792.7269 |    808.1829 |    807.0381 |    797.0209 |    799.5075 |    800.5496 |    789.8448 |    795.7717 |    789.7461 |    799.2784 |    789.4697 |    798.2552 |    789.9603 |    798.0675 |    794.9006 |    804.2471 |    816.9180 |    800.6062 |    807.6641 |    800.7817 |    808.7603 |    800.6633 |    813.1075 |    804.7558 |    818.9219 |    830.9137 |    821.7209 |    817.6388 |    821.7404 |    851.3014 |    825.2017 |    824.3718 |    810.3036 |    807.0837 |    817.3692 |    820.8103 |    813.1953 |    822.2682 |    821.9667 |    824.6996 |    839.1414 |    836.3233 |    840.8676 |    834.1326 |     830.6204 |     838.6420 |     831.1313 |     833.5657 |     840.9823 |     838.6181 |     845.9571 |     847.3499 |     853.3954 |     848.6233 |     847.2501 |     857.1515 |     850.0328 |     845.3580 |     849.1208 |     845.0979 |     840.8902 |     846.3545 |     852.4625 |     850.0502 |     854.4459 |     849.8154 |     855.9711 |     851.8888 |     854.2519 |     859.4605 |     848.2297 |     849.8879 |     859.7460 |     858.7062 |     861.0297 |     861.3868 |     864.8042 |     865.4549 |     873.9526 |     876.1268 |     872.1864 |     864.4852 |     870.8389 |     881.4676 |     884.8435 |     879.6147 |     854.2047 |     714.6297 |
+-------------------------+------------+------------+------------+------------+------------+------------+------------+------------+------------+------------+-------------+-------------+-------------+-------------+-------------+-------------+-------------+-------------+-------------+-------------+-------------+-------------+-------------+-------------+-------------+-------------+-------------+-------------+-------------+-------------+-------------+-------------+-------------+-------------+-------------+-------------+-------------+-------------+-------------+-------------+-------------+-------------+-------------+-------------+-------------+-------------+-------------+-------------+-------------+-------------+-------------+-------------+-------------+-------------+-------------+-------------+-------------+-------------+-------------+-------------+-------------+-------------+-------------+-------------+-------------+-------------+-------------+-------------+-------------+-------------+-------------+-------------+-------------+-------------+-------------+-------------+-------------+-------------+-------------+-------------+-------------+-------------+-------------+-------------+-------------+-------------+-------------+-------------+-------------+-------------+-------------+-------------+-------------+-------------+-------------+-------------+-------------+-------------+-------------+-------------+--------------+--------------+--------------+--------------+--------------+--------------+--------------+--------------+--------------+--------------+--------------+--------------+--------------+--------------+--------------+--------------+--------------+--------------+--------------+--------------+--------------+--------------+--------------+--------------+--------------+--------------+--------------+--------------+--------------+--------------+--------------+--------------+--------------+--------------+--------------+--------------+--------------+--------------+--------------+--------------+--------------+--------------+--------------+--------------+

+------------------------------+-------------+-----------+-----------+-----------+
|            Metric            |     Sum     |    Min    |    Max    |    Avg    |
+------------------------------+-------------+-----------+-----------+-----------+
|   Runtime (RDTSC) [s] STAT   | 164719.9440 | 1143.8885 | 1143.8885 | 1143.8885 |
|   Runtime unhalted [s] STAT  | 165379.4909 |  705.6929 | 1352.8912 | 1148.4687 |
|       Clock [MHz] STAT       | 509823.4337 | 3009.0045 | 3696.1455 | 3540.4405 |
|           CPI STAT           |    176.5770 |    0.7628 |    1.5196 |    1.2262 |
| L3 bandwidth [MBytes/s] STAT | 103719.3086 |  620.6417 | 4224.5744 |  720.2730 |
| L3 data volume [GBytes] STAT | 118643.3195 |  709.9449 | 4832.4419 |  823.9119 |
+------------------------------+-------------+-----------+-----------+-----------+

