INFO: You are running LIKWID in a cpuset with 160 CPUs. Taking given IDs as logical ID in cpuset
--------------------------------------------------------------------------------
CPU name:	AMD EPYC 9A14 96-Core Processor                
CPU type:	AMD K19 (Zen4) architecture
CPU clock:	2.60 GHz
--------------------------------------------------------------------------------
Use symmetry. Molecule point group: C2v
Norb: 24   Ne: (5, 5)
Running RHF...
converged SCF energy = -76.0267607337663
Running FCI ...
Guessing CI wfn symmetry = 0
Num symmetry allowed elements 451681246
tol 1e-10  toloose 1e-05
max_cycle 100  max_space 12  max_memory 760541  incore True
    CPU time for contract_2e  10053.39 sec, wall time     76.19 sec
davidson 0 1  |r|= 0.999  e= [-85.21409431]  max|de|= -85.2  lindep=    1
    CPU time for contract_2e  10135.03 sec, wall time     77.78 sec
davidson 1 2  |r|= 0.336  e= [-85.41295423]  max|de|= -0.199  lindep= 0.992
    CPU time for contract_2e  10212.38 sec, wall time     79.88 sec
davidson 2 3  |r|= 0.0993  e= [-85.4295567]  max|de|= -0.0166  lindep= 0.982
    CPU time for contract_2e  10146.78 sec, wall time     80.57 sec
davidson 3 4  |r|= 0.0324  e= [-85.43094102]  max|de|= -0.00138  lindep= 0.955
    CPU time for contract_2e  10082.42 sec, wall time     81.48 sec
davidson 4 5  |r|= 0.0129  e= [-85.43110245]  max|de|= -0.000161  lindep= 0.911
    CPU time for contract_2e  10095.79 sec, wall time     83.24 sec
davidson 5 6  |r|= 0.00436  e= [-85.43112741]  max|de|= -2.5e-05  lindep= 0.833
    CPU time for contract_2e  10067.33 sec, wall time     84.55 sec
davidson 6 7  |r|= 0.00169  e= [-85.43113026]  max|de|= -2.84e-06  lindep= 0.932
    CPU time for contract_2e  10150.52 sec, wall time     86.96 sec
davidson 7 8  |r|= 0.000705  e= [-85.4311307]  max|de|= -4.44e-07  lindep= 0.849
    CPU time for contract_2e  10182.32 sec, wall time     88.75 sec
davidson 8 9  |r|= 0.000319  e= [-85.43113078]  max|de|= -8.55e-08  lindep= 0.895
    CPU time for contract_2e  10118.52 sec, wall time     90.06 sec
davidson 9 10  |r|= 0.000127  e= [-85.4311308]  max|de|= -1.57e-08  lindep= 0.804
    CPU time for contract_2e  10076.10 sec, wall time     91.38 sec
davidson 10 11  |r|= 4.77e-05  e= [-85.4311308]  max|de|= -2.31e-09  lindep= 0.878
    CPU time for contract_2e  10120.80 sec, wall time     93.30 sec
davidson 11 12  |r|= 1.71e-05  e= [-85.4311308]  max|de|= -2.93e-10  lindep= 0.87
    CPU time for contract_2e  10157.77 sec, wall time     96.08 sec
davidson 12 1  |r|= 1.71e-05  e= [-85.4311308]  max|de|= 3.23e-12  lindep=    1
    CPU time for contract_2e  10015.71 sec, wall time     75.97 sec
root 0 converged  |r|= 6.26e-06  e= -85.43113080323187  max|de|= -3.29e-11
converged 13 2  |r|= 6.26e-06  e= [-85.4311308]  max|de|= -3.29e-11
--------------------------------------------------------------------------------
Group 1: L3
+-----------------------------+---------+---------------+---------------+---------------+---------------+---------------+---------------+---------------+---------------+---------------+---------------+---------------+---------------+---------------+---------------+---------------+---------------+---------------+---------------+---------------+---------------+---------------+---------------+---------------+---------------+---------------+---------------+---------------+---------------+---------------+---------------+---------------+---------------+---------------+---------------+---------------+---------------+---------------+---------------+---------------+---------------+---------------+---------------+---------------+---------------+---------------+---------------+---------------+---------------+---------------+---------------+---------------+---------------+---------------+---------------+---------------+---------------+---------------+---------------+---------------+---------------+---------------+---------------+---------------+---------------+---------------+---------------+---------------+---------------+---------------+---------------+---------------+---------------+---------------+---------------+---------------+---------------+---------------+---------------+---------------+---------------+---------------+---------------+---------------+---------------+---------------+---------------+---------------+---------------+---------------+---------------+---------------+---------------+---------------+---------------+---------------+---------------+---------------+---------------+---------------+---------------+---------------+---------------+---------------+---------------+---------------+---------------+---------------+---------------+---------------+---------------+---------------+---------------+---------------+---------------+---------------+---------------+---------------+---------------+---------------+---------------+---------------+---------------+---------------+---------------+---------------+---------------+---------------+---------------+---------------+---------------+---------------+---------------+---------------+---------------+---------------+---------------+---------------+---------------+---------------+---------------+---------------+---------------+---------------+---------------+---------------+---------------+---------------+---------------+---------------+---------------+---------------+---------------+---------------+---------------+---------------+---------------+---------------+---------------+---------------+---------------+
|            Event            | Counter |   HWThread 0  |   HWThread 1  |   HWThread 2  |   HWThread 3  |   HWThread 4  |   HWThread 5  |   HWThread 6  |   HWThread 7  |   HWThread 8  |   HWThread 9  |  HWThread 10  |  HWThread 11  |  HWThread 12  |  HWThread 13  |  HWThread 14  |  HWThread 15  |  HWThread 16  |  HWThread 17  |  HWThread 18  |  HWThread 19  |  HWThread 20  |  HWThread 21  |  HWThread 22  |  HWThread 23  |  HWThread 24  |  HWThread 25  |  HWThread 26  |  HWThread 27  |  HWThread 28  |  HWThread 29  |  HWThread 30  |  HWThread 31  |  HWThread 32  |  HWThread 33  |  HWThread 34  |  HWThread 35  |  HWThread 36  |  HWThread 37  |  HWThread 38  |  HWThread 39  |  HWThread 40  |  HWThread 41  |  HWThread 42  |  HWThread 43  |  HWThread 44  |  HWThread 45  |  HWThread 46  |  HWThread 47  |  HWThread 48  |  HWThread 49  |  HWThread 50  |  HWThread 51  |  HWThread 52  |  HWThread 53  |  HWThread 54  |  HWThread 55  |  HWThread 56  |  HWThread 57  |  HWThread 58  |  HWThread 59  |  HWThread 60  |  HWThread 61  |  HWThread 62  |  HWThread 63  |  HWThread 64  |  HWThread 65  |  HWThread 66  |  HWThread 67  |  HWThread 68  |  HWThread 69  |  HWThread 70  |  HWThread 71  |  HWThread 72  |  HWThread 73  |  HWThread 74  |  HWThread 75  |  HWThread 76  |  HWThread 77  |  HWThread 78  |  HWThread 79  |  HWThread 80  |  HWThread 81  |  HWThread 82  |  HWThread 83  |  HWThread 84  |  HWThread 85  |  HWThread 86  |  HWThread 87  |  HWThread 88  |  HWThread 89  |  HWThread 90  |  HWThread 91  |  HWThread 92  |  HWThread 93  |  HWThread 94  |  HWThread 95  |  HWThread 96  |  HWThread 97  |  HWThread 98  |  HWThread 99  |  HWThread 100 |  HWThread 101 |  HWThread 102 |  HWThread 103 |  HWThread 104 |  HWThread 105 |  HWThread 106 |  HWThread 107 |  HWThread 108 |  HWThread 109 |  HWThread 110 |  HWThread 111 |  HWThread 112 |  HWThread 113 |  HWThread 114 |  HWThread 115 |  HWThread 116 |  HWThread 117 |  HWThread 118 |  HWThread 119 |  HWThread 120 |  HWThread 121 |  HWThread 122 |  HWThread 123 |  HWThread 124 |  HWThread 125 |  HWThread 126 |  HWThread 127 |  HWThread 128 |  HWThread 129 |  HWThread 130 |  HWThread 131 |  HWThread 132 |  HWThread 133 |  HWThread 134 |  HWThread 135 |  HWThread 136 |  HWThread 137 |  HWThread 138 |  HWThread 139 |  HWThread 140 |  HWThread 141 |  HWThread 142 |  HWThread 143 |  HWThread 144 |  HWThread 145 |  HWThread 146 |  HWThread 147 |  HWThread 148 |  HWThread 149 |  HWThread 150 |  HWThread 151 |  HWThread 152 |  HWThread 153 |  HWThread 154 |  HWThread 155 |  HWThread 156 |  HWThread 157 |  HWThread 158 |  HWThread 159 |
+-----------------------------+---------+---------------+---------------+---------------+---------------+---------------+---------------+---------------+---------------+---------------+---------------+---------------+---------------+---------------+---------------+---------------+---------------+---------------+---------------+---------------+---------------+---------------+---------------+---------------+---------------+---------------+---------------+---------------+---------------+---------------+---------------+---------------+---------------+---------------+---------------+---------------+---------------+---------------+---------------+---------------+---------------+---------------+---------------+---------------+---------------+---------------+---------------+---------------+---------------+---------------+---------------+---------------+---------------+---------------+---------------+---------------+---------------+---------------+---------------+---------------+---------------+---------------+---------------+---------------+---------------+---------------+---------------+---------------+---------------+---------------+---------------+---------------+---------------+---------------+---------------+---------------+---------------+---------------+---------------+---------------+---------------+---------------+---------------+---------------+---------------+---------------+---------------+---------------+---------------+---------------+---------------+---------------+---------------+---------------+---------------+---------------+---------------+---------------+---------------+---------------+---------------+---------------+---------------+---------------+---------------+---------------+---------------+---------------+---------------+---------------+---------------+---------------+---------------+---------------+---------------+---------------+---------------+---------------+---------------+---------------+---------------+---------------+---------------+---------------+---------------+---------------+---------------+---------------+---------------+---------------+---------------+---------------+---------------+---------------+---------------+---------------+---------------+---------------+---------------+---------------+---------------+---------------+---------------+---------------+---------------+---------------+---------------+---------------+---------------+---------------+---------------+---------------+---------------+---------------+---------------+---------------+---------------+---------------+---------------+---------------+---------------+
|       ACTUAL_CPU_CLOCK      |  FIXC1  | 4202007214368 | 3403980444894 | 3380851216106 | 3403919502315 | 3405483535376 | 3397878149766 | 3407895972269 | 3410025519113 | 3303961438803 | 3283603503471 | 3284136599891 | 3308868476155 | 3303816647287 | 3294533225104 | 3315340240559 | 3320149207088 | 3231823783550 | 3222670397772 | 3218212523173 | 3249214898305 | 3254587503714 | 3259717689338 | 3272076751631 | 3275819371416 | 3362656441500 | 3355795203698 | 3361727736342 | 3350259868450 | 3374827590285 | 3378248763645 | 3376029774115 | 3388415596807 | 3296190944431 | 3301544351348 | 3316310548003 | 3319672592302 | 3303119647370 | 3313351169783 | 3331315789363 | 3332307474103 | 3319345963296 | 3326884808034 | 3307374919617 | 3321350680657 | 3343682607724 | 3339375307547 | 3351383124664 | 3351866862131 | 2186896981915 | 1921094779217 | 1862588549780 | 1861402106272 | 1900333896652 | 1860749396669 | 1866271197202 | 1908943365345 | 1868858871395 | 1851377161416 | 1868504083761 | 1848654905502 | 1879473277689 | 1876412632974 | 1867800971334 | 1886336979035 | 1939644103028 | 1936231345211 | 1911658452292 | 1948158818004 | 1938368475776 | 1957731620913 | 1969102455558 | 2017247184154 | 2769782493368 | 2690172417074 | 2686685973341 | 2750390013188 | 2771456035345 | 2789536040237 | 2803000208625 | 2836852551533 | 2455470984744 | 2442740428224 | 2414082897917 | 2463203426248 | 2488475543516 | 2489994427758 | 2540958785084 | 2523634830072 | 2655648526144 | 2625088549254 | 2590292727707 | 2593338716310 | 2648409242135 | 2656549507201 | 2700511148865 | 2736677808211 | 3726604257839 | 3721478882375 | 3710870852793 | 3734981513102 | 3722484901949 | 3724036203661 | 3711049670420 | 3707353591199 | 3732676276518 | 3718419503670 | 3721638346314 | 3735606212396 | 3718633650133 | 3722283804546 | 3719009835776 | 3719004562786 | 3744205210385 | 3724805491116 | 3727692715870 | 3718627111005 | 3709461162767 | 3709345843110 | 3708110699051 | 3712740458817 | 3734186670558 | 3714168889530 | 3709560063120 | 3708129619795 | 3708210027641 | 3711718409004 | 3713882575835 | 3730546154018 | 3725245268362 | 3726492779464 | 3715455336992 | 3709875245413 | 3728907689805 | 3718861436569 | 3708326244385 | 3708096842042 | 3715792418120 | 3732030793159 | 3708873389791 | 3708140614905 | 3708248142394 | 3708206835378 | 3709555228921 | 3708150593531 | 3724556099067 | 3720243439305 | 3727974242031 | 3728051984641 | 3720015410650 | 3730979367924 | 3722471536046 | 3721096159615 | 3729827838391 | 3714806910704 | 3711896589454 | 3707104875195 | 3715978951971 | 3727650351102 | 3609883228544 | 3587950041504 |
|        MAX_CPU_CLOCK        |  FIXC2  | 2960288915090 | 2418529407502 | 2390445012280 | 2411648830292 | 2412595080922 | 2404426908962 | 2414182829604 | 2414355944494 | 2337748141300 | 2321547039084 | 2325196657550 | 2344185896286 | 2339397697052 | 2327331549504 | 2346715562074 | 2350117776292 | 2286799804978 | 2281641919882 | 2284022076440 | 2305506846838 | 2308345077220 | 2312124838920 | 2320961105762 | 2323456571670 | 2380265500392 | 2373738015766 | 2381875624986 | 2368391274340 | 2390978484180 | 2393922656658 | 2390032918832 | 2402122023964 | 2330804882952 | 2337671351418 | 2350474847396 | 2350963614948 | 2333533872436 | 2343297393034 | 2360756220342 | 2358093713196 | 2351087675300 | 2359289701028 | 2343188931850 | 2352810768880 | 2372566660152 | 2367919316126 | 2378270216218 | 2377390667418 | 1766882820482 | 1679142421294 | 1667256521684 | 1662539548618 | 1691105851734 | 1658759899446 | 1659355883016 | 1674453211470 | 1649351145234 | 1639271048038 | 1651373409088 | 1642227752542 | 1653079077884 | 1649138571314 | 1640500077554 | 1648693797712 | 1692180633702 | 1694840115462 | 1676042244682 | 1694478515704 | 1683657251744 | 1695169031322 | 1699915687756 | 1726780111524 | 2054577274828 | 2008614464402 | 2005790965646 | 2035697887756 | 2029925008306 | 2033610826910 | 2040222796222 | 2052264302842 | 1939334163728 | 1934587085470 | 1921405366192 | 1928179772090 | 1936114750908 | 1937572886652 | 1954674481578 | 1953522613588 | 2015289601806 | 1984868569190 | 1979069568606 | 1975390102660 | 2002576568902 | 1999310490606 | 2035565051338 | 2039620867284 | 2627860094106 | 2622628526856 | 2611546771548 | 2636348125138 | 2623716842916 | 2625367467268 | 2612293495292 | 2608621921542 | 2633804838314 | 2619587147268 | 2622216313028 | 2636825645636 | 2619872578466 | 2623590638110 | 2620148358620 | 2619973084586 | 2645663003854 | 2625802609092 | 2628603931694 | 2619832266220 | 2610142517996 | 2609694235278 | 2608692146216 | 2613081073018 | 2634919261598 | 2614592707038 | 2610154213290 | 2608649764448 | 2608660156778 | 2612179523356 | 2614615051282 | 2631111557594 | 2626629091190 | 2627829205950 | 2616463632614 | 2610994186606 | 2630153275672 | 2620013182644 | 2609454568474 | 2609196548634 | 2617092072166 | 2632875662716 | 2609306310130 | 2608677972966 | 2608714259424 | 2608705700744 | 2610133244940 | 2608702945108 | 2626234423930 | 2621279620310 | 2629384933006 | 2629329207050 | 2621080816848 | 2632798928162 | 2623830090960 | 2622679613216 | 2632793661628 | 2616363605908 | 2613439817040 | 2608988267392 | 2618031915304 | 2630163575130 | 2541722829464 | 2530327796230 |
|     RETIRED_INSTRUCTIONS    |   PMC0  | 2770404915146 | 2068804047855 | 2068781699801 | 2069568170814 | 2069354947706 | 2069050086796 | 2069168688645 | 2068956265995 | 2071987142352 | 2072220117193 | 2063765924994 | 2067561584151 | 2067892487093 | 2066966395299 | 2066684911948 | 2067162205848 | 2060827461958 | 2054032511856 | 2054690054088 | 2054755005491 | 2054055438370 | 2054442272452 | 2054263599300 | 2054113620668 | 2052895065886 | 2052717318560 | 2053449190950 | 2052962239177 | 2053278024125 | 2053791583461 | 2053009362775 | 2053946543950 | 2058284679964 | 2059131839699 | 2058696537857 | 2057845339362 | 2059722387373 | 2059320476219 | 2059244036385 | 2058578141041 | 2052993547455 | 2053801831762 | 2053020171222 | 2052677811590 | 2053185097631 | 2053080182669 | 2052969015268 | 2052999818130 | 2050909960794 | 2045857470122 | 2046705770344 | 2045279959012 | 2045455665988 | 2044650982759 | 2044476152431 | 2044108719751 | 2055955716009 | 2053550659318 | 2054552709868 | 2053174854229 | 2054178986608 | 2054672497996 | 2051199121742 | 2052878546826 | 2044278670319 | 2044035257754 | 2043448850219 | 2043409631999 | 2042754852023 | 2043680755765 | 2043100243079 | 2043204524278 | 2049422212173 | 2048168805488 | 2047878881989 | 2048927604079 | 2048370475296 | 2048759807493 | 2048661513625 | 2049440585575 | 2051183408392 | 2050951159631 | 2050810397773 | 2050256644676 | 2050440601403 | 2050971020048 | 2052099356131 | 2051713397210 | 2048209501909 | 2046833199547 | 2047129611612 | 2046931421503 | 2047561888497 | 2047355821723 | 2048930838323 | 2048727185918 | 2023191061512 | 2023038858090 | 2023007088919 | 2023031737078 | 2022693403050 | 2015213027814 | 2015118097816 | 2014597097409 | 2034498973865 | 2033108359678 | 2033929185856 | 2033564036543 | 2032884493360 | 2033037583353 | 2031958884405 | 2031886534767 | 2021218740120 | 2020573094979 | 2021142455200 | 2019658343117 | 2019648293610 | 2019064849087 | 2019145553694 | 2018700176170 | 2008987744905 | 2005935406124 | 2008128500413 | 2007414246574 | 2007817127356 | 2007327281801 | 2007424054692 | 2007443348896 | 2021147193149 | 2021152279745 | 2020897375019 | 2020161847384 | 2021002252816 | 2019897865333 | 2020018215668 | 2019552277639 | 2005241718934 | 2005679336765 | 2004906977110 | 2003890013246 | 2004410261259 | 2003804971566 | 2004075900961 | 2003970275994 | 2019025321787 | 2018567396044 | 2018644034663 | 2018353998957 | 2018317363858 | 2018135420783 | 2017774290740 | 2017268270379 | 2026410941519 | 2025515369413 | 2025900652484 | 2024018529069 | 2024581106433 | 2009789229843 | 1937146023592 | 1889009541277 |
|     CPU_CLOCKS_UNHALTED     |   PMC1  | 3476352927078 | 3005384078182 | 3008703586588 | 3013930733630 | 3018588423558 | 3018427718992 | 3021487883520 | 3025693239333 | 2922641001699 | 2918680657986 | 2918604700644 | 2933959182999 | 2931937238947 | 2934425885424 | 2941272021705 | 2946513467881 | 2876793464833 | 2870690298030 | 2860743529766 | 2877361149519 | 2891081264701 | 2895661816367 | 2900558192648 | 2907246617747 | 2986013571540 | 2975866200489 | 2984385002417 | 2980677940557 | 2992881054974 | 2996413946530 | 2997209341098 | 3003615275296 | 2930392447578 | 2927665151965 | 2934844202685 | 2939447369966 | 2940534480261 | 2945712209249 | 2945063663954 | 2961219672647 | 2949972516867 | 2943749561884 | 2940935555162 | 2950799212047 | 2954622821085 | 2962323552291 | 2967758212432 | 2972943019502 | 1993984174017 | 1771441517407 | 1718151375853 | 1718042677419 | 1741124727544 | 1725715202842 | 1731643801738 | 1766812362793 | 1724741301513 | 1715399700149 | 1724590838863 | 1709825714328 | 1736561291522 | 1738061238351 | 1736202500005 | 1751695084149 | 1801793699125 | 1795849329719 | 1785971197231 | 1809025474994 | 1811365033123 | 1821205158063 | 1833519825646 | 1866167024800 | 2494875664566 | 2445026069509 | 2445117303652 | 2491322411446 | 2521574575369 | 2534567689898 | 2548835662813 | 2576844589648 | 2224427735455 | 2215985335877 | 2191784022035 | 2247088429881 | 2265386516865 | 2270271165056 | 2311678606642 | 2292690253504 | 2401793776613 | 2394791430623 | 2356550139863 | 2368507474554 | 2410700543421 | 2417738651765 | 2440555593234 | 2475411832903 | 3431811362534 | 3424917287797 | 3430871991248 | 3424296047016 | 3425337844240 | 3428356654806 | 3421872264034 | 3421261591174 | 3423255693567 | 3418921811166 | 3420372610528 | 3422647425792 | 3418217381330 | 3419616498159 | 3417873335874 | 3418649531343 | 3426945705644 | 3420896427744 | 3422697373747 | 3417066698883 | 3417642266666 | 3418363281010 | 3416784189166 | 3417593724872 | 3455513380287 | 3427820117536 | 3451545742913 | 3450296459872 | 3448615255024 | 3446280701097 | 3446953068891 | 3455017818804 | 3444259655504 | 3446156348429 | 3447671156847 | 3447000938235 | 3450917556254 | 3447185686246 | 3438676263564 | 3444120104634 | 3438587011684 | 3443858630799 | 3444960581933 | 3441112556421 | 3438067297094 | 3442209372337 | 3443037358017 | 3445564572405 | 3438891379634 | 3442764973104 | 3442366229103 | 3440289250031 | 3443401877420 | 3447495772900 | 3446152803194 | 3444360253046 | 3440232287188 | 3432843690128 | 3445622792820 | 3437125223164 | 3443600453186 | 3442510221466 | 3336880991358 | 3307039988945 |
|       L2_PF_HIT_IN_L3       |   PMC2  |   16207490429 |    1580587438 |    1663277946 |    1800675868 |    1774048295 |    1589429671 |    1753294365 |    1587995655 |    1607036690 |    1592403450 |    1583794897 |    1737023020 |    1572891175 |    1672910776 |    1618643309 |    1606900715 |    1934024772 |    1999742432 |    1751339151 |    1580157726 |    1663572817 |    1732200051 |    1696388602 |    1670481000 |    1749239281 |    2030768541 |    1603143197 |    1621627556 |    1971445569 |    1671150271 |    1969553403 |    1746471428 |    1658299507 |    1828340380 |    1865206211 |    1642127562 |    1607326919 |    1850837500 |    2037068319 |    1626781487 |    1429665282 |    1736090254 |    1645588174 |    1621419532 |    1700696465 |    1740663207 |    1637716520 |    1451197710 |    1544377726 |    1653110846 |    1670866014 |    1721150926 |    1939796540 |    1670570386 |    1944945679 |    1706437938 |    1531828444 |    1866564552 |    1771459777 |    1761634659 |    1801241347 |    1993943627 |    1768458537 |    1681803365 |    1825894483 |    1840158738 |    1726639410 |    1703413793 |    1771586743 |    1791876337 |    1887200304 |    1758921534 |    1764629100 |    1555751684 |    1607939389 |    1807413820 |    1832486380 |    1758006735 |    2007562685 |    2095898717 |    1977464246 |    1807418412 |    2104479654 |    1857575366 |    1849154190 |    1832689787 |    1868755925 |    2032215151 |    1774655550 |    1710172175 |    1817882074 |    1791274494 |    1797116576 |    1776888004 |    1773307836 |    1871429644 |    1729753381 |    1696134744 |    1836272568 |    1919267044 |    1946428006 |    1823772168 |    1791294502 |    1763505917 |    1873107324 |    1863004007 |    1814950223 |    1815868851 |    1980264253 |    1739212640 |    1913575903 |    1693585537 |    1840890157 |    1734667161 |    1859703555 |    1967015446 |    1948242984 |    1986400017 |    1810351417 |    1633893872 |    1828090251 |    1801767180 |    1853697404 |    1824371325 |    1847498252 |    1819495979 |    1838423626 |    1498613914 |    1937325806 |    1832064277 |    1919847442 |    2064306738 |    2008861215 |    1977420794 |    1887610972 |    1766561995 |    1848850163 |    1889247280 |    2070887628 |    2008581644 |    2045148818 |    1892002418 |    1831670451 |    1872256404 |    1719774493 |    2035510565 |    1806472267 |    1943777499 |    1966099857 |    1939009586 |    2030908721 |    2082878603 |    1923024405 |    1829513251 |    1846017113 |    1928003010 |    1890245197 |    1964275953 |    1979114437 |    1900598265 |
|       L2_PF_MISS_IN_L3      |   PMC3  |   52843664857 |    4678707420 |    4678760889 |    4755323235 |    4698817225 |    4710450645 |    4684814705 |    4780207609 |    4691840309 |    4570395982 |    4595441957 |    4759521378 |    4752088017 |    4753698044 |    4762476896 |    4800821278 |    4561375562 |    4576028043 |    4672313462 |    4747428330 |    4673725114 |    4660154063 |    4688511942 |    4806266604 |    4543729316 |    4466542866 |    4698558626 |    4517072399 |    4629359274 |    4624624762 |    4694327505 |    4772668324 |    4695592475 |    4680177527 |    4726452241 |    4751915824 |    4730888882 |    4888026780 |    4801740576 |    4874995893 |    4957265902 |    4892482444 |    4859138672 |    4836970084 |    4807629177 |    4926254441 |    5038570604 |    5070686895 |    5227620308 |    5062698083 |    5085002073 |    5000314252 |    4965198375 |    4996839505 |    4893051924 |    5017721108 |    5464689428 |    5424948934 |    5331847368 |    5299155143 |    5285408542 |    5311001018 |    5236602080 |    5301632191 |    5047637107 |    5092754263 |    5002124612 |    5106123371 |    5015308681 |    5078676482 |    4983563826 |    5114538735 |    5341545151 |    5334943914 |    5219185179 |    5307315160 |    5054325050 |    5137802619 |    5132898095 |    5360982829 |    5441253564 |    5445501301 |    5476152628 |    5262757133 |    5157738568 |    5254767994 |    5272571390 |    5390120955 |    5329997790 |    5191521022 |    5236465141 |    5194002781 |    5310253442 |    5239397130 |    5392718980 |    5389039992 |    7802059689 |    7783057318 |    7619221784 |    7726957222 |    7596486655 |    7704602416 |    7665460019 |    7850822212 |    7432770393 |    7374746280 |    7409953164 |    7428151979 |    7242595812 |    7479620396 |    7319825973 |    7509158120 |    7853536388 |    7751837640 |    7647278877 |    7674226957 |    7531720396 |    7579214237 |    7610228523 |    7900089474 |    7813985614 |    7634711808 |    7641583748 |    7644891768 |    7600458027 |    7649836011 |    7643892392 |    8033612235 |    7299440068 |    7343535099 |    7304867381 |    7196319290 |    7345214871 |    7267902972 |    7253184748 |    7393625475 |    7330173704 |    7392530197 |    7258547671 |    7268329620 |    7255368996 |    7262835579 |    7294637776 |    7339204045 |    7270533581 |    7107002229 |    7189301612 |    7149232716 |    7094181707 |    7195985369 |    7179749786 |    7239344168 |    7374093498 |    7296702658 |    7272466648 |    7185735648 |    7251856864 |    6995220605 |    5939916946 |    5416289554 |
| L2_CACHE_MISS_AFTER_L1_MISS |   PMC4  |    5384492140 |    4516137496 |    4525488361 |    4619365294 |    4554175740 |    4516170453 |    4603922671 |    4576806452 |    4570438866 |    4459249267 |    4669366270 |    4492428157 |    4369032104 |    4488219825 |    4396328342 |    4383264472 |    4500144605 |    4494648923 |    4364742097 |    4377340142 |    4395874417 |    4406286936 |    4356704864 |    4391707493 |    4499910979 |    4599957060 |    4380871627 |    4421837533 |    4588746311 |    4423562255 |    4591914100 |    4451119794 |    4460296066 |    4512300528 |    4558089323 |    4644182368 |    4397034458 |    4533647759 |    4562329103 |    4410102866 |    4444711730 |    4478200828 |    4365063711 |    4425687359 |    4493113168 |    4520299090 |    4554636689 |    4411673277 |    4145281317 |    4162712851 |    4102753542 |    4113991623 |    4213165253 |    4159858543 |    4214897577 |    4152577176 |    3997510280 |    4161629581 |    4085240638 |    4181195262 |    4076248057 |    4147820297 |    4076919994 |    4032313437 |    4197675066 |    4228963784 |    4066922154 |    4201751932 |    4166487290 |    4200202441 |    4252475131 |    4227900322 |    4424765579 |    4426217106 |    4362942681 |    4472187675 |    4395536285 |    4480736202 |    4486540351 |    4598523576 |    4318934177 |    4257645961 |    4320728160 |    4361169200 |    4565724123 |    4403891532 |    4398701789 |    4334859745 |    4517579145 |    4522389420 |    4402954744 |    4501790284 |    4476953634 |    4466482898 |    4474404000 |    4519470415 |    2962733179 |    2947987270 |    2966791760 |    3029858967 |    2980991982 |    3015749224 |    3003618157 |    3095343946 |    3294028344 |    3350419701 |    3293480696 |    3350754524 |    3309551732 |    3324154352 |    3341903687 |    3339111124 |    3132889028 |    3091986308 |    3035501144 |    3207434807 |    3101048504 |    3232849171 |    3087045649 |    3215247440 |    3180893464 |    3202553494 |    3177481585 |    3210194967 |    3140189145 |    3228848407 |    3191503052 |    3203163334 |    3524400859 |    3566476825 |    3576883315 |    3672226028 |    3629031652 |    3733727937 |    3653797437 |    3640446339 |    3607699121 |    3678099215 |    3682586982 |    3725847747 |    3747179516 |    3718308892 |    3663918461 |    3708087410 |    3920278781 |    4067978867 |    4001068088 |    4112544614 |    4074386046 |    4095762880 |    4215861883 |    4224030521 |    3981417919 |    3977375301 |    3983937822 |    4155470691 |    4108312760 |    4137703664 |    3918395862 |    3552437509 |
+-----------------------------+---------+---------------+---------------+---------------+---------------+---------------+---------------+---------------+---------------+---------------+---------------+---------------+---------------+---------------+---------------+---------------+---------------+---------------+---------------+---------------+---------------+---------------+---------------+---------------+---------------+---------------+---------------+---------------+---------------+---------------+---------------+---------------+---------------+---------------+---------------+---------------+---------------+---------------+---------------+---------------+---------------+---------------+---------------+---------------+---------------+---------------+---------------+---------------+---------------+---------------+---------------+---------------+---------------+---------------+---------------+---------------+---------------+---------------+---------------+---------------+---------------+---------------+---------------+---------------+---------------+---------------+---------------+---------------+---------------+---------------+---------------+---------------+---------------+---------------+---------------+---------------+---------------+---------------+---------------+---------------+---------------+---------------+---------------+---------------+---------------+---------------+---------------+---------------+---------------+---------------+---------------+---------------+---------------+---------------+---------------+---------------+---------------+---------------+---------------+---------------+---------------+---------------+---------------+---------------+---------------+---------------+---------------+---------------+---------------+---------------+---------------+---------------+---------------+---------------+---------------+---------------+---------------+---------------+---------------+---------------+---------------+---------------+---------------+---------------+---------------+---------------+---------------+---------------+---------------+---------------+---------------+---------------+---------------+---------------+---------------+---------------+---------------+---------------+---------------+---------------+---------------+---------------+---------------+---------------+---------------+---------------+---------------+---------------+---------------+---------------+---------------+---------------+---------------+---------------+---------------+---------------+---------------+---------------+---------------+---------------+---------------+

+----------------------------------+---------+-----------------+---------------+---------------+--------------+
|               Event              | Counter |       Sum       |      Min      |      Max      |      Avg     |
+----------------------------------+---------+-----------------+---------------+---------------+--------------+
|       ACTUAL_CPU_CLOCK STAT      |  FIXC1  | 507362675522348 | 1848654905502 | 4202007214368 | 3.171017e+12 |
|        MAX_CPU_CLOCK STAT        |  FIXC2  | 369199184747328 | 1639271048038 | 2960288915090 | 2.307495e+12 |
|     RETIRED_INSTRUCTIONS STAT    |   PMC0  | 326839019591259 | 1889009541277 | 2770404915146 | 2.042744e+12 |
|     CPU_CLOCKS_UNHALTED STAT     |   PMC1  | 461717475610493 | 1709825714328 | 3476352927078 | 2.885734e+12 |
|       L2_PF_HIT_IN_L3 STAT       |   PMC2  |    302755770699 |    1429665282 |   16207490429 | 1.892224e+09 |
|       L2_PF_MISS_IN_L3 STAT      |   PMC3  |    998726144880 |    4466542866 |   52843664857 | 6.242038e+09 |
| L2_CACHE_MISS_AFTER_L1_MISS STAT |   PMC4  |    646500234687 |    2947987270 |    5384492140 | 4.040626e+09 |
+----------------------------------+---------+-----------------+---------------+---------------+--------------+

+-------------------------+------------+------------+------------+------------+------------+------------+------------+------------+------------+------------+-------------+-------------+-------------+-------------+-------------+-------------+-------------+-------------+-------------+-------------+-------------+-------------+-------------+-------------+-------------+-------------+-------------+-------------+-------------+-------------+-------------+-------------+-------------+-------------+-------------+-------------+-------------+-------------+-------------+-------------+-------------+-------------+-------------+-------------+-------------+-------------+-------------+-------------+-------------+-------------+-------------+-------------+-------------+-------------+-------------+-------------+-------------+-------------+-------------+-------------+-------------+-------------+-------------+-------------+-------------+-------------+-------------+-------------+-------------+-------------+-------------+-------------+-------------+-------------+-------------+-------------+-------------+-------------+-------------+-------------+-------------+-------------+-------------+-------------+-------------+-------------+-------------+-------------+-------------+-------------+-------------+-------------+-------------+-------------+-------------+-------------+-------------+-------------+-------------+-------------+--------------+--------------+--------------+--------------+--------------+--------------+--------------+--------------+--------------+--------------+--------------+--------------+--------------+--------------+--------------+--------------+--------------+--------------+--------------+--------------+--------------+--------------+--------------+--------------+--------------+--------------+--------------+--------------+--------------+--------------+--------------+--------------+--------------+--------------+--------------+--------------+--------------+--------------+--------------+--------------+--------------+--------------+--------------+--------------+--------------+--------------+--------------+--------------+--------------+--------------+--------------+--------------+--------------+--------------+--------------+--------------+--------------+--------------+--------------+--------------+
|          Metric         | HWThread 0 | HWThread 1 | HWThread 2 | HWThread 3 | HWThread 4 | HWThread 5 | HWThread 6 | HWThread 7 | HWThread 8 | HWThread 9 | HWThread 10 | HWThread 11 | HWThread 12 | HWThread 13 | HWThread 14 | HWThread 15 | HWThread 16 | HWThread 17 | HWThread 18 | HWThread 19 | HWThread 20 | HWThread 21 | HWThread 22 | HWThread 23 | HWThread 24 | HWThread 25 | HWThread 26 | HWThread 27 | HWThread 28 | HWThread 29 | HWThread 30 | HWThread 31 | HWThread 32 | HWThread 33 | HWThread 34 | HWThread 35 | HWThread 36 | HWThread 37 | HWThread 38 | HWThread 39 | HWThread 40 | HWThread 41 | HWThread 42 | HWThread 43 | HWThread 44 | HWThread 45 | HWThread 46 | HWThread 47 | HWThread 48 | HWThread 49 | HWThread 50 | HWThread 51 | HWThread 52 | HWThread 53 | HWThread 54 | HWThread 55 | HWThread 56 | HWThread 57 | HWThread 58 | HWThread 59 | HWThread 60 | HWThread 61 | HWThread 62 | HWThread 63 | HWThread 64 | HWThread 65 | HWThread 66 | HWThread 67 | HWThread 68 | HWThread 69 | HWThread 70 | HWThread 71 | HWThread 72 | HWThread 73 | HWThread 74 | HWThread 75 | HWThread 76 | HWThread 77 | HWThread 78 | HWThread 79 | HWThread 80 | HWThread 81 | HWThread 82 | HWThread 83 | HWThread 84 | HWThread 85 | HWThread 86 | HWThread 87 | HWThread 88 | HWThread 89 | HWThread 90 | HWThread 91 | HWThread 92 | HWThread 93 | HWThread 94 | HWThread 95 | HWThread 96 | HWThread 97 | HWThread 98 | HWThread 99 | HWThread 100 | HWThread 101 | HWThread 102 | HWThread 103 | HWThread 104 | HWThread 105 | HWThread 106 | HWThread 107 | HWThread 108 | HWThread 109 | HWThread 110 | HWThread 111 | HWThread 112 | HWThread 113 | HWThread 114 | HWThread 115 | HWThread 116 | HWThread 117 | HWThread 118 | HWThread 119 | HWThread 120 | HWThread 121 | HWThread 122 | HWThread 123 | HWThread 124 | HWThread 125 | HWThread 126 | HWThread 127 | HWThread 128 | HWThread 129 | HWThread 130 | HWThread 131 | HWThread 132 | HWThread 133 | HWThread 134 | HWThread 135 | HWThread 136 | HWThread 137 | HWThread 138 | HWThread 139 | HWThread 140 | HWThread 141 | HWThread 142 | HWThread 143 | HWThread 144 | HWThread 145 | HWThread 146 | HWThread 147 | HWThread 148 | HWThread 149 | HWThread 150 | HWThread 151 | HWThread 152 | HWThread 153 | HWThread 154 | HWThread 155 | HWThread 156 | HWThread 157 | HWThread 158 | HWThread 159 |
+-------------------------+------------+------------+------------+------------+------------+------------+------------+------------+------------+------------+-------------+-------------+-------------+-------------+-------------+-------------+-------------+-------------+-------------+-------------+-------------+-------------+-------------+-------------+-------------+-------------+-------------+-------------+-------------+-------------+-------------+-------------+-------------+-------------+-------------+-------------+-------------+-------------+-------------+-------------+-------------+-------------+-------------+-------------+-------------+-------------+-------------+-------------+-------------+-------------+-------------+-------------+-------------+-------------+-------------+-------------+-------------+-------------+-------------+-------------+-------------+-------------+-------------+-------------+-------------+-------------+-------------+-------------+-------------+-------------+-------------+-------------+-------------+-------------+-------------+-------------+-------------+-------------+-------------+-------------+-------------+-------------+-------------+-------------+-------------+-------------+-------------+-------------+-------------+-------------+-------------+-------------+-------------+-------------+-------------+-------------+-------------+-------------+-------------+-------------+--------------+--------------+--------------+--------------+--------------+--------------+--------------+--------------+--------------+--------------+--------------+--------------+--------------+--------------+--------------+--------------+--------------+--------------+--------------+--------------+--------------+--------------+--------------+--------------+--------------+--------------+--------------+--------------+--------------+--------------+--------------+--------------+--------------+--------------+--------------+--------------+--------------+--------------+--------------+--------------+--------------+--------------+--------------+--------------+--------------+--------------+--------------+--------------+--------------+--------------+--------------+--------------+--------------+--------------+--------------+--------------+--------------+--------------+--------------+--------------+
|   Runtime (RDTSC) [s]   |  1205.6903 |  1205.6903 |  1205.6903 |  1205.6903 |  1205.6903 |  1205.6903 |  1205.6903 |  1205.6903 |  1205.6903 |  1205.6903 |   1205.6903 |   1205.6903 |   1205.6903 |   1205.6903 |   1205.6903 |   1205.6903 |   1205.6903 |   1205.6903 |   1205.6903 |   1205.6903 |   1205.6903 |   1205.6903 |   1205.6903 |   1205.6903 |   1205.6903 |   1205.6903 |   1205.6903 |   1205.6903 |   1205.6903 |   1205.6903 |   1205.6903 |   1205.6903 |   1205.6903 |   1205.6903 |   1205.6903 |   1205.6903 |   1205.6903 |   1205.6903 |   1205.6903 |   1205.6903 |   1205.6903 |   1205.6903 |   1205.6903 |   1205.6903 |   1205.6903 |   1205.6903 |   1205.6903 |   1205.6903 |   1205.6903 |   1205.6903 |   1205.6903 |   1205.6903 |   1205.6903 |   1205.6903 |   1205.6903 |   1205.6903 |   1205.6903 |   1205.6903 |   1205.6903 |   1205.6903 |   1205.6903 |   1205.6903 |   1205.6903 |   1205.6903 |   1205.6903 |   1205.6903 |   1205.6903 |   1205.6903 |   1205.6903 |   1205.6903 |   1205.6903 |   1205.6903 |   1205.6903 |   1205.6903 |   1205.6903 |   1205.6903 |   1205.6903 |   1205.6903 |   1205.6903 |   1205.6903 |   1205.6903 |   1205.6903 |   1205.6903 |   1205.6903 |   1205.6903 |   1205.6903 |   1205.6903 |   1205.6903 |   1205.6903 |   1205.6903 |   1205.6903 |   1205.6903 |   1205.6903 |   1205.6903 |   1205.6903 |   1205.6903 |   1205.6903 |   1205.6903 |   1205.6903 |   1205.6903 |    1205.6903 |    1205.6903 |    1205.6903 |    1205.6903 |    1205.6903 |    1205.6903 |    1205.6903 |    1205.6903 |    1205.6903 |    1205.6903 |    1205.6903 |    1205.6903 |    1205.6903 |    1205.6903 |    1205.6903 |    1205.6903 |    1205.6903 |    1205.6903 |    1205.6903 |    1205.6903 |    1205.6903 |    1205.6903 |    1205.6903 |    1205.6903 |    1205.6903 |    1205.6903 |    1205.6903 |    1205.6903 |    1205.6903 |    1205.6903 |    1205.6903 |    1205.6903 |    1205.6903 |    1205.6903 |    1205.6903 |    1205.6903 |    1205.6903 |    1205.6903 |    1205.6903 |    1205.6903 |    1205.6903 |    1205.6903 |    1205.6903 |    1205.6903 |    1205.6903 |    1205.6903 |    1205.6903 |    1205.6903 |    1205.6903 |    1205.6903 |    1205.6903 |    1205.6903 |    1205.6903 |    1205.6903 |    1205.6903 |    1205.6903 |    1205.6903 |    1205.6903 |    1205.6903 |    1205.6903 |
|   Runtime unhalted [s]  |  1616.1754 |  1309.2384 |  1300.3425 |  1309.2150 |  1309.8166 |  1306.8914 |  1310.7444 |  1311.5635 |  1270.7691 |  1262.9391 |   1263.1441 |   1272.6565 |   1270.7134 |   1267.1429 |   1275.1457 |   1276.9953 |   1243.0236 |   1239.5030 |   1237.7884 |   1249.7125 |   1251.7789 |   1253.7521 |   1258.5057 |   1259.9451 |   1293.3444 |   1290.7054 |   1292.9872 |   1288.5764 |   1298.0257 |   1299.3415 |   1298.4881 |   1303.2519 |   1267.7805 |   1269.8395 |   1275.5189 |   1276.8120 |   1270.4454 |   1274.3806 |   1281.2902 |   1281.6716 |   1276.6863 |   1279.5859 |   1272.0820 |   1277.4574 |   1286.0467 |   1284.3900 |   1289.0085 |   1289.1945 |    841.1240 |    738.8912 |    716.3885 |    715.9322 |    730.9061 |    715.6811 |    717.8049 |    734.2175 |    718.8002 |    712.0764 |    718.6638 |    711.0294 |    722.8827 |    721.7055 |    718.3933 |    725.5226 |    746.0256 |    744.7130 |    735.2618 |    749.3005 |    745.5350 |    752.9824 |    757.3559 |    775.8733 |   1065.3133 |   1034.6937 |   1033.3527 |   1057.8546 |   1065.9570 |   1072.9109 |   1078.0895 |   1091.1098 |    944.4229 |    939.5264 |    928.5042 |    947.3969 |    957.1171 |    957.7013 |    977.3032 |    970.6400 |   1021.4151 |   1009.6612 |    996.2780 |    997.4495 |   1018.6308 |   1021.7617 |   1038.6702 |   1052.5806 |   1433.3260 |   1431.3546 |   1427.2746 |   1436.5480 |    1431.7416 |    1432.3382 |    1427.3434 |    1425.9218 |    1435.6614 |    1430.1779 |    1431.4160 |    1436.7883 |    1430.2603 |    1431.6642 |    1430.4050 |    1430.4030 |    1440.0956 |    1432.6341 |    1433.7446 |    1430.2578 |    1426.7324 |    1426.6880 |    1426.2130 |    1427.9937 |    1436.2423 |    1428.5431 |    1426.7704 |    1426.2202 |    1426.2512 |    1427.6006 |    1428.4329 |    1434.8421 |    1432.8033 |    1433.2831 |    1429.0379 |    1426.8916 |    1434.2119 |    1430.3479 |    1426.2959 |    1426.2076 |    1429.1675 |    1435.4131 |    1426.5063 |    1426.2245 |    1426.2658 |    1426.2499 |    1426.7686 |    1426.2283 |    1432.5382 |    1430.8795 |    1433.8529 |    1433.8828 |    1430.7918 |    1435.0087 |    1431.7364 |    1431.2074 |    1434.5658 |    1428.7885 |    1427.6691 |    1425.8261 |    1429.2393 |    1433.7283 |    1388.4327 |    1379.9968 |
|       Clock [MHz]       |  3690.5493 |  3659.3504 |  3677.1861 |  3669.7250 |  3669.9712 |  3674.2147 |  3670.1557 |  3672.1858 |  3674.5618 |  3677.4056 |   3672.2297 |   3669.9130 |   3671.8099 |   3680.4756 |   3673.1272 |   3673.1299 |   3674.4119 |   3672.2878 |   3663.3864 |   3664.2098 |   3665.7558 |   3665.5320 |   3665.4216 |   3665.6728 |   3673.0379 |   3675.6231 |   3669.5412 |   3677.8444 |   3669.8155 |   3669.0178 |   3672.5752 |   3667.4983 |   3676.8402 |   3671.9942 |   3668.3258 |   3671.2812 |   3680.2600 |   3676.2782 |   3668.8755 |   3674.1114 |   3670.7263 |   3666.2730 |   3669.8172 |   3670.2534 |   3664.1643 |   3666.6262 |   3663.7952 |   3665.6797 |   3218.0211 |   2974.6068 |   2904.5765 |   2910.9619 |   2921.6449 |   2916.5718 |   2924.1761 |   2964.0692 |   2945.9929 |   2936.3813 |   2941.8266 |   2926.7847 |   2956.0436 |   2958.2816 |   2960.2109 |   2974.7302 |   2980.1879 |   2970.2761 |   2965.4708 |   2989.2112 |   2993.3049 |   3002.6759 |   3011.6829 |   3037.3189 |   3505.0280 |   3482.1850 |   3482.5675 |   3512.7664 |   3549.7381 |   3566.4196 |   3572.0197 |   3593.9480 |   3291.9291 |   3282.8977 |   3266.6416 |   3321.3991 |   3341.7241 |   3341.2474 |   3379.8038 |   3358.7400 |   3426.1111 |   3438.5909 |   3402.9541 |   3413.3017 |   3438.4624 |   3454.6653 |   3449.2867 |   3488.5306 |   3687.0527 |   3689.3265 |   3694.4206 |   3683.4435 |    3688.7931 |    3688.0101 |    3693.5426 |    3695.0573 |    3684.7247 |    3690.5734 |    3690.0646 |    3683.3924 |    3690.3838 |    3688.7712 |    3690.3687 |    3690.6103 |    3679.5392 |    3688.1607 |    3687.0860 |    3690.4341 |    3695.0040 |    3695.5239 |    3695.7124 |    3694.1116 |    3684.6566 |    3693.3963 |    3695.0860 |    3695.7913 |    3695.8567 |    3694.3693 |    3693.0801 |    3686.3916 |    3687.4355 |    3686.9858 |    3692.0337 |    3694.2111 |    3686.1150 |    3690.4118 |    3694.8474 |    3694.9842 |    3691.4820 |    3685.3877 |    3695.6025 |    3695.7623 |    3695.8181 |    3695.7890 |    3695.1109 |    3695.7369 |    3687.3074 |    3689.9996 |    3686.2692 |    3686.4242 |    3690.0533 |    3684.4568 |    3688.6206 |    3688.8752 |    3683.3270 |    3691.5305 |    3692.7650 |    3694.2906 |    3690.3420 |    3684.8577 |    3692.6086 |    3686.7010 |
|           CPI           |     1.2548 |     1.4527 |     1.4543 |     1.4563 |     1.4587 |     1.4588 |     1.4602 |     1.4624 |     1.4105 |     1.4085 |      1.4142 |      1.4190 |      1.4178 |      1.4197 |      1.4232 |      1.4254 |      1.3959 |      1.3976 |      1.3923 |      1.4003 |      1.4075 |      1.4095 |      1.4120 |      1.4153 |      1.4545 |      1.4497 |      1.4534 |      1.4519 |      1.4576 |      1.4590 |      1.4599 |      1.4624 |      1.4237 |      1.4218 |      1.4256 |      1.4284 |      1.4276 |      1.4304 |      1.4302 |      1.4385 |      1.4369 |      1.4333 |      1.4325 |      1.4375 |      1.4390 |      1.4429 |      1.4456 |      1.4481 |      0.9722 |      0.8659 |      0.8395 |      0.8400 |      0.8512 |      0.8440 |      0.8470 |      0.8643 |      0.8389 |      0.8353 |      0.8394 |      0.8328 |      0.8454 |      0.8459 |      0.8464 |      0.8533 |      0.8814 |      0.8786 |      0.8740 |      0.8853 |      0.8867 |      0.8911 |      0.8974 |      0.9134 |      1.2174 |      1.1938 |      1.1940 |      1.2159 |      1.2310 |      1.2371 |      1.2441 |      1.2573 |      1.0845 |      1.0805 |      1.0687 |      1.0960 |      1.1048 |      1.1069 |      1.1265 |      1.1175 |      1.1726 |      1.1700 |      1.1511 |      1.1571 |      1.1774 |      1.1809 |      1.1911 |      1.2083 |      1.6962 |      1.6930 |      1.6959 |      1.6927 |       1.6935 |       1.7012 |       1.6981 |       1.6982 |       1.6826 |       1.6816 |       1.6817 |       1.6831 |       1.6815 |       1.6820 |       1.6821 |       1.6825 |       1.6955 |       1.6930 |       1.6934 |       1.6919 |       1.6922 |       1.6930 |       1.6922 |       1.6930 |       1.7200 |       1.7088 |       1.7188 |       1.7188 |       1.7176 |       1.7169 |       1.7171 |       1.7211 |       1.7041 |       1.7050 |       1.7060 |       1.7063 |       1.7075 |       1.7066 |       1.7023 |       1.7054 |       1.7148 |       1.7171 |       1.7183 |       1.7172 |       1.7153 |       1.7178 |       1.7180 |       1.7194 |       1.7032 |       1.7055 |       1.7053 |       1.7045 |       1.7061 |       1.7083 |       1.7079 |       1.7074 |       1.6977 |       1.6948 |       1.7008 |       1.6982 |       1.7009 |       1.7129 |       1.7226 |       1.7507 |
| L3 bandwidth [MBytes/s] |  3951.1651 |   571.9775 |   576.8660 |   593.2065 |   585.3333 |   574.1335 |   586.1290 |   580.9789 |   576.9609 |   563.8356 |    575.8615 |    583.3125 |    567.6555 |    579.3768 |    572.0845 |    572.8031 |    583.6614 |    587.6358 |    572.6655 |    568.2349 |    569.7342 |    573.2094 |    570.1819 |    576.9153 |    572.9036 |    589.0610 |    567.0484 |    560.5705 |    593.9596 |    568.9998 |    597.4759 |    582.3192 |    574.0347 |    585.0029 |    591.8467 |    585.9270 |    569.8445 |    598.3632 |    605.1909 |    579.2203 |    574.9612 |    589.5656 |    576.9861 |    577.7445 |    583.9742 |    593.8356 |    596.1557 |    580.3710 |    579.5069 |    577.4496 |    576.3933 |    575.1636 |    590.1700 |    574.7290 |    586.7056 |    577.3548 |    583.5809 |    607.9514 |    593.9063 |    596.7428 |    592.5448 |    607.9314 |    588.2495 |    584.7339 |    587.6776 |    592.4906 |    573.0526 |    584.4971 |    581.4233 |    587.6537 |    590.4396 |    589.2783 |    612.0810 |    600.7201 |    593.9869 |    615.0524 |    598.8853 |    603.8855 |    617.1801 |    639.9205 |    623.0536 |    610.9995 |    631.7435 |    609.4568 |    614.2933 |    609.9795 |    612.5635 |    624.0911 |    616.9270 |    606.4089 |    608.1722 |    609.7522 |    614.9147 |    609.5240 |    617.8930 |    625.2984 |    663.2308 |    659.6549 |    659.3951 |    672.8671 |     664.7893 |     665.8625 |     661.4168 |     674.6500 |     668.8235 |     668.2005 |     664.4962 |     668.5511 |     665.2408 |     665.8021 |     667.5176 |     665.7420 |     680.8947 |     667.6867 |     665.7754 |     682.0287 |     667.8205 |     679.3632 |     663.9251 |     676.7499 |     680.6640 |     670.9004 |     672.6908 |     673.0462 |     668.1992 |     674.0400 |     672.7469 |     676.0152 |     677.3835 |     676.3701 |     679.5296 |     686.4968 |     689.1644 |     688.9491 |     679.1578 |     679.4784 |     678.7400 |     687.9313 |     690.6993 |     690.2076 |     692.5930 |     683.3275 |     678.9260 |     685.7906 |     685.3149 |     701.2344 |     689.8935 |     700.9723 |     697.2095 |     702.3101 |     712.7015 |     719.0571 |     704.8463 |     695.5599 |     695.4978 |     704.3512 |     703.3535 |     695.2207 |     628.3499 |     576.9614 |
| L3 data volume [GBytes] |  4763.8814 |   689.6277 |   695.5217 |   715.2233 |   705.7306 |   692.2272 |   706.6900 |   700.4806 |   695.6362 |   679.8111 |    694.3106 |    703.2942 |    684.4167 |    698.5490 |    689.7567 |    690.6231 |    703.7149 |    708.5068 |    690.4573 |    685.1153 |    686.9230 |    691.1130 |    687.4627 |    695.5811 |    690.7443 |    710.2252 |    683.6847 |    675.8744 |    716.1313 |    686.0376 |    720.3709 |    702.0966 |    692.1080 |    705.3324 |    713.5839 |    706.4464 |    687.0560 |    721.4408 |    729.6728 |    698.3603 |    693.2251 |    710.8335 |    695.6666 |    696.5809 |    704.0921 |    715.9819 |    718.7791 |    699.7477 |    698.7059 |    696.2254 |    694.9518 |    693.4692 |    711.5623 |    692.9452 |    707.3853 |    696.1111 |    703.6178 |    733.0012 |    716.0671 |    719.4870 |    714.4255 |    732.9770 |    709.2468 |    705.0079 |    708.5572 |    714.3601 |    690.9239 |    704.7225 |    701.0165 |    708.5283 |    711.8873 |    710.4871 |    737.9801 |    724.2824 |    716.1643 |    741.5627 |    722.0703 |    728.0989 |    744.1281 |    771.5459 |    751.2097 |    736.6762 |    761.6871 |    734.8161 |    740.6475 |    735.4464 |    738.5619 |    752.4605 |    743.8229 |    731.1413 |    733.2673 |    735.1723 |    741.3967 |    734.8972 |    744.9876 |    753.9162 |    799.6510 |    795.3395 |    795.0263 |    811.2693 |     801.5300 |     802.8239 |     797.4639 |     813.4190 |     806.3940 |     805.6429 |     801.1766 |     806.0656 |     802.0744 |     802.7512 |     804.8196 |     802.6787 |     820.9482 |     805.0234 |     802.7189 |     822.3153 |     805.1848 |     819.1017 |     800.4880 |     815.9508 |     820.6700 |     808.8981 |     811.0568 |     811.4853 |     805.6413 |     812.6835 |     811.1244 |     815.0649 |     816.7147 |     815.4929 |     819.3023 |     827.7025 |     830.9189 |     830.6593 |     818.8540 |     819.2406 |     818.3503 |     829.4321 |     832.7694 |     832.1766 |     835.0526 |     823.8814 |     818.5745 |     826.8511 |     826.2776 |     845.4715 |     831.7979 |     845.1555 |     840.6187 |     846.7685 |     859.2973 |     866.9602 |     849.8263 |     838.6298 |     838.5550 |     849.2294 |     848.0265 |     838.2208 |     757.5953 |     695.6368 |
+-------------------------+------------+------------+------------+------------+------------+------------+------------+------------+------------+------------+-------------+-------------+-------------+-------------+-------------+-------------+-------------+-------------+-------------+-------------+-------------+-------------+-------------+-------------+-------------+-------------+-------------+-------------+-------------+-------------+-------------+-------------+-------------+-------------+-------------+-------------+-------------+-------------+-------------+-------------+-------------+-------------+-------------+-------------+-------------+-------------+-------------+-------------+-------------+-------------+-------------+-------------+-------------+-------------+-------------+-------------+-------------+-------------+-------------+-------------+-------------+-------------+-------------+-------------+-------------+-------------+-------------+-------------+-------------+-------------+-------------+-------------+-------------+-------------+-------------+-------------+-------------+-------------+-------------+-------------+-------------+-------------+-------------+-------------+-------------+-------------+-------------+-------------+-------------+-------------+-------------+-------------+-------------+-------------+-------------+-------------+-------------+-------------+-------------+-------------+--------------+--------------+--------------+--------------+--------------+--------------+--------------+--------------+--------------+--------------+--------------+--------------+--------------+--------------+--------------+--------------+--------------+--------------+--------------+--------------+--------------+--------------+--------------+--------------+--------------+--------------+--------------+--------------+--------------+--------------+--------------+--------------+--------------+--------------+--------------+--------------+--------------+--------------+--------------+--------------+--------------+--------------+--------------+--------------+--------------+--------------+--------------+--------------+--------------+--------------+--------------+--------------+--------------+--------------+--------------+--------------+--------------+--------------+--------------+--------------+

+------------------------------+-------------+-----------+-----------+-----------+
|            Metric            |     Sum     |    Min    |    Max    |    Avg    |
+------------------------------+-------------+-----------+-----------+-----------+
|   Runtime (RDTSC) [s] STAT   | 192910.4480 | 1205.6903 | 1205.6903 | 1205.6903 |
|   Runtime unhalted [s] STAT  | 195141.7545 |  711.0294 | 1616.1754 | 1219.6360 |
|       Clock [MHz] STAT       | 566047.7687 | 2904.5765 | 3695.8567 | 3537.7986 |
|           CPI STAT           |    226.3883 |    0.8328 |    1.7507 |    1.4149 |
| L3 bandwidth [MBytes/s] STAT | 103402.0565 |  560.5705 | 3951.1651 |  646.2629 |
| L3 data volume [GBytes] STAT | 124670.8573 |  675.8744 | 4763.8814 |  779.1929 |
+------------------------------+-------------+-----------+-----------+-----------+

