INFO: You are running LIKWID in a cpuset with 176 CPUs. Taking given IDs as logical ID in cpuset
--------------------------------------------------------------------------------
CPU name:	AMD EPYC 9A14 96-Core Processor                
CPU type:	AMD K19 (Zen4) architecture
CPU clock:	2.60 GHz
--------------------------------------------------------------------------------
Use symmetry. Molecule point group: C2v
Norb: 24   Ne: (5, 5)
Running RHF...
converged SCF energy = -76.0267607337663
Running FCI ...
Guessing CI wfn symmetry = 0
Num symmetry allowed elements 451681246
tol 1e-10  toloose 1e-05
max_cycle 100  max_space 12  max_memory 760539  incore True
    CPU time for contract_2e  11737.79 sec, wall time     81.49 sec
davidson 0 1  |r|= 0.999  e= [-85.21409431]  max|de|= -85.2  lindep=    1
    CPU time for contract_2e  11652.62 sec, wall time     80.62 sec
davidson 1 2  |r|= 0.336  e= [-85.41295423]  max|de|= -0.199  lindep= 0.992
    CPU time for contract_2e  11245.94 sec, wall time     80.29 sec
davidson 2 3  |r|= 0.0993  e= [-85.4295567]  max|de|= -0.0166  lindep= 0.982
    CPU time for contract_2e  11221.25 sec, wall time     81.92 sec
davidson 3 4  |r|= 0.0324  e= [-85.43094102]  max|de|= -0.00138  lindep= 0.955
    CPU time for contract_2e  11205.50 sec, wall time     83.65 sec
davidson 4 5  |r|= 0.0129  e= [-85.43110245]  max|de|= -0.000161  lindep= 0.911
    CPU time for contract_2e  11273.88 sec, wall time     85.75 sec
davidson 5 6  |r|= 0.00436  e= [-85.43112741]  max|de|= -2.5e-05  lindep= 0.833
    CPU time for contract_2e  11238.62 sec, wall time     87.28 sec
davidson 6 7  |r|= 0.00169  e= [-85.43113026]  max|de|= -2.84e-06  lindep= 0.932
    CPU time for contract_2e  11489.55 sec, wall time     90.40 sec
davidson 7 8  |r|= 0.000705  e= [-85.4311307]  max|de|= -4.44e-07  lindep= 0.849
    CPU time for contract_2e  11471.76 sec, wall time     91.90 sec
davidson 8 9  |r|= 0.000319  e= [-85.43113078]  max|de|= -8.55e-08  lindep= 0.895
    CPU time for contract_2e  11497.60 sec, wall time     93.73 sec
davidson 9 10  |r|= 0.000127  e= [-85.4311308]  max|de|= -1.57e-08  lindep= 0.804
    CPU time for contract_2e  11532.37 sec, wall time     95.54 sec
davidson 10 11  |r|= 4.77e-05  e= [-85.4311308]  max|de|= -2.31e-09  lindep= 0.878
    CPU time for contract_2e  11537.22 sec, wall time     97.18 sec
davidson 11 12  |r|= 1.71e-05  e= [-85.4311308]  max|de|= -2.93e-10  lindep= 0.87
    CPU time for contract_2e  11537.86 sec, wall time     99.72 sec
davidson 12 1  |r|= 1.71e-05  e= [-85.4311308]  max|de|= 3.2e-12  lindep=    1
    CPU time for contract_2e  11349.26 sec, wall time     79.34 sec
root 0 converged  |r|= 6.26e-06  e= -85.431130803232  max|de|= -3.3e-11
converged 13 2  |r|= 6.26e-06  e= [-85.4311308]  max|de|= -3.3e-11
--------------------------------------------------------------------------------
Group 1: L3
+-----------------------------+---------+---------------+---------------+---------------+---------------+---------------+---------------+---------------+---------------+---------------+---------------+---------------+---------------+---------------+---------------+---------------+---------------+---------------+---------------+---------------+---------------+---------------+---------------+---------------+---------------+---------------+---------------+---------------+---------------+---------------+---------------+---------------+---------------+---------------+---------------+---------------+---------------+---------------+---------------+---------------+---------------+---------------+---------------+---------------+---------------+---------------+---------------+---------------+---------------+---------------+---------------+---------------+---------------+---------------+---------------+---------------+---------------+---------------+---------------+---------------+---------------+---------------+---------------+---------------+---------------+---------------+---------------+---------------+---------------+---------------+---------------+---------------+---------------+---------------+---------------+---------------+---------------+---------------+---------------+---------------+---------------+---------------+---------------+---------------+---------------+---------------+---------------+---------------+---------------+---------------+---------------+---------------+---------------+---------------+---------------+---------------+---------------+---------------+---------------+---------------+---------------+---------------+---------------+---------------+---------------+---------------+---------------+---------------+---------------+---------------+---------------+---------------+---------------+---------------+---------------+---------------+---------------+---------------+---------------+---------------+---------------+---------------+---------------+---------------+---------------+---------------+---------------+---------------+---------------+---------------+---------------+---------------+---------------+---------------+---------------+---------------+---------------+---------------+---------------+---------------+---------------+---------------+---------------+---------------+---------------+---------------+---------------+---------------+---------------+---------------+---------------+---------------+---------------+---------------+---------------+---------------+---------------+---------------+---------------+---------------+---------------+---------------+---------------+---------------+---------------+---------------+---------------+---------------+---------------+---------------+---------------+---------------+---------------+---------------+---------------+---------------+---------------+
|            Event            | Counter |   HWThread 0  |   HWThread 1  |   HWThread 2  |   HWThread 3  |   HWThread 4  |   HWThread 5  |   HWThread 6  |   HWThread 7  |   HWThread 8  |   HWThread 9  |  HWThread 10  |  HWThread 11  |  HWThread 12  |  HWThread 13  |  HWThread 14  |  HWThread 15  |  HWThread 16  |  HWThread 17  |  HWThread 18  |  HWThread 19  |  HWThread 20  |  HWThread 21  |  HWThread 22  |  HWThread 23  |  HWThread 24  |  HWThread 25  |  HWThread 26  |  HWThread 27  |  HWThread 28  |  HWThread 29  |  HWThread 30  |  HWThread 31  |  HWThread 32  |  HWThread 33  |  HWThread 34  |  HWThread 35  |  HWThread 36  |  HWThread 37  |  HWThread 38  |  HWThread 39  |  HWThread 40  |  HWThread 41  |  HWThread 42  |  HWThread 43  |  HWThread 44  |  HWThread 45  |  HWThread 46  |  HWThread 47  |  HWThread 48  |  HWThread 49  |  HWThread 50  |  HWThread 51  |  HWThread 52  |  HWThread 53  |  HWThread 54  |  HWThread 55  |  HWThread 56  |  HWThread 57  |  HWThread 58  |  HWThread 59  |  HWThread 60  |  HWThread 61  |  HWThread 62  |  HWThread 63  |  HWThread 64  |  HWThread 65  |  HWThread 66  |  HWThread 67  |  HWThread 68  |  HWThread 69  |  HWThread 70  |  HWThread 71  |  HWThread 72  |  HWThread 73  |  HWThread 74  |  HWThread 75  |  HWThread 76  |  HWThread 77  |  HWThread 78  |  HWThread 79  |  HWThread 80  |  HWThread 81  |  HWThread 82  |  HWThread 83  |  HWThread 84  |  HWThread 85  |  HWThread 86  |  HWThread 87  |  HWThread 88  |  HWThread 89  |  HWThread 90  |  HWThread 91  |  HWThread 92  |  HWThread 93  |  HWThread 94  |  HWThread 95  |  HWThread 96  |  HWThread 97  |  HWThread 98  |  HWThread 99  |  HWThread 100 |  HWThread 101 |  HWThread 102 |  HWThread 103 |  HWThread 104 |  HWThread 105 |  HWThread 106 |  HWThread 107 |  HWThread 108 |  HWThread 109 |  HWThread 110 |  HWThread 111 |  HWThread 112 |  HWThread 113 |  HWThread 114 |  HWThread 115 |  HWThread 116 |  HWThread 117 |  HWThread 118 |  HWThread 119 |  HWThread 120 |  HWThread 121 |  HWThread 122 |  HWThread 123 |  HWThread 124 |  HWThread 125 |  HWThread 126 |  HWThread 127 |  HWThread 128 |  HWThread 129 |  HWThread 130 |  HWThread 131 |  HWThread 132 |  HWThread 133 |  HWThread 134 |  HWThread 135 |  HWThread 136 |  HWThread 137 |  HWThread 138 |  HWThread 139 |  HWThread 140 |  HWThread 141 |  HWThread 142 |  HWThread 143 |  HWThread 144 |  HWThread 145 |  HWThread 146 |  HWThread 147 |  HWThread 148 |  HWThread 149 |  HWThread 150 |  HWThread 151 |  HWThread 152 |  HWThread 153 |  HWThread 154 |  HWThread 155 |  HWThread 156 |  HWThread 157 |  HWThread 158 |  HWThread 159 |  HWThread 160 |  HWThread 161 |  HWThread 162 |  HWThread 163 |  HWThread 164 |  HWThread 165 |  HWThread 166 |  HWThread 167 |  HWThread 168 |  HWThread 169 |  HWThread 170 |  HWThread 171 |  HWThread 172 |  HWThread 173 |  HWThread 174 |  HWThread 175 |
+-----------------------------+---------+---------------+---------------+---------------+---------------+---------------+---------------+---------------+---------------+---------------+---------------+---------------+---------------+---------------+---------------+---------------+---------------+---------------+---------------+---------------+---------------+---------------+---------------+---------------+---------------+---------------+---------------+---------------+---------------+---------------+---------------+---------------+---------------+---------------+---------------+---------------+---------------+---------------+---------------+---------------+---------------+---------------+---------------+---------------+---------------+---------------+---------------+---------------+---------------+---------------+---------------+---------------+---------------+---------------+---------------+---------------+---------------+---------------+---------------+---------------+---------------+---------------+---------------+---------------+---------------+---------------+---------------+---------------+---------------+---------------+---------------+---------------+---------------+---------------+---------------+---------------+---------------+---------------+---------------+---------------+---------------+---------------+---------------+---------------+---------------+---------------+---------------+---------------+---------------+---------------+---------------+---------------+---------------+---------------+---------------+---------------+---------------+---------------+---------------+---------------+---------------+---------------+---------------+---------------+---------------+---------------+---------------+---------------+---------------+---------------+---------------+---------------+---------------+---------------+---------------+---------------+---------------+---------------+---------------+---------------+---------------+---------------+---------------+---------------+---------------+---------------+---------------+---------------+---------------+---------------+---------------+---------------+---------------+---------------+---------------+---------------+---------------+---------------+---------------+---------------+---------------+---------------+---------------+---------------+---------------+---------------+---------------+---------------+---------------+---------------+---------------+---------------+---------------+---------------+---------------+---------------+---------------+---------------+---------------+---------------+---------------+---------------+---------------+---------------+---------------+---------------+---------------+---------------+---------------+---------------+---------------+---------------+---------------+---------------+---------------+---------------+---------------+
|       ACTUAL_CPU_CLOCK      |  FIXC1  | 4435751147797 | 3672062121775 | 3663548648798 | 3671673811799 | 3671810977935 | 3674076278351 | 3670890972303 | 3673622011028 | 3623225802448 | 3618070063210 | 3594539241445 | 3620020033097 | 3620542377828 | 3619849480323 | 3609490059497 | 3613473387385 | 3626172558783 | 3622859481249 | 3615316767480 | 3626647970835 | 3633233639487 | 3629765546736 | 3627726635107 | 3650685401787 | 3578506335836 | 3562483420919 | 3548765808847 | 3548771564272 | 3534634917258 | 3533614202133 | 3572582386498 | 3573407946894 | 3555460214245 | 3542182891442 | 3539333574717 | 3544012227095 | 3539596272185 | 3565480867528 | 3551540858932 | 3551438265522 | 3561049534626 | 3537289476354 | 3551266555590 | 3547318696798 | 3544139465654 | 3569926907282 | 3555193618786 | 3557157530462 | 3788170557851 | 3804461488337 | 3814738417005 | 3814166476328 | 3806614190732 | 3807393140562 | 3797188493072 | 3821354877776 | 3712948982567 | 3715799437324 | 3696747387846 | 3712894347667 | 3720862057321 | 3736307693301 | 3713271643967 | 3740317409907 | 3735270462198 | 3740545394290 | 3709862961628 | 3742947967310 | 3737491372089 | 3734612208870 | 3755166707889 | 3761597613620 | 3826981632007 | 3822971759513 | 3818094628431 | 3801715870573 | 3820170770419 | 3795738370205 | 3792239669602 | 3791850470083 | 3814798155063 | 3803077802983 | 3804447239804 | 3812146545264 | 3816146784385 | 3815259885534 | 3806453804862 | 3825211550218 | 3802093350562 | 3800860629466 | 3807715385510 | 3799317509811 | 3816420426135 | 3808768395980 | 3799076666842 | 3807834713541 | 2509297334372 | 2185638167072 | 2140589847578 | 2141206142133 | 2152022677900 | 2161723660791 | 2180778127874 | 2163346976763 | 2179688566326 | 2145582864671 | 2138425567383 | 2141568926901 | 2153461996726 | 2158251024832 | 2169931204815 | 2172028093412 | 2197575319763 | 2171100310588 | 2182604219346 | 2186579754525 | 2185582713726 | 2186175600161 | 2192817481470 | 2203293352959 | 2532929173103 | 2507082575258 | 2498273410211 | 2511666590052 | 2532562517129 | 2534765179239 | 2549911934368 | 2552877246693 | 2457439739734 | 2418501175647 | 2418519571711 | 2437955251135 | 2438631712511 | 2459107383057 | 2473910457582 | 2480978358373 | 2443285695475 | 2447854735299 | 2435513274379 | 2458983457420 | 2466910392818 | 2474648907801 | 2487824682002 | 2501510872612 | 3166209347586 | 3141698554921 | 3167379941844 | 3162515485016 | 3170299202972 | 3169931715124 | 3196643384627 | 3193893672451 | 3114185874526 | 3103636720039 | 3106212444631 | 3126032184676 | 3157587652716 | 3149720784971 | 3150061358091 | 3155616473854 | 3030198779476 | 2989875492846 | 3004855075909 | 3029120898138 | 3047581154136 | 3067092737399 | 3086706300005 | 3095884508033 | 3168198944456 | 3147626705312 | 3152649812027 | 3159852323695 | 3194860869425 | 3169503733872 | 3143942421353 | 3118099564882 |
|        MAX_CPU_CLOCK        |  FIXC2  | 3138413219604 | 2654620767500 | 2637908000520 | 2645288729122 | 2643843660536 | 2646410559754 | 2640598109084 | 2643340654422 | 2600149196762 | 2600709062146 | 2581600643388 | 2599862665504 | 2598247431780 | 2593080059492 | 2587261524224 | 2590312521862 | 2600470238002 | 2601579673316 | 2594993008374 | 2601413343178 | 2606922204978 | 2604063289516 | 2599200520202 | 2622026287894 | 2591220794058 | 2584802122292 | 2572709500166 | 2572071023028 | 2558508575168 | 2559395769164 | 2592392968412 | 2594282839018 | 2577829008768 | 2565079443290 | 2563762936566 | 2566697086590 | 2560276921306 | 2584988973164 | 2572701436500 | 2569304263240 | 2581296401502 | 2557941494056 | 2571338618862 | 2563419728090 | 2560419092894 | 2587984065940 | 2572885940144 | 2573642543342 | 2673819884086 | 2691260330148 | 2702663117882 | 2700349805556 | 2693478688680 | 2692708514470 | 2682424058782 | 2706519796786 | 2625290523232 | 2629006960450 | 2613693065074 | 2626785270694 | 2633177711320 | 2642968521492 | 2627659968206 | 2643074805592 | 2641847642330 | 2646243119858 | 2620328239308 | 2646415543070 | 2640792659076 | 2634997511172 | 2655574053782 | 2659938837868 | 2712989334068 | 2708269736536 | 2704299720772 | 2686877624002 | 2705055885532 | 2680708775030 | 2676735329580 | 2676327684316 | 2700266023052 | 2689255260328 | 2690864150442 | 2698428913128 | 2700891620570 | 2701149614072 | 2692064259612 | 2709867542824 | 2688904821200 | 2687569029210 | 2695187822860 | 2685888494640 | 2702826932416 | 2694902705092 | 2684572806812 | 2694680555398 | 1939579435846 | 1860756336296 | 1839452605796 | 1840493281250 | 1844476118966 | 1848739299784 | 1857169965066 | 1850081106952 | 1852488419730 | 1830058558250 | 1825004386868 | 1829082771698 | 1833239692622 | 1834267637150 | 1839124515254 | 1840529406898 | 1864782862774 | 1843615156032 | 1849746669524 | 1850955955134 | 1848290884622 | 1849582940062 | 1856610234622 | 1857186464094 | 2001900096612 | 1987226862816 | 1984964208006 | 1988865278010 | 1998043344180 | 2001215573734 | 2010567486538 | 2008032565318 | 1976287626118 | 1952693716428 | 1950952356886 | 1959795681272 | 1960767512548 | 1967345680066 | 1972222123040 | 1977029592174 | 1967052890634 | 1970713219566 | 1962533847404 | 1968157241050 | 1972139676572 | 1976663484822 | 1981865334228 | 1986584007564 | 2255281571608 | 2237194991980 | 2252224985218 | 2249516912370 | 2249745982042 | 2250579991218 | 2270270498964 | 2266857550438 | 2232895753114 | 2227701740342 | 2230359900990 | 2242068304710 | 2258546689308 | 2253859907832 | 2248508584946 | 2245759016748 | 2212361666892 | 2200723157724 | 2210518813958 | 2214552674256 | 2213337900540 | 2228830379932 | 2229764182984 | 2233837428862 | 2257165584778 | 2241512510328 | 2249758626154 | 2252634108660 | 2271874252128 | 2254933167760 | 2233558319486 | 2217610719948 |
|     RETIRED_INSTRUCTIONS    |   PMC0  | 2586545243499 | 1885219848794 | 1885969128497 | 1885468445112 | 1885564120623 | 1884767419540 | 1884427137739 | 1884083060462 | 1898952371796 | 1899015485739 | 1898452172405 | 1897467352299 | 1898673174954 | 1897466984888 | 1898307227579 | 1898573124775 | 1890577345836 | 1884519902921 | 1884816563655 | 1883738637858 | 1884433225144 | 1883524819635 | 1883437268923 | 1884167991863 | 1861440705444 | 1861726275574 | 1861689114271 | 1861025761308 | 1861241498136 | 1861011623358 | 1861927023778 | 1861709836146 | 1867894171100 | 1867158354675 | 1867751411551 | 1866714149594 | 1866781363004 | 1867060405125 | 1864539633332 | 1865444788485 | 1865117070640 | 1863705490215 | 1864566480439 | 1863377975129 | 1863334667290 | 1864013374694 | 1863957319976 | 1863683763333 | 1885848391582 | 1886654468210 | 1887317152005 | 1886131121312 | 1886220487419 | 1885334955932 | 1884864945921 | 1885935028879 | 1892860469418 | 1893157250233 | 1892812739719 | 1893236531493 | 1893650238990 | 1892877659318 | 1893210946451 | 1892887291931 | 1888891056264 | 1886457640040 | 1887562278757 | 1888403009109 | 1888518185692 | 1887501630118 | 1888563727696 | 1888348116614 | 1869894673068 | 1869251650755 | 1869662893830 | 1868068081187 | 1869304435422 | 1867258581134 | 1867256697841 | 1867012462110 | 1879594413651 | 1879282419572 | 1880026231931 | 1878884005181 | 1879177598582 | 1878083973207 | 1878292090569 | 1878412083547 | 1878171655423 | 1877461494911 | 1878089226904 | 1876627875027 | 1874585684878 | 1876088392134 | 1875271326420 | 1877451861030 | 1879321807295 | 1874318504278 | 1874240132969 | 1873926044308 | 1873926094472 | 1874079715677 | 1873809367630 | 1873912027378 | 1881008997387 | 1880014406664 | 1880038634741 | 1879908355043 | 1880169590986 | 1879745785435 | 1880052449855 | 1879807568947 | 1876068639739 | 1875064300145 | 1875219876707 | 1875034102258 | 1874952892567 | 1868173408958 | 1868425970633 | 1868808533311 | 1867043630794 | 1866525727219 | 1866762887098 | 1866580396128 | 1866786372219 | 1866734063533 | 1867066250753 | 1866722733417 | 1873198059540 | 1872357385021 | 1872260553164 | 1872144938676 | 1872401168272 | 1872112110451 | 1872372950573 | 1872498138932 | 1860638014714 | 1860766430623 | 1860559348318 | 1860050179083 | 1860633822337 | 1860390725558 | 1860575994257 | 1860509124237 | 1865282077523 | 1864833005327 | 1864653265987 | 1864971733658 | 1864906129986 | 1864918235524 | 1865614895933 | 1865368983237 | 1874249552151 | 1872854578122 | 1872994498108 | 1873352902751 | 1874259635140 | 1873692286697 | 1873596553417 | 1873200510380 | 1865572008723 | 1864941366897 | 1865333874165 | 1865240133808 | 1865276244388 | 1865621295570 | 1865585883813 | 1865665886032 | 1878909736934 | 1875093915435 | 1868674501826 | 1868593928909 | 1869533649113 | 1842653903301 | 1825719987310 | 1757600505519 |
|     CPU_CLOCKS_UNHALTED     |   PMC1  | 3742395073557 | 3293118294557 | 3296818811010 | 3296570987658 | 3298523392754 | 3298809102133 | 3293905328746 | 3298014794610 | 3250441585642 | 3250456194548 | 3237670944816 | 3251115601028 | 3252494205247 | 3260128999173 | 3247709194059 | 3251867079610 | 3277835067393 | 3267055551286 | 3264472971803 | 3275057804310 | 3278445830932 | 3280066371497 | 3279967463529 | 3286295386438 | 3248735111437 | 3239675419773 | 3237277735347 | 3234224742754 | 3229112527601 | 3229738717216 | 3237973416515 | 3243990559912 | 3237042420489 | 3231510636103 | 3234407628585 | 3232083858936 | 3220169751740 | 3235483356228 | 3236187487158 | 3233670169983 | 3235456292525 | 3227484998983 | 3235685708678 | 3226287152081 | 3228803963996 | 3238075819093 | 3236375692463 | 3236320915752 | 3401638465680 | 3402866171125 | 3417122790876 | 3417797483229 | 3410211051730 | 3417235371643 | 3405497851683 | 3423969760017 | 3322719575885 | 3326784529100 | 3315771346431 | 3326800096480 | 3330260282158 | 3346425250032 | 3327070958329 | 3355024958072 | 3339900824061 | 3342657468970 | 3329277979433 | 3349387271290 | 3349606611073 | 3352502214239 | 3358494747306 | 3365871671021 | 3442866071398 | 3438690632577 | 3442728495378 | 3436668398729 | 3433875783265 | 3432784532577 | 3433256310144 | 3434582012002 | 3429722444402 | 3425302834682 | 3428670414483 | 3429516206973 | 3430848254630 | 3418380643749 | 3428983299902 | 3429842769951 | 3419350281089 | 3419850525450 | 3424454513431 | 3418777149407 | 3424253661619 | 3421786407007 | 3420356332122 | 3423040134561 | 2250032005006 | 1996266287643 | 1964627322296 | 1963612167740 | 1968776943448 | 1980772779608 | 1985068480580 | 1981310775644 | 1991456252364 | 1965391390961 | 1965958323166 | 1966360776625 | 1975509568074 | 1980422400063 | 1989907199861 | 1992391196719 | 2001078249649 | 1989896168277 | 1999960566251 | 2002714980507 | 2004006429589 | 2002139098806 | 2000043524550 | 2015994659536 | 2277411310987 | 2259752478955 | 2252957688117 | 2264190856986 | 2281248164268 | 2282828937459 | 2291144630318 | 2297367346115 | 2210155779837 | 2188154386759 | 2188763814304 | 2203049573187 | 2203540277867 | 2220764470495 | 2227360420486 | 2237461729869 | 2204287356846 | 2206852924044 | 2202819258392 | 2213827579341 | 2226497227715 | 2233729302946 | 2244817168130 | 2255718669154 | 2810581380820 | 2791864369123 | 2806151578982 | 2814211105202 | 2821413437363 | 2821037126696 | 2837541160795 | 2837398675423 | 2771619015158 | 2764986990309 | 2766664961216 | 2780830223461 | 2792690034331 | 2796874184207 | 2799271318805 | 2812202603538 | 2688176532583 | 2662408809949 | 2673120959839 | 2695576601204 | 2716016995325 | 2726552392104 | 2748118850344 | 2755052605995 | 2830141200419 | 2818304383963 | 2812347530396 | 2827663758144 | 2837847526606 | 2831894350230 | 2791808777094 | 2770016584484 |
|       L2_PF_HIT_IN_L3       |   PMC2  |   15878729711 |    1552831606 |    1553876647 |    1482917836 |    1570844151 |    1513486089 |    1504348987 |    1430420983 |    1532136499 |    1474718080 |    1337254239 |    1367511236 |    1383590589 |    1523723987 |    1417557436 |    1448341280 |    1388858590 |    1455920216 |    1548723121 |    1520241863 |    1627716991 |    1629547339 |    1521161846 |    1449661314 |    1419776295 |    1413149029 |    1513346333 |    1442700565 |    1610296868 |    1356641961 |    1567234128 |    1539087013 |    1361573652 |    1494787215 |    1462277933 |    1455744996 |    1577140674 |    1410373653 |    1595242308 |    1345380050 |    1454560290 |    1543944284 |    1438720457 |    1393883732 |    1568454697 |    1424744892 |    1697919176 |    1604858935 |    1465805638 |    1456807087 |    1398428955 |    1292913266 |    1506283403 |    1338830277 |    1592053978 |    1428433233 |    1347294806 |    1355491023 |    1386103986 |    1515889775 |    1343680845 |    1469337427 |    1410986518 |    1367514066 |    1363842109 |    1410372350 |    1520905428 |    1386611847 |    1363285796 |    1355355138 |    1442642934 |    1377412726 |    1434937682 |    1445195131 |    1613979325 |    1582905453 |    1538388577 |    1512700549 |    1482146996 |    1417014569 |    1410964099 |    1366809749 |    1334924913 |    1368712744 |    1516774381 |    1520155077 |    1497127288 |    1505708188 |    1487711772 |    1791729058 |    1455977985 |    1551828388 |    1578359720 |    1512552283 |    1783918634 |    1519948035 |    1338127101 |    1349149029 |    1455201728 |    1414101853 |    1686975664 |    1437591316 |    1520172024 |    1357605697 |    1516032186 |    1297334833 |    1412468859 |    1466422808 |    1445994457 |    1433272612 |    1539487369 |    1277896450 |    1494336621 |    1408511926 |    1601342913 |    1488502439 |    1586117436 |    1313239628 |    1574167564 |    1335113617 |    1331640177 |    1505401844 |    1444224227 |    1478734845 |    1444323267 |    1325807493 |    1431180473 |    1258138334 |    1427312983 |    1413290487 |    1381907643 |    1320582813 |    1525569220 |    1346779653 |    1443995483 |    1228858713 |    1465982939 |    1461229091 |    1461116080 |    1399711411 |    1516652923 |    1380219618 |    1469298606 |    1320588595 |    1597453012 |    1587787147 |    1576752937 |    1506089373 |    1649297909 |    1444145825 |    1573603973 |    1433955128 |    1640112753 |    1678271370 |    1567950979 |    1656426579 |    1579032545 |    1536656809 |    1580425594 |    1502852127 |    1507986559 |    1619801981 |    1476054245 |    1602052372 |    1522402201 |    1640842444 |    1603377927 |    1535780634 |    1575419247 |    1571959428 |    1472272420 |    1594678435 |    1570563407 |    1605035544 |    1564170301 |    1470301517 |
|       L2_PF_MISS_IN_L3      |   PMC3  |   51835546642 |    4367698937 |    4313210917 |    4429467627 |    4441315536 |    4432950993 |    4398090188 |    4518608093 |    4678239587 |    4655899577 |    4592516603 |    4544132054 |    4625569116 |    4567877864 |    4551668172 |    4713095593 |    4343978536 |    4280355338 |    4206561033 |    4234876893 |    4244971585 |    4254689760 |    4187872469 |    4371487458 |    4459679388 |    4349855410 |    4142732338 |    4208223725 |    4101140078 |    4180262072 |    4264191755 |    4356871742 |    4615499240 |    4480048719 |    4482259952 |    4472605950 |    4397189094 |    4542019591 |    4272178696 |    4480464406 |    4455167083 |    4339130136 |    4383129177 |    4319732839 |    4318528117 |    4446794384 |    4312289640 |    4411870856 |    4473138937 |    4592738741 |    4645541744 |    4668958147 |    4487439397 |    4577604638 |    4479640750 |    4737517707 |    5033305385 |    5080311495 |    5012642428 |    5016197564 |    5097614401 |    4957537641 |    4953854054 |    5038352802 |    4798044210 |    4525156709 |    4610404093 |    4702316167 |    4686634065 |    4543775398 |    4627570698 |    4746091975 |    4647923439 |    4645807627 |    4489456281 |    4411853028 |    4512517060 |    4446254172 |    4401074288 |    4505017946 |    5112470713 |    5017736340 |    5105719529 |    5078693881 |    4981378188 |    4969583674 |    4920034395 |    5109623668 |    4721911313 |    4685019671 |    4684854995 |    4559134137 |    4469201590 |    4609228587 |    4442771682 |    4642784729 |    7279198441 |    7046670862 |    6945608744 |    7069358424 |    6789304952 |    6872200805 |    6797515372 |    7097738119 |    6657755404 |    6688737700 |    6560941150 |    6706711650 |    6614833673 |    6617761146 |    6530283330 |    6857056378 |    6859971221 |    6781235293 |    6543928288 |    6598140861 |    6562862127 |    6745500699 |    6613065845 |    6734136059 |    6406006096 |    6318603965 |    6297432390 |    6416998312 |    6219092114 |    6362243075 |    6179690821 |    6316254664 |    6330443764 |    6285108723 |    6226382014 |    6267072098 |    6156364212 |    6201367818 |    6076718359 |    6374062333 |    6381878302 |    6276276098 |    6142044630 |    6057909773 |    6033606159 |    6082303198 |    6020943323 |    6150163463 |    6308630261 |    6218934342 |    6066098907 |    6220792229 |    6108440339 |    6243872576 |    6143619467 |    6317079995 |    6147473353 |    6077149391 |    6091384220 |    6096850173 |    6152998455 |    6177851377 |    6093075538 |    6170034012 |    6256777431 |    6169687721 |    6204692526 |    6182462837 |    6214380602 |    6288126854 |    6283644490 |    6415249936 |    6321320172 |    6230857805 |    6252378111 |    6258370684 |    6350166265 |    5792296274 |    5591153868 |    4770087837 |
| L2_CACHE_MISS_AFTER_L1_MISS |   PMC4  |    4535340492 |    4171504995 |    4113259709 |    4107824124 |    4106720274 |    4113708110 |    4136506358 |    4095892966 |    3970317433 |    3980940522 |    3914616245 |    4048441328 |    3800578719 |    3898064070 |    3770070447 |    3812995901 |    4087220975 |    4082876228 |    4095567152 |    4093676111 |    4053689778 |    4112511459 |    4078313145 |    3997156126 |    4122572225 |    4127913519 |    4089523075 |    4089198135 |    4080071036 |    4124835787 |    4109117398 |    4087332992 |    3917300259 |    3988180293 |    4011123713 |    4004549641 |    4003796910 |    3986329694 |    4199372624 |    4034425923 |    4056640733 |    4106572076 |    4042330875 |    4069331640 |    4057740073 |    4065546835 |    4054351688 |    4130340259 |    4104937101 |    4146804649 |    4070563597 |    4052453250 |    4056915992 |    4055678398 |    4115029672 |    4086362449 |    3949292304 |    3959363205 |    3944447724 |    3954266703 |    3880095637 |    3959044769 |    3953717221 |    3924048804 |    4080661476 |    4340111537 |    4182508648 |    4135049924 |    4069282712 |    4099592536 |    4067550740 |    4085975256 |    4067342646 |    4116976988 |    4140445658 |    4148866259 |    4097571790 |    4140774549 |    4117690422 |    4081626698 |    3911210737 |    3907137058 |    3876372804 |    3895024875 |    3936464039 |    3970872751 |    3896947542 |    3996613687 |    4009670264 |    4139953167 |    4066930291 |    4108467355 |    4341507379 |    4094574690 |    4236034340 |    4126559163 |    2662959665 |    2653050876 |    2574298669 |    2598885081 |    2679494939 |    2661334171 |    2601588632 |    2642257773 |    3112295463 |    3025923767 |    3016964424 |    3026156227 |    3004361579 |    3080177323 |    3072208534 |    3127639425 |    2791801397 |    2836238930 |    2851190293 |    2861786844 |    2823212559 |    2765924545 |    2819531498 |    2837053663 |    3142173584 |    3242337206 |    3177845805 |    3231607479 |    3139390289 |    3155668088 |    3140950723 |    3137812476 |    3488359500 |    3497574840 |    3383016276 |    3401949996 |    3412363896 |    3483215402 |    3456386903 |    3458383140 |    3331328560 |    3411455818 |    3354362940 |    3333861056 |    3353096869 |    3401427567 |    3360248013 |    3377371279 |    3158493181 |    3217891227 |    3088848502 |    3166862598 |    3170852739 |    3111054336 |    3080418104 |    3083078298 |    3358103006 |    3382441675 |    3324928181 |    3323640507 |    3288061032 |    3322835885 |    3291691732 |    3300169684 |    3311413692 |    3373249749 |    3283072709 |    3373847420 |    3339714160 |    3428966718 |    3369474573 |    3405615606 |    3551553729 |    3606752609 |    3519035094 |    3560810226 |    3604520198 |    3631166261 |    3510315610 |    3151188966 |
+-----------------------------+---------+---------------+---------------+---------------+---------------+---------------+---------------+---------------+---------------+---------------+---------------+---------------+---------------+---------------+---------------+---------------+---------------+---------------+---------------+---------------+---------------+---------------+---------------+---------------+---------------+---------------+---------------+---------------+---------------+---------------+---------------+---------------+---------------+---------------+---------------+---------------+---------------+---------------+---------------+---------------+---------------+---------------+---------------+---------------+---------------+---------------+---------------+---------------+---------------+---------------+---------------+---------------+---------------+---------------+---------------+---------------+---------------+---------------+---------------+---------------+---------------+---------------+---------------+---------------+---------------+---------------+---------------+---------------+---------------+---------------+---------------+---------------+---------------+---------------+---------------+---------------+---------------+---------------+---------------+---------------+---------------+---------------+---------------+---------------+---------------+---------------+---------------+---------------+---------------+---------------+---------------+---------------+---------------+---------------+---------------+---------------+---------------+---------------+---------------+---------------+---------------+---------------+---------------+---------------+---------------+---------------+---------------+---------------+---------------+---------------+---------------+---------------+---------------+---------------+---------------+---------------+---------------+---------------+---------------+---------------+---------------+---------------+---------------+---------------+---------------+---------------+---------------+---------------+---------------+---------------+---------------+---------------+---------------+---------------+---------------+---------------+---------------+---------------+---------------+---------------+---------------+---------------+---------------+---------------+---------------+---------------+---------------+---------------+---------------+---------------+---------------+---------------+---------------+---------------+---------------+---------------+---------------+---------------+---------------+---------------+---------------+---------------+---------------+---------------+---------------+---------------+---------------+---------------+---------------+---------------+---------------+---------------+---------------+---------------+---------------+---------------+---------------+

+----------------------------------+---------+-----------------+---------------+---------------+--------------+
|               Event              | Counter |       Sum       |      Min      |      Max      |      Avg     |
+----------------------------------+---------+-----------------+---------------+---------------+--------------+
|       ACTUAL_CPU_CLOCK STAT      |  FIXC1  | 566838919607313 | 2138425567383 | 4435751147797 |      nil     |
|        MAX_CPU_CLOCK STAT        |  FIXC2  | 416950150174220 | 1825004386868 | 3138413219604 | 2.369035e+12 |
|     RETIRED_INSTRUCTIONS STAT    |   PMC0  | 330551979320534 | 1757600505519 | 2586545243499 | 1.878136e+12 |
|     CPU_CLOCKS_UNHALTED STAT     |   PMC1  | 510297277882723 | 1963612167740 | 3742395073557 | 2.899416e+12 |
|       L2_PF_HIT_IN_L3 STAT       |   PMC2  |    274507938749 |    1228858713 |   15878729711 | 1.559704e+09 |
|       L2_PF_MISS_IN_L3 STAT      |   PMC3  |    994210405333 |    4101140078 |   51835546642 | 5.648923e+09 |
| L2_CACHE_MISS_AFTER_L1_MISS STAT |   PMC4  |    644124271515 |    2574298669 |    4535340492 | 3.659797e+09 |
+----------------------------------+---------+-----------------+---------------+---------------+--------------+

+-------------------------+------------+------------+------------+------------+------------+------------+------------+------------+------------+------------+-------------+-------------+-------------+-------------+-------------+-------------+-------------+-------------+-------------+-------------+-------------+-------------+-------------+-------------+-------------+-------------+-------------+-------------+-------------+-------------+-------------+-------------+-------------+-------------+-------------+-------------+-------------+-------------+-------------+-------------+-------------+-------------+-------------+-------------+-------------+-------------+-------------+-------------+-------------+-------------+-------------+-------------+-------------+-------------+-------------+-------------+-------------+-------------+-------------+-------------+-------------+-------------+-------------+-------------+-------------+-------------+-------------+-------------+-------------+-------------+-------------+-------------+-------------+-------------+-------------+-------------+-------------+-------------+-------------+-------------+-------------+-------------+-------------+-------------+-------------+-------------+-------------+-------------+-------------+-------------+-------------+-------------+-------------+-------------+-------------+-------------+-------------+-------------+-------------+-------------+--------------+--------------+--------------+--------------+--------------+--------------+--------------+--------------+--------------+--------------+--------------+--------------+--------------+--------------+--------------+--------------+--------------+--------------+--------------+--------------+--------------+--------------+--------------+--------------+--------------+--------------+--------------+--------------+--------------+--------------+--------------+--------------+--------------+--------------+--------------+--------------+--------------+--------------+--------------+--------------+--------------+--------------+--------------+--------------+--------------+--------------+--------------+--------------+--------------+--------------+--------------+--------------+--------------+--------------+--------------+--------------+--------------+--------------+--------------+--------------+--------------+--------------+--------------+--------------+--------------+--------------+--------------+--------------+--------------+--------------+--------------+--------------+--------------+--------------+--------------+--------------+
|          Metric         | HWThread 0 | HWThread 1 | HWThread 2 | HWThread 3 | HWThread 4 | HWThread 5 | HWThread 6 | HWThread 7 | HWThread 8 | HWThread 9 | HWThread 10 | HWThread 11 | HWThread 12 | HWThread 13 | HWThread 14 | HWThread 15 | HWThread 16 | HWThread 17 | HWThread 18 | HWThread 19 | HWThread 20 | HWThread 21 | HWThread 22 | HWThread 23 | HWThread 24 | HWThread 25 | HWThread 26 | HWThread 27 | HWThread 28 | HWThread 29 | HWThread 30 | HWThread 31 | HWThread 32 | HWThread 33 | HWThread 34 | HWThread 35 | HWThread 36 | HWThread 37 | HWThread 38 | HWThread 39 | HWThread 40 | HWThread 41 | HWThread 42 | HWThread 43 | HWThread 44 | HWThread 45 | HWThread 46 | HWThread 47 | HWThread 48 | HWThread 49 | HWThread 50 | HWThread 51 | HWThread 52 | HWThread 53 | HWThread 54 | HWThread 55 | HWThread 56 | HWThread 57 | HWThread 58 | HWThread 59 | HWThread 60 | HWThread 61 | HWThread 62 | HWThread 63 | HWThread 64 | HWThread 65 | HWThread 66 | HWThread 67 | HWThread 68 | HWThread 69 | HWThread 70 | HWThread 71 | HWThread 72 | HWThread 73 | HWThread 74 | HWThread 75 | HWThread 76 | HWThread 77 | HWThread 78 | HWThread 79 | HWThread 80 | HWThread 81 | HWThread 82 | HWThread 83 | HWThread 84 | HWThread 85 | HWThread 86 | HWThread 87 | HWThread 88 | HWThread 89 | HWThread 90 | HWThread 91 | HWThread 92 | HWThread 93 | HWThread 94 | HWThread 95 | HWThread 96 | HWThread 97 | HWThread 98 | HWThread 99 | HWThread 100 | HWThread 101 | HWThread 102 | HWThread 103 | HWThread 104 | HWThread 105 | HWThread 106 | HWThread 107 | HWThread 108 | HWThread 109 | HWThread 110 | HWThread 111 | HWThread 112 | HWThread 113 | HWThread 114 | HWThread 115 | HWThread 116 | HWThread 117 | HWThread 118 | HWThread 119 | HWThread 120 | HWThread 121 | HWThread 122 | HWThread 123 | HWThread 124 | HWThread 125 | HWThread 126 | HWThread 127 | HWThread 128 | HWThread 129 | HWThread 130 | HWThread 131 | HWThread 132 | HWThread 133 | HWThread 134 | HWThread 135 | HWThread 136 | HWThread 137 | HWThread 138 | HWThread 139 | HWThread 140 | HWThread 141 | HWThread 142 | HWThread 143 | HWThread 144 | HWThread 145 | HWThread 146 | HWThread 147 | HWThread 148 | HWThread 149 | HWThread 150 | HWThread 151 | HWThread 152 | HWThread 153 | HWThread 154 | HWThread 155 | HWThread 156 | HWThread 157 | HWThread 158 | HWThread 159 | HWThread 160 | HWThread 161 | HWThread 162 | HWThread 163 | HWThread 164 | HWThread 165 | HWThread 166 | HWThread 167 | HWThread 168 | HWThread 169 | HWThread 170 | HWThread 171 | HWThread 172 | HWThread 173 | HWThread 174 | HWThread 175 |
+-------------------------+------------+------------+------------+------------+------------+------------+------------+------------+------------+------------+-------------+-------------+-------------+-------------+-------------+-------------+-------------+-------------+-------------+-------------+-------------+-------------+-------------+-------------+-------------+-------------+-------------+-------------+-------------+-------------+-------------+-------------+-------------+-------------+-------------+-------------+-------------+-------------+-------------+-------------+-------------+-------------+-------------+-------------+-------------+-------------+-------------+-------------+-------------+-------------+-------------+-------------+-------------+-------------+-------------+-------------+-------------+-------------+-------------+-------------+-------------+-------------+-------------+-------------+-------------+-------------+-------------+-------------+-------------+-------------+-------------+-------------+-------------+-------------+-------------+-------------+-------------+-------------+-------------+-------------+-------------+-------------+-------------+-------------+-------------+-------------+-------------+-------------+-------------+-------------+-------------+-------------+-------------+-------------+-------------+-------------+-------------+-------------+-------------+-------------+--------------+--------------+--------------+--------------+--------------+--------------+--------------+--------------+--------------+--------------+--------------+--------------+--------------+--------------+--------------+--------------+--------------+--------------+--------------+--------------+--------------+--------------+--------------+--------------+--------------+--------------+--------------+--------------+--------------+--------------+--------------+--------------+--------------+--------------+--------------+--------------+--------------+--------------+--------------+--------------+--------------+--------------+--------------+--------------+--------------+--------------+--------------+--------------+--------------+--------------+--------------+--------------+--------------+--------------+--------------+--------------+--------------+--------------+--------------+--------------+--------------+--------------+--------------+--------------+--------------+--------------+--------------+--------------+--------------+--------------+--------------+--------------+--------------+--------------+--------------+--------------+
|   Runtime (RDTSC) [s]   |  1248.0291 |  1248.0291 |  1248.0291 |  1248.0291 |  1248.0291 |  1248.0291 |  1248.0291 |  1248.0291 |  1248.0291 |  1248.0291 |   1248.0291 |   1248.0291 |   1248.0291 |   1248.0291 |   1248.0291 |   1248.0291 |   1248.0291 |   1248.0291 |   1248.0291 |   1248.0291 |   1248.0291 |   1248.0291 |   1248.0291 |   1248.0291 |   1248.0291 |   1248.0291 |   1248.0291 |   1248.0291 |   1248.0291 |   1248.0291 |   1248.0291 |   1248.0291 |   1248.0291 |   1248.0291 |   1248.0291 |   1248.0291 |   1248.0291 |   1248.0291 |   1248.0291 |   1248.0291 |   1248.0291 |   1248.0291 |   1248.0291 |   1248.0291 |   1248.0291 |   1248.0291 |   1248.0291 |   1248.0291 |   1248.0291 |   1248.0291 |   1248.0291 |   1248.0291 |   1248.0291 |   1248.0291 |   1248.0291 |   1248.0291 |   1248.0291 |   1248.0291 |   1248.0291 |   1248.0291 |   1248.0291 |   1248.0291 |   1248.0291 |   1248.0291 |   1248.0291 |   1248.0291 |   1248.0291 |   1248.0291 |   1248.0291 |   1248.0291 |   1248.0291 |   1248.0291 |   1248.0291 |   1248.0291 |   1248.0291 |   1248.0291 |   1248.0291 |   1248.0291 |   1248.0291 |   1248.0291 |   1248.0291 |   1248.0291 |   1248.0291 |   1248.0291 |   1248.0291 |   1248.0291 |   1248.0291 |   1248.0291 |   1248.0291 |   1248.0291 |   1248.0291 |   1248.0291 |   1248.0291 |   1248.0291 |   1248.0291 |   1248.0291 |   1248.0291 |   1248.0291 |   1248.0291 |   1248.0291 |    1248.0291 |    1248.0291 |    1248.0291 |    1248.0291 |    1248.0291 |    1248.0291 |    1248.0291 |    1248.0291 |    1248.0291 |    1248.0291 |    1248.0291 |    1248.0291 |    1248.0291 |    1248.0291 |    1248.0291 |    1248.0291 |    1248.0291 |    1248.0291 |    1248.0291 |    1248.0291 |    1248.0291 |    1248.0291 |    1248.0291 |    1248.0291 |    1248.0291 |    1248.0291 |    1248.0291 |    1248.0291 |    1248.0291 |    1248.0291 |    1248.0291 |    1248.0291 |    1248.0291 |    1248.0291 |    1248.0291 |    1248.0291 |    1248.0291 |    1248.0291 |    1248.0291 |    1248.0291 |    1248.0291 |    1248.0291 |    1248.0291 |    1248.0291 |    1248.0291 |    1248.0291 |    1248.0291 |    1248.0291 |    1248.0291 |    1248.0291 |    1248.0291 |    1248.0291 |    1248.0291 |    1248.0291 |    1248.0291 |    1248.0291 |    1248.0291 |    1248.0291 |    1248.0291 |    1248.0291 |    1248.0291 |    1248.0291 |    1248.0291 |    1248.0291 |    1248.0291 |    1248.0291 |    1248.0291 |    1248.0291 |    1248.0291 |    1248.0291 |    1248.0291 |    1248.0291 |    1248.0291 |    1248.0291 |    1248.0291 |    1248.0291 |
|   Runtime unhalted [s]  |  1706.0629 |  1412.3356 |  1409.0611 |  1412.1862 |  1412.2390 |  1413.1102 |  1411.8851 |  1412.9355 |  1393.5523 |  1391.5693 |   1382.5190 |   1392.3193 |   1392.5202 |   1392.2537 |   1388.2693 |   1389.8014 |   1394.6857 |   1393.4114 |   1390.5104 |   1394.8685 |   1397.4015 |   1396.0676 |   1395.2834 |   1404.1137 |   1376.3525 |   1370.1898 |   1364.9138 |   1364.9160 |   1359.4788 |   1359.0862 |   1374.0740 |   1374.3915 |   1367.4886 |   1362.3819 |   1361.2860 |   1363.0855 |   1361.3870 |   1371.3427 |   1365.9811 |   1365.9416 |   1369.6383 |   1360.4998 |   1365.8756 |   1364.3572 |   1363.1344 |   1373.0527 |   1367.3860 |   1368.1414 |   1456.9928 |   1463.2585 |   1467.2112 |   1466.9912 |   1464.0865 |   1464.3861 |   1460.4612 |   1469.7560 |   1428.0613 |   1429.1577 |   1421.8299 |   1428.0403 |   1431.1048 |   1437.0455 |   1428.1854 |   1438.5877 |   1436.6465 |   1438.6754 |   1426.8744 |   1439.5994 |   1437.5007 |   1436.3934 |   1444.2990 |   1446.7724 |   1471.9202 |   1470.3779 |   1468.5021 |   1462.2025 |   1469.3006 |   1459.9035 |   1458.5578 |   1458.4081 |   1467.2342 |   1462.7264 |   1463.2531 |   1466.2143 |   1467.7529 |   1467.4118 |   1464.0248 |   1471.2394 |   1462.3477 |   1461.8736 |   1464.5100 |   1461.2801 |   1467.8581 |   1464.9151 |   1461.1875 |   1464.5559 |    965.1171 |    840.6324 |    823.3061 |    823.5431 |     827.7034 |     831.4345 |     838.7632 |     832.0589 |     838.3441 |     825.2265 |     822.4737 |     823.6827 |     828.2569 |     830.0989 |     834.5913 |     835.3978 |     845.2237 |     835.0409 |     839.4655 |     840.9946 |     840.6111 |     840.8391 |     843.3937 |     847.4229 |     974.2063 |     964.2652 |     960.8771 |     966.0283 |     974.0653 |     974.9124 |     980.7381 |     981.8786 |     945.1718 |     930.1954 |     930.2025 |     937.6777 |     937.9379 |     945.8132 |     951.5067 |     954.2251 |     939.7279 |     941.4852 |     936.7385 |     945.7655 |     948.8144 |     951.7907 |     956.8583 |     962.1223 |    1217.7763 |    1208.3490 |    1218.2265 |    1216.3555 |    1219.3493 |    1219.2079 |    1229.4817 |    1228.4241 |    1197.7672 |    1193.7098 |    1194.7005 |    1202.3235 |    1214.4602 |    1211.4345 |    1211.5655 |    1213.7021 |    1165.4644 |    1149.9554 |    1155.7167 |    1165.0498 |    1172.1499 |    1179.6544 |    1187.1981 |    1190.7282 |    1218.5415 |    1210.6291 |    1212.5610 |    1215.3312 |    1228.7961 |    1219.0433 |    1209.2120 |    1199.2724 |
|       Clock [MHz]       |  3674.7616 |  3596.4966 |  3610.8915 |  3608.8027 |  3610.9100 |  3609.6332 |  3614.4423 |  3613.3785 |  3623.0077 |  3617.0734 |   3620.1477 |   3620.2010 |   3622.9743 |   3629.4992 |   3627.2513 |   3626.9771 |   3625.5066 |   3620.6495 |   3622.2822 |   3624.6674 |   3623.5760 |   3624.0916 |   3628.8322 |   3620.0077 |   3590.6204 |   3583.4197 |   3586.3999 |   3587.2960 |   3591.9461 |   3589.6641 |   3583.0556 |   3581.2728 |   3586.0294 |   3590.3954 |   3589.3496 |   3589.9857 |   3594.5035 |   3586.1755 |   3589.2156 |   3593.8575 |   3586.8421 |   3595.4406 |   3590.8406 |   3597.9292 |   3598.9173 |   3586.4919 |   3592.6495 |   3593.5773 |   3683.5749 |   3675.4423 |   3669.8218 |   3672.4149 |   3674.4931 |   3676.2963 |   3680.5002 |   3670.9485 |   3677.1702 |   3674.7911 |   3677.3699 |   3675.0237 |   3673.9693 |   3675.5537 |   3674.1737 |   3679.3502 |   3676.0923 |   3675.1690 |   3681.0718 |   3677.2899 |   3679.7475 |   3684.9994 |   3676.5708 |   3676.8237 |   3667.5869 |   3670.1287 |   3670.8276 |   3678.7806 |   3671.7970 |   3681.4487 |   3683.5152 |   3683.6982 |   3673.1371 |   3676.8449 |   3675.9696 |   3673.0829 |   3673.5845 |   3672.3800 |   3676.2689 |   3670.1137 |   3676.3722 |   3677.0069 |   3673.2253 |   3677.8138 |   3671.2174 |   3674.6298 |   3679.3830 |   3674.0319 |   3363.6955 |   3053.9427 |   3025.6381 |   3024.7979 |    3033.5135 |    3040.1613 |    3053.0362 |    3040.2377 |    3059.2225 |    3048.2630 |    3046.5082 |    3044.1835 |    3054.1480 |    3059.2247 |    3067.6581 |    3068.2787 |    3063.9920 |    3061.8347 |    3067.8552 |    3071.4352 |    3074.4614 |    3073.1471 |    3070.8165 |    3084.5296 |    3289.6733 |    3280.1470 |    3272.3474 |    3283.4374 |    3295.5461 |    3293.1839 |    3297.4533 |    3305.4554 |    3232.9936 |    3220.2108 |    3223.1095 |    3234.3503 |    3233.6442 |    3249.8921 |    3261.3715 |    3262.7360 |    3229.4632 |    3229.4929 |    3226.6025 |    3248.3883 |    3252.2792 |    3255.0149 |    3263.7565 |    3273.9164 |    3650.1522 |    3651.1762 |    3656.4574 |    3655.2368 |    3663.8602 |    3662.0779 |    3660.9071 |    3663.2651 |    3626.1704 |    3622.3129 |    3620.9984 |    3625.0728 |    3634.9502 |    3633.4339 |    3642.4751 |    3653.3660 |    3561.1242 |    3532.3182 |    3534.2840 |    3556.3354 |    3579.9724 |    3577.8490 |    3599.2209 |    3603.3406 |    3649.3973 |    3651.0197 |    3643.4426 |    3647.1049 |    3656.2828 |    3654.5147 |    3659.7331 |    3655.7525 |
|           CPI           |     1.4469 |     1.7468 |     1.7481 |     1.7484 |     1.7494 |     1.7502 |     1.7480 |     1.7505 |     1.7117 |     1.7117 |      1.7054 |      1.7134 |      1.7130 |      1.7181 |      1.7108 |      1.7128 |      1.7338 |      1.7336 |      1.7320 |      1.7386 |      1.7398 |      1.7415 |      1.7415 |      1.7442 |      1.7453 |      1.7401 |      1.7389 |      1.7379 |      1.7349 |      1.7355 |      1.7390 |      1.7425 |      1.7330 |      1.7307 |      1.7317 |      1.7314 |      1.7250 |      1.7329 |      1.7356 |      1.7335 |      1.7347 |      1.7318 |      1.7354 |      1.7314 |      1.7328 |      1.7372 |      1.7363 |      1.7365 |      1.8038 |      1.8037 |      1.8106 |      1.8121 |      1.8080 |      1.8125 |      1.8068 |      1.8155 |      1.7554 |      1.7573 |      1.7518 |      1.7572 |      1.7586 |      1.7679 |      1.7574 |      1.7724 |      1.7682 |      1.7719 |      1.7638 |      1.7737 |      1.7737 |      1.7762 |      1.7783 |      1.7824 |      1.8412 |      1.8396 |      1.8414 |      1.8397 |      1.8370 |      1.8384 |      1.8387 |      1.8396 |      1.8247 |      1.8227 |      1.8237 |      1.8253 |      1.8257 |      1.8201 |      1.8256 |      1.8259 |      1.8206 |      1.8215 |      1.8234 |      1.8218 |      1.8267 |      1.8239 |      1.8239 |      1.8232 |      1.1973 |      1.0651 |      1.0482 |      1.0479 |       1.0506 |       1.0569 |       1.0594 |       1.0573 |       1.0587 |       1.0454 |       1.0457 |       1.0460 |       1.0507 |       1.0536 |       1.0584 |       1.0599 |       1.0666 |       1.0612 |       1.0665 |       1.0681 |       1.0688 |       1.0717 |       1.0704 |       1.0788 |       1.2198 |       1.2107 |       1.2069 |       1.2130 |       1.2220 |       1.2229 |       1.2271 |       1.2307 |       1.1799 |       1.1687 |       1.1690 |       1.1768 |       1.1769 |       1.1862 |       1.1896 |       1.1949 |       1.1847 |       1.1860 |       1.1840 |       1.1902 |       1.1966 |       1.2007 |       1.2065 |       1.2124 |       1.5068 |       1.4971 |       1.5049 |       1.5090 |       1.5129 |       1.5127 |       1.5210 |       1.5211 |       1.4788 |       1.4763 |       1.4771 |       1.4844 |       1.4900 |       1.4927 |       1.4941 |       1.5013 |       1.4409 |       1.4276 |       1.4331 |       1.4452 |       1.4561 |       1.4615 |       1.4731 |       1.4767 |       1.5063 |       1.5030 |       1.5050 |       1.5133 |       1.5179 |       1.5369 |       1.5292 |       1.5760 |
| L3 bandwidth [MBytes/s] |  3705.0220 |   517.5282 |   511.8007 |   513.8449 |   518.9048 |   515.8928 |   514.8057 |   515.1122 |   522.0747 |   518.5293 |    504.8286 |    510.7616 |    503.0518 |    512.2786 |    499.4394 |    511.4974 |    503.5810 |    503.5345 |    505.1601 |    505.0546 |    509.0332 |    512.6418 |    501.9035 |    503.4911 |    512.9125 |    507.2147 |    499.7628 |    499.4818 |    502.1169 |    495.4623 |    509.7595 |    511.9517 |    507.3919 |    510.9120 |    510.5348 |    509.3676 |    511.6869 |    509.6662 |    516.2338 |    505.6431 |    511.0839 |    512.2776 |    505.8436 |    501.6779 |    509.9739 |    509.5823 |    516.1193 |    520.3504 |    515.0588 |    522.8776 |    518.6820 |    513.5431 |    515.4053 |    511.3785 |    522.3839 |    525.7474 |    529.7257 |    533.0730 |    530.4078 |    537.7492 |    529.2897 |    532.5988 |    529.1445 |    529.7269 |    525.2466 |    526.9436 |    528.9014 |    524.2943 |    518.9213 |    512.7431 |    519.8732 |    523.5508 |    520.5111 |    523.4739 |    525.3150 |    520.1737 |    520.4226 |    517.9227 |    512.8553 |    512.9962 |    535.0975 |    527.7663 |    529.0655 |    530.3687 |    535.0960 |    536.4291 |    528.9163 |    544.1896 |    524.0541 |    544.4335 |    523.4628 |    524.0611 |    532.7603 |    523.9034 |    536.5375 |    527.6437 |    578.4627 |    566.5955 |    562.8130 |    568.3121 |     572.0777 |     562.6087 |     559.9498 |     569.0945 |     578.7600 |     564.7046 |     563.5958 |     574.3092 |     567.4324 |     570.8180 |     571.3702 |     577.5553 |     571.5820 |     565.4220 |     563.9079 |     561.4448 |     562.6634 |     555.0981 |     564.4363 |     559.2845 |     557.9264 |     567.4915 |     559.9614 |     570.6195 |     553.9771 |     556.0751 |     551.3626 |     549.3310 |     576.7104 |     574.1391 |     563.6436 |     563.5563 |     568.9250 |     565.6977 |     562.9151 |     567.2331 |     573.2784 |     571.7282 |     561.9112 |     553.3964 |     559.1334 |     557.1126 |     556.4224 |     556.3010 |     567.4009 |     565.3516 |     550.3308 |     558.6405 |     560.4275 |     553.7857 |     553.7123 |     555.5826 |     571.5605 |     571.1591 |     563.2824 |     568.0338 |     565.1197 |     566.0044 |     562.3045 |     562.7077 |     567.9958 |     572.4348 |     562.2340 |     572.2104 |     568.0122 |     582.4447 |     577.2428 |     582.3785 |     587.0782 |     585.0925 |     576.5858 |     585.3125 |     591.0247 |     565.5508 |     546.9431 |     481.6082 |
| L3 data volume [GBytes] |  4623.9755 |   645.8903 |   638.7422 |   641.2934 |   647.6083 |   643.8493 |   642.4925 |   642.8750 |   651.5644 |   647.1397 |    630.0408 |    637.4454 |    627.8233 |    639.3386 |    623.3149 |    638.3637 |    628.4837 |    628.4257 |    630.4545 |    630.3229 |    635.2882 |    639.7919 |    626.3902 |    628.3715 |    640.1298 |    633.0187 |    623.7185 |    623.3678 |    626.6565 |    618.3513 |    636.1948 |    638.9307 |    633.2399 |    637.6330 |    637.1623 |    635.7056 |    638.6001 |    636.0783 |    644.2748 |    631.0573 |    637.8476 |    639.3374 |    631.3076 |    626.1087 |    636.4623 |    635.9735 |    644.1319 |    649.4125 |    642.8084 |    652.5664 |    647.3302 |    640.9168 |    643.2409 |    638.2153 |    651.9504 |    656.1481 |    661.1131 |    665.2906 |    661.9644 |    671.1267 |    660.5690 |    664.6989 |    660.3877 |    661.1146 |    655.5231 |    657.6410 |    660.0844 |    654.3346 |    647.6290 |    639.9183 |    648.8169 |    653.4067 |    649.6130 |    653.3107 |    655.6084 |    649.1920 |    649.5026 |    646.3827 |    640.0583 |    640.2342 |    667.8173 |    658.6677 |    660.2891 |    661.9156 |    667.8155 |    669.4791 |    660.1030 |    679.1645 |    654.0348 |    679.4689 |    653.2968 |    654.0435 |    664.9004 |    653.8468 |    669.6144 |    658.5147 |    721.9383 |    707.1277 |    702.4070 |    709.2701 |     713.9696 |     702.1521 |     698.8337 |     710.2465 |     722.3093 |     704.7678 |     703.3840 |     716.7546 |     708.1721 |     712.3975 |     713.0867 |     720.8059 |     713.3510 |     705.6631 |     703.7735 |     700.6995 |     702.2203 |     692.7786 |     704.4330 |     698.0034 |     696.3085 |     708.2460 |     698.8482 |     712.1498 |     691.3796 |     693.9980 |     688.1166 |     685.5812 |     719.7514 |     716.5423 |     703.4436 |     703.3347 |     710.0350 |     706.0072 |     702.5344 |     707.9235 |     715.4681 |     713.5335 |     701.2815 |     690.6549 |     697.8148 |     695.2928 |     694.4314 |     694.2799 |     708.1329 |     705.5752 |     686.8288 |     697.1996 |     699.4298 |     691.1407 |     691.0491 |     693.3833 |     713.3241 |     712.8232 |     702.9929 |     708.9227 |     705.2859 |     706.3900 |     701.7723 |     702.2756 |     708.8754 |     714.4153 |     701.6844 |     714.1352 |     708.8958 |     726.9079 |     720.4158 |     726.8254 |     732.6908 |     730.2125 |     719.5959 |     730.4870 |     737.6160 |     705.8239 |     682.6009 |     601.0610 |
+-------------------------+------------+------------+------------+------------+------------+------------+------------+------------+------------+------------+-------------+-------------+-------------+-------------+-------------+-------------+-------------+-------------+-------------+-------------+-------------+-------------+-------------+-------------+-------------+-------------+-------------+-------------+-------------+-------------+-------------+-------------+-------------+-------------+-------------+-------------+-------------+-------------+-------------+-------------+-------------+-------------+-------------+-------------+-------------+-------------+-------------+-------------+-------------+-------------+-------------+-------------+-------------+-------------+-------------+-------------+-------------+-------------+-------------+-------------+-------------+-------------+-------------+-------------+-------------+-------------+-------------+-------------+-------------+-------------+-------------+-------------+-------------+-------------+-------------+-------------+-------------+-------------+-------------+-------------+-------------+-------------+-------------+-------------+-------------+-------------+-------------+-------------+-------------+-------------+-------------+-------------+-------------+-------------+-------------+-------------+-------------+-------------+-------------+-------------+--------------+--------------+--------------+--------------+--------------+--------------+--------------+--------------+--------------+--------------+--------------+--------------+--------------+--------------+--------------+--------------+--------------+--------------+--------------+--------------+--------------+--------------+--------------+--------------+--------------+--------------+--------------+--------------+--------------+--------------+--------------+--------------+--------------+--------------+--------------+--------------+--------------+--------------+--------------+--------------+--------------+--------------+--------------+--------------+--------------+--------------+--------------+--------------+--------------+--------------+--------------+--------------+--------------+--------------+--------------+--------------+--------------+--------------+--------------+--------------+--------------+--------------+--------------+--------------+--------------+--------------+--------------+--------------+--------------+--------------+--------------+--------------+--------------+--------------+--------------+--------------+

+------------------------------+-------------+-----------+-----------+-----------+
|            Metric            |     Sum     |    Min    |    Max    |    Avg    |
+------------------------------+-------------+-----------+-----------+-----------+
|   Runtime (RDTSC) [s] STAT   | 219653.1216 | 1248.0291 | 1248.0291 | 1248.0291 |
|   Runtime unhalted [s] STAT  | 218015.5832 |  822.4737 | 1706.0629 | 1238.7249 |
|       Clock [MHz] STAT       | 617462.0915 | 3024.7979 | 3684.9994 | 3508.3073 |
|           CPI STAT           |    271.6591 |    1.0454 |    1.8414 |    1.5435 |
| L3 bandwidth [MBytes/s] STAT |  98092.2023 |  481.6082 | 3705.0220 |  557.3421 |
| L3 data volume [GBytes] STAT | 122421.9278 |  601.0610 | 4623.9755 |  695.5791 |
+------------------------------+-------------+-----------+-----------+-----------+

