--------------------------------------------------------------------------------
CPU name:	AMD EPYC 9A14 96-Core Processor                
CPU type:	AMD K19 (Zen4) architecture
CPU clock:	2.60 GHz
--------------------------------------------------------------------------------
Use symmetry. Molecule point group: C2v
Norb: 24   Ne: (5, 5)
Running RHF...
converged SCF energy = -76.0267607337663
Running FCI ...
Guessing CI wfn symmetry = 0
Num symmetry allowed elements 451681246
tol 1e-10  toloose 1e-05
max_cycle 100  max_space 12  max_memory 760520  incore True
    CPU time for contract_2e  13874.67 sec, wall time     88.72 sec
davidson 0 1  |r|= 0.999  e= [-85.21409431]  max|de|= -85.2  lindep=    1
    CPU time for contract_2e  13984.42 sec, wall time     89.40 sec
davidson 1 2  |r|= 0.336  e= [-85.41295423]  max|de|= -0.199  lindep= 0.992
    CPU time for contract_2e  14138.01 sec, wall time     92.00 sec
davidson 2 3  |r|= 0.0993  e= [-85.4295567]  max|de|= -0.0166  lindep= 0.982
    CPU time for contract_2e  13979.23 sec, wall time     92.82 sec
davidson 3 4  |r|= 0.0324  e= [-85.43094102]  max|de|= -0.00138  lindep= 0.955
    CPU time for contract_2e  14026.77 sec, wall time     94.95 sec
davidson 4 5  |r|= 0.0129  e= [-85.43110245]  max|de|= -0.000161  lindep= 0.911
    CPU time for contract_2e  13930.57 sec, wall time     96.01 sec
davidson 5 6  |r|= 0.00436  e= [-85.43112741]  max|de|= -2.5e-05  lindep= 0.833
    CPU time for contract_2e  14010.55 sec, wall time     98.16 sec
davidson 6 7  |r|= 0.00169  e= [-85.43113026]  max|de|= -2.84e-06  lindep= 0.932
    CPU time for contract_2e  14129.42 sec, wall time    101.28 sec
davidson 7 8  |r|= 0.000705  e= [-85.4311307]  max|de|= -4.44e-07  lindep= 0.849
    CPU time for contract_2e  14041.33 sec, wall time    102.08 sec
davidson 8 9  |r|= 0.000319  e= [-85.43113078]  max|de|= -8.55e-08  lindep= 0.895
    CPU time for contract_2e  14058.72 sec, wall time    103.27 sec
davidson 9 10  |r|= 0.000127  e= [-85.4311308]  max|de|= -1.57e-08  lindep= 0.804
    CPU time for contract_2e  13932.87 sec, wall time    104.36 sec
davidson 10 11  |r|= 4.77e-05  e= [-85.4311308]  max|de|= -2.31e-09  lindep= 0.878
    CPU time for contract_2e  13895.49 sec, wall time    105.87 sec
davidson 11 12  |r|= 1.71e-05  e= [-85.4311308]  max|de|= -2.93e-10  lindep= 0.87
    CPU time for contract_2e  13900.71 sec, wall time    108.44 sec
davidson 12 1  |r|= 1.71e-05  e= [-85.4311308]  max|de|= 3.21e-12  lindep=    1
    CPU time for contract_2e  13740.26 sec, wall time     88.01 sec
root 0 converged  |r|= 6.26e-06  e= -85.43113080323202  max|de|= -3.3e-11
converged 13 2  |r|= 6.26e-06  e= [-85.4311308]  max|de|= -3.3e-11
--------------------------------------------------------------------------------
Group 1: L3
+-----------------------------+---------+---------------+---------------+---------------+---------------+---------------+---------------+---------------+---------------+---------------+---------------+---------------+---------------+---------------+---------------+---------------+---------------+---------------+---------------+---------------+---------------+---------------+---------------+---------------+---------------+---------------+---------------+---------------+---------------+---------------+---------------+---------------+---------------+---------------+---------------+---------------+---------------+---------------+---------------+---------------+---------------+---------------+---------------+---------------+---------------+---------------+---------------+---------------+---------------+---------------+---------------+---------------+---------------+---------------+---------------+---------------+---------------+---------------+---------------+---------------+---------------+---------------+---------------+---------------+---------------+---------------+---------------+---------------+---------------+---------------+---------------+---------------+---------------+---------------+---------------+---------------+---------------+---------------+---------------+---------------+---------------+---------------+---------------+---------------+---------------+---------------+---------------+---------------+---------------+---------------+---------------+---------------+---------------+---------------+---------------+---------------+---------------+---------------+---------------+---------------+---------------+---------------+---------------+---------------+---------------+---------------+---------------+---------------+---------------+---------------+---------------+---------------+---------------+---------------+---------------+---------------+---------------+---------------+---------------+---------------+---------------+---------------+---------------+---------------+---------------+---------------+---------------+---------------+---------------+---------------+---------------+---------------+---------------+---------------+---------------+---------------+---------------+---------------+---------------+---------------+---------------+---------------+---------------+---------------+---------------+---------------+---------------+---------------+---------------+---------------+---------------+---------------+---------------+---------------+---------------+---------------+---------------+---------------+---------------+---------------+---------------+---------------+---------------+---------------+---------------+---------------+---------------+---------------+---------------+---------------+---------------+---------------+---------------+---------------+---------------+---------------+---------------+---------------+---------------+---------------+---------------+---------------+---------------+---------------+---------------+---------------+---------------+---------------+---------------+---------------+---------------+---------------+---------------+
|            Event            | Counter |   HWThread 0  |   HWThread 1  |   HWThread 2  |   HWThread 3  |   HWThread 4  |   HWThread 5  |   HWThread 6  |   HWThread 7  |   HWThread 8  |   HWThread 9  |  HWThread 10  |  HWThread 11  |  HWThread 12  |  HWThread 13  |  HWThread 14  |  HWThread 15  |  HWThread 16  |  HWThread 17  |  HWThread 18  |  HWThread 19  |  HWThread 20  |  HWThread 21  |  HWThread 22  |  HWThread 23  |  HWThread 24  |  HWThread 25  |  HWThread 26  |  HWThread 27  |  HWThread 28  |  HWThread 29  |  HWThread 30  |  HWThread 31  |  HWThread 32  |  HWThread 33  |  HWThread 34  |  HWThread 35  |  HWThread 36  |  HWThread 37  |  HWThread 38  |  HWThread 39  |  HWThread 40  |  HWThread 41  |  HWThread 42  |  HWThread 43  |  HWThread 44  |  HWThread 45  |  HWThread 46  |  HWThread 47  |  HWThread 48  |  HWThread 49  |  HWThread 50  |  HWThread 51  |  HWThread 52  |  HWThread 53  |  HWThread 54  |  HWThread 55  |  HWThread 56  |  HWThread 57  |  HWThread 58  |  HWThread 59  |  HWThread 60  |  HWThread 61  |  HWThread 62  |  HWThread 63  |  HWThread 64  |  HWThread 65  |  HWThread 66  |  HWThread 67  |  HWThread 68  |  HWThread 69  |  HWThread 70  |  HWThread 71  |  HWThread 72  |  HWThread 73  |  HWThread 74  |  HWThread 75  |  HWThread 76  |  HWThread 77  |  HWThread 78  |  HWThread 79  |  HWThread 80  |  HWThread 81  |  HWThread 82  |  HWThread 83  |  HWThread 84  |  HWThread 85  |  HWThread 86  |  HWThread 87  |  HWThread 88  |  HWThread 89  |  HWThread 90  |  HWThread 91  |  HWThread 92  |  HWThread 93  |  HWThread 94  |  HWThread 95  |  HWThread 96  |  HWThread 97  |  HWThread 98  |  HWThread 99  |  HWThread 100 |  HWThread 101 |  HWThread 102 |  HWThread 103 |  HWThread 104 |  HWThread 105 |  HWThread 106 |  HWThread 107 |  HWThread 108 |  HWThread 109 |  HWThread 110 |  HWThread 111 |  HWThread 112 |  HWThread 113 |  HWThread 114 |  HWThread 115 |  HWThread 116 |  HWThread 117 |  HWThread 118 |  HWThread 119 |  HWThread 120 |  HWThread 121 |  HWThread 122 |  HWThread 123 |  HWThread 124 |  HWThread 125 |  HWThread 126 |  HWThread 127 |  HWThread 128 |  HWThread 129 |  HWThread 130 |  HWThread 131 |  HWThread 132 |  HWThread 133 |  HWThread 134 |  HWThread 135 |  HWThread 136 |  HWThread 137 |  HWThread 138 |  HWThread 139 |  HWThread 140 |  HWThread 141 |  HWThread 142 |  HWThread 143 |  HWThread 144 |  HWThread 145 |  HWThread 146 |  HWThread 147 |  HWThread 148 |  HWThread 149 |  HWThread 150 |  HWThread 151 |  HWThread 152 |  HWThread 153 |  HWThread 154 |  HWThread 155 |  HWThread 156 |  HWThread 157 |  HWThread 158 |  HWThread 159 |  HWThread 160 |  HWThread 161 |  HWThread 162 |  HWThread 163 |  HWThread 164 |  HWThread 165 |  HWThread 166 |  HWThread 167 |  HWThread 168 |  HWThread 169 |  HWThread 170 |  HWThread 171 |  HWThread 172 |  HWThread 173 |  HWThread 174 |  HWThread 175 |  HWThread 176 |  HWThread 177 |  HWThread 178 |  HWThread 179 |  HWThread 180 |  HWThread 181 |  HWThread 182 |  HWThread 183 |  HWThread 184 |  HWThread 185 |  HWThread 186 |  HWThread 187 |  HWThread 188 |  HWThread 189 |  HWThread 190 |  HWThread 191 |
+-----------------------------+---------+---------------+---------------+---------------+---------------+---------------+---------------+---------------+---------------+---------------+---------------+---------------+---------------+---------------+---------------+---------------+---------------+---------------+---------------+---------------+---------------+---------------+---------------+---------------+---------------+---------------+---------------+---------------+---------------+---------------+---------------+---------------+---------------+---------------+---------------+---------------+---------------+---------------+---------------+---------------+---------------+---------------+---------------+---------------+---------------+---------------+---------------+---------------+---------------+---------------+---------------+---------------+---------------+---------------+---------------+---------------+---------------+---------------+---------------+---------------+---------------+---------------+---------------+---------------+---------------+---------------+---------------+---------------+---------------+---------------+---------------+---------------+---------------+---------------+---------------+---------------+---------------+---------------+---------------+---------------+---------------+---------------+---------------+---------------+---------------+---------------+---------------+---------------+---------------+---------------+---------------+---------------+---------------+---------------+---------------+---------------+---------------+---------------+---------------+---------------+---------------+---------------+---------------+---------------+---------------+---------------+---------------+---------------+---------------+---------------+---------------+---------------+---------------+---------------+---------------+---------------+---------------+---------------+---------------+---------------+---------------+---------------+---------------+---------------+---------------+---------------+---------------+---------------+---------------+---------------+---------------+---------------+---------------+---------------+---------------+---------------+---------------+---------------+---------------+---------------+---------------+---------------+---------------+---------------+---------------+---------------+---------------+---------------+---------------+---------------+---------------+---------------+---------------+---------------+---------------+---------------+---------------+---------------+---------------+---------------+---------------+---------------+---------------+---------------+---------------+---------------+---------------+---------------+---------------+---------------+---------------+---------------+---------------+---------------+---------------+---------------+---------------+---------------+---------------+---------------+---------------+---------------+---------------+---------------+---------------+---------------+---------------+---------------+---------------+---------------+---------------+---------------+---------------+
|       ACTUAL_CPU_CLOCK      |  FIXC1  | 5061880114790 | 4351187981201 | 4332124246752 | 4346902057290 | 4339800294408 | 4342887109093 | 4338499867209 | 4343236345363 | 4293506716398 | 4282859835686 | 4278225093147 | 4309538990445 | 4304850015209 | 4315216326803 | 4296687081401 | 4311591020071 | 4292989395728 | 4297019898374 | 4290004087414 | 4295608530332 | 4306385341427 | 4294684081859 | 4303065582400 | 4306141735873 | 4296438261101 | 4293704011593 | 4299841599050 | 4311855039457 | 4308214935599 | 4295700426658 | 4315357887359 | 4310018850367 | 4322898914921 | 4298651490833 | 4328548363312 | 4324681571433 | 4304791072166 | 4323282949529 | 4314332121347 | 4302714151945 | 4314490384392 | 4304289885294 | 4317613752242 | 4299017440364 | 4306875250029 | 4300621931646 | 4313624207628 | 4309747540053 | 4235896820810 | 4247123334327 | 4243423950080 | 4235304371649 | 4222193627279 | 4249106589568 | 4227062835761 | 4231477178581 | 4143577757505 | 4134370734066 | 4125845029394 | 4162370826694 | 4152326848745 | 4156349738077 | 4160870051987 | 4180915288834 | 4142261437843 | 4143389961008 | 4127995498444 | 4183813266387 | 4147409589747 | 4163106089658 | 4165411505880 | 4173031147963 | 4224551983528 | 4229411751738 | 4224660275097 | 4216340115136 | 4236594248958 | 4216208481916 | 4226352145826 | 4241722993746 | 4206851245803 | 4211444672275 | 4209057252913 | 4221750258217 | 4214132457651 | 4223894763673 | 4229855570062 | 4224938343126 | 4243843745829 | 4251106369448 | 4227031125917 | 4227453769273 | 4229549705308 | 4235182013184 | 4233708854870 | 4261955387131 | 3688024908438 | 3654280499812 | 3646836151553 | 3644502093160 | 3663723486348 | 3664519586261 | 3656960674293 | 3675398189746 | 3340902512144 | 3332965259083 | 3269029227159 | 3268284239535 | 3338225305885 | 3337714848532 | 3392137706743 | 3408972691770 | 3419510647848 | 3383309094492 | 3348527854276 | 3414295808973 | 3419930416660 | 3441934926538 | 3439268294740 | 3456295872529 | 3623929700140 | 3592261633851 | 3592299813090 | 3603925456089 | 3626330167084 | 3623713657806 | 3638087233581 | 3645365397105 | 3499047861337 | 3475804965580 | 3470394995159 | 3490010432329 | 3504327273827 | 3502307855560 | 3516085115180 | 3530895094150 | 3323340883964 | 3302387508866 | 3280486479342 | 3317691610078 | 3373713559738 | 3361822066584 | 3390519499007 | 3370021487532 | 2734715172044 | 2589025315611 | 2562647007927 | 2580312367438 | 2596173430385 | 2612106109407 | 2621504287379 | 2642678051810 | 2547292942474 | 2528639918662 | 2527427314050 | 2556279506243 | 2572114578932 | 2581444493119 | 2617752167032 | 2622891828032 | 2500569743768 | 2488542394070 | 2443870132581 | 2491562247480 | 2534899826486 | 2509882163878 | 2544283858769 | 2551413097276 | 2220316085071 | 2193719874428 | 2162124128827 | 2179897379376 | 2186494961627 | 2194135727475 | 2230387535070 | 2210980134931 | 2181941263948 | 2175968853503 | 2146204674634 | 2201621179586 | 2191919064646 | 2172451631120 | 2185180815893 | 2192524765991 | 2197002269139 | 2181041160517 | 2172475711339 | 2197349358227 | 2198735919587 | 2184246357485 | 2191358730361 | 2215618420857 |
|        MAX_CPU_CLOCK        |  FIXC2  | 3567472295062 | 3096773348812 | 3066313433690 | 3080373207002 | 3073537582596 | 3076426598024 | 3072148119690 | 3076772544742 | 3037173345622 | 3028249173014 | 3029569026146 | 3054415015366 | 3049623770310 | 3055909994566 | 3036916114804 | 3050668055890 | 3029179719306 | 3036424623934 | 3030252414982 | 3032375554156 | 3042349424244 | 3029041456792 | 3038290421270 | 3040580288070 | 3048853554344 | 3046156878388 | 3052269068888 | 3064247234828 | 3060965320972 | 3047763610294 | 3067927826418 | 3062760238278 | 3064153531062 | 3040383915010 | 3070788336876 | 3065814262420 | 3045980318914 | 3064282239252 | 3054459022992 | 3042954613998 | 3053834637334 | 3044205488272 | 3058972931924 | 3037555663766 | 3044695921202 | 3038398844572 | 3050918710086 | 3046677800374 | 3006278958046 | 3022969858584 | 3022102389228 | 3009684231060 | 2996769144434 | 3021441253116 | 2998436779338 | 3002571549328 | 2945643200292 | 2937771097690 | 2934577604452 | 2959758099532 | 2952523254746 | 2951381319640 | 2957601014472 | 2972422929658 | 2938658958690 | 2941961576736 | 2933458043646 | 2978038575434 | 2943172244090 | 2956040108762 | 2959811828246 | 2966088373118 | 3007719299728 | 3013115146028 | 3008221947796 | 2998771429732 | 3020249435112 | 2998899848880 | 3008763689516 | 3023431101522 | 2990380649360 | 2995682270854 | 2994597843874 | 3005625228450 | 2997483162180 | 3007177495140 | 3013603867326 | 3008004053886 | 3024781119516 | 3031191859540 | 3007228746808 | 3006035443060 | 3008738840354 | 3014034615280 | 3012978470606 | 3041721580586 | 2609950615116 | 2601633902868 | 2590018087228 | 2577672591156 | 2591841353114 | 2592673565664 | 2581810345738 | 2599889443346 | 2483975607464 | 2483174675176 | 2470442458874 | 2460457450594 | 2485795012220 | 2485306495256 | 2496703702220 | 2506719123974 | 2515833961446 | 2492772836918 | 2475665617880 | 2509981380946 | 2509122873400 | 2517239450778 | 2505110431746 | 2508647278800 | 2581964510658 | 2567103638424 | 2560743609996 | 2565474123706 | 2571185063590 | 2566691271846 | 2572282120382 | 2577586270454 | 2520655455396 | 2523265618250 | 2526599197746 | 2524786288232 | 2532890931740 | 2527730617334 | 2530004390472 | 2543878400388 | 2486458803556 | 2478196899802 | 2456566167848 | 2466064091972 | 2493281692746 | 2483148797142 | 2496050141780 | 2488525854984 | 2218657243400 | 2148654432808 | 2142182317912 | 2144430891980 | 2153296475460 | 2159103857040 | 2163295396470 | 2176680304266 | 2130519440088 | 2111820251320 | 2119863615428 | 2125032785408 | 2132984008350 | 2136428396934 | 2156312544126 | 2156451160604 | 2108096925454 | 2107830761868 | 2079152809032 | 2100165315118 | 2129815496276 | 2113834594872 | 2123491038136 | 2127096571808 | 1983312822036 | 1964347927802 | 1949867339186 | 1958616820680 | 1959896156036 | 1964575760030 | 1991992703792 | 1969430434296 | 1947134881692 | 1955439827484 | 1937879318596 | 1978124076838 | 1965866840262 | 1960802748840 | 1962716025894 | 1961922293344 | 1964466824502 | 1964111635252 | 1953327258558 | 1973408341242 | 1980688560578 | 1959901370934 | 1965109555370 | 1967511888862 |
|     RETIRED_INSTRUCTIONS    |   PMC0  | 2463927847254 | 1763408023895 | 1763465199437 | 1763037661108 | 1762605434170 | 1761869015651 | 1762534501071 | 1761926224440 | 1774709547673 | 1774677143619 | 1775523765471 | 1775218879760 | 1775665147907 | 1772263563627 | 1773700373856 | 1773873654432 | 1765607379205 | 1759231665869 | 1759361392134 | 1758442995005 | 1758888320615 | 1757734896887 | 1758503033205 | 1758065097443 | 1729330547361 | 1728820711760 | 1729130461445 | 1728928082107 | 1729108729650 | 1728541618140 | 1728813863529 | 1728498651383 | 1739546929836 | 1738546685976 | 1739957769268 | 1739244261583 | 1738570632196 | 1738812478429 | 1738482689621 | 1737686200629 | 1736867586945 | 1736423786229 | 1734940977600 | 1734742762287 | 1735851116168 | 1735068539365 | 1735889201125 | 1735344770993 | 1755407562604 | 1756036508721 | 1756485407560 | 1754278620859 | 1754346952822 | 1754153713458 | 1753569343624 | 1753163801142 | 1762164993535 | 1762511469721 | 1762451009102 | 1762611418953 | 1762146844927 | 1761554840134 | 1762291755665 | 1762214187297 | 1759061245344 | 1758026024737 | 1758146304542 | 1758729430838 | 1758008843476 | 1757752698056 | 1757647540211 | 1755302376344 | 1738344169745 | 1738741115318 | 1738922408590 | 1737387375100 | 1738143033461 | 1736538374215 | 1737905218945 | 1737367377924 | 1754500468072 | 1754827451472 | 1756224316658 | 1753228486008 | 1753274485413 | 1753102367124 | 1753110896530 | 1753139761949 | 1747463159263 | 1747510881869 | 1747268740351 | 1745542958242 | 1746004405483 | 1744963127875 | 1745852632104 | 1746562330446 | 1748889206466 | 1749479019609 | 1748867522999 | 1748151803072 | 1748181433131 | 1748526347152 | 1748061298916 | 1748683017850 | 1753961022439 | 1753818363233 | 1753227908988 | 1752874020247 | 1753712063227 | 1753806395287 | 1754129879048 | 1754344476377 | 1748166782305 | 1747728620744 | 1747131137109 | 1747819736195 | 1747869923704 | 1747609826055 | 1747495496986 | 1747501868777 | 1747139718652 | 1746578968264 | 1746379891813 | 1746381169247 | 1746525607170 | 1747121838380 | 1747071988656 | 1746507105986 | 1753264998606 | 1753120294882 | 1752449562238 | 1753027307396 | 1753104683303 | 1746450346862 | 1746348577711 | 1746966191459 | 1733174728690 | 1732912766532 | 1732238727443 | 1732005755994 | 1733951493188 | 1732379383913 | 1732726011540 | 1732739749421 | 1730412230903 | 1728486276516 | 1729229387731 | 1728145998824 | 1728378069845 | 1729076405098 | 1728547670234 | 1728803722820 | 1733460086437 | 1732649236708 | 1732711070050 | 1734198067704 | 1732630616113 | 1732328250591 | 1734724365416 | 1732266992430 | 1729243842982 | 1731373230989 | 1730431823915 | 1729302936202 | 1731580751049 | 1728659217237 | 1728566185919 | 1729443067120 | 1731573146830 | 1730678635150 | 1722296559559 | 1721123515529 | 1721176834906 | 1720537882342 | 1722890323138 | 1721111319015 | 1745418293884 | 1736721179800 | 1734732223875 | 1741904592041 | 1736180884570 | 1731197965950 | 1730662912209 | 1734255485838 | 1733199587756 | 1730038487957 | 1727029772232 | 1728316667897 | 1720116249862 | 1689601336981 | 1684284239418 | 1602901166868 |
|     CPU_CLOCKS_UNHALTED     |   PMC1  | 4316087298393 | 3894100147170 | 3903224016691 | 3907884919007 | 3904556858197 | 3905292985576 | 3904621133093 | 3906194301459 | 3844679698396 | 3845776542170 | 3839888847685 | 3847845607514 | 3848826713080 | 3864980952341 | 3860353798207 | 3865869687444 | 3873497503257 | 3864936452199 | 3871037151696 | 3878380628839 | 3879218859673 | 3879504974837 | 3880345690988 | 3883020840447 | 3922017318923 | 3925893772986 | 3933139340187 | 3932718699762 | 3921662425037 | 3924990661051 | 3927119156296 | 3929303781542 | 3935159198895 | 3922092431462 | 3939096895296 | 3930049724469 | 3928596743037 | 3934386941299 | 3932997047791 | 3929787892144 | 3916294011910 | 3919572546757 | 3927384066588 | 3920151273381 | 3923423199570 | 3921937166558 | 3924858092563 | 3922940317643 | 3816772871662 | 3819212201935 | 3816009820198 | 3817274170323 | 3812337879890 | 3820355378172 | 3816489312766 | 3821953745388 | 3710782551460 | 3715159788010 | 3705189311612 | 3737537374462 | 3727709444718 | 3741003440510 | 3737780403319 | 3755550986688 | 3715607121431 | 3717055613118 | 3700097806640 | 3735700160814 | 3720169275753 | 3732272483430 | 3732001185595 | 3737941426990 | 3845456218577 | 3841874926049 | 3850540201354 | 3845494220896 | 3849849403552 | 3847020640768 | 3845557594451 | 3852944698527 | 3814661065158 | 3815892695292 | 3810266431754 | 3813206972332 | 3818449268913 | 3822407807889 | 3818434802379 | 3821010609266 | 3832855934559 | 3840566383361 | 3834126279657 | 3835276242079 | 3833692884313 | 3827084665112 | 3829130517764 | 3839963789594 | 3188621307132 | 3179897384448 | 3183667160908 | 3192163355551 | 3202140310992 | 3204107881998 | 3206088623542 | 3211698084169 | 2896832995654 | 2897479662857 | 2835090435251 | 2840304646843 | 2900609647330 | 2897343521848 | 2954809790526 | 2966248260628 | 2979224080404 | 2951503673420 | 2933282630308 | 2978873852403 | 2985551385560 | 2999443608950 | 3012382294068 | 3029422852882 | 3158655564323 | 3134628622870 | 3144188106185 | 3152097844749 | 3174685518109 | 3175152530148 | 3188233597158 | 3194957138897 | 3052632328479 | 3034296117186 | 3027062372814 | 3051989151593 | 3061523613020 | 3063686097150 | 3074752521444 | 3081458570469 | 2887758757085 | 2874223974426 | 2863545371913 | 2901571216111 | 2943784983338 | 2940453805121 | 2962090206506 | 2947328757228 | 2422680993075 | 2305529626823 | 2283483803134 | 2300596791180 | 2311295240895 | 2325578270558 | 2333684787717 | 2347351128244 | 2262074079410 | 2254240977653 | 2251851674665 | 2281193189660 | 2293306616865 | 2297933549580 | 2325752796465 | 2333886747563 | 2236089085869 | 2220817542393 | 2194123374162 | 2234640695931 | 2256639354106 | 2241661164769 | 2276500022450 | 2283103052868 | 2010381094139 | 2001130315452 | 1976125983438 | 1992338334764 | 1999776265657 | 2004397586837 | 2019777170397 | 2016236145863 | 1989415675895 | 1978712593005 | 1966058524819 | 1990434568497 | 1992271800052 | 1977106084161 | 1992526839534 | 2000023675057 | 2003422697584 | 1986924913732 | 1989447956570 | 1997729910598 | 1996201936130 | 1987523963641 | 1995684299591 | 2001836212684 |
|       L2_PF_HIT_IN_L3       |   PMC2  |   15772439844 |    1413160071 |    1462883841 |    1357277766 |    1439623806 |    1445062450 |    1513023821 |    1430858917 |    1172135394 |    1499801295 |    1337853894 |    1410376064 |    1264518403 |    1325540926 |    1365427074 |    1294751257 |    1420579760 |    1667934118 |    1314437343 |    1327267118 |    1485447291 |    1422746864 |    1385395828 |    1320231765 |    1240496576 |    1303944290 |    1307826533 |    1327476951 |    1393267338 |    1289352317 |    1350768791 |    1225335338 |    1288432915 |    1355052628 |    1306919116 |    1389343226 |    1446826375 |    1339274895 |    1417441829 |    1306265299 |    1342588070 |    1420775447 |    1249282189 |    1233560243 |    1327394386 |    1533649184 |    1367176902 |    1295564608 |    1250369847 |    1773294862 |    1391983831 |    1402432173 |    1312958299 |    1233818485 |    1340907963 |    1195094941 |    1247320196 |    1314097358 |    1202299920 |    1325451395 |    1394066605 |    1237839259 |    1281115666 |    1242121473 |    1223842431 |    1198574962 |    1186014215 |    1408763631 |    1271447047 |    1394054284 |    1301176506 |    1104928311 |    1641860016 |    1302532928 |    1367671217 |    1274025963 |    1314662031 |    1471636799 |    1393035460 |    1375063780 |    1344809362 |    1395848686 |    1368717567 |    1355637366 |    1615533318 |    1389084337 |    1459115712 |    1322167432 |    1336971999 |    1298643492 |    1242864421 |    1378695269 |    1493734484 |    1442606185 |    1353802890 |    1382465259 |    1237298777 |    1225413239 |    1282295679 |    1282967719 |    1431377206 |    1534123171 |    1431423289 |    1210092938 |    1194727442 |    1282261211 |    1325031593 |    1344432102 |    1262736654 |    1492314546 |    1394379422 |    1209770040 |    1231390739 |    1267016623 |    1257229605 |    1309702771 |    1563303839 |    1335138994 |    1373642211 |    1127361698 |    1408585679 |    1224100091 |    1531983643 |    1324475539 |    1278395746 |    1318702839 |    1342938233 |    1419574767 |    1329676605 |    1480963866 |    1321719111 |    1344162065 |    1361384728 |    1296991265 |    1387960815 |    1245498246 |    1409248578 |    1330208336 |    1329809681 |    1461095907 |    1478538059 |    1334855917 |    1363703319 |    1334704567 |    1313230710 |    1275780565 |    1233190291 |    1357018519 |    1356687971 |    1376182512 |    1379358022 |    1275708736 |    1287341576 |    1217523855 |    1328097252 |    1278436001 |    1364392060 |    1248869782 |    1315615105 |    1348732057 |    1426222592 |    1365786563 |    1336802180 |    1606660237 |    1436641459 |    1358337666 |    1327042844 |    1315155963 |    1559548158 |    1334995767 |    1322678441 |    1524129610 |    1467491577 |    1449871107 |    1508772545 |    1262005327 |    1276984917 |    1286892780 |    1403169313 |    1414485792 |    1361022328 |    1532519355 |    1467772023 |    1380634086 |    1309600832 |    1400553010 |    1475326024 |    1404100742 |    1441339415 |    1351486303 |    1363699225 |    1273255178 |
|       L2_PF_MISS_IN_L3      |   PMC3  |   52201541404 |    4365748008 |    4203616385 |    4438834136 |    4365564059 |    4370377873 |    4363039738 |    4507553071 |    4611531125 |    4454736029 |    4573161318 |    4592659761 |    4633082033 |    4556003862 |    4566070085 |    4729683145 |    4332461266 |    4302271750 |    4329484357 |    4288561516 |    4286796223 |    4205671833 |    4284648487 |    4389607050 |    4325595534 |    4210128918 |    4290197527 |    4260082939 |    4192111916 |    4119423434 |    4210007383 |    4326536950 |    4473089145 |    4272949924 |    4484172313 |    4428243458 |    4282902540 |    4409876550 |    4313577138 |    4431153808 |    4224709756 |    4254630658 |    4193832590 |    4197862503 |    4171501704 |    4117956253 |    4293433368 |    4277290542 |    4854616361 |    4852581628 |    4839685874 |    4743289072 |    4607479738 |    4711480514 |    4577939371 |    4747267559 |    5358632065 |    5304019118 |    5391965781 |    5338656661 |    5249756313 |    5167390624 |    5300769953 |    5363800382 |    4770559232 |    4832829381 |    4865029185 |    4893656037 |    4681574505 |    4705677511 |    4885824789 |    4916240519 |    4189406248 |    4289620551 |    4236168541 |    4206668361 |    4325254577 |    4165329762 |    4268111343 |    4329035475 |    4755578098 |    4755766129 |    4715585885 |    4688089269 |    4624015722 |    4689822755 |    4777316857 |    4836553456 |    4441444685 |    4454475580 |    4366040946 |    4269337065 |    4257408515 |    4264155922 |    4306944938 |    4521151427 |    6305913973 |    6410601540 |    6156685397 |    5983848224 |    5864448144 |    5968999502 |    5852524426 |    6264665484 |    6691627010 |    6590064822 |    6633061887 |    6779385053 |    6645505561 |    6707711734 |    6433789127 |    6631798873 |    5994267800 |    5914382996 |    5841099367 |    5844316199 |    5901867320 |    5817460200 |    5842585788 |    6028515014 |    6409424644 |    6457838702 |    6356367897 |    6329490270 |    6165721855 |    6217473889 |    6046659493 |    6210935723 |    6181961896 |    6344672158 |    6209294925 |    6222544223 |    6277434079 |    6316985164 |    6249435317 |    6372816593 |    6330822333 |    6280982596 |    6058876992 |    6044719913 |    5960178477 |    6103110079 |    6086457415 |    6265590202 |    5896174087 |    5795625368 |    5712675453 |    5665798272 |    5685164227 |    5545265838 |    5581048523 |    5798596053 |    5823805626 |    5747327062 |    5701286046 |    5653094660 |    5522106469 |    5685541728 |    5535425122 |    5523405353 |    5378567204 |    5534934794 |    5404154366 |    5453739539 |    5412499053 |    5378290155 |    5370861449 |    5449412251 |    5728819103 |    5606015589 |    5623815679 |    5513721327 |    5484983117 |    5468447180 |    5613943859 |    5617463437 |    5799411153 |    5810552516 |    5662018127 |    5810126048 |    5782685426 |    5793086515 |    5803613411 |    5854631286 |    5867046227 |    5676109228 |    5633333812 |    5804871172 |    5582742132 |    5140253881 |    5098682556 |    3890987472 |
| L2_CACHE_MISS_AFTER_L1_MISS |   PMC4  |    4435126059 |    3882881148 |    3853354352 |    3889909159 |    3921619096 |    3942847103 |    3944442042 |    3924465453 |    3747254724 |    3874157592 |    3783295131 |    3841315587 |    3691870561 |    3802372110 |    3604729718 |    3651267516 |    3827048310 |    3875441342 |    3755091041 |    3799125354 |    3818071942 |    3829917402 |    3788611316 |    3823610979 |    3832401275 |    3819727741 |    3835758135 |    3851856319 |    3808758954 |    3804635781 |    3795896358 |    3831216398 |    3844740674 |    3825042383 |    3783772406 |    3824074798 |    3841440803 |    3815598164 |    3814999331 |    3843257882 |    3896127460 |    3923478786 |    4058459477 |    3940537567 |    3857390264 |    3970796740 |    3913843366 |    3890838525 |    3891017673 |    4058451891 |    3914330265 |    3942925513 |    3891550213 |    3883965085 |    3882260852 |    3880177059 |    3694814413 |    3675811557 |    3621999478 |    3714776938 |    3667149791 |    3682161789 |    3607812389 |    3689363849 |    3859141335 |    3839491039 |    3827426177 |    3936448200 |    3839006722 |    3880013342 |    3841535256 |    4010899460 |    4217991419 |    4011150342 |    4026503581 |    3996757703 |    4019910828 |    4097463323 |    4046437953 |    4031735007 |    3798263924 |    3815854988 |    3802376490 |    3790821092 |    3863824515 |    3845636862 |    3827165619 |    3794447162 |    4061747188 |    4029195578 |    3962603845 |    4078716045 |    4058210160 |    4079825757 |    4020359386 |    4078098248 |    3074532483 |    3033147950 |    3083297679 |    3113624743 |    3148247868 |    3259680336 |    3125864142 |    3124561814 |    3139923731 |    3222196678 |    3179757400 |    3176727832 |    3121806387 |    3245619535 |    3279088330 |    3218234263 |    3231553013 |    3267926013 |    3261338301 |    3268066437 |    3453644893 |    3294709193 |    3276002522 |    3318580103 |    3254316358 |    3210581897 |    3420621665 |    3245683353 |    3232821635 |    3255351674 |    3287322276 |    3331403699 |    3435361779 |    3495056653 |    3447350738 |    3445395946 |    3425137610 |    3400190753 |    3407718144 |    3377347254 |    3336815892 |    3309496711 |    3272347714 |    3397428889 |    3358068990 |    3325856088 |    3295878485 |    3337010657 |    3412357032 |    3360545637 |    3308614374 |    3377518656 |    3357333717 |    3367007994 |    3325692797 |    3403835836 |    3685010978 |    3659559107 |    3737439307 |    3765607470 |    3751367763 |    3732200514 |    3774885760 |    3929584581 |    3718108136 |    3694670797 |    3671247165 |    3772835731 |    3727307464 |    3672206833 |    3706670740 |    3751900483 |    3633643279 |    3518185203 |    3533883511 |    3622586843 |    3580995923 |    3596831100 |    3633390274 |    3557878104 |    3496402583 |    3517086493 |    3485610245 |    3562099368 |    3564620329 |    3684527102 |    3549565524 |    3637744550 |    3690140848 |    3817731907 |    3830978565 |    3798524589 |    3912158578 |    3648817999 |    3622164184 |    3131148339 |
+-----------------------------+---------+---------------+---------------+---------------+---------------+---------------+---------------+---------------+---------------+---------------+---------------+---------------+---------------+---------------+---------------+---------------+---------------+---------------+---------------+---------------+---------------+---------------+---------------+---------------+---------------+---------------+---------------+---------------+---------------+---------------+---------------+---------------+---------------+---------------+---------------+---------------+---------------+---------------+---------------+---------------+---------------+---------------+---------------+---------------+---------------+---------------+---------------+---------------+---------------+---------------+---------------+---------------+---------------+---------------+---------------+---------------+---------------+---------------+---------------+---------------+---------------+---------------+---------------+---------------+---------------+---------------+---------------+---------------+---------------+---------------+---------------+---------------+---------------+---------------+---------------+---------------+---------------+---------------+---------------+---------------+---------------+---------------+---------------+---------------+---------------+---------------+---------------+---------------+---------------+---------------+---------------+---------------+---------------+---------------+---------------+---------------+---------------+---------------+---------------+---------------+---------------+---------------+---------------+---------------+---------------+---------------+---------------+---------------+---------------+---------------+---------------+---------------+---------------+---------------+---------------+---------------+---------------+---------------+---------------+---------------+---------------+---------------+---------------+---------------+---------------+---------------+---------------+---------------+---------------+---------------+---------------+---------------+---------------+---------------+---------------+---------------+---------------+---------------+---------------+---------------+---------------+---------------+---------------+---------------+---------------+---------------+---------------+---------------+---------------+---------------+---------------+---------------+---------------+---------------+---------------+---------------+---------------+---------------+---------------+---------------+---------------+---------------+---------------+---------------+---------------+---------------+---------------+---------------+---------------+---------------+---------------+---------------+---------------+---------------+---------------+---------------+---------------+---------------+---------------+---------------+---------------+---------------+---------------+---------------+---------------+---------------+---------------+---------------+---------------+---------------+---------------+---------------+---------------+

+----------------------------------+---------+-----------------+---------------+---------------+---------------+
|               Event              | Counter |       Sum       |      Min      |      Max      |      Avg      |
+----------------------------------+---------+-----------------+---------------+---------------+---------------+
|       ACTUAL_CPU_CLOCK STAT      |  FIXC1  | 690556478799891 | 2146204674634 | 5061880114790 |  3.596648e+12 |
|        MAX_CPU_CLOCK STAT        |  FIXC2  | 510252675302656 | 1937879318596 | 3567472295062 |  2.657566e+12 |
|     RETIRED_INSTRUCTIONS STAT    |   PMC0  | 335478581056890 | 1602901166868 | 2463927847254 |      nil      |
|     CPU_CLOCKS_UNHALTED STAT     |   PMC1  | 618320469650112 | 1966058524819 | 4316087298393 | 3220419112761 |
|       L2_PF_HIT_IN_L3 STAT       |   PMC2  |    274427807472 |    1104928311 |   15772439844 |  1.429311e+09 |
|       L2_PF_MISS_IN_L3 STAT      |   PMC3  |   1048935054872 |    3890987472 |   52201541404 |  5.463203e+09 |
| L2_CACHE_MISS_AFTER_L1_MISS STAT |   PMC4  |    702533022743 |    3033147950 |    4435126059 |  3.659026e+09 |
+----------------------------------+---------+-----------------+---------------+---------------+---------------+

+-------------------------+------------+------------+------------+------------+------------+------------+------------+------------+------------+------------+-------------+-------------+-------------+-------------+-------------+-------------+-------------+-------------+-------------+-------------+-------------+-------------+-------------+-------------+-------------+-------------+-------------+-------------+-------------+-------------+-------------+-------------+-------------+-------------+-------------+-------------+-------------+-------------+-------------+-------------+-------------+-------------+-------------+-------------+-------------+-------------+-------------+-------------+-------------+-------------+-------------+-------------+-------------+-------------+-------------+-------------+-------------+-------------+-------------+-------------+-------------+-------------+-------------+-------------+-------------+-------------+-------------+-------------+-------------+-------------+-------------+-------------+-------------+-------------+-------------+-------------+-------------+-------------+-------------+-------------+-------------+-------------+-------------+-------------+-------------+-------------+-------------+-------------+-------------+-------------+-------------+-------------+-------------+-------------+-------------+-------------+-------------+-------------+-------------+-------------+--------------+--------------+--------------+--------------+--------------+--------------+--------------+--------------+--------------+--------------+--------------+--------------+--------------+--------------+--------------+--------------+--------------+--------------+--------------+--------------+--------------+--------------+--------------+--------------+--------------+--------------+--------------+--------------+--------------+--------------+--------------+--------------+--------------+--------------+--------------+--------------+--------------+--------------+--------------+--------------+--------------+--------------+--------------+--------------+--------------+--------------+--------------+--------------+--------------+--------------+--------------+--------------+--------------+--------------+--------------+--------------+--------------+--------------+--------------+--------------+--------------+--------------+--------------+--------------+--------------+--------------+--------------+--------------+--------------+--------------+--------------+--------------+--------------+--------------+--------------+--------------+--------------+--------------+--------------+--------------+--------------+--------------+--------------+--------------+--------------+--------------+--------------+--------------+--------------+--------------+--------------+--------------+
|          Metric         | HWThread 0 | HWThread 1 | HWThread 2 | HWThread 3 | HWThread 4 | HWThread 5 | HWThread 6 | HWThread 7 | HWThread 8 | HWThread 9 | HWThread 10 | HWThread 11 | HWThread 12 | HWThread 13 | HWThread 14 | HWThread 15 | HWThread 16 | HWThread 17 | HWThread 18 | HWThread 19 | HWThread 20 | HWThread 21 | HWThread 22 | HWThread 23 | HWThread 24 | HWThread 25 | HWThread 26 | HWThread 27 | HWThread 28 | HWThread 29 | HWThread 30 | HWThread 31 | HWThread 32 | HWThread 33 | HWThread 34 | HWThread 35 | HWThread 36 | HWThread 37 | HWThread 38 | HWThread 39 | HWThread 40 | HWThread 41 | HWThread 42 | HWThread 43 | HWThread 44 | HWThread 45 | HWThread 46 | HWThread 47 | HWThread 48 | HWThread 49 | HWThread 50 | HWThread 51 | HWThread 52 | HWThread 53 | HWThread 54 | HWThread 55 | HWThread 56 | HWThread 57 | HWThread 58 | HWThread 59 | HWThread 60 | HWThread 61 | HWThread 62 | HWThread 63 | HWThread 64 | HWThread 65 | HWThread 66 | HWThread 67 | HWThread 68 | HWThread 69 | HWThread 70 | HWThread 71 | HWThread 72 | HWThread 73 | HWThread 74 | HWThread 75 | HWThread 76 | HWThread 77 | HWThread 78 | HWThread 79 | HWThread 80 | HWThread 81 | HWThread 82 | HWThread 83 | HWThread 84 | HWThread 85 | HWThread 86 | HWThread 87 | HWThread 88 | HWThread 89 | HWThread 90 | HWThread 91 | HWThread 92 | HWThread 93 | HWThread 94 | HWThread 95 | HWThread 96 | HWThread 97 | HWThread 98 | HWThread 99 | HWThread 100 | HWThread 101 | HWThread 102 | HWThread 103 | HWThread 104 | HWThread 105 | HWThread 106 | HWThread 107 | HWThread 108 | HWThread 109 | HWThread 110 | HWThread 111 | HWThread 112 | HWThread 113 | HWThread 114 | HWThread 115 | HWThread 116 | HWThread 117 | HWThread 118 | HWThread 119 | HWThread 120 | HWThread 121 | HWThread 122 | HWThread 123 | HWThread 124 | HWThread 125 | HWThread 126 | HWThread 127 | HWThread 128 | HWThread 129 | HWThread 130 | HWThread 131 | HWThread 132 | HWThread 133 | HWThread 134 | HWThread 135 | HWThread 136 | HWThread 137 | HWThread 138 | HWThread 139 | HWThread 140 | HWThread 141 | HWThread 142 | HWThread 143 | HWThread 144 | HWThread 145 | HWThread 146 | HWThread 147 | HWThread 148 | HWThread 149 | HWThread 150 | HWThread 151 | HWThread 152 | HWThread 153 | HWThread 154 | HWThread 155 | HWThread 156 | HWThread 157 | HWThread 158 | HWThread 159 | HWThread 160 | HWThread 161 | HWThread 162 | HWThread 163 | HWThread 164 | HWThread 165 | HWThread 166 | HWThread 167 | HWThread 168 | HWThread 169 | HWThread 170 | HWThread 171 | HWThread 172 | HWThread 173 | HWThread 174 | HWThread 175 | HWThread 176 | HWThread 177 | HWThread 178 | HWThread 179 | HWThread 180 | HWThread 181 | HWThread 182 | HWThread 183 | HWThread 184 | HWThread 185 | HWThread 186 | HWThread 187 | HWThread 188 | HWThread 189 | HWThread 190 | HWThread 191 |
+-------------------------+------------+------------+------------+------------+------------+------------+------------+------------+------------+------------+-------------+-------------+-------------+-------------+-------------+-------------+-------------+-------------+-------------+-------------+-------------+-------------+-------------+-------------+-------------+-------------+-------------+-------------+-------------+-------------+-------------+-------------+-------------+-------------+-------------+-------------+-------------+-------------+-------------+-------------+-------------+-------------+-------------+-------------+-------------+-------------+-------------+-------------+-------------+-------------+-------------+-------------+-------------+-------------+-------------+-------------+-------------+-------------+-------------+-------------+-------------+-------------+-------------+-------------+-------------+-------------+-------------+-------------+-------------+-------------+-------------+-------------+-------------+-------------+-------------+-------------+-------------+-------------+-------------+-------------+-------------+-------------+-------------+-------------+-------------+-------------+-------------+-------------+-------------+-------------+-------------+-------------+-------------+-------------+-------------+-------------+-------------+-------------+-------------+-------------+--------------+--------------+--------------+--------------+--------------+--------------+--------------+--------------+--------------+--------------+--------------+--------------+--------------+--------------+--------------+--------------+--------------+--------------+--------------+--------------+--------------+--------------+--------------+--------------+--------------+--------------+--------------+--------------+--------------+--------------+--------------+--------------+--------------+--------------+--------------+--------------+--------------+--------------+--------------+--------------+--------------+--------------+--------------+--------------+--------------+--------------+--------------+--------------+--------------+--------------+--------------+--------------+--------------+--------------+--------------+--------------+--------------+--------------+--------------+--------------+--------------+--------------+--------------+--------------+--------------+--------------+--------------+--------------+--------------+--------------+--------------+--------------+--------------+--------------+--------------+--------------+--------------+--------------+--------------+--------------+--------------+--------------+--------------+--------------+--------------+--------------+--------------+--------------+--------------+--------------+--------------+--------------+
|   Runtime (RDTSC) [s]   |  1384.4884 |  1384.4884 |  1384.4884 |  1384.4884 |  1384.4884 |  1384.4884 |  1384.4884 |  1384.4884 |  1384.4884 |  1384.4884 |   1384.4884 |   1384.4884 |   1384.4884 |   1384.4884 |   1384.4884 |   1384.4884 |   1384.4884 |   1384.4884 |   1384.4884 |   1384.4884 |   1384.4884 |   1384.4884 |   1384.4884 |   1384.4884 |   1384.4884 |   1384.4884 |   1384.4884 |   1384.4884 |   1384.4884 |   1384.4884 |   1384.4884 |   1384.4884 |   1384.4884 |   1384.4884 |   1384.4884 |   1384.4884 |   1384.4884 |   1384.4884 |   1384.4884 |   1384.4884 |   1384.4884 |   1384.4884 |   1384.4884 |   1384.4884 |   1384.4884 |   1384.4884 |   1384.4884 |   1384.4884 |   1384.4884 |   1384.4884 |   1384.4884 |   1384.4884 |   1384.4884 |   1384.4884 |   1384.4884 |   1384.4884 |   1384.4884 |   1384.4884 |   1384.4884 |   1384.4884 |   1384.4884 |   1384.4884 |   1384.4884 |   1384.4884 |   1384.4884 |   1384.4884 |   1384.4884 |   1384.4884 |   1384.4884 |   1384.4884 |   1384.4884 |   1384.4884 |   1384.4884 |   1384.4884 |   1384.4884 |   1384.4884 |   1384.4884 |   1384.4884 |   1384.4884 |   1384.4884 |   1384.4884 |   1384.4884 |   1384.4884 |   1384.4884 |   1384.4884 |   1384.4884 |   1384.4884 |   1384.4884 |   1384.4884 |   1384.4884 |   1384.4884 |   1384.4884 |   1384.4884 |   1384.4884 |   1384.4884 |   1384.4884 |   1384.4884 |   1384.4884 |   1384.4884 |   1384.4884 |    1384.4884 |    1384.4884 |    1384.4884 |    1384.4884 |    1384.4884 |    1384.4884 |    1384.4884 |    1384.4884 |    1384.4884 |    1384.4884 |    1384.4884 |    1384.4884 |    1384.4884 |    1384.4884 |    1384.4884 |    1384.4884 |    1384.4884 |    1384.4884 |    1384.4884 |    1384.4884 |    1384.4884 |    1384.4884 |    1384.4884 |    1384.4884 |    1384.4884 |    1384.4884 |    1384.4884 |    1384.4884 |    1384.4884 |    1384.4884 |    1384.4884 |    1384.4884 |    1384.4884 |    1384.4884 |    1384.4884 |    1384.4884 |    1384.4884 |    1384.4884 |    1384.4884 |    1384.4884 |    1384.4884 |    1384.4884 |    1384.4884 |    1384.4884 |    1384.4884 |    1384.4884 |    1384.4884 |    1384.4884 |    1384.4884 |    1384.4884 |    1384.4884 |    1384.4884 |    1384.4884 |    1384.4884 |    1384.4884 |    1384.4884 |    1384.4884 |    1384.4884 |    1384.4884 |    1384.4884 |    1384.4884 |    1384.4884 |    1384.4884 |    1384.4884 |    1384.4884 |    1384.4884 |    1384.4884 |    1384.4884 |    1384.4884 |    1384.4884 |    1384.4884 |    1384.4884 |    1384.4884 |    1384.4884 |    1384.4884 |    1384.4884 |    1384.4884 |    1384.4884 |    1384.4884 |    1384.4884 |    1384.4884 |    1384.4884 |    1384.4884 |    1384.4884 |    1384.4884 |    1384.4884 |    1384.4884 |    1384.4884 |    1384.4884 |    1384.4884 |    1384.4884 |    1384.4884 |
|   Runtime unhalted [s]  |  1946.8925 |  1673.5472 |  1666.2150 |  1671.8988 |  1669.1673 |  1670.3546 |  1668.6671 |  1670.4889 |  1651.3619 |  1647.2670 |   1645.4844 |   1657.5283 |   1655.7248 |   1659.7119 |   1652.5852 |   1658.3175 |   1651.1630 |   1652.7132 |   1650.0148 |   1652.1703 |   1656.3153 |   1651.8148 |   1655.0385 |   1656.2216 |   1652.4895 |   1651.4378 |   1653.7985 |   1658.4190 |   1657.0190 |   1652.2057 |   1659.7663 |   1657.7128 |   1662.6667 |   1653.3407 |   1664.8396 |   1663.3524 |   1655.7021 |   1662.8144 |   1659.3718 |   1654.9033 |   1659.4327 |   1655.5094 |   1660.6340 |   1653.4815 |   1656.5037 |   1654.0986 |   1659.0995 |   1657.6085 |   1629.2041 |   1633.5220 |   1632.0992 |   1628.9762 |   1623.9336 |   1634.2848 |   1625.8064 |   1627.5042 |   1593.6965 |   1590.1553 |   1586.8762 |   1600.9247 |   1597.0616 |   1598.6088 |   1600.3474 |   1608.0572 |   1593.1902 |   1593.6243 |   1587.7033 |   1609.1718 |   1595.1703 |   1601.2075 |   1602.0942 |   1605.0248 |   1624.8407 |   1626.7098 |   1624.8823 |   1621.6822 |   1629.4724 |   1621.6316 |   1625.5331 |   1631.4450 |   1618.0327 |   1619.7994 |   1618.8811 |   1623.7631 |   1620.8331 |   1624.5879 |   1626.8805 |   1624.9893 |   1632.2607 |   1635.0540 |   1625.7942 |   1625.9568 |   1626.7629 |   1628.9292 |   1628.3626 |   1639.2267 |   1418.4825 |   1405.5037 |   1402.6405 |   1401.7428 |    1409.1357 |    1409.4419 |    1406.5346 |    1413.6260 |    1284.9728 |    1281.9200 |    1257.3290 |    1257.0425 |    1283.9431 |    1283.7467 |    1304.6788 |    1311.1538 |    1315.2069 |    1301.2831 |    1287.9056 |    1313.2012 |    1315.3684 |    1323.8317 |    1322.8061 |    1329.3552 |    1393.8303 |    1381.6501 |    1381.6648 |    1386.1363 |    1394.7535 |    1393.7472 |    1399.2755 |    1402.0748 |    1345.7984 |    1336.8588 |    1334.7780 |    1342.3224 |    1347.8290 |    1347.0523 |    1352.3512 |    1358.0474 |    1278.2183 |    1270.1592 |    1261.7357 |    1276.0454 |    1297.5925 |    1293.0188 |    1304.0564 |    1296.1725 |    1051.8219 |     995.7869 |     985.6413 |     992.4358 |     998.5362 |    1004.6642 |    1008.2789 |    1016.4228 |     979.7359 |     972.5616 |     972.0952 |     983.1923 |     989.2828 |     992.8712 |    1006.8358 |    1008.8126 |     961.7653 |     957.1393 |     939.9576 |     958.3008 |     974.9693 |     965.3470 |     978.5785 |     981.3206 |     853.9746 |     843.7452 |     831.5929 |     838.4288 |     840.9663 |     843.9051 |     857.8482 |     850.3838 |     839.2149 |     836.9178 |     825.4699 |     846.7842 |     843.0525 |     835.5650 |     840.4609 |     843.2855 |     845.0076 |     838.8687 |     835.5743 |     845.1411 |     845.6744 |     840.1015 |     842.8370 |     852.1677 |
|       Clock [MHz]       |  3689.1059 |  3653.1567 |  3673.2817 |  3668.9888 |  3671.1412 |  3670.3025 |  3671.7010 |  3670.1849 |  3675.4663 |  3677.1566 |   3671.5771 |   3668.3659 |   3670.1316 |   3671.4016 |   3678.5004 |   3674.6204 |   3684.7213 |   3679.3808 |   3680.8555 |   3683.0837 |   3680.2191 |   3686.3442 |   3682.2948 |   3682.1521 |   3663.8854 |   3664.7952 |   3662.6845 |   3658.5603 |   3659.3911 |   3664.5663 |   3657.1397 |   3658.7779 |   3668.0431 |   3675.9846 |   3664.9012 |   3667.5680 |   3674.4713 |   3668.2149 |   3672.3930 |   3676.3504 |   3673.2786 |   3676.1855 |   3669.7631 |   3679.7205 |   3677.8011 |   3680.0724 |   3676.0511 |   3677.8599 |   3663.4137 |   3652.8424 |   3650.7082 |   3658.7570 |   3663.1502 |   3656.3970 |   3665.3351 |   3664.1101 |   3657.3391 |   3658.9910 |   3655.4192 |   3656.4061 |   3656.5211 |   3661.4797 |   3657.7535 |   3657.0478 |   3664.8668 |   3661.7500 |   3658.7203 |   3652.6819 |   3663.7946 |   3661.6517 |   3659.0107 |   3657.9470 |   3651.8525 |   3649.5063 |   3651.3359 |   3655.6293 |   3647.0686 |   3655.3586 |   3652.1405 |   3647.6411 |   3657.6366 |   3655.1502 |   3654.4010 |   3651.9732 |   3655.2855 |   3651.9422 |   3649.2973 |   3651.8408 |   3647.8360 |   3646.3506 |   3654.5916 |   3656.4079 |   3654.9338 |   3653.3705 |   3653.3799 |   3643.0012 |   3673.9347 |   3651.9563 |   3660.8618 |   3676.0408 |    3675.2268 |    3674.8455 |    3682.6956 |    3675.5251 |    3496.9253 |    3489.7426 |    3440.4396 |    3453.6143 |    3491.5656 |    3491.7179 |    3532.4526 |    3535.8002 |    3533.8805 |    3528.8146 |    3516.6715 |    3536.7187 |    3543.7674 |    3555.0687 |    3569.5137 |    3582.1287 |    3649.2143 |    3638.2659 |    3647.3409 |    3652.3975 |    3666.9406 |    3670.7103 |    3677.2604 |    3677.0347 |    3609.1611 |    3581.4781 |    3571.1857 |    3593.9495 |    3597.1458 |    3602.4122 |    3613.3329 |    3608.7628 |    3475.0695 |    3464.6718 |    3471.9995 |    3497.8528 |    3518.0883 |    3519.9934 |    3531.6919 |    3520.9543 |    3204.7323 |    3132.8500 |    3110.2997 |    3128.4564 |    3134.7272 |    3145.4816 |    3150.6824 |    3156.5995 |    3108.5887 |    3113.1490 |    3099.8496 |    3127.6099 |    3135.2530 |    3141.5525 |    3156.3612 |    3162.3550 |    3084.0277 |    3069.5816 |    3056.0580 |    3084.5239 |    3094.4872 |    3087.1107 |    3115.1933 |    3118.6271 |    2910.6733 |    2903.5722 |    2883.0052 |    2893.7196 |    2900.5830 |    2903.7858 |    2911.1358 |    2918.8654 |    2913.5125 |    2893.1976 |    2879.4814 |    2893.7362 |    2898.9471 |    2880.6207 |    2894.6748 |    2905.5783 |    2907.7407 |    2887.1382 |    2891.6771 |    2895.0230 |    2886.2022 |    2897.5923 |    2899.3229 |    2927.8409 |
|           CPI           |     1.7517 |     2.2083 |     2.2134 |     2.2166 |     2.2152 |     2.2166 |     2.2153 |     2.2170 |     2.1664 |     2.1670 |      2.1627 |      2.1675 |      2.1675 |      2.1808 |      2.1764 |      2.1793 |      2.1939 |      2.1969 |      2.2003 |      2.2056 |      2.2055 |      2.2071 |      2.2066 |      2.2087 |      2.2679 |      2.2709 |      2.2746 |      2.2747 |      2.2680 |      2.2707 |      2.2716 |      2.2732 |      2.2622 |      2.2560 |      2.2639 |      2.2596 |      2.2597 |      2.2627 |      2.2623 |      2.2615 |      2.2548 |      2.2573 |      2.2637 |      2.2598 |      2.2602 |      2.2604 |      2.2610 |      2.2606 |      2.1743 |      2.1749 |      2.1725 |      2.1760 |      2.1731 |      2.1779 |      2.1764 |      2.1800 |      2.1058 |      2.1079 |      2.1023 |      2.1205 |      2.1154 |      2.1237 |      2.1210 |      2.1312 |      2.1123 |      2.1143 |      2.1045 |      2.1241 |      2.1161 |      2.1233 |      2.1233 |      2.1295 |      2.2121 |      2.2096 |      2.2143 |      2.2134 |      2.2149 |      2.2153 |      2.2128 |      2.2177 |      2.1742 |      2.1745 |      2.1696 |      2.1750 |      2.1779 |      2.1804 |      2.1781 |      2.1795 |      2.1934 |      2.1977 |      2.1944 |      2.1972 |      2.1957 |      2.1932 |      2.1933 |      2.1986 |      1.8232 |      1.8176 |      1.8204 |      1.8260 |       1.8317 |       1.8325 |       1.8341 |       1.8366 |       1.6516 |       1.6521 |       1.6171 |       1.6204 |       1.6540 |       1.6520 |       1.6845 |       1.6908 |       1.7042 |       1.6888 |       1.6789 |       1.7043 |       1.7081 |       1.7163 |       1.7238 |       1.7336 |       1.8079 |       1.7947 |       1.8004 |       1.8049 |       1.8177 |       1.8174 |       1.8249 |       1.8293 |       1.7411 |       1.7308 |       1.7273 |       1.7410 |       1.7463 |       1.7542 |       1.7607 |       1.7639 |       1.6662 |       1.6586 |       1.6531 |       1.6753 |       1.6977 |       1.6973 |       1.7095 |       1.7010 |       1.4001 |       1.3338 |       1.3205 |       1.3313 |       1.3373 |       1.3450 |       1.3501 |       1.3578 |       1.3049 |       1.3010 |       1.2996 |       1.3154 |       1.3236 |       1.3265 |       1.3407 |       1.3473 |       1.2931 |       1.2827 |       1.2680 |       1.2922 |       1.3032 |       1.2968 |       1.3170 |       1.3201 |       1.1610 |       1.1563 |       1.1474 |       1.1576 |       1.1619 |       1.1650 |       1.1723 |       1.1715 |       1.1398 |       1.1393 |       1.1333 |       1.1427 |       1.1475 |       1.1420 |       1.1513 |       1.1532 |       1.1559 |       1.1485 |       1.1519 |       1.1559 |       1.1605 |       1.1763 |       1.1849 |       1.2489 |
| L3 bandwidth [MBytes/s] |  3347.2168 |   446.6303 |   440.0692 |   447.7505 |   449.6359 |   451.0911 |   453.9672 |   455.9259 |   440.5808 |   454.3458 |    448.1337 |    455.0695 |    443.2873 |    447.6532 |    440.8260 |    447.2735 |    442.8536 |    455.1294 |    434.4831 |    435.2200 |    443.3263 |    437.2254 |    437.2402 |    440.6977 |    434.4591 |    431.4686 |    436.0904 |    436.3508 |    434.2578 |    425.9034 |    432.5259 |    433.7470 |    444.0635 |    436.9808 |    442.6121 |    445.6999 |    442.4413 |    442.1445 |    441.2786 |    442.8808 |    437.4607 |    443.7225 |    439.2242 |    433.2326 |    432.5080 |    444.8096 |    442.5931 |    437.4731 |    462.0799 |    493.8987 |    469.0137 |    466.3624 |    453.5735 |    454.3721 |    453.0706 |    454.0612 |    476.1680 |    475.8519 |    472.2618 |    479.7791 |    476.6398 |    466.3044 |    471.0337 |    475.9146 |    455.4944 |    456.2966 |    456.6467 |    473.3066 |    452.6508 |    461.3283 |    463.5838 |    463.7470 |    464.5416 |    443.9268 |    445.1767 |    438.1091 |    446.5396 |    449.9882 |    448.7473 |    450.0532 |    457.5796 |    460.7609 |    457.0262 |    454.6163 |    467.0432 |    458.7766 |    465.2045 |    460.0997 |    454.8760 |    452.2018 |    442.4570 |    449.6332 |    453.4517 |    452.3993 |    447.5233 |    461.4194 |    490.8208 |    493.1976 |    486.4077 |    479.8510 |     482.7926 |     497.5263 |     481.2088 |     489.9691 |     509.7058 |     512.8605 |     514.8634 |     522.3842 |     509.8801 |     529.0917 |     513.4492 |     511.2556 |     483.3999 |     483.0354 |     478.8908 |     481.7761 |     504.7382 |     482.9421 |     485.0187 |     484.1971 |     511.8345 |     503.5227 |     522.7738 |     503.8522 |     493.5571 |     498.8542 |     493.5562 |     506.7305 |     506.0411 |     523.3156 |     507.4910 |     509.0505 |     511.4476 |     509.1460 |     510.5766 |     508.2906 |     512.0453 |     504.8247 |     492.8219 |     504.0184 |     499.0972 |     497.5734 |     496.7514 |     505.5929 |     491.0065 |     482.2322 |     474.0283 |     480.7707 |     480.7176 |     475.5989 |     475.4900 |     484.3674 |     499.0682 |     491.1289 |     497.7121 |     494.4908 |     491.7509 |     493.0797 |     491.1990 |     499.3254 |     486.4363 |     489.7875 |     481.3193 |     500.7821 |     488.9118 |     481.1636 |     480.9667 |     486.1391 |     504.8859 |     483.4916 |     484.4708 |     492.7943 |     486.9251 |     486.0781 |     497.2168 |     482.4816 |     488.7431 |     490.6722 |     487.7260 |     498.6315 |     495.0081 |     508.9595 |     500.2143 |     502.6208 |     502.3332 |     503.6093 |     505.7008 |     508.8376 |     505.5437 |     468.7621 |     466.1729 |     383.4666 |
| L3 data volume [GBytes] |  4634.1829 |   618.3545 |   609.2707 |   619.9053 |   622.5156 |   624.5304 |   628.5124 |   631.2242 |   609.9790 |   629.0365 |    620.4359 |    630.0385 |    613.7261 |    619.7707 |    610.3185 |    619.2449 |    613.1257 |    630.1214 |    601.5368 |    602.5571 |    613.7802 |    605.3335 |    605.3540 |    610.1408 |    601.5036 |    597.3633 |    603.7621 |    604.1226 |    601.2248 |    589.6583 |    598.8270 |    600.5177 |    614.8008 |    604.9949 |    612.7913 |    617.0663 |    612.5549 |    612.1440 |    610.9452 |    613.1633 |    605.6592 |    614.3286 |    608.1008 |    599.8055 |    598.8023 |    615.8337 |    612.7650 |    605.6764 |    639.7442 |    683.7970 |    649.3440 |    645.6734 |    627.9672 |    629.0729 |    627.2709 |    628.6425 |    659.2491 |    658.8114 |    653.8410 |    664.2486 |    659.9023 |    645.5931 |    652.1407 |    658.8983 |    630.6268 |    631.7373 |    632.2221 |    655.2875 |    626.6898 |    638.7037 |    641.8263 |    642.0524 |    643.1525 |    614.6114 |    616.3420 |    606.5569 |    618.2290 |    623.0035 |    621.2854 |    623.0934 |    633.5137 |    637.9181 |    632.7475 |    629.4111 |    646.6159 |    635.1708 |    644.0703 |    637.0028 |    629.7705 |    626.0681 |    612.5766 |    622.5119 |    627.7986 |    626.3416 |    619.5909 |    638.8298 |    679.5357 |    682.8264 |    673.4258 |    664.3482 |     668.4207 |     688.8194 |     666.2280 |     678.3565 |     705.6818 |     710.0495 |     712.8225 |     723.2349 |     705.9231 |     732.5213 |     710.8644 |     707.8274 |     669.2615 |     668.7568 |     663.0187 |     667.0135 |     698.8042 |     668.6277 |     671.5028 |     670.3652 |     708.6289 |     697.1213 |     723.7743 |     697.5775 |     683.3241 |     690.6578 |     683.3229 |     701.5625 |     700.6080 |     724.5243 |     702.6153 |     704.7745 |     708.0932 |     704.9067 |     706.8873 |     703.7224 |     708.9208 |     698.9240 |     682.3062 |     697.8077 |     690.9943 |     688.8846 |     687.7465 |     699.9875 |     679.7928 |     667.6449 |     656.2867 |     665.6215 |     665.5479 |     658.4612 |     658.3104 |     670.6010 |     690.9541 |     679.9622 |     689.0766 |     684.6168 |     680.8234 |     682.6632 |     680.0593 |     691.3102 |     673.4655 |     678.1051 |     666.3810 |     693.3271 |     676.8927 |     666.1654 |     665.8928 |     673.0540 |     699.0087 |     669.3886 |     670.7442 |     682.2680 |     674.1421 |     672.9696 |     688.3908 |     667.9902 |     676.6591 |     679.3300 |     675.2511 |     690.3495 |     685.3330 |     704.6485 |     692.5409 |     695.8726 |     695.4744 |     697.2412 |     700.1369 |     704.4798 |     699.9194 |     648.9957 |     645.4109 |     530.9050 |
+-------------------------+------------+------------+------------+------------+------------+------------+------------+------------+------------+------------+-------------+-------------+-------------+-------------+-------------+-------------+-------------+-------------+-------------+-------------+-------------+-------------+-------------+-------------+-------------+-------------+-------------+-------------+-------------+-------------+-------------+-------------+-------------+-------------+-------------+-------------+-------------+-------------+-------------+-------------+-------------+-------------+-------------+-------------+-------------+-------------+-------------+-------------+-------------+-------------+-------------+-------------+-------------+-------------+-------------+-------------+-------------+-------------+-------------+-------------+-------------+-------------+-------------+-------------+-------------+-------------+-------------+-------------+-------------+-------------+-------------+-------------+-------------+-------------+-------------+-------------+-------------+-------------+-------------+-------------+-------------+-------------+-------------+-------------+-------------+-------------+-------------+-------------+-------------+-------------+-------------+-------------+-------------+-------------+-------------+-------------+-------------+-------------+-------------+-------------+--------------+--------------+--------------+--------------+--------------+--------------+--------------+--------------+--------------+--------------+--------------+--------------+--------------+--------------+--------------+--------------+--------------+--------------+--------------+--------------+--------------+--------------+--------------+--------------+--------------+--------------+--------------+--------------+--------------+--------------+--------------+--------------+--------------+--------------+--------------+--------------+--------------+--------------+--------------+--------------+--------------+--------------+--------------+--------------+--------------+--------------+--------------+--------------+--------------+--------------+--------------+--------------+--------------+--------------+--------------+--------------+--------------+--------------+--------------+--------------+--------------+--------------+--------------+--------------+--------------+--------------+--------------+--------------+--------------+--------------+--------------+--------------+--------------+--------------+--------------+--------------+--------------+--------------+--------------+--------------+--------------+--------------+--------------+--------------+--------------+--------------+--------------+--------------+--------------+--------------+--------------+--------------+

+------------------------------+-------------+-----------+-----------+-----------+
|            Metric            |     Sum     |    Min    |    Max    |    Avg    |
+------------------------------+-------------+-----------+-----------+-----------+
|   Runtime (RDTSC) [s] STAT   | 265821.7728 | 1384.4884 | 1384.4884 | 1384.4884 |
|   Runtime unhalted [s] STAT  | 265600.7704 |  825.4699 | 1946.8925 | 1383.3373 |
|       Clock [MHz] STAT       | 667969.2249 | 2879.4814 | 3689.1059 | 3479.0064 |
|           CPI STAT           |    353.5034 |    1.1333 |    2.2747 |    1.8412 |
| L3 bandwidth [MBytes/s] STAT |  93649.9985 |  383.4666 | 3347.2168 |  487.7604 |
| L3 data volume [GBytes] STAT | 129657.3366 |  530.9050 | 4634.1829 |  675.2986 |
+------------------------------+-------------+-----------+-----------+-----------+

