INFO: You are running LIKWID in a cpuset with 80 CPUs. Taking given IDs as logical ID in cpuset
--------------------------------------------------------------------------------
CPU name:	AMD EPYC 9A14 96-Core Processor                
CPU type:	AMD K19 (Zen4) architecture
CPU clock:	2.60 GHz
--------------------------------------------------------------------------------
Use symmetry. Molecule point group: C2v
Norb: 24   Ne: (5, 5)
Running RHF...
converged SCF energy = -76.0267607337663
Running FCI ...
Guessing CI wfn symmetry = 0
Num symmetry allowed elements 451681246
tol 1e-10  toloose 1e-05
max_cycle 100  max_space 12  max_memory 760531  incore True
    CPU time for contract_2e   3962.59 sec, wall time     54.49 sec
davidson 0 1  |r|= 0.999  e= [-85.21409431]  max|de|= -85.2  lindep=    1
    CPU time for contract_2e   3987.51 sec, wall time     54.66 sec
davidson 1 2  |r|= 0.336  e= [-85.41295423]  max|de|= -0.199  lindep= 0.992
    CPU time for contract_2e   3924.99 sec, wall time     55.29 sec
davidson 2 3  |r|= 0.0993  e= [-85.4295567]  max|de|= -0.0166  lindep= 0.982
    CPU time for contract_2e   3943.90 sec, wall time     57.05 sec
davidson 3 4  |r|= 0.0324  e= [-85.43094102]  max|de|= -0.00138  lindep= 0.955
    CPU time for contract_2e   3947.68 sec, wall time     58.67 sec
davidson 4 5  |r|= 0.0129  e= [-85.43110245]  max|de|= -0.000161  lindep= 0.911
    CPU time for contract_2e   3979.32 sec, wall time     60.72 sec
davidson 5 6  |r|= 0.00436  e= [-85.43112741]  max|de|= -2.5e-05  lindep= 0.833
    CPU time for contract_2e   3991.03 sec, wall time     62.47 sec
davidson 6 7  |r|= 0.00169  e= [-85.43113026]  max|de|= -2.84e-06  lindep= 0.932
    CPU time for contract_2e   3994.29 sec, wall time     64.08 sec
davidson 7 8  |r|= 0.000705  e= [-85.4311307]  max|de|= -4.44e-07  lindep= 0.849
    CPU time for contract_2e   3992.98 sec, wall time     65.67 sec
davidson 8 9  |r|= 0.000319  e= [-85.43113078]  max|de|= -8.55e-08  lindep= 0.895
    CPU time for contract_2e   4015.82 sec, wall time     67.52 sec
davidson 9 10  |r|= 0.000127  e= [-85.4311308]  max|de|= -1.57e-08  lindep= 0.804
    CPU time for contract_2e   4027.01 sec, wall time     69.30 sec
davidson 10 11  |r|= 4.77e-05  e= [-85.4311308]  max|de|= -2.31e-09  lindep= 0.878
    CPU time for contract_2e   4077.78 sec, wall time     71.57 sec
davidson 11 12  |r|= 1.71e-05  e= [-85.4311308]  max|de|= -2.93e-10  lindep= 0.87
    CPU time for contract_2e   4071.84 sec, wall time     73.87 sec
davidson 12 1  |r|= 1.71e-05  e= [-85.4311308]  max|de|= 3.2e-12  lindep=    1
    CPU time for contract_2e   3952.54 sec, wall time     54.06 sec
root 0 converged  |r|= 6.26e-06  e= -85.43113080323201  max|de|= -3.3e-11
converged 13 2  |r|= 6.26e-06  e= [-85.4311308]  max|de|= -3.3e-11
--------------------------------------------------------------------------------
Group 1: L3
+-----------------------------+---------+---------------+---------------+---------------+---------------+---------------+---------------+---------------+---------------+---------------+---------------+---------------+---------------+---------------+---------------+---------------+---------------+---------------+---------------+---------------+---------------+---------------+---------------+---------------+---------------+---------------+---------------+---------------+---------------+---------------+---------------+---------------+---------------+---------------+---------------+---------------+---------------+---------------+---------------+---------------+---------------+---------------+---------------+---------------+---------------+---------------+---------------+---------------+---------------+---------------+---------------+---------------+---------------+---------------+---------------+---------------+---------------+---------------+---------------+---------------+---------------+---------------+---------------+---------------+---------------+---------------+---------------+---------------+---------------+---------------+---------------+---------------+---------------+---------------+---------------+---------------+---------------+---------------+---------------+---------------+---------------+
|            Event            | Counter |   HWThread 0  |   HWThread 1  |   HWThread 2  |   HWThread 3  |   HWThread 4  |   HWThread 5  |   HWThread 6  |   HWThread 7  |   HWThread 8  |   HWThread 9  |  HWThread 10  |  HWThread 11  |  HWThread 12  |  HWThread 13  |  HWThread 14  |  HWThread 15  |  HWThread 16  |  HWThread 17  |  HWThread 18  |  HWThread 19  |  HWThread 20  |  HWThread 21  |  HWThread 22  |  HWThread 23  |  HWThread 24  |  HWThread 25  |  HWThread 26  |  HWThread 27  |  HWThread 28  |  HWThread 29  |  HWThread 30  |  HWThread 31  |  HWThread 32  |  HWThread 33  |  HWThread 34  |  HWThread 35  |  HWThread 36  |  HWThread 37  |  HWThread 38  |  HWThread 39  |  HWThread 40  |  HWThread 41  |  HWThread 42  |  HWThread 43  |  HWThread 44  |  HWThread 45  |  HWThread 46  |  HWThread 47  |  HWThread 48  |  HWThread 49  |  HWThread 50  |  HWThread 51  |  HWThread 52  |  HWThread 53  |  HWThread 54  |  HWThread 55  |  HWThread 56  |  HWThread 57  |  HWThread 58  |  HWThread 59  |  HWThread 60  |  HWThread 61  |  HWThread 62  |  HWThread 63  |  HWThread 64  |  HWThread 65  |  HWThread 66  |  HWThread 67  |  HWThread 68  |  HWThread 69  |  HWThread 70  |  HWThread 71  |  HWThread 72  |  HWThread 73  |  HWThread 74  |  HWThread 75  |  HWThread 76  |  HWThread 77  |  HWThread 78  |  HWThread 79  |
+-----------------------------+---------+---------------+---------------+---------------+---------------+---------------+---------------+---------------+---------------+---------------+---------------+---------------+---------------+---------------+---------------+---------------+---------------+---------------+---------------+---------------+---------------+---------------+---------------+---------------+---------------+---------------+---------------+---------------+---------------+---------------+---------------+---------------+---------------+---------------+---------------+---------------+---------------+---------------+---------------+---------------+---------------+---------------+---------------+---------------+---------------+---------------+---------------+---------------+---------------+---------------+---------------+---------------+---------------+---------------+---------------+---------------+---------------+---------------+---------------+---------------+---------------+---------------+---------------+---------------+---------------+---------------+---------------+---------------+---------------+---------------+---------------+---------------+---------------+---------------+---------------+---------------+---------------+---------------+---------------+---------------+---------------+
|       ACTUAL_CPU_CLOCK      |  FIXC1  | 3243754465371 | 2566596987553 | 2557687456986 | 2558466793162 | 2558026940173 | 2558083316631 | 2557511565782 | 2555340252286 | 2555962112434 | 2557555277585 | 2557852404766 | 2548747904691 | 2553048585695 | 2557623344982 | 2557249867903 | 2557283906493 | 2555034336352 | 2551008993944 | 2551044254990 | 2555720705591 | 2540742287535 | 2550916259348 | 2534212723759 | 2551370763163 | 2574688030835 | 2574384879982 | 2574601514485 | 2574686896662 | 2574360490113 | 2574533770557 | 2575161640926 | 2574528385975 | 2557989076503 | 2563407914699 | 2571351441250 | 2561143386265 | 2571339740114 | 2558836005469 | 2544042987013 | 2565753658438 | 2570185469126 | 2559476769554 | 2552641256175 | 2545806803831 | 2568946154586 | 2548954262484 | 2539843699083 | 2553397626239 | 2475931138952 | 2481917750909 | 2491145369730 | 2488077018320 | 2482111851896 | 2489598445396 | 2496394406557 | 2500597671635 | 2459167003188 | 2445729387063 | 2464599021028 | 2454189663777 | 2469215794776 | 2466337549972 | 2488305397145 | 2482641446809 | 2482188246157 | 2474676775278 | 2468142487638 | 2460266513730 | 2459426241675 | 2459915802256 | 2482109987602 | 2475251427372 | 2410246220714 | 2404176481817 | 2424226197653 | 2409649738229 | 2424219953235 | 2413995388010 | 2423522917193 | 2421138332603 |
|        MAX_CPU_CLOCK        |  FIXC2  | 2312829585300 | 1865863201774 | 1845812268612 | 1845918619064 | 1845928920576 | 1846040316588 | 1845725510954 | 1843468869502 | 1841260981638 | 1843603700692 | 1844184126616 | 1835328228734 | 1838998168956 | 1844416711384 | 1843338755778 | 1843413435578 | 1840777862638 | 1838868535634 | 1838804615102 | 1843204338014 | 1828501111788 | 1838718775660 | 1821998160788 | 1838549163464 | 1845628922332 | 1845497638374 | 1845494633320 | 1845531016732 | 1845474729696 | 1845568417862 | 1845833169388 | 1845698807264 | 1829604950472 | 1835448794140 | 1843417197284 | 1833389749906 | 1843341412588 | 1830812860552 | 1816311591380 | 1838082228398 | 1842057808864 | 1832123006506 | 1824823359112 | 1817490822420 | 1841114038868 | 1820364595218 | 1811864861170 | 1825298073040 | 1794014403714 | 1799434414284 | 1808599914160 | 1806171646760 | 1795080256684 | 1803162942594 | 1809482432732 | 1812539216592 | 1786171189712 | 1773830792474 | 1789725789332 | 1782303130998 | 1792921966992 | 1790108549554 | 1810723623800 | 1801687691570 | 1805525407036 | 1799713828822 | 1786122607698 | 1782986898706 | 1779275492410 | 1779874868824 | 1801105769060 | 1792015272814 | 1734342864358 | 1731447034980 | 1744856416082 | 1735340737884 | 1745277375270 | 1738475882936 | 1745204156462 | 1740105756428 |
|     RETIRED_INSTRUCTIONS    |   PMC0  | 4544838058396 | 3849821902849 | 3850700433569 | 3850562584302 | 3850314053009 | 3850156302909 | 3850891033156 | 3850336514207 | 3863336545101 | 3863855117062 | 3857226176389 | 3856265106847 | 3856029141907 | 3855331643317 | 3854992072177 | 3854280167655 | 3850568789028 | 3843357047885 | 3844697239356 | 3843104023074 | 3841267356068 | 3835222858162 | 3835313158203 | 3834438995395 | 3828137438672 | 3828791812946 | 3829230200697 | 3828030827756 | 3827228313781 | 3826953623020 | 3826041858173 | 3826191345258 | 3833124166335 | 3833383612762 | 3833673403783 | 3832849225373 | 3832360412610 | 3831379762939 | 3830609569149 | 3830499755477 | 3830962150000 | 3830762729874 | 3830802862913 | 3830098484814 | 3830247088988 | 3828638743436 | 3828483375837 | 3828452863183 | 3841181262741 | 3841052880958 | 3841562167923 | 3841201692123 | 3840453357615 | 3840239000378 | 3840725935909 | 3840424760705 | 3837184531165 | 3837435156261 | 3837283247430 | 3837392471941 | 3837499836846 | 3836491682108 | 3837137161713 | 3836236938782 | 3832543174168 | 3832468296963 | 3831040123408 | 3831420885121 | 3831196001005 | 3830662663544 | 3831492934057 | 3830971097204 | 3838787053639 | 3838866315263 | 3838617560497 | 3838091515427 | 3838386135081 | 3838131446680 | 3837665344036 | 3776108336694 |
|     CPU_CLOCKS_UNHALTED     |   PMC1  | 2782652199307 | 2382920196758 | 2385197881647 | 2381317011251 | 2384417956742 | 2381732047352 | 2384667333007 | 2383915299067 | 2381863004450 | 2389798342121 | 2390809048354 | 2386216019447 | 2386086626922 | 2387924714235 | 2386371695917 | 2385674008733 | 2385755760470 | 2385932222350 | 2388124358699 | 2384488088492 | 2375735778432 | 2384377592614 | 2378639249188 | 2380196337961 | 2394659659765 | 2397485343457 | 2402792368429 | 2396488232823 | 2395317877775 | 2400448062296 | 2395843821755 | 2400132628509 | 2395819405955 | 2399444753887 | 2402429138857 | 2393661718898 | 2399105598122 | 2397465366012 | 2387211004237 | 2397778708774 | 2398823182335 | 2396567928838 | 2394993750108 | 2392427179229 | 2397971169470 | 2389945506948 | 2389503890397 | 2391576980851 | 2341741815288 | 2346594288388 | 2353617950853 | 2349350562689 | 2356203111725 | 2357678999093 | 2359344822743 | 2363777436795 | 2332234157818 | 2326510252857 | 2338673214332 | 2329551939637 | 2340644243413 | 2339589047228 | 2349691330739 | 2352152940195 | 2347184458318 | 2343210566259 | 2347245996850 | 2340981636872 | 2343798576642 | 2344318819864 | 2353117397354 | 2354612731764 | 2298315832963 | 2292550547853 | 2306588026499 | 2297151630423 | 2308957352952 | 2300893343454 | 2308550675097 | 2312237191165 |
|       L2_PF_HIT_IN_L3       |   PMC2  |   17712844298 |    3618924981 |    3435185715 |    3112051202 |    3313568529 |    3019225115 |    3484782072 |    3083270012 |    3474898392 |    3528545526 |    3215875133 |    3399937281 |    3505167508 |    3163641905 |    3298374360 |    3443872670 |    3991646993 |    3459968316 |    3388124133 |    3467992681 |    3170103331 |    3239866310 |    3463933667 |    2641043972 |    3446927520 |    2897162422 |    3184875485 |    3198922152 |    3311504377 |    3020086036 |    3065303936 |    2872668875 |    3125013204 |    2919972894 |    3204071371 |    4082872679 |    3380302002 |    3057486716 |    3441964974 |    2723714184 |    3224205548 |    3332915851 |    3251562336 |    3159414379 |    3466085119 |    3677445481 |    3176054558 |    2965213872 |    2985603018 |    3002294742 |    3435418948 |    2993730629 |    3471468053 |    3196052861 |    3326153978 |    3193743808 |    3287728916 |    3148934027 |    3562230037 |    2960262054 |    3789628580 |    3294344275 |    3405462609 |    2894670951 |    3517724892 |    3195948327 |    3552755341 |    3216709140 |    3494784345 |    3516312284 |    4079978934 |    3220268604 |    4029428531 |    3365203493 |    3505447671 |    3451894668 |    3397304369 |    3352189246 |    3543399065 |    3312143650 |
|       L2_PF_MISS_IN_L3      |   PMC3  |   55353094880 |    8325290447 |    8319296455 |    8461063152 |    8277542726 |    8342327975 |    8239010836 |    8555205880 |    8346399060 |    8476661839 |    8374594489 |    8358322130 |    8217264657 |    8484305258 |    8317003900 |    8463216298 |    8338998018 |    8399775778 |    8315341388 |    8469371975 |    8266008075 |    8366369509 |    8186310052 |    8696211194 |    8507066950 |    8630306876 |    8437713692 |    8554304368 |    8413954833 |    8572842462 |    8500107864 |    8810678871 |    8613854517 |    8672152159 |    8551008156 |    8504057241 |    8589800647 |    8584068336 |    8326695698 |    8997927513 |    8511973746 |    8421567809 |    8256319840 |    8362016113 |    8334897934 |    8327573223 |    8224391945 |    8643763858 |    8846918068 |    8678098302 |    8297629516 |    8570307771 |    8336318818 |    8443525458 |    8323896017 |    8574826542 |    8624239430 |    8492645754 |    8387651080 |    8563181515 |    8317072304 |    8559270392 |    8470547589 |    8863560878 |    8431426191 |    8632812436 |    8273267665 |    8524964150 |    8331612226 |    8445052355 |    8458325226 |    8666722493 |    8821286756 |    8873734792 |    8679829311 |    8821641277 |    8621118810 |    8733065860 |    8627609177 |    7919574062 |
| L2_CACHE_MISS_AFTER_L1_MISS |   PMC4  |    6016703662 |    5704764619 |    5544662512 |    5564830130 |    5472447387 |    5481757230 |    5485631984 |    5480225719 |    5489756641 |    5606393203 |    5329672621 |    5516624743 |    5431075249 |    5468439570 |    5360477010 |    5611514129 |    5586798261 |    5588411602 |    5407541939 |    5544693362 |    5310303148 |    5436586743 |    5432884768 |    5281925209 |    5593287571 |    5402028484 |    5347299414 |    5485349939 |    5449257666 |    5484509632 |    5435459249 |    5511860403 |    5616013768 |    5574059323 |    5537942276 |    5880010353 |    5699091578 |    5583706046 |    5698991417 |    5621552903 |    5430805783 |    5590799398 |    5522828304 |    5425440017 |    5476778779 |    5626069043 |    5364975232 |    5391134464 |    5465073286 |    5376717386 |    5493590783 |    5529937825 |    5511473758 |    5507406610 |    5420774634 |    5548926944 |    5630776182 |    5610152473 |    5657959667 |    5492000979 |    5661721831 |    5657294622 |    5628201972 |    5660367942 |    5560856420 |    5616063751 |    5624760665 |    5592925476 |    5566667236 |    5670702446 |    5730026172 |    5612562445 |    5972477827 |    5816358489 |    5758530325 |    5811350235 |    5676066229 |    5839303811 |    5928670179 |    5278918354 |
+-----------------------------+---------+---------------+---------------+---------------+---------------+---------------+---------------+---------------+---------------+---------------+---------------+---------------+---------------+---------------+---------------+---------------+---------------+---------------+---------------+---------------+---------------+---------------+---------------+---------------+---------------+---------------+---------------+---------------+---------------+---------------+---------------+---------------+---------------+---------------+---------------+---------------+---------------+---------------+---------------+---------------+---------------+---------------+---------------+---------------+---------------+---------------+---------------+---------------+---------------+---------------+---------------+---------------+---------------+---------------+---------------+---------------+---------------+---------------+---------------+---------------+---------------+---------------+---------------+---------------+---------------+---------------+---------------+---------------+---------------+---------------+---------------+---------------+---------------+---------------+---------------+---------------+---------------+---------------+---------------+---------------+---------------+

+----------------------------------+---------+-----------------+---------------+---------------+--------------+
|               Event              | Counter |       Sum       |      Min      |      Max      |      Avg     |
+----------------------------------+---------+-----------------+---------------+---------------+--------------+
|       ACTUAL_CPU_CLOCK STAT      |  FIXC1  | 202250014995854 | 2404176481817 | 3243754465371 | 2.528125e+12 |
|        MAX_CPU_CLOCK STAT        |  FIXC2  | 145723454981442 | 1731447034980 | 2312829585300 |      nil     |
|     RETIRED_INSTRUCTIONS STAT    |   PMC0  | 307723790915184 | 3776108336694 | 4544838058396 | 3.846547e+12 |
|     CPU_CLOCKS_UNHALTED STAT     |   PMC1  | 189869776949365 | 2292550547853 | 2782652199307 | 2.373372e+12 |
|       L2_PF_HIT_IN_L3 STAT       |   PMC2  |    279517810119 |    2641043972 |   17712844298 | 3.493973e+09 |
|       L2_PF_MISS_IN_L3 STAT      |   PMC3  |    725509762843 |    7919574062 |   55353094880 | 9.068872e+09 |
| L2_CACHE_MISS_AFTER_L1_MISS STAT |   PMC4  |    444811989437 |    5278918354 |    6016703662 | 5.560150e+09 |
+----------------------------------+---------+-----------------+---------------+---------------+--------------+

+-------------------------+------------+------------+------------+------------+------------+------------+------------+------------+------------+------------+-------------+-------------+-------------+-------------+-------------+-------------+-------------+-------------+-------------+-------------+-------------+-------------+-------------+-------------+-------------+-------------+-------------+-------------+-------------+-------------+-------------+-------------+-------------+-------------+-------------+-------------+-------------+-------------+-------------+-------------+-------------+-------------+-------------+-------------+-------------+-------------+-------------+-------------+-------------+-------------+-------------+-------------+-------------+-------------+-------------+-------------+-------------+-------------+-------------+-------------+-------------+-------------+-------------+-------------+-------------+-------------+-------------+-------------+-------------+-------------+-------------+-------------+-------------+-------------+-------------+-------------+-------------+-------------+-------------+-------------+
|          Metric         | HWThread 0 | HWThread 1 | HWThread 2 | HWThread 3 | HWThread 4 | HWThread 5 | HWThread 6 | HWThread 7 | HWThread 8 | HWThread 9 | HWThread 10 | HWThread 11 | HWThread 12 | HWThread 13 | HWThread 14 | HWThread 15 | HWThread 16 | HWThread 17 | HWThread 18 | HWThread 19 | HWThread 20 | HWThread 21 | HWThread 22 | HWThread 23 | HWThread 24 | HWThread 25 | HWThread 26 | HWThread 27 | HWThread 28 | HWThread 29 | HWThread 30 | HWThread 31 | HWThread 32 | HWThread 33 | HWThread 34 | HWThread 35 | HWThread 36 | HWThread 37 | HWThread 38 | HWThread 39 | HWThread 40 | HWThread 41 | HWThread 42 | HWThread 43 | HWThread 44 | HWThread 45 | HWThread 46 | HWThread 47 | HWThread 48 | HWThread 49 | HWThread 50 | HWThread 51 | HWThread 52 | HWThread 53 | HWThread 54 | HWThread 55 | HWThread 56 | HWThread 57 | HWThread 58 | HWThread 59 | HWThread 60 | HWThread 61 | HWThread 62 | HWThread 63 | HWThread 64 | HWThread 65 | HWThread 66 | HWThread 67 | HWThread 68 | HWThread 69 | HWThread 70 | HWThread 71 | HWThread 72 | HWThread 73 | HWThread 74 | HWThread 75 | HWThread 76 | HWThread 77 | HWThread 78 | HWThread 79 |
+-------------------------+------------+------------+------------+------------+------------+------------+------------+------------+------------+------------+-------------+-------------+-------------+-------------+-------------+-------------+-------------+-------------+-------------+-------------+-------------+-------------+-------------+-------------+-------------+-------------+-------------+-------------+-------------+-------------+-------------+-------------+-------------+-------------+-------------+-------------+-------------+-------------+-------------+-------------+-------------+-------------+-------------+-------------+-------------+-------------+-------------+-------------+-------------+-------------+-------------+-------------+-------------+-------------+-------------+-------------+-------------+-------------+-------------+-------------+-------------+-------------+-------------+-------------+-------------+-------------+-------------+-------------+-------------+-------------+-------------+-------------+-------------+-------------+-------------+-------------+-------------+-------------+-------------+-------------+
|   Runtime (RDTSC) [s]   |   887.6129 |   887.6129 |   887.6129 |   887.6129 |   887.6129 |   887.6129 |   887.6129 |   887.6129 |   887.6129 |   887.6129 |    887.6129 |    887.6129 |    887.6129 |    887.6129 |    887.6129 |    887.6129 |    887.6129 |    887.6129 |    887.6129 |    887.6129 |    887.6129 |    887.6129 |    887.6129 |    887.6129 |    887.6129 |    887.6129 |    887.6129 |    887.6129 |    887.6129 |    887.6129 |    887.6129 |    887.6129 |    887.6129 |    887.6129 |    887.6129 |    887.6129 |    887.6129 |    887.6129 |    887.6129 |    887.6129 |    887.6129 |    887.6129 |    887.6129 |    887.6129 |    887.6129 |    887.6129 |    887.6129 |    887.6129 |    887.6129 |    887.6129 |    887.6129 |    887.6129 |    887.6129 |    887.6129 |    887.6129 |    887.6129 |    887.6129 |    887.6129 |    887.6129 |    887.6129 |    887.6129 |    887.6129 |    887.6129 |    887.6129 |    887.6129 |    887.6129 |    887.6129 |    887.6129 |    887.6129 |    887.6129 |    887.6129 |    887.6129 |    887.6129 |    887.6129 |    887.6129 |    887.6129 |    887.6129 |    887.6129 |    887.6129 |    887.6129 |
|   Runtime unhalted [s]  |  1247.5979 |   987.1527 |   983.7259 |   984.0257 |   983.8565 |   983.8782 |   983.6583 |   982.8232 |   983.0624 |   983.6751 |    983.7894 |    980.2877 |    981.9418 |    983.7013 |    983.5576 |    983.5707 |    982.7055 |    981.1573 |    981.1709 |    982.9695 |    977.2086 |    981.1216 |    974.6972 |    981.2964 |    990.2646 |    990.1480 |    990.2314 |    990.2642 |    990.1387 |    990.2053 |    990.4468 |    990.2032 |    983.8420 |    985.9261 |    988.9813 |    985.0551 |    988.9768 |    984.1677 |    978.4781 |    986.8283 |    988.5329 |    984.4141 |    981.7851 |    979.1565 |    988.0562 |    980.3670 |    976.8630 |    982.0760 |    952.2812 |    954.5838 |    958.1328 |    956.9527 |    954.6584 |    957.5379 |    960.1517 |    961.7683 |    945.8335 |    940.6651 |    947.9227 |    943.9191 |    949.6984 |    948.5914 |    957.0405 |    954.8621 |    954.6878 |    951.7988 |    949.2856 |    946.2564 |    945.9332 |    946.1215 |    954.6577 |    952.0198 |    927.0178 |    924.6833 |    932.3947 |    926.7884 |    932.3923 |    928.4598 |    932.1242 |    931.2071 |
|       Clock [MHz]       |  3646.5123 |  3576.4423 |  3602.7431 |  3603.6332 |  3602.9936 |  3602.8556 |  3602.6647 |  3604.0124 |  3609.2121 |  3606.8726 |   3606.1563 |   3610.6591 |   3609.5339 |   3605.3787 |   3606.9603 |   3606.8622 |   3608.8490 |   3606.9046 |   3607.0798 |   3605.0663 |   3612.7569 |   3607.0672 |   3616.3336 |   3608.0428 |   3627.0503 |   3626.8812 |   3627.1923 |   3627.2411 |   3626.8919 |   3626.9519 |   3627.3160 |   3626.6880 |   3635.0861 |   3631.1885 |   3626.6960 |   3632.0552 |   3626.8286 |   3633.8906 |   3641.7274 |   3629.3042 |   3627.7267 |   3632.2013 |   3636.9916 |   3641.8878 |   3627.8361 |   3640.6339 |   3644.6392 |   3637.1231 |   3588.2772 |   3586.1191 |   3581.2110 |   3581.6088 |   3595.0988 |   3589.7787 |   3587.0066 |   3586.9866 |   3579.6312 |   3584.8382 |   3580.4130 |   3580.1391 |   3580.7253 |   3582.1725 |   3572.9329 |   3582.6785 |   3574.4108 |   3575.1015 |   3592.7939 |   3587.6276 |   3593.8832 |   3593.3881 |   3583.0688 |   3591.2940 |   3613.2649 |   3610.1935 |   3612.3248 |   3610.2935 |   3611.4442 |   3610.2819 |   3610.5573 |   3617.5730 |
|           CPI           |     0.6123 |     0.6190 |     0.6194 |     0.6184 |     0.6193 |     0.6186 |     0.6193 |     0.6191 |     0.6165 |     0.6185 |      0.6198 |      0.6188 |      0.6188 |      0.6194 |      0.6190 |      0.6190 |      0.6196 |      0.6208 |      0.6211 |      0.6205 |      0.6185 |      0.6217 |      0.6202 |      0.6207 |      0.6255 |      0.6262 |      0.6275 |      0.6260 |      0.6259 |      0.6272 |      0.6262 |      0.6273 |      0.6250 |      0.6259 |      0.6267 |      0.6245 |      0.6260 |      0.6257 |      0.6232 |      0.6260 |      0.6262 |      0.6256 |      0.6252 |      0.6246 |      0.6261 |      0.6242 |      0.6241 |      0.6247 |      0.6096 |      0.6109 |      0.6127 |      0.6116 |      0.6135 |      0.6139 |      0.6143 |      0.6155 |      0.6078 |      0.6063 |      0.6095 |      0.6071 |      0.6099 |      0.6098 |      0.6124 |      0.6131 |      0.6124 |      0.6114 |      0.6127 |      0.6110 |      0.6118 |      0.6120 |      0.6142 |      0.6146 |      0.5987 |      0.5972 |      0.6009 |      0.5985 |      0.6015 |      0.5995 |      0.6016 |      0.6123 |
| L3 bandwidth [MBytes/s] |  5702.1356 |  1272.5533 |  1247.3289 |  1235.7058 |  1230.3424 |  1214.4617 |  1240.8598 |  1234.3184 |  1248.1876 |  1269.8581 |   1220.0015 |   1245.5797 |   1236.8280 |   1234.1514 |   1224.0186 |   1263.1527 |   1291.9104 |   1258.0732 |   1233.7636 |   1260.5176 |   1207.4752 |   1228.8472 |   1231.7534 |   1198.3011 |   1265.2205 |   1220.6761 |   1223.5884 |   1242.9618 |   1238.3573 |   1231.3431 |   1225.8224 |   1239.8347 |   1251.3478 |   1237.7420 |   1246.8875 |   1331.5311 |   1274.0108 |   1242.0017 |   1259.4789 |   1250.5051 |   1237.7998 |   1250.6557 |   1227.9739 |   1221.9287 |   1245.7872 |   1271.2632 |   1208.8456 |   1225.7676 |   1247.2172 |   1229.8774 |   1242.1010 |   1232.5356 |   1248.7794 |   1236.3577 |   1230.8663 |   1248.6522 |   1264.8933 |   1243.9103 |   1269.5870 |   1226.8732 |   1281.1655 |   1262.5979 |   1262.1150 |   1255.9421 |   1262.5329 |   1257.8330 |   1258.2626 |   1249.8853 |   1254.1008 |   1271.3338 |   1317.2106 |   1261.7791 |   1357.2182 |   1301.8501 |   1293.8114 |   1303.9836 |   1275.8347 |   1292.4235 |   1305.0502 |   1190.4747 |
| L3 data volume [GBytes] |  5061.2891 |  1129.5347 |  1107.1453 |  1096.8284 |  1092.0678 |  1077.9719 |  1101.4032 |  1095.5969 |  1107.9075 |  1127.1424 |   1082.8891 |   1105.5926 |   1097.8245 |   1095.4488 |   1086.4547 |   1121.1906 |   1146.7164 |   1116.6820 |   1095.1045 |   1118.8517 |   1071.7705 |   1090.7406 |   1093.3202 |   1063.6275 |   1123.0261 |   1083.4879 |   1086.0729 |   1103.2689 |   1099.1819 |   1092.9560 |   1088.0557 |   1100.4933 |   1110.7124 |   1098.6358 |   1106.7534 |   1181.8842 |   1130.8284 |   1102.4167 |   1117.9297 |   1109.9645 |   1098.6870 |   1110.0981 |   1089.9655 |   1084.5997 |   1105.7768 |   1128.3896 |   1072.9870 |   1088.0072 |   1107.0460 |   1091.6551 |   1102.5049 |   1094.0145 |   1108.4327 |   1097.4070 |   1092.5328 |   1108.3198 |   1122.7356 |   1104.1109 |   1126.9018 |   1088.9885 |   1137.1791 |   1120.6982 |   1120.2696 |   1114.7904 |   1120.6405 |   1116.4688 |   1116.8502 |   1109.4143 |   1113.1561 |   1128.4523 |   1169.1731 |   1119.9714 |   1204.6844 |   1155.5390 |   1148.4037 |   1157.4327 |   1132.4473 |   1147.1718 |   1158.3794 |   1056.6807 |
+-------------------------+------------+------------+------------+------------+------------+------------+------------+------------+------------+------------+-------------+-------------+-------------+-------------+-------------+-------------+-------------+-------------+-------------+-------------+-------------+-------------+-------------+-------------+-------------+-------------+-------------+-------------+-------------+-------------+-------------+-------------+-------------+-------------+-------------+-------------+-------------+-------------+-------------+-------------+-------------+-------------+-------------+-------------+-------------+-------------+-------------+-------------+-------------+-------------+-------------+-------------+-------------+-------------+-------------+-------------+-------------+-------------+-------------+-------------+-------------+-------------+-------------+-------------+-------------+-------------+-------------+-------------+-------------+-------------+-------------+-------------+-------------+-------------+-------------+-------------+-------------+-------------+-------------+-------------+

+------------------------------+-------------+-----------+-----------+-----------+
|            Metric            |     Sum     |    Min    |    Max    |    Avg    |
+------------------------------+-------------+-----------+-----------+-----------+
|   Runtime (RDTSC) [s] STAT   |  71009.0320 |  887.6129 |  887.6129 |  887.6129 |
|   Runtime unhalted [s] STAT  |  77788.4678 |  924.6833 | 1247.5979 |  972.3558 |
|       Clock [MHz] STAT       | 288664.7401 | 3572.9329 | 3646.5123 | 3608.3093 |
|           CPI STAT           |     49.3620 |    0.5972 |    0.6275 |    0.6170 |
| L3 bandwidth [MBytes/s] STAT | 104538.5117 | 1190.4747 | 5702.1356 | 1306.7314 |
| L3 data volume [GBytes] STAT |  92789.7322 | 1056.6807 | 5061.2891 | 1159.8717 |
+------------------------------+-------------+-----------+-----------+-----------+

