INFO: You are running LIKWID in a cpuset with 96 CPUs. Taking given IDs as logical ID in cpuset
--------------------------------------------------------------------------------
CPU name:	AMD EPYC 9A14 96-Core Processor                
CPU type:	AMD K19 (Zen4) architecture
CPU clock:	2.60 GHz
--------------------------------------------------------------------------------
Use symmetry. Molecule point group: C2v
Norb: 24   Ne: (5, 5)
Running RHF...
converged SCF energy = -76.0267607337663
Running FCI ...
Guessing CI wfn symmetry = 0
Num symmetry allowed elements 451681246
tol 1e-10  toloose 1e-05
max_cycle 100  max_space 12  max_memory 760544  incore True
    CPU time for contract_2e   5099.80 sec, wall time     59.04 sec
davidson 0 1  |r|= 0.999  e= [-85.21409431]  max|de|= -85.2  lindep=    1
    CPU time for contract_2e   5135.06 sec, wall time     59.20 sec
davidson 1 2  |r|= 0.336  e= [-85.41295423]  max|de|= -0.199  lindep= 0.992
    CPU time for contract_2e   5136.32 sec, wall time     60.85 sec
davidson 2 3  |r|= 0.0993  e= [-85.4295567]  max|de|= -0.0166  lindep= 0.982
    CPU time for contract_2e   5119.94 sec, wall time     62.20 sec
davidson 3 4  |r|= 0.0324  e= [-85.43094102]  max|de|= -0.00138  lindep= 0.955
    CPU time for contract_2e   5163.75 sec, wall time     64.27 sec
davidson 4 5  |r|= 0.0129  e= [-85.43110245]  max|de|= -0.000161  lindep= 0.911
    CPU time for contract_2e   5154.65 sec, wall time     65.91 sec
davidson 5 6  |r|= 0.00436  e= [-85.43112741]  max|de|= -2.5e-05  lindep= 0.833
    CPU time for contract_2e   5174.25 sec, wall time     67.60 sec
davidson 6 7  |r|= 0.00169  e= [-85.43113026]  max|de|= -2.84e-06  lindep= 0.932
    CPU time for contract_2e   5186.32 sec, wall time     69.43 sec
davidson 7 8  |r|= 0.000705  e= [-85.4311307]  max|de|= -4.44e-07  lindep= 0.849
    CPU time for contract_2e   5203.38 sec, wall time     71.38 sec
davidson 8 9  |r|= 0.000319  e= [-85.43113078]  max|de|= -8.55e-08  lindep= 0.895
    CPU time for contract_2e   5216.29 sec, wall time     73.14 sec
davidson 9 10  |r|= 0.000127  e= [-85.4311308]  max|de|= -1.57e-08  lindep= 0.804
    CPU time for contract_2e   5231.63 sec, wall time     74.78 sec
davidson 10 11  |r|= 4.77e-05  e= [-85.4311308]  max|de|= -2.31e-09  lindep= 0.878
    CPU time for contract_2e   5245.79 sec, wall time     76.49 sec
davidson 11 12  |r|= 1.71e-05  e= [-85.4311308]  max|de|= -2.93e-10  lindep= 0.87
    CPU time for contract_2e   5248.92 sec, wall time     79.16 sec
davidson 12 1  |r|= 1.71e-05  e= [-85.4311308]  max|de|= 3.23e-12  lindep=    1
    CPU time for contract_2e   5133.12 sec, wall time     59.20 sec
root 0 converged  |r|= 6.26e-06  e= -85.43113080323201  max|de|= -3.3e-11
converged 13 2  |r|= 6.26e-06  e= [-85.4311308]  max|de|= -3.3e-11
--------------------------------------------------------------------------------
Group 1: L3
+-----------------------------+---------+---------------+---------------+---------------+---------------+---------------+---------------+---------------+---------------+---------------+---------------+---------------+---------------+---------------+---------------+---------------+---------------+---------------+---------------+---------------+---------------+---------------+---------------+---------------+---------------+---------------+---------------+---------------+---------------+---------------+---------------+---------------+---------------+---------------+---------------+---------------+---------------+---------------+---------------+---------------+---------------+---------------+---------------+---------------+---------------+---------------+---------------+---------------+---------------+---------------+---------------+---------------+---------------+---------------+---------------+---------------+---------------+---------------+---------------+---------------+---------------+---------------+---------------+---------------+---------------+---------------+---------------+---------------+---------------+---------------+---------------+---------------+---------------+---------------+---------------+---------------+---------------+---------------+---------------+---------------+---------------+---------------+---------------+---------------+---------------+---------------+---------------+---------------+---------------+---------------+---------------+---------------+---------------+---------------+---------------+---------------+---------------+
|            Event            | Counter |   HWThread 0  |   HWThread 1  |   HWThread 2  |   HWThread 3  |   HWThread 4  |   HWThread 5  |   HWThread 6  |   HWThread 7  |   HWThread 8  |   HWThread 9  |  HWThread 10  |  HWThread 11  |  HWThread 12  |  HWThread 13  |  HWThread 14  |  HWThread 15  |  HWThread 16  |  HWThread 17  |  HWThread 18  |  HWThread 19  |  HWThread 20  |  HWThread 21  |  HWThread 22  |  HWThread 23  |  HWThread 24  |  HWThread 25  |  HWThread 26  |  HWThread 27  |  HWThread 28  |  HWThread 29  |  HWThread 30  |  HWThread 31  |  HWThread 32  |  HWThread 33  |  HWThread 34  |  HWThread 35  |  HWThread 36  |  HWThread 37  |  HWThread 38  |  HWThread 39  |  HWThread 40  |  HWThread 41  |  HWThread 42  |  HWThread 43  |  HWThread 44  |  HWThread 45  |  HWThread 46  |  HWThread 47  |  HWThread 48  |  HWThread 49  |  HWThread 50  |  HWThread 51  |  HWThread 52  |  HWThread 53  |  HWThread 54  |  HWThread 55  |  HWThread 56  |  HWThread 57  |  HWThread 58  |  HWThread 59  |  HWThread 60  |  HWThread 61  |  HWThread 62  |  HWThread 63  |  HWThread 64  |  HWThread 65  |  HWThread 66  |  HWThread 67  |  HWThread 68  |  HWThread 69  |  HWThread 70  |  HWThread 71  |  HWThread 72  |  HWThread 73  |  HWThread 74  |  HWThread 75  |  HWThread 76  |  HWThread 77  |  HWThread 78  |  HWThread 79  |  HWThread 80  |  HWThread 81  |  HWThread 82  |  HWThread 83  |  HWThread 84  |  HWThread 85  |  HWThread 86  |  HWThread 87  |  HWThread 88  |  HWThread 89  |  HWThread 90  |  HWThread 91  |  HWThread 92  |  HWThread 93  |  HWThread 94  |  HWThread 95  |
+-----------------------------+---------+---------------+---------------+---------------+---------------+---------------+---------------+---------------+---------------+---------------+---------------+---------------+---------------+---------------+---------------+---------------+---------------+---------------+---------------+---------------+---------------+---------------+---------------+---------------+---------------+---------------+---------------+---------------+---------------+---------------+---------------+---------------+---------------+---------------+---------------+---------------+---------------+---------------+---------------+---------------+---------------+---------------+---------------+---------------+---------------+---------------+---------------+---------------+---------------+---------------+---------------+---------------+---------------+---------------+---------------+---------------+---------------+---------------+---------------+---------------+---------------+---------------+---------------+---------------+---------------+---------------+---------------+---------------+---------------+---------------+---------------+---------------+---------------+---------------+---------------+---------------+---------------+---------------+---------------+---------------+---------------+---------------+---------------+---------------+---------------+---------------+---------------+---------------+---------------+---------------+---------------+---------------+---------------+---------------+---------------+---------------+---------------+
|       ACTUAL_CPU_CLOCK      |  FIXC1  | 3501839829419 | 2814927548062 | 2808495876051 | 2808110430314 | 2807897647746 | 2802225622001 | 2806920737326 | 2807809068030 | 2789556097425 | 2791986980279 | 2791792679694 | 2798435842114 | 2795409422553 | 2787533786754 | 2792803853081 | 2784062568784 | 2790918414029 | 2804624277680 | 2805045958652 | 2806783067916 | 2800357210641 | 2798487853373 | 2798881206246 | 2797283531682 | 2788642974180 | 2784828320245 | 2793397132618 | 2776262602657 | 2773027175769 | 2769587094786 | 2761461965306 | 2761979472818 | 2774193527444 | 2801507571655 | 2807446598421 | 2790780290644 | 2806901855251 | 2773606461038 | 2773215724604 | 2802647709345 | 2806050516127 | 2777030012697 | 2808834230105 | 2788436784833 | 2780927518984 | 2779865917120 | 2791108772959 | 2770887812764 | 2484810001354 | 2484403322956 | 2503721352691 | 2496913644061 | 2499254374786 | 2518273379855 | 2518628757639 | 2525819365212 | 2491264618195 | 2471432223199 | 2475190988328 | 2472876345347 | 2491029831057 | 2479436449248 | 2481925320634 | 2496606489410 | 2497461595846 | 2496911148830 | 2492482133734 | 2503518683356 | 2512231638421 | 2521226225502 | 2521814259217 | 2527439835205 | 2768298622363 | 2771554622267 | 2767378451504 | 2756702506527 | 2758118224611 | 2768204838831 | 2766559556012 | 2755631355803 | 2737351189738 | 2731096223053 | 2736380306790 | 2737901961758 | 2738931178681 | 2739888060963 | 2753680524098 | 2741682042397 | 2766272020611 | 2756745501344 | 2772168351178 | 2771313525245 | 2760432005032 | 2775389924960 | 2779241988704 | 2775682286404 |
|        MAX_CPU_CLOCK        |  FIXC2  | 2502376630702 | 2046134196158 | 2030247070436 | 2029415036818 | 2029220956438 | 2023634397746 | 2028533859326 | 2029325594114 | 2011752918292 | 2015743880254 | 2015453367694 | 2021404747986 | 2018022014814 | 2009902130314 | 2015087222460 | 2006483841466 | 2011818639454 | 2026269169262 | 2026979005298 | 2027886743688 | 2021747594230 | 2019143942790 | 2019488048942 | 2017929355052 | 2012646283050 | 2009513847744 | 2018106315212 | 2000799992958 | 1997721597768 | 1993959733818 | 1985924868980 | 1986228446488 | 1995764966312 | 2021962515742 | 2028720570786 | 2012020611562 | 2028394074200 | 1995080479444 | 1994866122990 | 2024033356800 | 2029396019768 | 1999650764618 | 2031521822200 | 2010743869602 | 2003510567240 | 2002661681670 | 2013705277324 | 1993561168014 | 1818588667714 | 1819322331294 | 1831712761528 | 1827501298974 | 1825588522810 | 1842956863358 | 1842580652250 | 1844986061204 | 1824376021442 | 1806959990914 | 1805245379808 | 1805031114224 | 1817442749902 | 1805386472448 | 1806693476640 | 1818008967710 | 1827611149702 | 1828248775626 | 1819530581362 | 1832590950840 | 1837785210664 | 1846867733932 | 1844710550748 | 1846426960430 | 2001541021818 | 2005652800918 | 2001088517922 | 1990162232396 | 1990004440268 | 2000145011020 | 1998619478154 | 1987672724648 | 1981617160120 | 1978399294664 | 1982110397774 | 1983206622852 | 1980608578156 | 1981591665664 | 1992844053772 | 1981079612460 | 2003339735904 | 1997173191260 | 2010814618566 | 2009330233482 | 1997253794978 | 2011320940564 | 2014435171866 | 2010466671590 |
|     RETIRED_INSTRUCTIONS    |   PMC0  | 3939751594582 | 3246723624950 | 3247556798311 | 3247750568202 | 3247324344444 | 3247376914535 | 3247255145342 | 3247972036962 | 3260170118722 | 3260677259873 | 3260542744231 | 3260035388677 | 3259196635288 | 3258432194965 | 3257916337193 | 3257317943380 | 3253137367194 | 3247365208554 | 3247622020733 | 3247074039953 | 3246122006519 | 3245633929057 | 3245752953466 | 3245033303746 | 3240451703440 | 3240092272342 | 3239682146447 | 3239182155222 | 3238648095488 | 3238117587365 | 3237460875805 | 3236802447010 | 3241697535392 | 3242907011835 | 3242858604913 | 3241081870410 | 3241894096367 | 3233880030742 | 3232984021517 | 3234074178024 | 3224435443508 | 3223595299692 | 3224704660706 | 3223159700856 | 3222536155611 | 3222039114813 | 3221795553657 | 3220382947864 | 3238924522152 | 3238946360868 | 3238616560856 | 3239271650865 | 3238697512348 | 3239201075794 | 3238910578311 | 3238527920879 | 3241346288832 | 3240831075266 | 3240313434860 | 3240441818681 | 3240258528015 | 3239751106019 | 3239518430463 | 3239860426398 | 3237061864427 | 3237125374335 | 3236893007680 | 3237200946856 | 3237303952562 | 3237454781241 | 3236874864743 | 3236735332370 | 3232527405747 | 3233344412292 | 3226101381884 | 3225635243933 | 3224409029570 | 3225243828128 | 3224702251970 | 3223422008787 | 3234311603466 | 3234571792695 | 3234458415874 | 3234267742416 | 3233356336155 | 3233257550342 | 3232970042543 | 3232118168722 | 3229135673289 | 3229347690450 | 3228939366536 | 3229253223633 | 3228655373133 | 3228644846092 | 3227812584049 | 3155170330386 |
|     CPU_CLOCKS_UNHALTED     |   PMC1  | 2990395592943 | 2592161980525 | 2592397250950 | 2593139068404 | 2591570223804 | 2588988789344 | 2590166974621 | 2583851672667 | 2578177024688 | 2578585441668 | 2578312553993 | 2583496622405 | 2581916394180 | 2580666125928 | 2581512513076 | 2579082750572 | 2584336389606 | 2590385563380 | 2592311783808 | 2591250813488 | 2589094097083 | 2589458130196 | 2584141841107 | 2587646918804 | 2577147059569 | 2577799180138 | 2579138983349 | 2578552292702 | 2574632531974 | 2576346126056 | 2572842527167 | 2569890465286 | 2576682712777 | 2589200311031 | 2594666213702 | 2587159547277 | 2587968011930 | 2581944284225 | 2580601460172 | 2587732170040 | 2589376878197 | 2579926113711 | 2593665508017 | 2583838744270 | 2578286619734 | 2580451703223 | 2584911516078 | 2577636952027 | 2337895421257 | 2350350789330 | 2369565132145 | 2362044538110 | 2369924642875 | 2377671467084 | 2380009377672 | 2390607059820 | 2364731766055 | 2354702949836 | 2365133826301 | 2361169309976 | 2375518852321 | 2372676106900 | 2374805695042 | 2384968239786 | 2370891966404 | 2370373508265 | 2375485559077 | 2376212884624 | 2384929627128 | 2388001773369 | 2392066760732 | 2399743628251 | 2588554001824 | 2590268581420 | 2590947621717 | 2586319256138 | 2581689149473 | 2591140525782 | 2590029034841 | 2587010556917 | 2570515518473 | 2562120342560 | 2570649896618 | 2570061603218 | 2574931466571 | 2575685707332 | 2578675939497 | 2579648521629 | 2588038158280 | 2581945521363 | 2588327695895 | 2588607040802 | 2590465189634 | 2594789962060 | 2597386000046 | 2595462382029 |
|       L2_PF_HIT_IN_L3       |   PMC2  |   17239408275 |    2962688682 |    2840110579 |    2857049303 |    2816257459 |    2762917420 |    2693081872 |    2625183599 |    2893193190 |    2779140465 |    3019491648 |    2829870781 |    2746053648 |    3008426223 |    3158559045 |    2571534693 |    2738932102 |    2648914035 |    2742205957 |    2949577834 |    3017237282 |    2853738566 |    2718957713 |    2721562377 |    2831673849 |    2837631778 |    2866074686 |    2937137569 |    2760191234 |    2631434634 |    2939143911 |    2773811118 |    2636959386 |    2698115724 |    2735737661 |    3087823051 |    2742500377 |    2816616891 |    2733200682 |    2878001101 |    2637392927 |    2872210330 |    2846164570 |    2837063433 |    3059066489 |    2776949075 |    2940824582 |    2660104045 |    2877597576 |    2736353358 |    3076459513 |    3123914357 |    3358437060 |    3079054721 |    3142355767 |    2905532358 |    2930340569 |    2742729523 |    3023162794 |    3023387973 |    3157768880 |    2836225051 |    2904629232 |    2716380731 |    2834286854 |    3260230507 |    2970371911 |    2925941334 |    2972210725 |    2966536846 |    3106814914 |    2781632630 |    2633922318 |    2886167693 |    3049798537 |    2786570947 |    3143061646 |    2854275140 |    2866118693 |    2941520369 |    2915688452 |    2896466171 |    3566589784 |    2937035035 |    3159254586 |    2989180417 |    3071295798 |    2953784267 |    2916400020 |    2925916994 |    3159480925 |    3159480726 |    3131806158 |    3046152735 |    3201768919 |    3403669156 |
|       L2_PF_MISS_IN_L3      |   PMC3  |   54819478798 |    7744582079 |    7614316942 |    7807649624 |    7669086861 |    7755255271 |    7636157526 |    7791172457 |    7673083456 |    7719576909 |    7518084428 |    7715575915 |    7664448526 |    7573779407 |    7533653930 |    7741942752 |    7759230313 |    7803321658 |    7739468940 |    7727890948 |    7653729442 |    7690814416 |    7643576496 |    7781917391 |    7932808738 |    7932877087 |    7625541558 |    7644621631 |    7586664692 |    7721590147 |    7522034582 |    7719471212 |    7897894514 |    8061553428 |    7996064727 |    7724258871 |    7821469021 |    7753282763 |    7705444398 |    7962140952 |    8028995070 |    7816881640 |    7961141929 |    7834361556 |    7783713920 |    7861372801 |    7872338304 |    7951497310 |    8134453526 |    8103932639 |    7938171262 |    8038207644 |    7905288528 |    8041344535 |    8000850623 |    8089511805 |    8019202096 |    7901085841 |    7780159021 |    7729927183 |    7709787295 |    7745228608 |    7733646153 |    7856789044 |    8072136330 |    7963007705 |    7891677395 |    8067709209 |    8024911385 |    8057344755 |    7980130840 |    8048684562 |    8169679468 |    8059817986 |    7985096104 |    7921798943 |    7786186333 |    7991994774 |    7976991056 |    7949781964 |    7989052888 |    7997102887 |    7962519386 |    8046899517 |    7872683031 |    7958601353 |    7865253359 |    8112336607 |    8159818256 |    8102321838 |    8032864571 |    8064671321 |    7849833505 |    8048916388 |    7917655179 |    7060954849 |
| L2_CACHE_MISS_AFTER_L1_MISS |   PMC4  |    6196272367 |    5625127753 |    5516229527 |    5687787326 |    5519484768 |    5591119878 |    5524083915 |    5381780602 |    5652395345 |    5554796399 |    5517570585 |    5551577944 |    5418877460 |    5617779104 |    5642264940 |    5441793121 |    5382895362 |    5374331916 |    5361546635 |    5535991403 |    5487636859 |    5616789762 |    5344196357 |    5388229942 |    5621141426 |    5677081791 |    5537699152 |    5650310454 |    5459753139 |    5499832216 |    5508182756 |    5529258081 |    5565933568 |    5654652327 |    5536481379 |    5773125314 |    5593940994 |    5675614202 |    5516828918 |    5717655333 |    5373193185 |    5543487691 |    5420627920 |    5515222868 |    5506620011 |    5506872688 |    5481647348 |    5457571980 |    5295815475 |    5252970869 |    5428761534 |    5480830619 |    5388215209 |    5436621126 |    5408834797 |    5409766793 |    5475669185 |    5420893234 |    5485011424 |    5505776762 |    5577292281 |    5465593056 |    5484960860 |    5461090607 |    5281488920 |    5553408947 |    5370147712 |    5394494039 |    5378671979 |    5424157053 |    5433295641 |    5411038774 |    5591184591 |    5710454234 |    5709988319 |    5629277518 |    5712971767 |    5743417480 |    5717728911 |    5889875441 |    5835229895 |    5853248619 |    5870936575 |    5801485556 |    5756325959 |    5852174797 |    5778865996 |    5892445048 |    5797769989 |    5891822187 |    5804305043 |    5905858979 |    5769455365 |    5847975691 |    5936056336 |    5264939106 |
+-----------------------------+---------+---------------+---------------+---------------+---------------+---------------+---------------+---------------+---------------+---------------+---------------+---------------+---------------+---------------+---------------+---------------+---------------+---------------+---------------+---------------+---------------+---------------+---------------+---------------+---------------+---------------+---------------+---------------+---------------+---------------+---------------+---------------+---------------+---------------+---------------+---------------+---------------+---------------+---------------+---------------+---------------+---------------+---------------+---------------+---------------+---------------+---------------+---------------+---------------+---------------+---------------+---------------+---------------+---------------+---------------+---------------+---------------+---------------+---------------+---------------+---------------+---------------+---------------+---------------+---------------+---------------+---------------+---------------+---------------+---------------+---------------+---------------+---------------+---------------+---------------+---------------+---------------+---------------+---------------+---------------+---------------+---------------+---------------+---------------+---------------+---------------+---------------+---------------+---------------+---------------+---------------+---------------+---------------+---------------+---------------+---------------+---------------+

+----------------------------------+---------+-----------------+---------------+---------------+--------------+
|               Event              | Counter |       Sum       |      Min      |      Max      |      Avg     |
+----------------------------------+---------+-----------------+---------------+---------------+--------------+
|       ACTUAL_CPU_CLOCK STAT      |  FIXC1  | 260886094805179 | 2471432223199 | 3501839829419 | 2.717563e+12 |
|        MAX_CPU_CLOCK STAT        |  FIXC2  | 188911126534364 | 1805031114224 | 2502376630702 |      nil     |
|     RETIRED_INSTRUCTIONS STAT    |   PMC0  | 311499927704818 | 3155170330386 | 3939751594582 | 3.244791e+12 |
|     CPU_CLOCKS_UNHALTED STAT     |   PMC1  | 243396194986371 | 2337895421257 | 2990395592943 |      nil     |
|       L2_PF_HIT_IN_L3 STAT       |   PMC2  |    293777682521 |    2571534693 |   17239408275 | 3.060184e+09 |
|       L2_PF_MISS_IN_L3 STAT      |   PMC3  |    801211834883 |    7060954849 |   54819478798 | 8.345957e+09 |
| L2_CACHE_MISS_AFTER_L1_MISS STAT |   PMC4  |    535041894309 |    5252970869 |    6196272367 | 5.573353e+09 |
+----------------------------------+---------+-----------------+---------------+---------------+--------------+

+-------------------------+------------+------------+------------+------------+------------+------------+------------+------------+------------+------------+-------------+-------------+-------------+-------------+-------------+-------------+-------------+-------------+-------------+-------------+-------------+-------------+-------------+-------------+-------------+-------------+-------------+-------------+-------------+-------------+-------------+-------------+-------------+-------------+-------------+-------------+-------------+-------------+-------------+-------------+-------------+-------------+-------------+-------------+-------------+-------------+-------------+-------------+-------------+-------------+-------------+-------------+-------------+-------------+-------------+-------------+-------------+-------------+-------------+-------------+-------------+-------------+-------------+-------------+-------------+-------------+-------------+-------------+-------------+-------------+-------------+-------------+-------------+-------------+-------------+-------------+-------------+-------------+-------------+-------------+-------------+-------------+-------------+-------------+-------------+-------------+-------------+-------------+-------------+-------------+-------------+-------------+-------------+-------------+-------------+-------------+
|          Metric         | HWThread 0 | HWThread 1 | HWThread 2 | HWThread 3 | HWThread 4 | HWThread 5 | HWThread 6 | HWThread 7 | HWThread 8 | HWThread 9 | HWThread 10 | HWThread 11 | HWThread 12 | HWThread 13 | HWThread 14 | HWThread 15 | HWThread 16 | HWThread 17 | HWThread 18 | HWThread 19 | HWThread 20 | HWThread 21 | HWThread 22 | HWThread 23 | HWThread 24 | HWThread 25 | HWThread 26 | HWThread 27 | HWThread 28 | HWThread 29 | HWThread 30 | HWThread 31 | HWThread 32 | HWThread 33 | HWThread 34 | HWThread 35 | HWThread 36 | HWThread 37 | HWThread 38 | HWThread 39 | HWThread 40 | HWThread 41 | HWThread 42 | HWThread 43 | HWThread 44 | HWThread 45 | HWThread 46 | HWThread 47 | HWThread 48 | HWThread 49 | HWThread 50 | HWThread 51 | HWThread 52 | HWThread 53 | HWThread 54 | HWThread 55 | HWThread 56 | HWThread 57 | HWThread 58 | HWThread 59 | HWThread 60 | HWThread 61 | HWThread 62 | HWThread 63 | HWThread 64 | HWThread 65 | HWThread 66 | HWThread 67 | HWThread 68 | HWThread 69 | HWThread 70 | HWThread 71 | HWThread 72 | HWThread 73 | HWThread 74 | HWThread 75 | HWThread 76 | HWThread 77 | HWThread 78 | HWThread 79 | HWThread 80 | HWThread 81 | HWThread 82 | HWThread 83 | HWThread 84 | HWThread 85 | HWThread 86 | HWThread 87 | HWThread 88 | HWThread 89 | HWThread 90 | HWThread 91 | HWThread 92 | HWThread 93 | HWThread 94 | HWThread 95 |
+-------------------------+------------+------------+------------+------------+------------+------------+------------+------------+------------+------------+-------------+-------------+-------------+-------------+-------------+-------------+-------------+-------------+-------------+-------------+-------------+-------------+-------------+-------------+-------------+-------------+-------------+-------------+-------------+-------------+-------------+-------------+-------------+-------------+-------------+-------------+-------------+-------------+-------------+-------------+-------------+-------------+-------------+-------------+-------------+-------------+-------------+-------------+-------------+-------------+-------------+-------------+-------------+-------------+-------------+-------------+-------------+-------------+-------------+-------------+-------------+-------------+-------------+-------------+-------------+-------------+-------------+-------------+-------------+-------------+-------------+-------------+-------------+-------------+-------------+-------------+-------------+-------------+-------------+-------------+-------------+-------------+-------------+-------------+-------------+-------------+-------------+-------------+-------------+-------------+-------------+-------------+-------------+-------------+-------------+-------------+
|   Runtime (RDTSC) [s]   |   961.5824 |   961.5824 |   961.5824 |   961.5824 |   961.5824 |   961.5824 |   961.5824 |   961.5824 |   961.5824 |   961.5824 |    961.5824 |    961.5824 |    961.5824 |    961.5824 |    961.5824 |    961.5824 |    961.5824 |    961.5824 |    961.5824 |    961.5824 |    961.5824 |    961.5824 |    961.5824 |    961.5824 |    961.5824 |    961.5824 |    961.5824 |    961.5824 |    961.5824 |    961.5824 |    961.5824 |    961.5824 |    961.5824 |    961.5824 |    961.5824 |    961.5824 |    961.5824 |    961.5824 |    961.5824 |    961.5824 |    961.5824 |    961.5824 |    961.5824 |    961.5824 |    961.5824 |    961.5824 |    961.5824 |    961.5824 |    961.5824 |    961.5824 |    961.5824 |    961.5824 |    961.5824 |    961.5824 |    961.5824 |    961.5824 |    961.5824 |    961.5824 |    961.5824 |    961.5824 |    961.5824 |    961.5824 |    961.5824 |    961.5824 |    961.5824 |    961.5824 |    961.5824 |    961.5824 |    961.5824 |    961.5824 |    961.5824 |    961.5824 |    961.5824 |    961.5824 |    961.5824 |    961.5824 |    961.5824 |    961.5824 |    961.5824 |    961.5824 |    961.5824 |    961.5824 |    961.5824 |    961.5824 |    961.5824 |    961.5824 |    961.5824 |    961.5824 |    961.5824 |    961.5824 |    961.5824 |    961.5824 |    961.5824 |    961.5824 |    961.5824 |    961.5824 |
|   Runtime unhalted [s]  |  1346.8659 |  1082.6680 |  1080.1943 |  1080.0460 |  1079.9642 |  1077.7826 |  1079.5885 |  1079.9301 |  1072.9097 |  1073.8447 |   1073.7700 |   1076.3250 |   1075.1610 |   1072.1319 |   1074.1589 |   1070.7968 |   1073.4337 |   1078.7052 |   1078.8674 |   1079.5355 |   1077.0640 |   1076.3450 |   1076.4963 |   1075.8818 |   1072.5585 |   1071.0913 |   1074.3871 |   1067.7968 |   1066.5524 |   1065.2293 |   1062.1043 |   1062.3033 |   1067.0010 |   1077.5065 |   1079.7907 |   1073.3806 |   1079.5812 |   1066.7752 |   1066.6250 |   1077.9450 |   1079.2538 |   1068.0920 |   1080.3244 |   1072.4792 |   1069.5910 |   1069.1827 |   1073.5069 |   1065.7296 |    955.6993 |    955.5429 |    962.9729 |    960.3546 |    961.2549 |    968.5699 |    968.7066 |    971.4722 |    958.1819 |    950.5540 |    951.9997 |    951.1094 |    958.0916 |    953.6326 |    954.5898 |    960.2364 |    960.5653 |    960.3536 |    958.6501 |    962.8950 |    966.2461 |    969.7056 |    969.9318 |    972.0955 |   1064.7338 |   1065.9861 |   1064.3798 |   1060.2737 |   1060.8182 |   1064.6977 |   1064.0649 |   1059.8617 |   1052.8309 |   1050.4251 |   1052.4574 |   1053.0427 |   1053.4385 |   1053.8066 |   1059.1114 |   1054.4966 |   1063.9543 |   1060.2902 |   1066.2221 |   1065.8933 |   1061.7081 |   1067.4612 |   1068.9428 |   1067.5736 |
|       Clock [MHz]       |  3638.4425 |  3576.8854 |  3596.6387 |  3597.6195 |  3597.6909 |  3600.3354 |  3597.6574 |  3597.3919 |  3605.2250 |  3601.2225 |   3601.4909 |   3599.4321 |   3601.5665 |   3605.9288 |   3603.4500 |   3607.5739 |   3606.8678 |   3598.7317 |   3598.0123 |   3598.6289 |   3601.2926 |   3603.5293 |   3603.4217 |   3604.1466 |   3602.4451 |   3603.1251 |   3598.8236 |   3607.6864 |   3609.0349 |   3611.3581 |   3615.3318 |   3615.4567 |   3614.0926 |   3602.3891 |   3598.0002 |   3606.3273 |   3597.8811 |   3614.5675 |   3614.4466 |   3600.1679 |   3595.0141 |   3610.7576 |   3594.8149 |   3605.5869 |   3608.8593 |   3609.0107 |   3603.7343 |   3613.7765 |   3552.4717 |   3550.4579 |   3553.8618 |   3552.3663 |   3559.4220 |   3552.7089 |   3553.9357 |   3559.4354 |   3550.4011 |   3556.0846 |   3564.8757 |   3561.9648 |   3563.6095 |   3570.7111 |   3571.7097 |   3570.4749 |   3552.9323 |   3550.9104 |   3561.5956 |   3551.8712 |   3554.1589 |   3549.3427 |   3554.3221 |   3558.9395 |   3596.0056 |   3592.8543 |   3595.6232 |   3601.4164 |   3603.5516 |   3598.3935 |   3598.9998 |   3604.5259 |   3591.5563 |   3589.1778 |   3589.3890 |   3589.3999 |   3595.4593 |   3594.9311 |   3592.6272 |   3598.2147 |   3590.1467 |   3588.8298 |   3584.4249 |   3585.9667 |   3593.4840 |   3587.6870 |   3587.1124 |   3589.5895 |
|           CPI           |     0.7590 |     0.7984 |     0.7983 |     0.7984 |     0.7981 |     0.7973 |     0.7976 |     0.7955 |     0.7908 |     0.7908 |      0.7908 |      0.7925 |      0.7922 |      0.7920 |      0.7924 |      0.7918 |      0.7944 |      0.7977 |      0.7982 |      0.7980 |      0.7976 |      0.7978 |      0.7962 |      0.7974 |      0.7953 |      0.7956 |      0.7961 |      0.7961 |      0.7950 |      0.7956 |      0.7947 |      0.7940 |      0.7949 |      0.7984 |      0.8001 |      0.7982 |      0.7983 |      0.7984 |      0.7982 |      0.8001 |      0.8030 |      0.8003 |      0.8043 |      0.8016 |      0.8001 |      0.8009 |      0.8023 |      0.8004 |      0.7218 |      0.7257 |      0.7317 |      0.7292 |      0.7318 |      0.7340 |      0.7348 |      0.7382 |      0.7296 |      0.7266 |      0.7299 |      0.7287 |      0.7331 |      0.7324 |      0.7331 |      0.7361 |      0.7324 |      0.7322 |      0.7339 |      0.7340 |      0.7367 |      0.7376 |      0.7390 |      0.7414 |      0.8008 |      0.8011 |      0.8031 |      0.8018 |      0.8007 |      0.8034 |      0.8032 |      0.8026 |      0.7948 |      0.7921 |      0.7948 |      0.7946 |      0.7964 |      0.7966 |      0.7976 |      0.7981 |      0.8015 |      0.7995 |      0.8016 |      0.8016 |      0.8023 |      0.8037 |      0.8047 |      0.8226 |
| L3 bandwidth [MBytes/s] |  5208.4253 |  1087.0348 |  1062.9583 |  1088.3717 |  1065.2327 |  1072.1855 |  1055.1490 |  1051.4759 |  1079.4655 |  1068.4730 |   1068.5817 |   1071.3690 |   1053.5553 |   1078.2217 |   1087.1732 |   1048.6229 |   1056.9949 |   1053.3682 |   1054.4766 |   1079.1186 |   1075.4675 |   1075.6498 |   1045.3922 |   1057.7038 |   1090.5773 |   1094.7016 |   1066.8625 |   1080.3572 |   1052.0398 |   1055.1179 |   1062.8721 |   1066.4115 |   1071.6194 |   1092.4873 |   1082.7675 |   1103.8609 |   1075.4214 |   1081.2520 |   1061.9478 |   1102.0366 |   1067.5457 |   1080.3911 |   1080.0819 |   1077.3340 |   1088.1663 |   1074.5750 |   1084.5330 |   1069.5153 |   1085.4020 |   1071.1182 |   1094.4222 |   1107.7043 |   1108.3025 |   1101.9849 |   1101.6535 |   1091.8543 |   1093.2121 |   1069.2181 |   1084.1019 |   1082.1557 |   1094.5191 |   1068.0426 |   1073.1136 |   1067.1916 |   1077.4182 |   1116.6026 |   1080.3656 |   1090.7450 |   1089.9230 |   1094.7314 |   1099.5370 |   1080.9752 |   1091.1871 |   1108.6020 |   1114.4885 |   1087.3841 |   1107.6555 |   1104.1591 |   1102.2390 |   1116.9041 |   1114.1616 |   1114.6172 |   1158.0941 |   1117.1865 |   1117.3757 |   1118.1540 |   1112.5272 |   1128.7106 |   1123.0813 |   1126.1478 |   1131.2453 |   1140.1214 |   1114.9019 |   1127.6775 |   1135.1609 |   1046.9119 |
| L3 data volume [GBytes] |  5008.3302 |  1045.2735 |  1022.1221 |  1046.5591 |  1024.3091 |  1030.9947 |  1014.6127 |  1011.0807 |  1037.9950 |  1027.4249 |   1027.5294 |   1030.2096 |   1013.0803 |   1036.7990 |   1045.4066 |   1008.3373 |   1016.3877 |   1012.9003 |   1013.9662 |   1037.6615 |   1034.1506 |   1034.3259 |   1005.2308 |   1017.0694 |   1048.6799 |   1052.6458 |   1025.8762 |   1038.8525 |   1011.6230 |   1014.5828 |   1022.0391 |   1025.4426 |   1030.4504 |   1050.5166 |   1041.1702 |   1061.4533 |   1034.1063 |   1039.7129 |   1021.1503 |   1059.6990 |   1026.5332 |   1038.8851 |   1038.5878 |   1035.9455 |   1046.3616 |   1033.2925 |   1042.8679 |   1028.4271 |   1043.7035 |   1029.9684 |   1052.3771 |   1065.1490 |   1065.7242 |   1059.6493 |   1059.3306 |   1049.9079 |   1051.2136 |   1028.1414 |   1042.4533 |   1040.5819 |   1052.4703 |   1027.0110 |   1031.8871 |   1026.1927 |   1036.0264 |   1073.7054 |   1038.8606 |   1048.8413 |   1048.0508 |   1052.6745 |   1057.2954 |   1039.4468 |   1049.2663 |   1066.0122 |   1071.6725 |   1045.6094 |   1065.1021 |   1061.7400 |   1059.8937 |   1073.9954 |   1071.3582 |   1071.7963 |   1113.6029 |   1074.2669 |   1074.4489 |   1075.1972 |   1069.7866 |   1085.3482 |   1079.9352 |   1082.8839 |   1087.7856 |   1096.3207 |   1072.0701 |   1084.3549 |   1091.5507 |   1006.6920 |
+-------------------------+------------+------------+------------+------------+------------+------------+------------+------------+------------+------------+-------------+-------------+-------------+-------------+-------------+-------------+-------------+-------------+-------------+-------------+-------------+-------------+-------------+-------------+-------------+-------------+-------------+-------------+-------------+-------------+-------------+-------------+-------------+-------------+-------------+-------------+-------------+-------------+-------------+-------------+-------------+-------------+-------------+-------------+-------------+-------------+-------------+-------------+-------------+-------------+-------------+-------------+-------------+-------------+-------------+-------------+-------------+-------------+-------------+-------------+-------------+-------------+-------------+-------------+-------------+-------------+-------------+-------------+-------------+-------------+-------------+-------------+-------------+-------------+-------------+-------------+-------------+-------------+-------------+-------------+-------------+-------------+-------------+-------------+-------------+-------------+-------------+-------------+-------------+-------------+-------------+-------------+-------------+-------------+-------------+-------------+

+------------------------------+-------------+-----------+-----------+-----------+
|            Metric            |     Sum     |    Min    |    Max    |    Avg    |
+------------------------------+-------------+-----------+-----------+-----------+
|   Runtime (RDTSC) [s] STAT   |  92311.9104 |  961.5824 |  961.5824 |  961.5824 |
|   Runtime unhalted [s] STAT  | 100341.1367 |  950.5540 | 1346.8659 | 1045.2202 |
|       Clock [MHz] STAT       | 344613.8010 | 3549.3427 | 3638.4425 | 3589.7271 |
|           CPI STAT           |     75.0182 |    0.7218 |    0.8226 |    0.7814 |
| L3 bandwidth [MBytes/s] STAT | 108489.9311 | 1045.3922 | 5208.4253 | 1130.1034 |
| L3 data volume [GBytes] STAT | 104322.0106 | 1005.2308 | 5008.3302 | 1086.6876 |
+------------------------------+-------------+-----------+-----------+-----------+

