INFO: You are running LIKWID in a cpuset with 112 CPUs. Taking given IDs as logical ID in cpuset
--------------------------------------------------------------------------------
CPU name:	AMD EPYC 9A14 96-Core Processor                
CPU type:	AMD K19 (Zen4) architecture
CPU clock:	2.60 GHz
--------------------------------------------------------------------------------
Sys.CPU_THREADS       192
SLURM_CPUS_PER_TASK   112
OMP_NUM_THREADS       112
OMP_PROC_BIND         close
OMP_PLACES            cores
BLAS_NUM_THREADS      1
Threads.nthreads()    1

Successfully read data from: /public/home/halili/jld2file/6-31g/hcn-1.0-6-31g.jld2
  name: hcn
  ratio: 1.0
  basis: 6-31g
  nα: 7, nβ: 7, ne: 14, norb: 20, nq: 40

  ngs: 13755
  ncs: 72681

Warming up JIT and Hardware...
Warm-up completed.
  Step 001:  residual: 7.7049e-01,  e: -92.82763179936556
  Step 002:  residual: 3.7087e-01,  e: -93.01183870091410
  Step 003:  residual: 1.4548e-01,  e: -93.04687547021028
  Step 004:  residual: 5.7932e-02,  e: -93.05170251010395
  Step 005:  residual: 2.8328e-02,  e: -93.05243615719492
  Step 006:  residual: 1.3340e-02,  e: -93.05261925959164
  Step 007:  residual: 5.6500e-03,  e: -93.05265620776130
  Step 008:  residual: 2.2421e-03,  e: -93.05266215767698
  Step 009:  residual: 8.8227e-04,  e: -93.05266309075215
  Step 010:  residual: 3.8870e-04,  e: -93.05266324625488
  Step 011:  residual: 1.8353e-04,  e: -93.05266327684532
  Step 012:  residual: 8.8481e-05,  e: -93.05266328403768
  Step 013:  residual: 3.8778e-05,  e: -93.05266328559675
  Step 014:  residual: 1.6948e-05,  e: -93.05266328585489
  Step 015:  residual: 6.9143e-06,  e: -93.05266328590396

Convergence reached!
3337.223217 seconds (7.21 M allocations: 347.495 GiB, 0.02% gc time, 0.06% compilation time)
--------------------------------------------------------------------------------
Region hvec_direct_agg, Group 1: L3
+-------------------+-------------+-------------+-------------+-------------+-------------+-------------+-------------+-------------+-------------+-------------+-------------+-------------+-------------+-------------+-------------+-------------+-------------+-------------+-------------+-------------+-------------+-------------+-------------+-------------+-------------+-------------+-------------+-------------+-------------+-------------+-------------+-------------+-------------+-------------+-------------+-------------+-------------+-------------+-------------+-------------+-------------+-------------+-------------+-------------+-------------+-------------+-------------+-------------+-------------+-------------+-------------+-------------+-------------+-------------+-------------+-------------+-------------+-------------+-------------+-------------+-------------+-------------+-------------+-------------+-------------+-------------+-------------+-------------+-------------+-------------+-------------+-------------+-------------+-------------+-------------+-------------+-------------+-------------+-------------+-------------+-------------+-------------+-------------+-------------+-------------+-------------+-------------+-------------+-------------+-------------+-------------+-------------+-------------+-------------+-------------+-------------+-------------+-------------+-------------+-------------+--------------+--------------+--------------+--------------+--------------+--------------+--------------+--------------+--------------+--------------+--------------+--------------+
|    Region Info    |  HWThread 0 |  HWThread 1 |  HWThread 2 |  HWThread 3 |  HWThread 4 |  HWThread 5 |  HWThread 6 |  HWThread 7 |  HWThread 8 |  HWThread 9 | HWThread 10 | HWThread 11 | HWThread 12 | HWThread 13 | HWThread 14 | HWThread 15 | HWThread 16 | HWThread 17 | HWThread 18 | HWThread 19 | HWThread 20 | HWThread 21 | HWThread 22 | HWThread 23 | HWThread 24 | HWThread 25 | HWThread 26 | HWThread 27 | HWThread 28 | HWThread 29 | HWThread 30 | HWThread 31 | HWThread 32 | HWThread 33 | HWThread 34 | HWThread 35 | HWThread 36 | HWThread 37 | HWThread 38 | HWThread 39 | HWThread 40 | HWThread 41 | HWThread 42 | HWThread 43 | HWThread 44 | HWThread 45 | HWThread 46 | HWThread 47 | HWThread 48 | HWThread 49 | HWThread 50 | HWThread 51 | HWThread 52 | HWThread 53 | HWThread 54 | HWThread 55 | HWThread 56 | HWThread 57 | HWThread 58 | HWThread 59 | HWThread 60 | HWThread 61 | HWThread 62 | HWThread 63 | HWThread 64 | HWThread 65 | HWThread 66 | HWThread 67 | HWThread 68 | HWThread 69 | HWThread 70 | HWThread 71 | HWThread 72 | HWThread 73 | HWThread 74 | HWThread 75 | HWThread 76 | HWThread 77 | HWThread 78 | HWThread 79 | HWThread 80 | HWThread 81 | HWThread 82 | HWThread 83 | HWThread 84 | HWThread 85 | HWThread 86 | HWThread 87 | HWThread 88 | HWThread 89 | HWThread 90 | HWThread 91 | HWThread 92 | HWThread 93 | HWThread 94 | HWThread 95 | HWThread 96 | HWThread 97 | HWThread 98 | HWThread 99 | HWThread 100 | HWThread 101 | HWThread 102 | HWThread 103 | HWThread 104 | HWThread 105 | HWThread 106 | HWThread 107 | HWThread 108 | HWThread 109 | HWThread 110 | HWThread 111 |
+-------------------+-------------+-------------+-------------+-------------+-------------+-------------+-------------+-------------+-------------+-------------+-------------+-------------+-------------+-------------+-------------+-------------+-------------+-------------+-------------+-------------+-------------+-------------+-------------+-------------+-------------+-------------+-------------+-------------+-------------+-------------+-------------+-------------+-------------+-------------+-------------+-------------+-------------+-------------+-------------+-------------+-------------+-------------+-------------+-------------+-------------+-------------+-------------+-------------+-------------+-------------+-------------+-------------+-------------+-------------+-------------+-------------+-------------+-------------+-------------+-------------+-------------+-------------+-------------+-------------+-------------+-------------+-------------+-------------+-------------+-------------+-------------+-------------+-------------+-------------+-------------+-------------+-------------+-------------+-------------+-------------+-------------+-------------+-------------+-------------+-------------+-------------+-------------+-------------+-------------+-------------+-------------+-------------+-------------+-------------+-------------+-------------+-------------+-------------+-------------+-------------+--------------+--------------+--------------+--------------+--------------+--------------+--------------+--------------+--------------+--------------+--------------+--------------+
| RDTSC Runtime [s] | 3265.093000 | 3263.462000 | 3249.382000 | 3260.391000 | 3257.080000 | 3256.159000 | 3254.055000 | 3260.851000 | 3254.287000 | 3244.222000 | 3245.990000 | 3247.240000 | 3240.314000 | 3261.311000 | 3240.539000 | 3239.853000 | 3257.763000 | 3243.536000 | 3256.392000 | 3246.843000 | 3243.993000 | 3250.697000 | 3256.847000 | 3246.843000 | 3243.305000 | 3263.690000 | 3249.613000 | 3245.529000 | 3244.905000 | 3247.691000 | 3243.764000 | 3242.774000 | 3261.543000 | 3254.287000 | 3262.159000 | 3250.300000 | 3250.300000 | 3261.543000 | 3258.222000 | 3244.447000 | 3261.933000 | 3252.327000 | 3259.932000 | 3247.463000 | 3251.471000 | 3246.452000 | 3246.222000 | 3241.789000 | 3255.470000 | 3250.923000 | 3255.469000 | 3259.472000 | 3258.845000 | 3262.933000 | 3249.842000 | 3258.845000 | 3260.391000 | 3239.629000 | 3240.314000 | 3260.161000 | 3252.625000 | 3241.491000 | 3264.653000 | 3239.014000 | 3244.676000 | 3239.014000 | 3240.085000 | 3246.222000 | 3256.617000 | 3253.757000 | 3250.073000 | 3239.014000 | 3238.833000 | 3245.760000 | 3258.453000 | 3243.074000 | 3258.453000 | 3248.146000 | 3255.929000 | 3251.472000 | 3244.905000 | 3257.305000 | 3248.919000 | 3248.919000 | 3259.244000 | 3257.994000 | 3245.139000 | 3263.232000 | 3242.020000 | 3240.934000 | 3261.081000 | 3247.918000 | 3262.384000 | 3248.373000 | 3257.537000 | 3259.702000 | 3253.242000 | 3253.242000 | 3254.739000 | 3263.919000 |  3263.689000 |  3254.512000 |  3254.739000 |  3263.919000 |  3248.599000 |  3262.613000 |  3241.167000 |  3242.250000 |  3251.772000 |  3252.624000 |  3251.152000 |  3242.250000 |
|     call count    |          15 |          15 |          15 |          15 |          15 |          15 |          15 |          15 |          15 |          15 |          15 |          15 |          15 |          15 |          15 |          15 |          15 |          15 |          15 |          15 |          15 |          15 |          15 |          15 |          15 |          15 |          15 |          15 |          15 |          15 |          15 |          15 |          15 |          15 |          15 |          15 |          15 |          15 |          15 |          15 |          15 |          15 |          15 |          15 |          15 |          15 |          15 |          15 |          15 |          15 |          15 |          15 |          15 |          15 |          15 |          15 |          15 |          15 |          15 |          15 |          15 |          15 |          15 |          15 |          15 |          15 |          15 |          15 |          15 |          15 |          15 |          15 |          15 |          15 |          15 |          15 |          15 |          15 |          15 |          15 |          15 |          15 |          15 |          15 |          15 |          15 |          15 |          15 |          15 |          15 |          15 |          15 |          15 |          15 |          15 |          15 |          15 |          15 |          15 |          15 |           15 |           15 |           15 |           15 |           15 |           15 |           15 |           15 |           15 |           15 |           15 |           15 |
+-------------------+-------------+-------------+-------------+-------------+-------------+-------------+-------------+-------------+-------------+-------------+-------------+-------------+-------------+-------------+-------------+-------------+-------------+-------------+-------------+-------------+-------------+-------------+-------------+-------------+-------------+-------------+-------------+-------------+-------------+-------------+-------------+-------------+-------------+-------------+-------------+-------------+-------------+-------------+-------------+-------------+-------------+-------------+-------------+-------------+-------------+-------------+-------------+-------------+-------------+-------------+-------------+-------------+-------------+-------------+-------------+-------------+-------------+-------------+-------------+-------------+-------------+-------------+-------------+-------------+-------------+-------------+-------------+-------------+-------------+-------------+-------------+-------------+-------------+-------------+-------------+-------------+-------------+-------------+-------------+-------------+-------------+-------------+-------------+-------------+-------------+-------------+-------------+-------------+-------------+-------------+-------------+-------------+-------------+-------------+-------------+-------------+-------------+-------------+-------------+-------------+--------------+--------------+--------------+--------------+--------------+--------------+--------------+--------------+--------------+--------------+--------------+--------------+

+-----------------------------+---------+----------------+----------------+----------------+----------------+----------------+----------------+----------------+----------------+----------------+----------------+----------------+----------------+----------------+----------------+----------------+----------------+----------------+----------------+----------------+----------------+----------------+----------------+----------------+----------------+----------------+----------------+----------------+----------------+----------------+----------------+----------------+----------------+----------------+----------------+----------------+----------------+----------------+----------------+----------------+----------------+----------------+----------------+----------------+----------------+----------------+----------------+----------------+----------------+----------------+----------------+----------------+----------------+----------------+----------------+----------------+----------------+----------------+----------------+----------------+----------------+----------------+----------------+----------------+----------------+----------------+----------------+----------------+----------------+----------------+----------------+----------------+----------------+----------------+----------------+----------------+----------------+----------------+----------------+----------------+----------------+----------------+----------------+----------------+----------------+----------------+----------------+----------------+----------------+----------------+----------------+----------------+----------------+----------------+----------------+----------------+----------------+----------------+----------------+----------------+----------------+----------------+----------------+----------------+----------------+----------------+----------------+----------------+----------------+----------------+----------------+----------------+----------------+
|            Event            | Counter |   HWThread 0   |   HWThread 1   |   HWThread 2   |   HWThread 3   |   HWThread 4   |   HWThread 5   |   HWThread 6   |   HWThread 7   |   HWThread 8   |   HWThread 9   |   HWThread 10  |   HWThread 11  |   HWThread 12  |   HWThread 13  |   HWThread 14  |   HWThread 15  |   HWThread 16  |   HWThread 17  |   HWThread 18  |   HWThread 19  |   HWThread 20  |   HWThread 21  |   HWThread 22  |   HWThread 23  |   HWThread 24  |   HWThread 25  |   HWThread 26  |   HWThread 27  |   HWThread 28  |   HWThread 29  |   HWThread 30  |   HWThread 31  |   HWThread 32  |   HWThread 33  |   HWThread 34  |   HWThread 35  |   HWThread 36  |   HWThread 37  |   HWThread 38  |   HWThread 39  |   HWThread 40  |   HWThread 41  |   HWThread 42  |   HWThread 43  |   HWThread 44  |   HWThread 45  |   HWThread 46  |   HWThread 47  |   HWThread 48  |   HWThread 49  |   HWThread 50  |   HWThread 51  |   HWThread 52  |   HWThread 53  |   HWThread 54  |   HWThread 55  |   HWThread 56  |   HWThread 57  |   HWThread 58  |   HWThread 59  |   HWThread 60  |   HWThread 61  |   HWThread 62  |   HWThread 63  |   HWThread 64  |   HWThread 65  |   HWThread 66  |   HWThread 67  |   HWThread 68  |   HWThread 69  |   HWThread 70  |   HWThread 71  |   HWThread 72  |   HWThread 73  |   HWThread 74  |   HWThread 75  |   HWThread 76  |   HWThread 77  |   HWThread 78  |   HWThread 79  |   HWThread 80  |   HWThread 81  |   HWThread 82  |   HWThread 83  |   HWThread 84  |   HWThread 85  |   HWThread 86  |   HWThread 87  |   HWThread 88  |   HWThread 89  |   HWThread 90  |   HWThread 91  |   HWThread 92  |   HWThread 93  |   HWThread 94  |   HWThread 95  |   HWThread 96  |   HWThread 97  |   HWThread 98  |   HWThread 99  |  HWThread 100  |  HWThread 101  |  HWThread 102  |  HWThread 103  |  HWThread 104  |  HWThread 105  |  HWThread 106  |  HWThread 107  |  HWThread 108  |  HWThread 109  |  HWThread 110  |  HWThread 111  |
+-----------------------------+---------+----------------+----------------+----------------+----------------+----------------+----------------+----------------+----------------+----------------+----------------+----------------+----------------+----------------+----------------+----------------+----------------+----------------+----------------+----------------+----------------+----------------+----------------+----------------+----------------+----------------+----------------+----------------+----------------+----------------+----------------+----------------+----------------+----------------+----------------+----------------+----------------+----------------+----------------+----------------+----------------+----------------+----------------+----------------+----------------+----------------+----------------+----------------+----------------+----------------+----------------+----------------+----------------+----------------+----------------+----------------+----------------+----------------+----------------+----------------+----------------+----------------+----------------+----------------+----------------+----------------+----------------+----------------+----------------+----------------+----------------+----------------+----------------+----------------+----------------+----------------+----------------+----------------+----------------+----------------+----------------+----------------+----------------+----------------+----------------+----------------+----------------+----------------+----------------+----------------+----------------+----------------+----------------+----------------+----------------+----------------+----------------+----------------+----------------+----------------+----------------+----------------+----------------+----------------+----------------+----------------+----------------+----------------+----------------+----------------+----------------+----------------+----------------+
|       ACTUAL_CPU_CLOCK      |  FIXC1  | 11945900000000 | 11941490000000 | 11943930000000 | 11943240000000 | 11942380000000 | 11942550000000 | 11942750000000 | 11941310000000 | 11942980000000 | 11942090000000 | 11942520000000 | 11942230000000 | 11942890000000 | 11943640000000 | 11942510000000 | 11943670000000 | 11940900000000 | 11941450000000 | 11942480000000 | 11942040000000 | 11941880000000 | 11940580000000 | 11941420000000 | 11941430000000 | 11941450000000 | 11941720000000 | 11942180000000 | 11942550000000 | 11942560000000 | 11942220000000 | 11943180000000 | 11943360000000 | 11943160000000 | 11943030000000 | 11942330000000 | 11943780000000 | 11942410000000 | 11942540000000 | 11942760000000 | 11942660000000 | 11942770000000 | 11942360000000 | 11944320000000 | 11943050000000 | 11943840000000 | 11943700000000 | 11943340000000 | 11944300000000 | 11943020000000 | 11943570000000 | 11941550000000 | 11942070000000 | 11943220000000 | 11942120000000 | 11942760000000 | 11942990000000 | 11942480000000 | 11942280000000 | 11942310000000 | 11942950000000 | 11943570000000 | 11943720000000 | 11942670000000 | 11942910000000 | 11942240000000 | 11943030000000 | 11942510000000 | 11942630000000 | 11942910000000 | 11942600000000 | 11944430000000 | 11942040000000 | 11943260000000 | 11942600000000 | 11942840000000 | 11943000000000 | 11942200000000 | 11942140000000 | 11944790000000 | 11943050000000 | 11943320000000 | 11942010000000 | 11942620000000 | 11942760000000 | 11942920000000 | 11942770000000 | 11943150000000 | 11943500000000 | 11943220000000 | 11941630000000 | 11942020000000 | 11943270000000 | 11942710000000 | 11943310000000 | 11943330000000 | 11943550000000 | 11969610000000 | 11969210000000 | 11968530000000 | 11968530000000 | 11968990000000 | 11969800000000 | 11969900000000 | 11969530000000 | 11969450000000 | 11969040000000 | 11968960000000 | 11969490000000 | 11968750000000 | 11969550000000 | 11969150000000 | 11971320000000 |
|        MAX_CPU_CLOCK        |  FIXC2  |  8418171000000 |  8416178000000 |  8417364000000 |  8416935000000 |  8416298000000 |  8416596000000 |  8416410000000 |  8415637000000 |  8416542000000 |  8416061000000 |  8416338000000 |  8416069000000 |  8416525000000 |  8416941000000 |  8416302000000 |  8417170000000 |  8415260000000 |  8415617000000 |  8416126000000 |  8416060000000 |  8415748000000 |  8415064000000 |  8415470000000 |  8415553000000 |  8415639000000 |  8415749000000 |  8416263000000 |  8416496000000 |  8416394000000 |  8416060000000 |  8416883000000 |  8417112000000 |  8416785000000 |  8416463000000 |  8416123000000 |  8417220000000 |  8416313000000 |  8416532000000 |  8416534000000 |  8416473000000 |  8416400000000 |  8416300000000 |  8417639000000 |  8416725000000 |  8417076000000 |  8417075000000 |  8416840000000 |  8417571000000 |  8416683000000 |  8417048000000 |  8415793000000 |  8416026000000 |  8416811000000 |  8416041000000 |  8416468000000 |  8416881000000 |  8416221000000 |  8416252000000 |  8416179000000 |  8416689000000 |  8416942000000 |  8417171000000 |  8416302000000 |  8416618000000 |  8416082000000 |  8416707000000 |  8416345000000 |  8416404000000 |  8416454000000 |  8416412000000 |  8417532000000 |  8416032000000 |  8416708000000 |  8416619000000 |  8416702000000 |  8416714000000 |  8415988000000 |  8415982000000 |  8417870000000 |  8416548000000 |  8416978000000 |  8415932000000 |  8416460000000 |  8416437000000 |  8416579000000 |  8416447000000 |  8416550000000 |  8416931000000 |  8416678000000 |  8415798000000 |  8416072000000 |  8416532000000 |  8416358000000 |  8416912000000 |  8416838000000 |  8417126000000 |  8412918000000 |  8413588000000 |  8413123000000 |  8413055000000 |  8413373000000 |  8414019000000 |  8413984000000 |  8413525000000 |  8413656000000 |  8413174000000 |  8413146000000 |  8413572000000 |  8412938000000 |  8413571000000 |  8413170000000 |  8414905000000 |
|     RETIRED_INSTRUCTIONS    |   PMC0  |  8520019000000 |  8538597000000 |  8574467000000 |  8512235000000 |  8569673000000 |  8508370000000 |  8555321000000 |  8469829000000 |  9152426000000 |  9146943000000 |  9151061000000 |  9098405000000 |  9159685000000 |  9085012000000 |  9090387000000 |  9068200000000 |  8716572000000 |  8707247000000 |  8732306000000 |  8694262000000 |  8708880000000 |  8695424000000 |  8711967000000 |  8662789000000 |  8657580000000 |  8601121000000 |  8613853000000 |  8580504000000 |  8609075000000 |  8550400000000 |  8643600000000 |  8575318000000 |  9113525000000 |  9083331000000 |  9094624000000 |  9048408000000 |  9158014000000 |  9029695000000 |  9106698000000 |  9056035000000 |  8760080000000 |  8701304000000 |  8760352000000 |  8689637000000 |  8746470000000 |  8666656000000 |  8709071000000 |  8646768000000 |  8604350000000 |  8565638000000 |  8603488000000 |  8540351000000 |  8624704000000 |  8511159000000 |  8586703000000 |  8543064000000 |  9135538000000 |  9132897000000 |  9139520000000 |  9071545000000 |  9095545000000 |  9081169000000 |  9112005000000 |  9053298000000 |  8723322000000 |  8696712000000 |  8704942000000 |  8650870000000 |  8699972000000 |  8648879000000 |  8682695000000 |  8651376000000 |  8619405000000 |  8576699000000 |  8610108000000 |  8538820000000 |  8603186000000 |  8524386000000 |  8559852000000 |  8495812000000 |  9218258000000 |  9125347000000 |  9157556000000 |  9124906000000 |  9158638000000 |  9113472000000 |  9156304000000 |  9099573000000 |  8791866000000 |  8727666000000 |  8787644000000 |  8716463000000 |  8754685000000 |  8680054000000 |  8690708000000 |  8678742000000 |  8010913000000 |  8016960000000 |  7989519000000 |  7957208000000 |  7991941000000 |  7963395000000 |  7981982000000 |  7968726000000 |  8042182000000 |  7988441000000 |  8026040000000 |  7991657000000 |  8043485000000 |  7985220000000 |  7974615000000 |  7993694000000 |
|     CPU_CLOCKS_UNHALTED     |   PMC1  | 11823570000000 | 11885820000000 | 11889430000000 | 11889220000000 | 11887420000000 | 11887350000000 | 11888460000000 | 11887410000000 | 11889150000000 | 11887630000000 | 11889630000000 | 11888670000000 | 11890000000000 | 11888900000000 | 11889710000000 | 11891250000000 | 11886610000000 | 11887650000000 | 11888790000000 | 11888550000000 | 11889080000000 | 11887040000000 | 11887150000000 | 11887060000000 | 11885160000000 | 11886320000000 | 11888000000000 | 11886930000000 | 11888880000000 | 11889160000000 | 11887450000000 | 11887570000000 | 11889250000000 | 11886800000000 | 11888290000000 | 11889640000000 | 11888290000000 | 11888160000000 | 11888780000000 | 11890080000000 | 11888940000000 | 11888130000000 | 11890200000000 | 11888120000000 | 11890290000000 | 11890220000000 | 11888220000000 | 11889250000000 | 11887870000000 | 11890570000000 | 11887450000000 | 11887600000000 | 11890900000000 | 11886960000000 | 11888090000000 | 11889870000000 | 11889030000000 | 11888770000000 | 11888290000000 | 11890820000000 | 11891270000000 | 11889930000000 | 11888280000000 | 11888950000000 | 11888370000000 | 11889540000000 | 11889450000000 | 11890230000000 | 11888730000000 | 11889450000000 | 11889970000000 | 11888330000000 | 11889180000000 | 11888210000000 | 11890070000000 | 11889350000000 | 11888360000000 | 11889030000000 | 11892670000000 | 11889820000000 | 11890060000000 | 11888150000000 | 11888430000000 | 11888710000000 | 11888590000000 | 11890140000000 | 11889660000000 | 11890180000000 | 11887890000000 | 11887460000000 | 11886330000000 | 11889850000000 | 11888600000000 | 11889150000000 | 11889400000000 | 11887360000000 | 11920960000000 | 11920910000000 | 11921610000000 | 11921860000000 | 11921090000000 | 11923250000000 | 11921660000000 | 11921800000000 | 11922650000000 | 11922640000000 | 11922880000000 | 11923540000000 | 11922160000000 | 11923860000000 | 11922410000000 | 11923950000000 |
|       L2_PF_HIT_IN_L3       |   PMC2  |    54948040000 |    54318210000 |    57505990000 |    53677060000 |    57723520000 |    54160930000 |    57809050000 |    52402680000 |    63142250000 |    63087700000 |    64334940000 |    60959600000 |    65705650000 |    60858290000 |    62198020000 |    60647570000 |    57239410000 |    56686370000 |    59369930000 |    56799920000 |    58240580000 |    57713120000 |    59733510000 |    56698090000 |    58940630000 |    55349730000 |    57334540000 |    55278400000 |    57255680000 |    53668460000 |    60638230000 |    56392640000 |    61451930000 |    59452350000 |    61431880000 |    58532390000 |    66177360000 |    58124320000 |    63939800000 |    60843200000 |    59678860000 |    56130050000 |    60716580000 |    56438070000 |    60217800000 |    55563030000 |    59281030000 |    55045730000 |    56541640000 |    53750000000 |    57547080000 |    53530640000 |    59237900000 |    52155080000 |    57738820000 |    55152130000 |    62626470000 |    62968780000 |    64446670000 |    60220410000 |    62213040000 |    61253180000 |    64544260000 |    60579530000 |    58479510000 |    56951800000 |    58293830000 |    55039780000 |    58536830000 |    55385080000 |    58300490000 |    56618220000 |    58434420000 |    55930900000 |    58701920000 |    54440790000 |    58741090000 |    53757420000 |    57131490000 |    53042220000 |    65796430000 |    60698340000 |    62947850000 |    61344190000 |    64148340000 |    61227650000 |    65112970000 |    61357260000 |    61097540000 |    57126410000 |    62070980000 |    57121850000 |    60254680000 |    55469260000 |    57008430000 |    56546290000 |    57414680000 |    58249640000 |    56745760000 |    54023040000 |    56986650000 |    54804520000 |    57044920000 |    55910400000 |    58178510000 |    53754590000 |    57766480000 |    55094640000 |    59686880000 |    55013390000 |    54680670000 |    56371000000 |
|       L2_PF_MISS_IN_L3      |   PMC3  |   131772500000 |   132611200000 |   130666400000 |   132476700000 |   130265500000 |   131917400000 |   129658700000 |   132353200000 |   142409700000 |   142212900000 |   141168200000 |   142776600000 |   140088000000 |   142459300000 |   141400300000 |   142143300000 |   135078500000 |   135295800000 |   133490500000 |   134787000000 |   133872400000 |   133919700000 |   132456700000 |   133923500000 |   131711200000 |   133401800000 |   132016900000 |   132966100000 |   131901500000 |   133569000000 |   129556600000 |   131690100000 |   142860300000 |   143751900000 |   142321700000 |   143649400000 |   139598700000 |   143518500000 |   140089900000 |   141589800000 |   134035400000 |   135669100000 |   133036000000 |   135003800000 |   133055900000 |   135164300000 |   132825700000 |   134993200000 |   132498900000 |   133892300000 |   131484300000 |   133357900000 |   130413500000 |   133907700000 |   130649200000 |   131917200000 |   142338000000 |   141908100000 |   140719500000 |   142750100000 |   141571200000 |   141968300000 |   139669800000 |   141746400000 |   134090500000 |   134735400000 |   133688100000 |   135194000000 |   133331700000 |   134785100000 |   132945400000 |   133655600000 |   131088500000 |   132171100000 |   130573400000 |   132479800000 |   130242300000 |   132618700000 |   130495500000 |   132483200000 |   141739100000 |   144033900000 |   142693000000 |   143166700000 |   141603800000 |   142901700000 |   140483800000 |   142313900000 |   133572400000 |   135445100000 |   132567800000 |   135060000000 |   133301500000 |   135588500000 |   134411400000 |   134516700000 |   115159000000 |   114566300000 |   115205600000 |   116834600000 |   115004100000 |   116264700000 |   114542900000 |   115252700000 |   115264700000 |   117932800000 |   115222900000 |   116727100000 |   113855300000 |   116646900000 |   116599500000 |   115479000000 |
| L2_CACHE_MISS_AFTER_L1_MISS |   PMC4  |    25797870000 |    25822490000 |    26014870000 |    25717730000 |    25995390000 |    25700600000 |    25935800000 |    25544310000 |    28515100000 |    28485740000 |    28538100000 |    28289010000 |    28578960000 |    28211770000 |    28261920000 |    28157430000 |    26621620000 |    26554910000 |    26699270000 |    26529100000 |    26578320000 |    26547480000 |    26624060000 |    26388280000 |    26375570000 |    26093170000 |    26191460000 |    26026520000 |    26141330000 |    25881190000 |    26330510000 |    26025940000 |    28327110000 |    28174910000 |    28261900000 |    28039280000 |    28582730000 |    27959920000 |    28342650000 |    28097100000 |    26811340000 |    26522100000 |    26841060000 |    26484630000 |    26758980000 |    26392000000 |    26608530000 |    26308720000 |    26137840000 |    25912130000 |    26143100000 |    25840410000 |    26226610000 |    25717160000 |    26073330000 |    25861690000 |    28438700000 |    28440880000 |    28487730000 |    28168060000 |    28285730000 |    28213290000 |    28356950000 |    28093450000 |    26647380000 |    26511600000 |    26577930000 |    26326630000 |    26554090000 |    26312840000 |    26479660000 |    26334760000 |    26200960000 |    25952030000 |    26176230000 |    25796140000 |    26116900000 |    25729590000 |    25906490000 |    25598630000 |    28817130000 |    28366700000 |    28525920000 |    28356880000 |    28521690000 |    28306410000 |    28533180000 |    28246180000 |    26958550000 |    26633410000 |    26955190000 |    26575680000 |    26780280000 |    26433850000 |    26487730000 |    26422980000 |    18277010000 |    18317700000 |    18206330000 |    18065860000 |    18235010000 |    18103300000 |    18174590000 |    18133960000 |    18419460000 |    18186130000 |    18372800000 |    18219110000 |    18464410000 |    18178430000 |    18167630000 |    18226760000 |
+-----------------------------+---------+----------------+----------------+----------------+----------------+----------------+----------------+----------------+----------------+----------------+----------------+----------------+----------------+----------------+----------------+----------------+----------------+----------------+----------------+----------------+----------------+----------------+----------------+----------------+----------------+----------------+----------------+----------------+----------------+----------------+----------------+----------------+----------------+----------------+----------------+----------------+----------------+----------------+----------------+----------------+----------------+----------------+----------------+----------------+----------------+----------------+----------------+----------------+----------------+----------------+----------------+----------------+----------------+----------------+----------------+----------------+----------------+----------------+----------------+----------------+----------------+----------------+----------------+----------------+----------------+----------------+----------------+----------------+----------------+----------------+----------------+----------------+----------------+----------------+----------------+----------------+----------------+----------------+----------------+----------------+----------------+----------------+----------------+----------------+----------------+----------------+----------------+----------------+----------------+----------------+----------------+----------------+----------------+----------------+----------------+----------------+----------------+----------------+----------------+----------------+----------------+----------------+----------------+----------------+----------------+----------------+----------------+----------------+----------------+----------------+----------------+----------------+----------------+

+----------------------------------+---------+------------------+----------------+----------------+--------------+
|               Event              | Counter |        Sum       |       Min      |       Max      |      Avg     |
+----------------------------------+---------+------------------+----------------+----------------+--------------+
|       ACTUAL_CPU_CLOCK STAT      |  FIXC1  | 1338014190000000 | 11940580000000 | 11971320000000 |      nil     |
|        MAX_CPU_CLOCK STAT        |  FIXC2  |  942598669000000 |  8412918000000 |  8418171000000 | 8.416060e+12 |
|     RETIRED_INSTRUCTIONS STAT    |   PMC0  |  972328066000000 |  7957208000000 |  9218258000000 | 8.681501e+12 |
|     CPU_CLOCKS_UNHALTED STAT     |   PMC1  | 1332010280000000 | 11823570000000 | 11923950000000 |      nil     |
|       L2_PF_HIT_IN_L3 STAT       |   PMC2  |    6537188780000 |    52155080000 |    66177360000 | 5.836776e+10 |
|       L2_PF_MISS_IN_L3 STAT      |   PMC3  |   14906508900000 |   113855300000 |   144033900000 | 1.330938e+11 |
| L2_CACHE_MISS_AFTER_L1_MISS STAT |   PMC4  |    2879977950000 |    18065860000 |    28817130000 | 2.571409e+10 |
+----------------------------------+---------+------------------+----------------+----------------+--------------+

+-------------------------+------------+------------+------------+------------+------------+------------+------------+------------+------------+------------+-------------+-------------+-------------+-------------+-------------+-------------+-------------+-------------+-------------+-------------+-------------+-------------+-------------+-------------+-------------+-------------+-------------+-------------+-------------+-------------+-------------+-------------+-------------+-------------+-------------+-------------+-------------+-------------+-------------+-------------+-------------+-------------+-------------+-------------+-------------+-------------+-------------+-------------+-------------+-------------+-------------+-------------+-------------+-------------+-------------+-------------+-------------+-------------+-------------+-------------+-------------+-------------+-------------+-------------+-------------+-------------+-------------+-------------+-------------+-------------+-------------+-------------+-------------+-------------+-------------+-------------+-------------+-------------+-------------+-------------+-------------+-------------+-------------+-------------+-------------+-------------+-------------+-------------+-------------+-------------+-------------+-------------+-------------+-------------+-------------+-------------+-------------+-------------+-------------+-------------+--------------+--------------+--------------+--------------+--------------+--------------+--------------+--------------+--------------+--------------+--------------+--------------+
|          Metric         | HWThread 0 | HWThread 1 | HWThread 2 | HWThread 3 | HWThread 4 | HWThread 5 | HWThread 6 | HWThread 7 | HWThread 8 | HWThread 9 | HWThread 10 | HWThread 11 | HWThread 12 | HWThread 13 | HWThread 14 | HWThread 15 | HWThread 16 | HWThread 17 | HWThread 18 | HWThread 19 | HWThread 20 | HWThread 21 | HWThread 22 | HWThread 23 | HWThread 24 | HWThread 25 | HWThread 26 | HWThread 27 | HWThread 28 | HWThread 29 | HWThread 30 | HWThread 31 | HWThread 32 | HWThread 33 | HWThread 34 | HWThread 35 | HWThread 36 | HWThread 37 | HWThread 38 | HWThread 39 | HWThread 40 | HWThread 41 | HWThread 42 | HWThread 43 | HWThread 44 | HWThread 45 | HWThread 46 | HWThread 47 | HWThread 48 | HWThread 49 | HWThread 50 | HWThread 51 | HWThread 52 | HWThread 53 | HWThread 54 | HWThread 55 | HWThread 56 | HWThread 57 | HWThread 58 | HWThread 59 | HWThread 60 | HWThread 61 | HWThread 62 | HWThread 63 | HWThread 64 | HWThread 65 | HWThread 66 | HWThread 67 | HWThread 68 | HWThread 69 | HWThread 70 | HWThread 71 | HWThread 72 | HWThread 73 | HWThread 74 | HWThread 75 | HWThread 76 | HWThread 77 | HWThread 78 | HWThread 79 | HWThread 80 | HWThread 81 | HWThread 82 | HWThread 83 | HWThread 84 | HWThread 85 | HWThread 86 | HWThread 87 | HWThread 88 | HWThread 89 | HWThread 90 | HWThread 91 | HWThread 92 | HWThread 93 | HWThread 94 | HWThread 95 | HWThread 96 | HWThread 97 | HWThread 98 | HWThread 99 | HWThread 100 | HWThread 101 | HWThread 102 | HWThread 103 | HWThread 104 | HWThread 105 | HWThread 106 | HWThread 107 | HWThread 108 | HWThread 109 | HWThread 110 | HWThread 111 |
+-------------------------+------------+------------+------------+------------+------------+------------+------------+------------+------------+------------+-------------+-------------+-------------+-------------+-------------+-------------+-------------+-------------+-------------+-------------+-------------+-------------+-------------+-------------+-------------+-------------+-------------+-------------+-------------+-------------+-------------+-------------+-------------+-------------+-------------+-------------+-------------+-------------+-------------+-------------+-------------+-------------+-------------+-------------+-------------+-------------+-------------+-------------+-------------+-------------+-------------+-------------+-------------+-------------+-------------+-------------+-------------+-------------+-------------+-------------+-------------+-------------+-------------+-------------+-------------+-------------+-------------+-------------+-------------+-------------+-------------+-------------+-------------+-------------+-------------+-------------+-------------+-------------+-------------+-------------+-------------+-------------+-------------+-------------+-------------+-------------+-------------+-------------+-------------+-------------+-------------+-------------+-------------+-------------+-------------+-------------+-------------+-------------+-------------+-------------+--------------+--------------+--------------+--------------+--------------+--------------+--------------+--------------+--------------+--------------+--------------+--------------+
|   Runtime (RDTSC) [s]   |  3265.0930 |  3263.4620 |  3249.3820 |  3260.3910 |  3257.0800 |  3256.1590 |  3254.0550 |  3260.8510 |  3254.2870 |  3244.2220 |   3245.9900 |   3247.2400 |   3240.3140 |   3261.3110 |   3240.5390 |   3239.8530 |   3257.7630 |   3243.5360 |   3256.3920 |   3246.8430 |   3243.9930 |   3250.6970 |   3256.8470 |   3246.8430 |   3243.3050 |   3263.6900 |   3249.6130 |   3245.5290 |   3244.9050 |   3247.6910 |   3243.7640 |   3242.7740 |   3261.5430 |   3254.2870 |   3262.1590 |   3250.3000 |   3250.3000 |   3261.5430 |   3258.2220 |   3244.4470 |   3261.9330 |   3252.3270 |   3259.9320 |   3247.4630 |   3251.4710 |   3246.4520 |   3246.2220 |   3241.7890 |   3255.4700 |   3250.9230 |   3255.4690 |   3259.4720 |   3258.8450 |   3262.9330 |   3249.8420 |   3258.8450 |   3260.3910 |   3239.6290 |   3240.3140 |   3260.1610 |   3252.6250 |   3241.4910 |   3264.6530 |   3239.0140 |   3244.6760 |   3239.0140 |   3240.0850 |   3246.2220 |   3256.6170 |   3253.7570 |   3250.0730 |   3239.0140 |   3238.8330 |   3245.7600 |   3258.4530 |   3243.0740 |   3258.4530 |   3248.1460 |   3255.9290 |   3251.4720 |   3244.9050 |   3257.3050 |   3248.9190 |   3248.9190 |   3259.2440 |   3257.9940 |   3245.1390 |   3263.2320 |   3242.0200 |   3240.9340 |   3261.0810 |   3247.9180 |   3262.3840 |   3248.3730 |   3257.5370 |   3259.7020 |   3253.2420 |   3253.2420 |   3254.7390 |   3263.9190 |    3263.6890 |    3254.5120 |    3254.7390 |    3263.9190 |    3248.5990 |    3262.6130 |    3241.1670 |    3242.2500 |    3251.7720 |    3252.6240 |    3251.1520 |    3242.2500 |
|   Runtime unhalted [s]  |  4594.5900 |  4592.8938 |  4593.8323 |  4593.5669 |  4593.2361 |  4593.3015 |  4593.3784 |  4592.8246 |  4593.4669 |  4593.1246 |   4593.2900 |   4593.1784 |   4593.4323 |   4593.7207 |   4593.2861 |   4593.7323 |   4592.6669 |   4592.8784 |   4593.2746 |   4593.1054 |   4593.0438 |   4592.5438 |   4592.8669 |   4592.8707 |   4592.8784 |   4592.9823 |   4593.1592 |   4593.3015 |   4593.3054 |   4593.1746 |   4593.5438 |   4593.6130 |   4593.5361 |   4593.4861 |   4593.2169 |   4593.7746 |   4593.2477 |   4593.2977 |   4593.3823 |   4593.3438 |   4593.3861 |   4593.2284 |   4593.9823 |   4593.4938 |   4593.7977 |   4593.7438 |   4593.6054 |   4593.9746 |   4593.4823 |   4593.6938 |   4592.9169 |   4593.1169 |   4593.5592 |   4593.1361 |   4593.3823 |   4593.4707 |   4593.2746 |   4593.1977 |   4593.2092 |   4593.4554 |   4593.6938 |   4593.7515 |   4593.3477 |   4593.4400 |   4593.1823 |   4593.4861 |   4593.2861 |   4593.3323 |   4593.4400 |   4593.3207 |   4594.0246 |   4593.1054 |   4593.5746 |   4593.3207 |   4593.4130 |   4593.4746 |   4593.1669 |   4593.1438 |   4594.1630 |   4593.4938 |   4593.5977 |   4593.0938 |   4593.3284 |   4593.3823 |   4593.4438 |   4593.3861 |   4593.5323 |   4593.6669 |   4593.5592 |   4592.9477 |   4593.0977 |   4593.5784 |   4593.3630 |   4593.5938 |   4593.6015 |   4593.6861 |   4603.7092 |   4603.5554 |   4603.2938 |   4603.2938 |    4603.4708 |    4603.7823 |    4603.8208 |    4603.6785 |    4603.6477 |    4603.4900 |    4603.4592 |    4603.6631 |    4603.3785 |    4603.6862 |    4603.5323 |    4604.3669 |
|       Clock [MHz]       |  3689.5487 |  3689.0600 |  3689.2939 |  3689.2688 |  3689.2824 |  3689.2043 |  3689.3476 |  3689.2416 |  3689.3608 |  3689.2967 |   3689.3081 |   3689.3364 |   3689.3404 |   3689.3897 |   3689.3208 |   3689.2986 |   3689.2802 |   3689.2936 |   3689.3887 |   3689.2817 |   3689.3690 |   3689.2672 |   3689.3488 |   3689.3155 |   3689.2839 |   3689.3191 |   3689.2359 |   3689.2481 |   3689.2959 |   3689.3373 |   3689.2731 |   3689.2283 |   3689.3099 |   3689.4108 |   3689.3436 |   3689.3107 |   3689.2851 |   3689.2292 |   3689.2963 |   3689.2922 |   3689.3581 |   3689.2753 |   3689.2939 |   3689.3022 |   3689.3924 |   3689.3495 |   3689.3413 |   3689.3175 |   3689.3113 |   3689.3212 |   3689.2473 |   3689.3058 |   3689.3170 |   3689.3147 |   3689.3252 |   3689.2153 |   3689.3470 |   3689.2716 |   3689.3129 |   3689.2871 |   3689.3677 |   3689.3136 |   3689.3702 |   3689.3058 |   3689.3338 |   3689.3039 |   3689.3019 |   3689.3131 |   3689.3777 |   3689.3004 |   3689.3747 |   3689.2939 |   3689.3745 |   3689.2096 |   3689.2474 |   3689.2915 |   3689.3627 |   3689.3467 |   3689.3378 |   3689.3798 |   3689.2747 |   3689.3285 |   3689.2855 |   3689.3388 |   3689.3260 |   3689.3375 |   3689.4098 |   3689.3509 |   3689.3753 |   3689.2698 |   3689.2702 |   3689.4547 |   3689.3580 |   3689.3005 |   3689.3391 |   3689.2809 |   3699.1800 |   3698.7618 |   3698.7561 |   3698.7859 |    3698.7883 |    3698.7546 |    3698.8009 |    3698.8884 |    3698.8060 |    3698.8912 |    3698.8788 |    3698.8553 |    3698.9054 |    3698.8743 |    3698.9270 |    3698.8348 |
|           CPI           |     1.3877 |     1.3920 |     1.3866 |     1.3967 |     1.3871 |     1.3971 |     1.3896 |     1.4035 |     1.2990 |     1.2996 |      1.2993 |      1.3067 |      1.2981 |      1.3086 |      1.3079 |      1.3113 |      1.3637 |      1.3653 |      1.3615 |      1.3674 |      1.3652 |      1.3670 |      1.3645 |      1.3722 |      1.3728 |      1.3820 |      1.3801 |      1.3853 |      1.3810 |      1.3905 |      1.3753 |      1.3863 |      1.3046 |      1.3086 |      1.3072 |      1.3140 |      1.2981 |      1.3166 |      1.3055 |      1.3129 |      1.3572 |      1.3662 |      1.3573 |      1.3681 |      1.3594 |      1.3720 |      1.3650 |      1.3750 |      1.3816 |      1.3882 |      1.3817 |      1.3919 |      1.3787 |      1.3966 |      1.3845 |      1.3918 |      1.3014 |      1.3018 |      1.3008 |      1.3108 |      1.3074 |      1.3093 |      1.3047 |      1.3132 |      1.3628 |      1.3671 |      1.3658 |      1.3745 |      1.3665 |      1.3747 |      1.3694 |      1.3742 |      1.3794 |      1.3861 |      1.3809 |      1.3924 |      1.3819 |      1.3947 |      1.3894 |      1.3995 |      1.2898 |      1.3028 |      1.2982 |      1.3029 |      1.2981 |      1.3047 |      1.2985 |      1.3067 |      1.3521 |      1.3620 |      1.3526 |      1.3641 |      1.3580 |      1.3697 |      1.3681 |      1.3697 |      1.4881 |      1.4870 |      1.4922 |      1.4982 |       1.4916 |       1.4973 |       1.4936 |       1.4961 |       1.4825 |       1.4925 |       1.4855 |       1.4920 |       1.4822 |       1.4932 |       1.4950 |       1.4917 |
| L3 bandwidth [MBytes/s] |  4165.6327 |  4172.2936 |  4218.6436 |  4158.9415 |  4204.6871 |  4162.5275 |  4197.1716 |  4127.5152 |  4603.2483 |  4611.9920 |   4614.5057 |   4572.9954 |   4629.1338 |   4543.5345 |   4579.1936 |   4562.1487 |   4301.1508 |   4312.0758 |   4315.1503 |   4299.3841 |   4314.5109 |   4295.5524 |   4299.8990 |   4277.5803 |   4282.5925 |   4213.0413 |   4245.0426 |   4225.3036 |   4246.3815 |   4199.7818 |   4272.0808 |   4225.6893 |   4564.9920 |   4550.3873 |   4551.8905 |   4533.1657 |   4614.6394 |   4505.4060 |   4564.4006 |   4547.4395 |   4326.7714 |   4296.1732 |   4330.7630 |   4294.8283 |   4330.9910 |   4280.2534 |   4312.0208 |   4271.1755 |   4230.2390 |   4204.1856 |   4230.1637 |   4176.9504 |   4239.5980 |   4153.9058 |   4223.4442 |   4181.7224 |   4581.5986 |   4609.2737 |   4614.9384 |   4537.4656 |   4566.3051 |   4569.4482 |   4559.3037 |   4552.8795 |   4323.9796 |   4311.4118 |   4317.1185 |   4269.5374 |   4292.5059 |   4258.1278 |   4287.4222 |   4279.9905 |   4262.7478 |   4220.7242 |   4231.7318 |   4197.8292 |   4224.8326 |   4179.2350 |   4197.3098 |   4155.6376 |   4661.6373 |   4579.9617 |   4612.8184 |   4587.2296 |   4600.3077 |   4565.9656 |   4617.4653 |   4548.4691 |   4375.1190 |   4328.7259 |   4348.8690 |   4310.6020 |   4322.4628 |   4285.0569 |   4281.1743 |   4270.0535 |   3754.5452 |   3760.1116 |   3739.1914 |   3704.4743 |    3730.2723 |    3720.0789 |    3731.4188 |    3711.7992 |    3779.8481 |    3724.5929 |    3778.6327 |    3751.2883 |    3778.9924 |    3735.3466 |    3729.3425 |    3751.9971 |
| L3 data volume [GBytes] | 13601.1782 | 13616.1216 | 13707.9846 | 13559.7754 | 13695.0022 | 13553.8515 | 13657.8272 | 13459.2122 | 14980.2912 | 14962.3258 |  14978.6394 |  14849.6134 |  14999.8470 |  14817.8790 |  14839.0554 |  14780.6912 |  14012.1299 |  13986.3731 |  14051.8208 |  13959.4253 |  13996.2432 |  13963.5392 |  14004.1133 |  13888.6317 |  13889.7536 |  13750.0608 |  13794.7456 |  13713.3453 |  13779.1046 |  13639.5936 |  13857.6218 |  13702.9555 |  14888.9178 |  14808.2662 |  14848.9907 |  14734.1485 |  14998.9626 |  14694.5754 |  14871.8304 |  14753.9264 |  14113.6384 |  13972.5600 |  14117.9930 |  13947.2960 |  14082.0915 |  13895.6371 |  13997.7766 |  13846.2496 |  13771.4163 |  13667.4835 |  13771.1667 |  13614.6528 |  13816.1926 |  13553.9162 |  13725.5264 |  13627.5853 |  14937.8029 |  14932.3366 |  14953.8496 |  14792.8685 |  14852.4781 |  14811.8253 |  14884.5446 |  14746.8403 |  14029.9130 |  13964.7232 |  13987.8310 |  13859.8662 |  13979.0477 |  13854.9133 |  13934.4352 |  13862.9491 |  13806.3283 |  13699.4579 |  13788.8992 |  13613.8707 |  13766.4186 |  13574.7654 |  13666.1427 |  13511.9392 |  15126.5702 |  14918.3322 |  14986.6733 |  14903.5373 |  14993.5251 |  14875.8886 |  14984.3168 |  14842.7098 |  14184.2234 |  14029.1149 |  14182.0141 |  14000.4819 |  14101.5334 |  13919.4630 |  13946.0838 |  13919.1021 |  12214.4442 |  12232.5530 |  12170.0922 |  12091.1040 |   12174.4486 |   12107.0413 |   12144.7942 |   12115.0118 |   12279.2109 |   12151.9053 |   12247.1795 |   12162.6144 |   12288.4218 |   12149.6781 |   12124.6592 |   12164.9126 |
+-------------------------+------------+------------+------------+------------+------------+------------+------------+------------+------------+------------+-------------+-------------+-------------+-------------+-------------+-------------+-------------+-------------+-------------+-------------+-------------+-------------+-------------+-------------+-------------+-------------+-------------+-------------+-------------+-------------+-------------+-------------+-------------+-------------+-------------+-------------+-------------+-------------+-------------+-------------+-------------+-------------+-------------+-------------+-------------+-------------+-------------+-------------+-------------+-------------+-------------+-------------+-------------+-------------+-------------+-------------+-------------+-------------+-------------+-------------+-------------+-------------+-------------+-------------+-------------+-------------+-------------+-------------+-------------+-------------+-------------+-------------+-------------+-------------+-------------+-------------+-------------+-------------+-------------+-------------+-------------+-------------+-------------+-------------+-------------+-------------+-------------+-------------+-------------+-------------+-------------+-------------+-------------+-------------+-------------+-------------+-------------+-------------+-------------+-------------+--------------+--------------+--------------+--------------+--------------+--------------+--------------+--------------+--------------+--------------+--------------+--------------+

+------------------------------+--------------+------------+------------+------------+
|            Metric            |      Sum     |     Min    |     Max    |     Avg    |
+------------------------------+--------------+------------+------------+------------+
|   Runtime (RDTSC) [s] STAT   |  364194.4930 |  3238.8330 |  3265.0930 |  3251.7365 |
|   Runtime unhalted [s] STAT  |  514622.3041 |  4592.5438 |  4604.3669 |  4594.8420 |
|       Clock [MHz] STAT       |  413355.8452 |  3689.0600 |  3699.1800 |  3690.6772 |
|           CPI STAT           |     153.6990 |     1.2898 |     1.4982 |     1.3723 |
| L3 bandwidth [MBytes/s] STAT |  478744.0934 |  3704.4743 |  4661.6373 |  4274.5008 |
| L3 data volume [GBytes] STAT | 1.556715e+06 | 12091.1040 | 15126.5702 | 13899.2432 |
+------------------------------+--------------+------------+------------+------------+

