INFO: You are running LIKWID in a cpuset with 128 CPUs. Taking given IDs as logical ID in cpuset
--------------------------------------------------------------------------------
CPU name:	AMD EPYC 9A14 96-Core Processor                
CPU type:	AMD K19 (Zen4) architecture
CPU clock:	2.60 GHz
--------------------------------------------------------------------------------
Sys.CPU_THREADS       192
SLURM_CPUS_PER_TASK   128
OMP_NUM_THREADS       128
OMP_PROC_BIND         close
OMP_PLACES            cores
BLAS_NUM_THREADS      1
Threads.nthreads()    1

Successfully read data from: /public/home/halili/jld2file/6-31g/hcn-1.0-6-31g.jld2
  name: hcn
  ratio: 1.0
  basis: 6-31g
  nα: 7, nβ: 7, ne: 14, norb: 20, nq: 40

  ngs: 13755
  ncs: 72681

Warming up JIT and Hardware...
Warm-up completed.
  Step 001:  residual: 7.7049e-01,  e: -92.82763179936511
  Step 002:  residual: 3.7087e-01,  e: -93.01183870091364
  Step 003:  residual: 1.4548e-01,  e: -93.04687547020981
  Step 004:  residual: 5.7932e-02,  e: -93.05170251010347
  Step 005:  residual: 2.8328e-02,  e: -93.05243615719444
  Step 006:  residual: 1.3340e-02,  e: -93.05261925959117
  Step 007:  residual: 5.6500e-03,  e: -93.05265620776079
  Step 008:  residual: 2.2421e-03,  e: -93.05266215767648
  Step 009:  residual: 8.8227e-04,  e: -93.05266309075168
  Step 010:  residual: 3.8870e-04,  e: -93.05266324625441
  Step 011:  residual: 1.8353e-04,  e: -93.05266327684481
  Step 012:  residual: 8.8481e-05,  e: -93.05266328403717
  Step 013:  residual: 3.8778e-05,  e: -93.05266328559624
  Step 014:  residual: 1.6948e-05,  e: -93.05266328585445
  Step 015:  residual: 6.9143e-06,  e: -93.05266328590351

Convergence reached!
3146.814112 seconds (7.21 M allocations: 347.495 GiB, 0.02% gc time, 0.06% compilation time)
--------------------------------------------------------------------------------
Region hvec_direct_agg, Group 1: L3
+-------------------+-------------+-------------+-------------+-------------+-------------+-------------+-------------+-------------+-------------+-------------+-------------+-------------+-------------+-------------+-------------+-------------+-------------+-------------+-------------+-------------+-------------+-------------+-------------+-------------+-------------+-------------+-------------+-------------+-------------+-------------+-------------+-------------+-------------+-------------+-------------+-------------+-------------+-------------+-------------+-------------+-------------+-------------+-------------+-------------+-------------+-------------+-------------+-------------+-------------+-------------+-------------+-------------+-------------+-------------+-------------+-------------+-------------+-------------+-------------+-------------+-------------+-------------+-------------+-------------+-------------+-------------+-------------+-------------+-------------+-------------+-------------+-------------+-------------+-------------+-------------+-------------+-------------+-------------+-------------+-------------+-------------+-------------+-------------+-------------+-------------+-------------+-------------+-------------+-------------+-------------+-------------+-------------+-------------+-------------+-------------+-------------+-------------+-------------+-------------+-------------+--------------+--------------+--------------+--------------+--------------+--------------+--------------+--------------+--------------+--------------+--------------+--------------+--------------+--------------+--------------+--------------+--------------+--------------+--------------+--------------+--------------+--------------+--------------+--------------+--------------+--------------+--------------+--------------+
|    Region Info    |  HWThread 0 |  HWThread 1 |  HWThread 2 |  HWThread 3 |  HWThread 4 |  HWThread 5 |  HWThread 6 |  HWThread 7 |  HWThread 8 |  HWThread 9 | HWThread 10 | HWThread 11 | HWThread 12 | HWThread 13 | HWThread 14 | HWThread 15 | HWThread 16 | HWThread 17 | HWThread 18 | HWThread 19 | HWThread 20 | HWThread 21 | HWThread 22 | HWThread 23 | HWThread 24 | HWThread 25 | HWThread 26 | HWThread 27 | HWThread 28 | HWThread 29 | HWThread 30 | HWThread 31 | HWThread 32 | HWThread 33 | HWThread 34 | HWThread 35 | HWThread 36 | HWThread 37 | HWThread 38 | HWThread 39 | HWThread 40 | HWThread 41 | HWThread 42 | HWThread 43 | HWThread 44 | HWThread 45 | HWThread 46 | HWThread 47 | HWThread 48 | HWThread 49 | HWThread 50 | HWThread 51 | HWThread 52 | HWThread 53 | HWThread 54 | HWThread 55 | HWThread 56 | HWThread 57 | HWThread 58 | HWThread 59 | HWThread 60 | HWThread 61 | HWThread 62 | HWThread 63 | HWThread 64 | HWThread 65 | HWThread 66 | HWThread 67 | HWThread 68 | HWThread 69 | HWThread 70 | HWThread 71 | HWThread 72 | HWThread 73 | HWThread 74 | HWThread 75 | HWThread 76 | HWThread 77 | HWThread 78 | HWThread 79 | HWThread 80 | HWThread 81 | HWThread 82 | HWThread 83 | HWThread 84 | HWThread 85 | HWThread 86 | HWThread 87 | HWThread 88 | HWThread 89 | HWThread 90 | HWThread 91 | HWThread 92 | HWThread 93 | HWThread 94 | HWThread 95 | HWThread 96 | HWThread 97 | HWThread 98 | HWThread 99 | HWThread 100 | HWThread 101 | HWThread 102 | HWThread 103 | HWThread 104 | HWThread 105 | HWThread 106 | HWThread 107 | HWThread 108 | HWThread 109 | HWThread 110 | HWThread 111 | HWThread 112 | HWThread 113 | HWThread 114 | HWThread 115 | HWThread 116 | HWThread 117 | HWThread 118 | HWThread 119 | HWThread 120 | HWThread 121 | HWThread 122 | HWThread 123 | HWThread 124 | HWThread 125 | HWThread 126 | HWThread 127 |
+-------------------+-------------+-------------+-------------+-------------+-------------+-------------+-------------+-------------+-------------+-------------+-------------+-------------+-------------+-------------+-------------+-------------+-------------+-------------+-------------+-------------+-------------+-------------+-------------+-------------+-------------+-------------+-------------+-------------+-------------+-------------+-------------+-------------+-------------+-------------+-------------+-------------+-------------+-------------+-------------+-------------+-------------+-------------+-------------+-------------+-------------+-------------+-------------+-------------+-------------+-------------+-------------+-------------+-------------+-------------+-------------+-------------+-------------+-------------+-------------+-------------+-------------+-------------+-------------+-------------+-------------+-------------+-------------+-------------+-------------+-------------+-------------+-------------+-------------+-------------+-------------+-------------+-------------+-------------+-------------+-------------+-------------+-------------+-------------+-------------+-------------+-------------+-------------+-------------+-------------+-------------+-------------+-------------+-------------+-------------+-------------+-------------+-------------+-------------+-------------+-------------+--------------+--------------+--------------+--------------+--------------+--------------+--------------+--------------+--------------+--------------+--------------+--------------+--------------+--------------+--------------+--------------+--------------+--------------+--------------+--------------+--------------+--------------+--------------+--------------+--------------+--------------+--------------+--------------+
| RDTSC Runtime [s] | 3074.829000 | 3035.634000 | 3072.883000 | 3066.278000 | 3053.523000 | 3031.297000 | 3070.533000 | 3070.190000 | 3071.128000 | 3069.494000 | 3040.757000 | 3073.227000 | 3048.306000 | 3030.704000 | 3050.793000 | 3030.704000 | 3058.803000 | 3060.085000 | 3055.517000 | 3068.196000 | 3060.086000 | 3061.987000 | 3072.529000 | 3068.196000 | 3058.205000 | 3038.022000 | 3045.493000 | 3058.204000 | 3052.827000 | 3034.837000 | 3068.790000 | 3033.112000 | 3032.089000 | 3064.673000 | 3048.733000 | 3038.802000 | 3032.089000 | 3052.153000 | 3053.175000 | 3052.153000 | 3045.064000 | 3030.002000 | 3057.855000 | 3033.931000 | 3049.082000 | 3057.156000 | 3054.225000 | 3049.082000 | 3054.932000 | 3055.866000 | 3054.931000 | 3071.824000 | 3056.806000 | 3065.023000 | 3041.198000 | 3064.325000 | 3057.508000 | 3038.454000 | 3070.189000 | 3061.035000 | 3061.037000 | 3059.736000 | 3062.687000 | 3032.760000 | 3046.283000 | 3069.842000 | 3047.154000 | 3063.034000 | 3062.338000 | 3061.644000 | 3063.034000 | 3063.977000 | 3072.174000 | 3030.355000 | 3073.917000 | 3063.624000 | 3029.471000 | 3067.503000 | 3029.736000 | 3071.470000 | 3050.124000 | 3074.265000 | 3050.124000 | 3067.850000 | 3035.283000 | 3053.873000 | 3054.579000 | 3069.141000 | 3067.075000 | 3056.215000 | 3060.684000 | 3073.572000 | 3056.215000 | 3058.803000 | 3065.834000 | 3058.802000 | 3031.643000 | 3044.045000 | 3043.170000 | 3036.427000 |  3044.045000 |  3037.583000 |  3042.291000 |  3043.608000 |  3051.143000 |  3047.580000 |  3045.838000 |  3046.709000 |  3047.580000 |  3050.793000 |  3049.675000 |  3051.144000 |  3035.633000 |  3042.731000 |  3036.864000 |  3041.549000 |  3066.628000 |  3043.607000 |  3036.864000 |  3041.549000 |  3039.610000 |  3065.373000 |  3039.151000 |  3039.153000 |  3039.151000 |  3033.468000 |  3034.374000 |  3039.896000 |
|     call count    |          15 |          15 |          15 |          15 |          15 |          15 |          15 |          15 |          15 |          15 |          15 |          15 |          15 |          15 |          15 |          15 |          15 |          15 |          15 |          15 |          15 |          15 |          15 |          15 |          15 |          15 |          15 |          15 |          15 |          15 |          15 |          15 |          15 |          15 |          15 |          15 |          15 |          15 |          15 |          15 |          15 |          15 |          15 |          15 |          15 |          15 |          15 |          15 |          15 |          15 |          15 |          15 |          15 |          15 |          15 |          15 |          15 |          15 |          15 |          15 |          15 |          15 |          15 |          15 |          15 |          15 |          15 |          15 |          15 |          15 |          15 |          15 |          15 |          15 |          15 |          15 |          15 |          15 |          15 |          15 |          15 |          15 |          15 |          15 |          15 |          15 |          15 |          15 |          15 |          15 |          15 |          15 |          15 |          15 |          15 |          15 |          15 |          15 |          15 |          15 |           15 |           15 |           15 |           15 |           15 |           15 |           15 |           15 |           15 |           15 |           15 |           15 |           15 |           15 |           15 |           15 |           15 |           15 |           15 |           15 |           15 |           15 |           15 |           15 |           15 |           15 |           15 |           15 |
+-------------------+-------------+-------------+-------------+-------------+-------------+-------------+-------------+-------------+-------------+-------------+-------------+-------------+-------------+-------------+-------------+-------------+-------------+-------------+-------------+-------------+-------------+-------------+-------------+-------------+-------------+-------------+-------------+-------------+-------------+-------------+-------------+-------------+-------------+-------------+-------------+-------------+-------------+-------------+-------------+-------------+-------------+-------------+-------------+-------------+-------------+-------------+-------------+-------------+-------------+-------------+-------------+-------------+-------------+-------------+-------------+-------------+-------------+-------------+-------------+-------------+-------------+-------------+-------------+-------------+-------------+-------------+-------------+-------------+-------------+-------------+-------------+-------------+-------------+-------------+-------------+-------------+-------------+-------------+-------------+-------------+-------------+-------------+-------------+-------------+-------------+-------------+-------------+-------------+-------------+-------------+-------------+-------------+-------------+-------------+-------------+-------------+-------------+-------------+-------------+-------------+--------------+--------------+--------------+--------------+--------------+--------------+--------------+--------------+--------------+--------------+--------------+--------------+--------------+--------------+--------------+--------------+--------------+--------------+--------------+--------------+--------------+--------------+--------------+--------------+--------------+--------------+--------------+--------------+

+-----------------------------+---------+----------------+----------------+----------------+----------------+----------------+----------------+----------------+----------------+----------------+----------------+----------------+----------------+----------------+----------------+----------------+----------------+----------------+----------------+----------------+----------------+----------------+----------------+----------------+----------------+----------------+----------------+----------------+----------------+----------------+----------------+----------------+----------------+----------------+----------------+----------------+----------------+----------------+----------------+----------------+----------------+----------------+----------------+----------------+----------------+----------------+----------------+----------------+----------------+----------------+----------------+----------------+----------------+----------------+----------------+----------------+----------------+----------------+----------------+----------------+----------------+----------------+----------------+----------------+----------------+----------------+----------------+----------------+----------------+----------------+----------------+----------------+----------------+----------------+----------------+----------------+----------------+----------------+----------------+----------------+----------------+----------------+----------------+----------------+----------------+----------------+----------------+----------------+----------------+----------------+----------------+----------------+----------------+----------------+----------------+----------------+----------------+----------------+----------------+----------------+----------------+----------------+----------------+----------------+----------------+----------------+----------------+----------------+----------------+----------------+----------------+----------------+----------------+----------------+----------------+----------------+----------------+----------------+----------------+----------------+----------------+----------------+----------------+----------------+----------------+----------------+----------------+----------------+----------------+
|            Event            | Counter |   HWThread 0   |   HWThread 1   |   HWThread 2   |   HWThread 3   |   HWThread 4   |   HWThread 5   |   HWThread 6   |   HWThread 7   |   HWThread 8   |   HWThread 9   |   HWThread 10  |   HWThread 11  |   HWThread 12  |   HWThread 13  |   HWThread 14  |   HWThread 15  |   HWThread 16  |   HWThread 17  |   HWThread 18  |   HWThread 19  |   HWThread 20  |   HWThread 21  |   HWThread 22  |   HWThread 23  |   HWThread 24  |   HWThread 25  |   HWThread 26  |   HWThread 27  |   HWThread 28  |   HWThread 29  |   HWThread 30  |   HWThread 31  |   HWThread 32  |   HWThread 33  |   HWThread 34  |   HWThread 35  |   HWThread 36  |   HWThread 37  |   HWThread 38  |   HWThread 39  |   HWThread 40  |   HWThread 41  |   HWThread 42  |   HWThread 43  |   HWThread 44  |   HWThread 45  |   HWThread 46  |   HWThread 47  |   HWThread 48  |   HWThread 49  |   HWThread 50  |   HWThread 51  |   HWThread 52  |   HWThread 53  |   HWThread 54  |   HWThread 55  |   HWThread 56  |   HWThread 57  |   HWThread 58  |   HWThread 59  |   HWThread 60  |   HWThread 61  |   HWThread 62  |   HWThread 63  |   HWThread 64  |   HWThread 65  |   HWThread 66  |   HWThread 67  |   HWThread 68  |   HWThread 69  |   HWThread 70  |   HWThread 71  |   HWThread 72  |   HWThread 73  |   HWThread 74  |   HWThread 75  |   HWThread 76  |   HWThread 77  |   HWThread 78  |   HWThread 79  |   HWThread 80  |   HWThread 81  |   HWThread 82  |   HWThread 83  |   HWThread 84  |   HWThread 85  |   HWThread 86  |   HWThread 87  |   HWThread 88  |   HWThread 89  |   HWThread 90  |   HWThread 91  |   HWThread 92  |   HWThread 93  |   HWThread 94  |   HWThread 95  |   HWThread 96  |   HWThread 97  |   HWThread 98  |   HWThread 99  |  HWThread 100  |  HWThread 101  |  HWThread 102  |  HWThread 103  |  HWThread 104  |  HWThread 105  |  HWThread 106  |  HWThread 107  |  HWThread 108  |  HWThread 109  |  HWThread 110  |  HWThread 111  |  HWThread 112  |  HWThread 113  |  HWThread 114  |  HWThread 115  |  HWThread 116  |  HWThread 117  |  HWThread 118  |  HWThread 119  |  HWThread 120  |  HWThread 121  |  HWThread 122  |  HWThread 123  |  HWThread 124  |  HWThread 125  |  HWThread 126  |  HWThread 127  |
+-----------------------------+---------+----------------+----------------+----------------+----------------+----------------+----------------+----------------+----------------+----------------+----------------+----------------+----------------+----------------+----------------+----------------+----------------+----------------+----------------+----------------+----------------+----------------+----------------+----------------+----------------+----------------+----------------+----------------+----------------+----------------+----------------+----------------+----------------+----------------+----------------+----------------+----------------+----------------+----------------+----------------+----------------+----------------+----------------+----------------+----------------+----------------+----------------+----------------+----------------+----------------+----------------+----------------+----------------+----------------+----------------+----------------+----------------+----------------+----------------+----------------+----------------+----------------+----------------+----------------+----------------+----------------+----------------+----------------+----------------+----------------+----------------+----------------+----------------+----------------+----------------+----------------+----------------+----------------+----------------+----------------+----------------+----------------+----------------+----------------+----------------+----------------+----------------+----------------+----------------+----------------+----------------+----------------+----------------+----------------+----------------+----------------+----------------+----------------+----------------+----------------+----------------+----------------+----------------+----------------+----------------+----------------+----------------+----------------+----------------+----------------+----------------+----------------+----------------+----------------+----------------+----------------+----------------+----------------+----------------+----------------+----------------+----------------+----------------+----------------+----------------+----------------+----------------+----------------+----------------+
|       ACTUAL_CPU_CLOCK      |  FIXC1  | 11170460000000 | 11165190000000 | 11167420000000 | 11166490000000 | 11165540000000 | 11166630000000 | 11166480000000 | 11167020000000 | 11165280000000 | 11165910000000 | 11164020000000 | 11166280000000 | 11166050000000 | 11166520000000 | 11165240000000 | 11164440000000 | 11167450000000 | 11166080000000 | 11166620000000 | 11168050000000 | 11166340000000 | 11166580000000 | 11167140000000 | 11165940000000 | 11167590000000 | 11166070000000 | 11166460000000 | 11166100000000 | 11166950000000 | 11165550000000 | 11164430000000 | 11166970000000 | 11167440000000 | 11166430000000 | 11166130000000 | 11165850000000 | 11166680000000 | 11167240000000 | 11166590000000 | 11167420000000 | 11165000000000 | 11165960000000 | 11165140000000 | 11166410000000 | 11166230000000 | 11166250000000 | 11167140000000 | 11165650000000 | 11166370000000 | 11166970000000 | 11166360000000 | 11166750000000 | 11166170000000 | 11165810000000 | 11166520000000 | 11165980000000 | 11166380000000 | 11164820000000 | 11165730000000 | 11164840000000 | 11165660000000 | 11166240000000 | 11165350000000 | 11165580000000 | 11165380000000 | 11166000000000 | 11166450000000 | 11164720000000 | 11165410000000 | 11167550000000 | 11166110000000 | 11166600000000 | 11165560000000 | 11166260000000 | 11167360000000 | 11166470000000 | 11165370000000 | 11165270000000 | 11166830000000 | 11167110000000 | 11166720000000 | 11166060000000 | 11165480000000 | 11165620000000 | 11166500000000 | 11165190000000 | 11165000000000 | 11165770000000 | 11167320000000 | 11165840000000 | 11167860000000 | 11166600000000 | 11166810000000 | 11165950000000 | 11167490000000 | 11167050000000 | 11195170000000 | 11193900000000 | 11193490000000 | 11194360000000 | 11195120000000 | 11192160000000 | 11193240000000 | 11196160000000 | 11193100000000 | 11193830000000 | 11193910000000 | 11193130000000 | 11194250000000 | 11194360000000 | 11193500000000 | 11193340000000 | 11193660000000 | 11194550000000 | 11194000000000 | 11194280000000 | 11194530000000 | 11194140000000 | 11194970000000 | 11194370000000 | 11193300000000 | 11193670000000 | 11193850000000 | 11193440000000 | 11193220000000 | 11193580000000 | 11192370000000 | 11192630000000 |
|        MAX_CPU_CLOCK        |  FIXC2  |  7874142000000 |  7871176000000 |  7872327000000 |  7871750000000 |  7870907000000 |  7871884000000 |  7871773000000 |  7872117000000 |  7870914000000 |  7871243000000 |  7870028000000 |  7871523000000 |  7871394000000 |  7871691000000 |  7870843000000 |  7870280000000 |  7872449000000 |  7871445000000 |  7871685000000 |  7872832000000 |  7871703000000 |  7871820000000 |  7872178000000 |  7871357000000 |  7872565000000 |  7871424000000 |  7871619000000 |  7871535000000 |  7872037000000 |  7871156000000 |  7870193000000 |  7871924000000 |  7872344000000 |  7871624000000 |  7871548000000 |  7871291000000 |  7871924000000 |  7872282000000 |  7871624000000 |  7872222000000 |  7870710000000 |  7871343000000 |  7870670000000 |  7871616000000 |  7871394000000 |  7871536000000 |  7872192000000 |  7871110000000 |  7871709000000 |  7872004000000 |  7871650000000 |  7871832000000 |  7871554000000 |  7871306000000 |  7871750000000 |  7871433000000 |  7871698000000 |  7870546000000 |  7871098000000 |  7870656000000 |  7871211000000 |  7871625000000 |  7870911000000 |  7871084000000 |  7871008000000 |  7871281000000 |  7871783000000 |  7870343000000 |  7870923000000 |  7872445000000 |  7871432000000 |  7871693000000 |  7871137000000 |  7871601000000 |  7872204000000 |  7871733000000 |  7870842000000 |  7870947000000 |  7871962000000 |  7872039000000 |  7871865000000 |  7871329000000 |  7871097000000 |  7871109000000 |  7871814000000 |  7870877000000 |  7870763000000 |  7871216000000 |  7872359000000 |  7871294000000 |  7872642000000 |  7871705000000 |  7871981000000 |  7871430000000 |  7872459000000 |  7872144000000 |  7868368000000 |  7868627000000 |  7868155000000 |  7868793000000 |  7869255000000 |  7867391000000 |  7868153000000 |  7870012000000 |  7868007000000 |  7868420000000 |  7868517000000 |  7867866000000 |  7868688000000 |  7868745000000 |  7868337000000 |  7868169000000 |  7868315000000 |  7868900000000 |  7868595000000 |  7868574000000 |  7868819000000 |  7868678000000 |  7869184000000 |  7868650000000 |  7868030000000 |  7868542000000 |  7868533000000 |  7868060000000 |  7868051000000 |  7868326000000 |  7867316000000 |  7867494000000 |
|     RETIRED_INSTRUCTIONS    |   PMC0  |  7261036000000 |  7266490000000 |  7312479000000 |  7248166000000 |  7260550000000 |  7212493000000 |  7233975000000 |  7254806000000 |  8591793000000 |  8563662000000 |  8613426000000 |  8585433000000 |  8588367000000 |  8581856000000 |  8601227000000 |  8570319000000 |  7466391000000 |  7454127000000 |  7450301000000 |  7418724000000 |  7459850000000 |  7404863000000 |  7407345000000 |  7376915000000 |  7375475000000 |  7307453000000 |  7343758000000 |  7320709000000 |  7327780000000 |  7293599000000 |  7314383000000 |  7306505000000 |  8522907000000 |  8492027000000 |  8469352000000 |  8476802000000 |  8509849000000 |  8460626000000 |  8479913000000 |  8441669000000 |  7429903000000 |  7410041000000 |  7421294000000 |  7381336000000 |  7409138000000 |  7382661000000 |  7415584000000 |  7387856000000 |  7386517000000 |  7314714000000 |  7353762000000 |  7327307000000 |  7374513000000 |  7296135000000 |  7316360000000 |  7321413000000 |  8606537000000 |  8582827000000 |  8583413000000 |  8533914000000 |  8608034000000 |  8548282000000 |  8565380000000 |  8551600000000 |  7419028000000 |  7425998000000 |  7424779000000 |  7394169000000 |  7426553000000 |  7419378000000 |  7407993000000 |  7384391000000 |  7288219000000 |  7246363000000 |  7274205000000 |  7259209000000 |  7283799000000 |  7213329000000 |  7255497000000 |  7244739000000 |  8548476000000 |  8525791000000 |  8558005000000 |  8504328000000 |  8521326000000 |  8490534000000 |  8508697000000 |  8504073000000 |  7480484000000 |  7458908000000 |  7508931000000 |  7442071000000 |  7491463000000 |  7419623000000 |  7422285000000 |  7381841000000 |  6302416000000 |  6262928000000 |  6273818000000 |  6258680000000 |  6272497000000 |  6266920000000 |  6264511000000 |  6230206000000 |  7999413000000 |  7995223000000 |  7984706000000 |  7971715000000 |  7967623000000 |  7969345000000 |  7963639000000 |  7942949000000 |  6359682000000 |  6349839000000 |  6365769000000 |  6316201000000 |  6357692000000 |  6323890000000 |  6316301000000 |  6293263000000 |  7951805000000 |  7951336000000 |  7939029000000 |  7935512000000 |  7928857000000 |  7926255000000 |  7929086000000 |  7888686000000 |
|     CPU_CLOCKS_UNHALTED     |   PMC1  | 11110620000000 | 11110890000000 | 11115360000000 | 11114130000000 | 11112990000000 | 11113040000000 | 11113870000000 | 11114420000000 | 11108140000000 | 11112080000000 | 11109670000000 | 11111510000000 | 11112440000000 | 11112470000000 | 11109490000000 | 11110090000000 | 11113070000000 | 11112880000000 | 11114420000000 | 11114010000000 | 11113350000000 | 11113750000000 | 11114220000000 | 11111200000000 | 11113190000000 | 11114380000000 | 11113460000000 | 11113780000000 | 11112160000000 | 11113970000000 | 11110970000000 | 11113590000000 | 11113940000000 | 11111800000000 | 11113000000000 | 11111160000000 | 11111240000000 | 11113510000000 | 11113290000000 | 11112790000000 | 11112160000000 | 11112140000000 | 11110870000000 | 11112950000000 | 11112860000000 | 11111050000000 | 11114940000000 | 11111910000000 | 11113730000000 | 11114400000000 | 11115150000000 | 11114880000000 | 11114760000000 | 11113870000000 | 11114540000000 | 11112790000000 | 11112780000000 | 11109610000000 | 11111410000000 | 11109280000000 | 11110210000000 | 11110260000000 | 11109930000000 | 11109920000000 | 11111750000000 | 11114190000000 | 11115490000000 | 11112050000000 | 11115050000000 | 11115440000000 | 11113700000000 | 11113730000000 | 11111970000000 | 11113190000000 | 11115760000000 | 11113650000000 | 11113860000000 | 11112780000000 | 11113650000000 | 11113940000000 | 11112800000000 | 11112310000000 | 11111680000000 | 11112080000000 | 11112730000000 | 11110510000000 | 11111250000000 | 11111640000000 | 11114010000000 | 11112830000000 | 11115170000000 | 11112660000000 | 11114360000000 | 11113510000000 | 11113650000000 | 11113100000000 | 11151700000000 | 11151870000000 | 11152270000000 | 11153140000000 | 11152190000000 | 11151340000000 | 11152750000000 | 11153660000000 | 11150550000000 | 11150720000000 | 11151240000000 | 11151350000000 | 11151940000000 | 11152610000000 | 11151930000000 | 11151270000000 | 11150860000000 | 11152740000000 | 11152210000000 | 11151260000000 | 11152720000000 | 11151610000000 | 11153080000000 | 11152160000000 | 11151380000000 | 11150140000000 | 11148920000000 | 11150180000000 | 11150210000000 | 11152010000000 | 11150010000000 | 11150050000000 |
|       L2_PF_HIT_IN_L3       |   PMC2  |    46388980000 |    47209420000 |    50492660000 |    46680650000 |    47781760000 |    44772580000 |    46802060000 |    47991840000 |    64989830000 |    62325590000 |    67820030000 |    65717310000 |    66548790000 |    66242820000 |    69158030000 |    66494820000 |    50960320000 |    50495420000 |    50682920000 |    48771990000 |    51733930000 |    48462130000 |    49144030000 |    47476240000 |    52174170000 |    47712000000 |    50741990000 |    49437070000 |    50140330000 |    48086930000 |    50222670000 |    49482710000 |    64507780000 |    62831340000 |    61700140000 |    62507160000 |    65602140000 |    62093580000 |    64119740000 |    61688010000 |    50588470000 |    49140600000 |    50589160000 |    47926810000 |    50240270000 |    48590220000 |    51260090000 |    49606450000 |    51068570000 |    46332420000 |    49664310000 |    48012970000 |    51442180000 |    46551790000 |    48504300000 |    48762380000 |    66595870000 |    65081510000 |    66282870000 |    62794470000 |    68976350000 |    64593740000 |    66980670000 |    65970020000 |    49116940000 |    49475850000 |    50023140000 |    48488690000 |    50814030000 |    50274160000 |    50318500000 |    48741730000 |    48273360000 |    45589830000 |    47960390000 |    47171060000 |    49147020000 |    44804780000 |    48079740000 |    47278390000 |    64229130000 |    62518880000 |    66245150000 |    62423920000 |    64272110000 |    62467250000 |    64810930000 |    64398760000 |    52057590000 |    50611920000 |    54559030000 |    50316410000 |    53567680000 |    49065510000 |    49815010000 |    47526280000 |    36736110000 |    34273560000 |    35321830000 |    34453380000 |    35320500000 |    35139630000 |    35430900000 |    33187310000 |    59303110000 |    59025240000 |    59122480000 |    58509360000 |    58391100000 |    58667740000 |    59340770000 |    57017100000 |    36132750000 |    35356300000 |    36867390000 |    33743300000 |    36782960000 |    34438760000 |    34555880000 |    33103750000 |    59126720000 |    59516310000 |    59780500000 |    59109960000 |    59121120000 |    58898270000 |    60283710000 |    56344340000 |
|       L2_PF_MISS_IN_L3      |   PMC3  |   112274800000 |   111665100000 |   109852400000 |   111638300000 |   110992900000 |   112329700000 |   110999600000 |   110439900000 |   136308100000 |   137873300000 |   134261600000 |   135252500000 |   134677900000 |   134644000000 |   132414100000 |   134117500000 |   114127100000 |   114104700000 |   113932400000 |   114685700000 |   113157100000 |   114673000000 |   114015300000 |   114781800000 |   110196500000 |   112372500000 |   110664700000 |   111181600000 |   110704100000 |   111665300000 |   110201900000 |   110603100000 |   134429800000 |   135081500000 |   135686200000 |   134924500000 |   132983900000 |   134794600000 |   133485800000 |   134606400000 |   113418000000 |   114106400000 |   113115600000 |   114418600000 |   113129000000 |   113845000000 |   112231900000 |   112955100000 |   111568600000 |   113830100000 |   111942100000 |   112704400000 |   110884200000 |   113196900000 |   111909000000 |   111823100000 |   135139600000 |   135758900000 |   134695400000 |   136475500000 |   132848000000 |   135147700000 |   133394500000 |   133925300000 |   114475800000 |   114237200000 |   113753400000 |   114265800000 |   113096400000 |   113292200000 |   112936000000 |   113654900000 |   111248200000 |   112485600000 |   111178400000 |   111372100000 |   110284900000 |   112289500000 |   110459300000 |   110786000000 |   135572400000 |   136376500000 |   133904800000 |   135836600000 |   134723900000 |   135417300000 |   133735900000 |   133856700000 |   113429700000 |   114117600000 |   111891100000 |   113912200000 |   112240100000 |   114464600000 |   113794900000 |   114779800000 |    89316920000 |    90542050000 |    89860360000 |    90256220000 |    89795940000 |    89833860000 |    89438410000 |    90535770000 |   121734100000 |   121810600000 |   121417400000 |   121564500000 |   121624300000 |   121331600000 |   120542400000 |   122068200000 |    91621240000 |    91995010000 |    91123960000 |    92564030000 |    90965460000 |    92122540000 |    91785180000 |    92448990000 |   120554100000 |   120155400000 |   119570900000 |   120046700000 |   119905600000 |   119937400000 |   118655400000 |   121202300000 |
| L2_CACHE_MISS_AFTER_L1_MISS |   PMC4  |    23201860000 |    23235250000 |    23463790000 |    23173880000 |    23220340000 |    22966400000 |    23072760000 |    23207220000 |    27302500000 |    27077560000 |    27461990000 |    27257060000 |    27288740000 |    27239580000 |    27367340000 |    27214560000 |    24125380000 |    24023360000 |    24029100000 |    23850040000 |    24077350000 |    23831820000 |    23836880000 |    23695090000 |    23777870000 |    23388050000 |    23624370000 |    23518210000 |    23551390000 |    23376270000 |    23493640000 |    23448710000 |    27171970000 |    26998220000 |    26946290000 |    26944770000 |    27122980000 |    26864890000 |    26983380000 |    26755010000 |    23950860000 |    23833770000 |    23910750000 |    23700090000 |    23854270000 |    23704390000 |    23890600000 |    23756130000 |    23809210000 |    23371880000 |    23643290000 |    23491430000 |    23756090000 |    23354570000 |    23467550000 |    23513270000 |    27452830000 |    27346750000 |    27334420000 |    27069220000 |    27493500000 |    27144740000 |    27291520000 |    27182230000 |    23908130000 |    23901410000 |    23927430000 |    23744010000 |    23957800000 |    23902010000 |    23866890000 |    23695920000 |    23335460000 |    23060190000 |    23252420000 |    23153870000 |    23304030000 |    22922600000 |    23187340000 |    23103420000 |    27181560000 |    26987730000 |    27256860000 |    26918620000 |    27061970000 |    26854600000 |    27036460000 |    26925090000 |    24153980000 |    24026290000 |    24336090000 |    23985450000 |    24220880000 |    23824930000 |    23889410000 |    23643540000 |    18366260000 |    18165400000 |    18212830000 |    18145990000 |    18202680000 |    18191220000 |    18178490000 |    18010930000 |    22432720000 |    22377910000 |    22352460000 |    22277390000 |    22284510000 |    22264620000 |    22276540000 |    22168050000 |    18562450000 |    18488090000 |    18593660000 |    18329700000 |    18565060000 |    18387760000 |    18343210000 |    18250470000 |    22113860000 |    22112080000 |    22063610000 |    22065720000 |    22032680000 |    22002300000 |    22041120000 |    21831460000 |
+-----------------------------+---------+----------------+----------------+----------------+----------------+----------------+----------------+----------------+----------------+----------------+----------------+----------------+----------------+----------------+----------------+----------------+----------------+----------------+----------------+----------------+----------------+----------------+----------------+----------------+----------------+----------------+----------------+----------------+----------------+----------------+----------------+----------------+----------------+----------------+----------------+----------------+----------------+----------------+----------------+----------------+----------------+----------------+----------------+----------------+----------------+----------------+----------------+----------------+----------------+----------------+----------------+----------------+----------------+----------------+----------------+----------------+----------------+----------------+----------------+----------------+----------------+----------------+----------------+----------------+----------------+----------------+----------------+----------------+----------------+----------------+----------------+----------------+----------------+----------------+----------------+----------------+----------------+----------------+----------------+----------------+----------------+----------------+----------------+----------------+----------------+----------------+----------------+----------------+----------------+----------------+----------------+----------------+----------------+----------------+----------------+----------------+----------------+----------------+----------------+----------------+----------------+----------------+----------------+----------------+----------------+----------------+----------------+----------------+----------------+----------------+----------------+----------------+----------------+----------------+----------------+----------------+----------------+----------------+----------------+----------------+----------------+----------------+----------------+----------------+----------------+----------------+----------------+----------------+----------------+

+----------------------------------+---------+------------------+----------------+----------------+----------------+
|               Event              | Counter |        Sum       |       Min      |       Max      |       Avg      |
+----------------------------------+---------+------------------+----------------+----------------+----------------+
|       ACTUAL_CPU_CLOCK STAT      |  FIXC1  | 1430163670000000 | 11164020000000 | 11196160000000 | 11173153671875 |
|        MAX_CPU_CLOCK STAT        |  FIXC2  | 1007458438000000 |  7867316000000 |  7874142000000 |  7870769046875 |
|     RETIRED_INSTRUCTIONS STAT    |   PMC0  |  972330199000000 |  6230206000000 |  8613426000000 |   7.596330e+12 |
|     CPU_CLOCKS_UNHALTED STAT     |   PMC1  | 1423675300000000 | 11108140000000 | 11153660000000 | 11122463281250 |
|       L2_PF_HIT_IN_L3 STAT       |   PMC2  |    6720593710000 |    33103750000 |    69158030000 |   5.250464e+10 |
|       L2_PF_MISS_IN_L3 STAT      |   PMC3  |   14903460740000 |    89316920000 |   137873300000 |   1.164333e+11 |
| L2_CACHE_MISS_AFTER_L1_MISS STAT |   PMC4  |    3028726850000 |    18010930000 |    27493500000 |   2.366193e+10 |
+----------------------------------+---------+------------------+----------------+----------------+----------------+

+-------------------------+------------+------------+------------+------------+------------+------------+------------+------------+------------+------------+-------------+-------------+-------------+-------------+-------------+-------------+-------------+-------------+-------------+-------------+-------------+-------------+-------------+-------------+-------------+-------------+-------------+-------------+-------------+-------------+-------------+-------------+-------------+-------------+-------------+-------------+-------------+-------------+-------------+-------------+-------------+-------------+-------------+-------------+-------------+-------------+-------------+-------------+-------------+-------------+-------------+-------------+-------------+-------------+-------------+-------------+-------------+-------------+-------------+-------------+-------------+-------------+-------------+-------------+-------------+-------------+-------------+-------------+-------------+-------------+-------------+-------------+-------------+-------------+-------------+-------------+-------------+-------------+-------------+-------------+-------------+-------------+-------------+-------------+-------------+-------------+-------------+-------------+-------------+-------------+-------------+-------------+-------------+-------------+-------------+-------------+-------------+-------------+-------------+-------------+--------------+--------------+--------------+--------------+--------------+--------------+--------------+--------------+--------------+--------------+--------------+--------------+--------------+--------------+--------------+--------------+--------------+--------------+--------------+--------------+--------------+--------------+--------------+--------------+--------------+--------------+--------------+--------------+
|          Metric         | HWThread 0 | HWThread 1 | HWThread 2 | HWThread 3 | HWThread 4 | HWThread 5 | HWThread 6 | HWThread 7 | HWThread 8 | HWThread 9 | HWThread 10 | HWThread 11 | HWThread 12 | HWThread 13 | HWThread 14 | HWThread 15 | HWThread 16 | HWThread 17 | HWThread 18 | HWThread 19 | HWThread 20 | HWThread 21 | HWThread 22 | HWThread 23 | HWThread 24 | HWThread 25 | HWThread 26 | HWThread 27 | HWThread 28 | HWThread 29 | HWThread 30 | HWThread 31 | HWThread 32 | HWThread 33 | HWThread 34 | HWThread 35 | HWThread 36 | HWThread 37 | HWThread 38 | HWThread 39 | HWThread 40 | HWThread 41 | HWThread 42 | HWThread 43 | HWThread 44 | HWThread 45 | HWThread 46 | HWThread 47 | HWThread 48 | HWThread 49 | HWThread 50 | HWThread 51 | HWThread 52 | HWThread 53 | HWThread 54 | HWThread 55 | HWThread 56 | HWThread 57 | HWThread 58 | HWThread 59 | HWThread 60 | HWThread 61 | HWThread 62 | HWThread 63 | HWThread 64 | HWThread 65 | HWThread 66 | HWThread 67 | HWThread 68 | HWThread 69 | HWThread 70 | HWThread 71 | HWThread 72 | HWThread 73 | HWThread 74 | HWThread 75 | HWThread 76 | HWThread 77 | HWThread 78 | HWThread 79 | HWThread 80 | HWThread 81 | HWThread 82 | HWThread 83 | HWThread 84 | HWThread 85 | HWThread 86 | HWThread 87 | HWThread 88 | HWThread 89 | HWThread 90 | HWThread 91 | HWThread 92 | HWThread 93 | HWThread 94 | HWThread 95 | HWThread 96 | HWThread 97 | HWThread 98 | HWThread 99 | HWThread 100 | HWThread 101 | HWThread 102 | HWThread 103 | HWThread 104 | HWThread 105 | HWThread 106 | HWThread 107 | HWThread 108 | HWThread 109 | HWThread 110 | HWThread 111 | HWThread 112 | HWThread 113 | HWThread 114 | HWThread 115 | HWThread 116 | HWThread 117 | HWThread 118 | HWThread 119 | HWThread 120 | HWThread 121 | HWThread 122 | HWThread 123 | HWThread 124 | HWThread 125 | HWThread 126 | HWThread 127 |
+-------------------------+------------+------------+------------+------------+------------+------------+------------+------------+------------+------------+-------------+-------------+-------------+-------------+-------------+-------------+-------------+-------------+-------------+-------------+-------------+-------------+-------------+-------------+-------------+-------------+-------------+-------------+-------------+-------------+-------------+-------------+-------------+-------------+-------------+-------------+-------------+-------------+-------------+-------------+-------------+-------------+-------------+-------------+-------------+-------------+-------------+-------------+-------------+-------------+-------------+-------------+-------------+-------------+-------------+-------------+-------------+-------------+-------------+-------------+-------------+-------------+-------------+-------------+-------------+-------------+-------------+-------------+-------------+-------------+-------------+-------------+-------------+-------------+-------------+-------------+-------------+-------------+-------------+-------------+-------------+-------------+-------------+-------------+-------------+-------------+-------------+-------------+-------------+-------------+-------------+-------------+-------------+-------------+-------------+-------------+-------------+-------------+-------------+-------------+--------------+--------------+--------------+--------------+--------------+--------------+--------------+--------------+--------------+--------------+--------------+--------------+--------------+--------------+--------------+--------------+--------------+--------------+--------------+--------------+--------------+--------------+--------------+--------------+--------------+--------------+--------------+--------------+
|   Runtime (RDTSC) [s]   |  3074.8290 |  3035.6340 |  3072.8830 |  3066.2780 |  3053.5230 |  3031.2970 |  3070.5330 |  3070.1900 |  3071.1280 |  3069.4940 |   3040.7570 |   3073.2270 |   3048.3060 |   3030.7040 |   3050.7930 |   3030.7040 |   3058.8030 |   3060.0850 |   3055.5170 |   3068.1960 |   3060.0860 |   3061.9870 |   3072.5290 |   3068.1960 |   3058.2050 |   3038.0220 |   3045.4930 |   3058.2040 |   3052.8270 |   3034.8370 |   3068.7900 |   3033.1120 |   3032.0890 |   3064.6730 |   3048.7330 |   3038.8020 |   3032.0890 |   3052.1530 |   3053.1750 |   3052.1530 |   3045.0640 |   3030.0020 |   3057.8550 |   3033.9310 |   3049.0820 |   3057.1560 |   3054.2250 |   3049.0820 |   3054.9320 |   3055.8660 |   3054.9310 |   3071.8240 |   3056.8060 |   3065.0230 |   3041.1980 |   3064.3250 |   3057.5080 |   3038.4540 |   3070.1890 |   3061.0350 |   3061.0370 |   3059.7360 |   3062.6870 |   3032.7600 |   3046.2830 |   3069.8420 |   3047.1540 |   3063.0340 |   3062.3380 |   3061.6440 |   3063.0340 |   3063.9770 |   3072.1740 |   3030.3550 |   3073.9170 |   3063.6240 |   3029.4710 |   3067.5030 |   3029.7360 |   3071.4700 |   3050.1240 |   3074.2650 |   3050.1240 |   3067.8500 |   3035.2830 |   3053.8730 |   3054.5790 |   3069.1410 |   3067.0750 |   3056.2150 |   3060.6840 |   3073.5720 |   3056.2150 |   3058.8030 |   3065.8340 |   3058.8020 |   3031.6430 |   3044.0450 |   3043.1700 |   3036.4270 |    3044.0450 |    3037.5830 |    3042.2910 |    3043.6080 |    3051.1430 |    3047.5800 |    3045.8380 |    3046.7090 |    3047.5800 |    3050.7930 |    3049.6750 |    3051.1440 |    3035.6330 |    3042.7310 |    3036.8640 |    3041.5490 |    3066.6280 |    3043.6070 |    3036.8640 |    3041.5490 |    3039.6100 |    3065.3730 |    3039.1510 |    3039.1530 |    3039.1510 |    3033.4680 |    3034.3740 |    3039.8960 |
|   Runtime unhalted [s]  |  4296.3339 |  4294.3069 |  4295.1646 |  4294.8069 |  4294.4416 |  4294.8608 |  4294.8031 |  4295.0108 |  4294.3416 |  4294.5839 |   4293.8569 |   4294.7262 |   4294.6377 |   4294.8185 |   4294.3262 |   4294.0185 |   4295.1762 |   4294.6492 |   4294.8569 |   4295.4069 |   4294.7492 |   4294.8416 |   4295.0569 |   4294.5954 |   4295.2300 |   4294.6454 |   4294.7954 |   4294.6569 |   4294.9839 |   4294.4454 |   4294.0146 |   4294.9916 |   4295.1723 |   4294.7839 |   4294.6685 |   4294.5608 |   4294.8800 |   4295.0954 |   4294.8454 |   4295.1646 |   4294.2339 |   4294.6031 |   4294.2877 |   4294.7762 |   4294.7069 |   4294.7146 |   4295.0569 |   4294.4839 |   4294.7608 |   4294.9916 |   4294.7569 |   4294.9069 |   4294.6839 |   4294.5454 |   4294.8185 |   4294.6108 |   4294.7646 |   4294.1646 |   4294.5146 |   4294.1723 |   4294.4877 |   4294.7108 |   4294.3685 |   4294.4569 |   4294.3800 |   4294.6185 |   4294.7916 |   4294.1262 |   4294.3916 |   4295.2146 |   4294.6608 |   4294.8492 |   4294.4492 |   4294.7185 |   4295.1416 |   4294.7992 |   4294.3762 |   4294.3377 |   4294.9377 |   4295.0454 |   4294.8954 |   4294.6416 |   4294.4185 |   4294.4723 |   4294.8108 |   4294.3069 |   4294.2339 |   4294.5300 |   4295.1262 |   4294.5569 |   4295.3339 |   4294.8492 |   4294.9300 |   4294.5992 |   4295.1916 |   4295.0223 |   4305.8377 |   4305.3493 |   4305.1916 |   4305.5262 |    4305.8185 |    4304.6800 |    4305.0954 |    4306.2185 |    4305.0416 |    4305.3223 |    4305.3531 |    4305.0531 |    4305.4839 |    4305.5262 |    4305.1954 |    4305.1339 |    4305.2569 |    4305.5993 |    4305.3877 |    4305.4954 |    4305.5916 |    4305.4416 |    4305.7608 |    4305.5300 |    4305.1185 |    4305.2608 |    4305.3300 |    4305.1723 |    4305.0877 |    4305.2262 |    4304.7608 |    4304.8608 |
|       Clock [MHz]       |  3688.4241 |  3688.0732 |  3688.2705 |  3688.2336 |  3688.3148 |  3688.2171 |  3688.2196 |  3688.2367 |  3688.2257 |  3688.2796 |   3688.2246 |   3688.2706 |   3688.2551 |   3688.2712 |   3688.2457 |   3688.2453 |   3688.2232 |   3688.2411 |   3688.3070 |   3688.2419 |   3688.2061 |   3688.2306 |   3688.2478 |   3688.2361 |   3688.2151 |   3688.2477 |   3688.2851 |   3688.2056 |   3688.2511 |   3688.2015 |   3688.2828 |   3688.3106 |   3688.2691 |   3688.2729 |   3688.2094 |   3688.2373 |   3688.2149 |   3688.2321 |   3688.3257 |   3688.3197 |   3688.2288 |   3688.2493 |   3688.2938 |   3688.2700 |   3688.3146 |   3688.2546 |   3688.2412 |   3688.2561 |   3688.2132 |   3688.2732 |   3688.2375 |   3688.2811 |   3688.2198 |   3688.2171 |   3688.2435 |   3688.2137 |   3688.2217 |   3688.2462 |   3688.2881 |   3688.2012 |   3688.2120 |   3688.2096 |   3688.2502 |   3688.2451 |   3688.2147 |   3688.2915 |   3688.2050 |   3688.3083 |   3688.2644 |   3688.2581 |   3688.2571 |   3688.2967 |   3688.2137 |   3688.2275 |   3688.3083 |   3688.2350 |   3688.2891 |   3688.2069 |   3688.2466 |   3688.3030 |   3688.2557 |   3688.2889 |   3688.2060 |   3688.2466 |   3688.2069 |   3688.2133 |   3688.2039 |   3688.2460 |   3688.2224 |   3688.2326 |   3688.2682 |   3688.2910 |   3688.2311 |   3688.2052 |   3688.2317 |   3688.2340 |   3699.2958 |   3698.7544 |   3698.8408 |   3698.8284 |    3698.8624 |    3698.7605 |    3698.7592 |    3698.8501 |    3698.7815 |    3698.8286 |    3698.8095 |    3698.8577 |    3698.8414 |    3698.8510 |    3698.7586 |    3698.7847 |    3698.8218 |    3698.8409 |    3698.8025 |    3698.9049 |    3698.8724 |    3698.8098 |    3698.8462 |    3698.8989 |    3698.8368 |    3698.7184 |    3698.7821 |    3698.8690 |    3698.8005 |    3698.7902 |    3698.8652 |    3698.8674 |
|           CPI           |     1.5302 |     1.5291 |     1.5201 |     1.5334 |     1.5306 |     1.5408 |     1.5363 |     1.5320 |     1.2929 |     1.2976 |      1.2898 |      1.2942 |      1.2939 |      1.2949 |      1.2916 |      1.2963 |      1.4884 |      1.4908 |      1.4918 |      1.4981 |      1.4898 |      1.5009 |      1.5004 |      1.5062 |      1.5068 |      1.5210 |      1.5133 |      1.5181 |      1.5164 |      1.5238 |      1.5191 |      1.5211 |      1.3040 |      1.3085 |      1.3121 |      1.3108 |      1.3057 |      1.3136 |      1.3105 |      1.3164 |      1.4956 |      1.4996 |      1.4972 |      1.5055 |      1.4999 |      1.5050 |      1.4989 |      1.5041 |      1.5046 |      1.5195 |      1.5115 |      1.5169 |      1.5072 |      1.5233 |      1.5191 |      1.5178 |      1.2912 |      1.2944 |      1.2945 |      1.3018 |      1.2907 |      1.2997 |      1.2971 |      1.2992 |      1.4977 |      1.4967 |      1.4971 |      1.5028 |      1.4967 |      1.4982 |      1.5002 |      1.5050 |      1.5246 |      1.5336 |      1.5281 |      1.5310 |      1.5258 |      1.5406 |      1.5318 |      1.5341 |      1.3000 |      1.3034 |      1.2984 |      1.3066 |      1.3041 |      1.3086 |      1.3059 |      1.3066 |      1.4857 |      1.4899 |      1.4803 |      1.4932 |      1.4836 |      1.4979 |      1.4973 |      1.5055 |      1.7694 |      1.7806 |      1.7776 |      1.7820 |       1.7780 |       1.7794 |       1.7803 |       1.7903 |       1.3939 |       1.3947 |       1.3966 |       1.3989 |       1.3997 |       1.3994 |       1.4004 |       1.4039 |       1.7534 |       1.7564 |       1.7519 |       1.7655 |       1.7542 |       1.7634 |       1.7658 |       1.7721 |       1.4024 |       1.4023 |       1.4043 |       1.4051 |       1.4063 |       1.4070 |       1.4062 |       1.4134 |
| L3 bandwidth [MBytes/s] |  3785.3815 |  3839.4040 |  3828.2507 |  3788.1566 |  3814.5054 |  3801.8035 |  3770.0174 |  3786.3759 |  4763.8612 |  4738.7917 |   4831.2942 |   4752.8281 |   4797.7426 |   4817.3921 |   4802.7271 |   4811.0671 |   3958.9405 |   3944.9567 |   3951.2930 |   3907.0824 |   3952.1688 |   3907.8823 |   3895.0836 |   3878.8266 |   3895.5880 |   3865.0949 |   3888.3648 |   3853.4906 |   3865.7063 |   3861.8957 |   3835.6373 |   3872.6593 |   4772.6209 |   4696.8495 |   4709.2639 |   4725.5766 |   4764.1666 |   4691.8344 |   4707.7848 |   4677.0797 |   3950.4159 |   3951.5384 |   3926.7371 |   3924.5823 |   3929.8079 |   3896.7377 |   3926.5233 |   3910.7940 |   3906.0013 |   3843.8209 |   3880.9324 |   3837.9032 |   3895.9875 |   3823.3347 |   3869.6508 |   3844.9969 |   4797.3877 |   4806.3845 |   4759.3201 |   4732.2909 |   4794.5655 |   4745.7413 |   4757.4787 |   4791.9925 |   3939.2452 |   3911.3822 |   3942.3850 |   3896.7586 |   3926.2703 |   3918.8017 |   3909.7734 |   3887.0798 |   3809.3055 |   3825.5187 |   3797.4472 |   3795.7040 |   3860.4432 |   3755.8497 |   3838.7795 |   3774.9807 |   4762.7302 |   4702.4310 |   4771.6210 |   4697.5781 |   4766.5113 |   4709.8572 |   4726.4551 |   4695.6315 |   3957.2039 |   3952.7232 |   3989.4083 |   3919.1208 |   3979.3778 |   3920.0702 |   3914.0920 |   3890.6656 |   3048.7873 |   3006.1266 |   3015.6979 |   3011.0251 |    3013.2352 |    3016.3921 |    3009.2648 |    2980.3367 |    4267.9335 |    4267.5434 |    4263.2306 |    4250.6455 |    4248.3525 |    4243.1241 |    4242.4919 |    4221.4377 |    3084.7774 |    3067.5474 |    3089.1870 |    3043.4394 |    3053.5372 |    3047.9427 |    3049.1300 |    3025.8942 |    4248.8541 |    4212.9172 |    4241.5006 |    4237.4413 |    4234.0119 |    4237.2723 |    4239.0077 |    4197.5773 |
| L3 data volume [GBytes] | 11639.4010 | 11655.0253 | 11763.7664 | 11615.5411 | 11647.6800 | 11524.3955 | 11575.9629 | 11624.8934 | 14630.4275 | 14545.6928 |  14690.7917 |  14606.5197 |  14624.9875 |  14600.0896 |  14652.1261 |  14580.9203 |  12109.6192 |  12071.9027 |  12073.2429 |  11987.6947 |  12093.9763 |  11965.8848 |  11967.7574 |  11901.0003 |  11913.5066 |  11742.2432 |  11841.9878 |  11784.7603 |  11801.3325 |  11720.2240 |  11770.7654 |  11746.2093 |  14471.0112 |  14394.3078 |  14357.2883 |  14360.0915 |  14445.3773 |  14320.1965 |  14373.6909 |  14275.1629 |  12029.2691 |  11973.1693 |  12007.3926 |  11906.9120 |  11982.3066 |  11912.9350 |  11992.4858 |  11924.3315 |  11932.5683 |  11746.2016 |  11855.9808 |  11789.3632 |  11909.2781 |  11718.6086 |  11768.3744 |  11782.3200 |  14668.0512 |  14603.9782 |  14612.0122 |  14485.7082 |  14676.3424 |  14520.7155 |  14570.6682 |  14532.9632 |  12000.0557 |  12007.3254 |  12013.0541 |  11935.9040 |  12023.5667 |  11997.9757 |  11975.7690 |  11909.9232 |  11702.8493 |  11592.6797 |  11673.0374 |  11628.6099 |  11695.1008 |  11521.0803 |  11630.4883 |  11594.7398 |  14526.9178 |  14456.5190 |  14554.0358 |  14411.4650 |  14467.7107 |  14383.3056 |  14437.3306 |  14411.5552 |  12137.0413 |  12080.3718 |  12210.3181 |  12045.6998 |  12161.8342 |  11990.7226 |  11999.9565 |  11900.7757 |   9242.8346 |   9150.7846 |   9177.2813 |   9142.7578 |    9172.4237 |    9162.5414 |    9155.0592 |    9070.9766 |   13022.0755 |   13005.6800 |   12985.1098 |   12950.4800 |   12947.1942 |   12944.8934 |   12938.2214 |   12880.2144 |    9364.2522 |    9333.7216 |    9381.4406 |    9256.7699 |    9364.0627 |    9276.7398 |    9259.7933 |    9203.4054 |   12914.8595 |   12914.1626 |   12890.5606 |   12878.2323 |   12867.8016 |   12853.6301 |   12862.7347 |   12760.1984 |
+-------------------------+------------+------------+------------+------------+------------+------------+------------+------------+------------+------------+-------------+-------------+-------------+-------------+-------------+-------------+-------------+-------------+-------------+-------------+-------------+-------------+-------------+-------------+-------------+-------------+-------------+-------------+-------------+-------------+-------------+-------------+-------------+-------------+-------------+-------------+-------------+-------------+-------------+-------------+-------------+-------------+-------------+-------------+-------------+-------------+-------------+-------------+-------------+-------------+-------------+-------------+-------------+-------------+-------------+-------------+-------------+-------------+-------------+-------------+-------------+-------------+-------------+-------------+-------------+-------------+-------------+-------------+-------------+-------------+-------------+-------------+-------------+-------------+-------------+-------------+-------------+-------------+-------------+-------------+-------------+-------------+-------------+-------------+-------------+-------------+-------------+-------------+-------------+-------------+-------------+-------------+-------------+-------------+-------------+-------------+-------------+-------------+-------------+-------------+--------------+--------------+--------------+--------------+--------------+--------------+--------------+--------------+--------------+--------------+--------------+--------------+--------------+--------------+--------------+--------------+--------------+--------------+--------------+--------------+--------------+--------------+--------------+--------------+--------------+--------------+--------------+--------------+

+------------------------------+--------------+-----------+------------+------------+
|            Metric            |      Sum     |    Min    |     Max    |     Avg    |
+------------------------------+--------------+-----------+------------+------------+
|   Runtime (RDTSC) [s] STAT   |  390700.6140 | 3029.4710 |  3074.8290 |  3052.3485 |
|   Runtime unhalted [s] STAT  |  550063.3463 | 4293.8569 |  4306.2185 |  4297.3699 |
|       Clock [MHz] STAT       |  472434.6044 | 3688.0732 |  3699.2958 |  3690.8953 |
|           CPI STAT           |     189.0514 |    1.2898 |     1.7903 |     1.4770 |
| L3 bandwidth [MBytes/s] STAT |  516875.2363 | 2980.3367 |  4831.2942 |  4038.0878 |
| L3 data volume [GBytes] STAT | 1.577778e+06 | 9070.9766 | 14690.7917 | 12326.3906 |
+------------------------------+--------------+-----------+------------+------------+

