INFO: You are running LIKWID in a cpuset with 144 CPUs. Taking given IDs as logical ID in cpuset
--------------------------------------------------------------------------------
CPU name:	AMD EPYC 9A14 96-Core Processor                
CPU type:	AMD K19 (Zen4) architecture
CPU clock:	2.60 GHz
--------------------------------------------------------------------------------
Sys.CPU_THREADS       192
SLURM_CPUS_PER_TASK   144
OMP_NUM_THREADS       144
OMP_PROC_BIND         close
OMP_PLACES            cores
BLAS_NUM_THREADS      1
Threads.nthreads()    1

Successfully read data from: /public/home/halili/jld2file/6-31g/hcn-1.0-6-31g.jld2
  name: hcn
  ratio: 1.0
  basis: 6-31g
  nα: 7, nβ: 7, ne: 14, norb: 20, nq: 40

  ngs: 13755
  ncs: 72681

Warming up JIT and Hardware...
Warm-up completed.
  Step 001:  residual: 7.7049e-01,  e: -92.82763179936534
  Step 002:  residual: 3.7087e-01,  e: -93.01183870091388
  Step 003:  residual: 1.4548e-01,  e: -93.04687547021005
  Step 004:  residual: 5.7932e-02,  e: -93.05170251010378
  Step 005:  residual: 2.8328e-02,  e: -93.05243615719488
  Step 006:  residual: 1.3340e-02,  e: -93.05261925959161
  Step 007:  residual: 5.6500e-03,  e: -93.05265620776132
  Step 008:  residual: 2.2421e-03,  e: -93.05266215767695
  Step 009:  residual: 8.8227e-04,  e: -93.05266309075216
  Step 010:  residual: 3.8870e-04,  e: -93.05266324625488
  Step 011:  residual: 1.8353e-04,  e: -93.05266327684529
  Step 012:  residual: 8.8481e-05,  e: -93.05266328403769
  Step 013:  residual: 3.8778e-05,  e: -93.05266328559681
  Step 014:  residual: 1.6948e-05,  e: -93.05266328585492
  Step 015:  residual: 6.9143e-06,  e: -93.05266328590402

Convergence reached!
2878.170585 seconds (7.21 M allocations: 347.495 GiB, 0.02% gc time, 0.07% compilation time)
--------------------------------------------------------------------------------
Region hvec_direct_agg, Group 1: L3
+-------------------+-------------+-------------+-------------+-------------+-------------+-------------+-------------+-------------+-------------+-------------+-------------+-------------+-------------+-------------+-------------+-------------+-------------+-------------+-------------+-------------+-------------+-------------+-------------+-------------+-------------+-------------+-------------+-------------+-------------+-------------+-------------+-------------+-------------+-------------+-------------+-------------+-------------+-------------+-------------+-------------+-------------+-------------+-------------+-------------+-------------+-------------+-------------+-------------+-------------+-------------+-------------+-------------+-------------+-------------+-------------+-------------+-------------+-------------+-------------+-------------+-------------+-------------+-------------+-------------+-------------+-------------+-------------+-------------+-------------+-------------+-------------+-------------+-------------+-------------+-------------+-------------+-------------+-------------+-------------+-------------+-------------+-------------+-------------+-------------+-------------+-------------+-------------+-------------+-------------+-------------+-------------+-------------+-------------+-------------+-------------+-------------+-------------+-------------+-------------+-------------+--------------+--------------+--------------+--------------+--------------+--------------+--------------+--------------+--------------+--------------+--------------+--------------+--------------+--------------+--------------+--------------+--------------+--------------+--------------+--------------+--------------+--------------+--------------+--------------+--------------+--------------+--------------+--------------+--------------+--------------+--------------+--------------+--------------+--------------+--------------+--------------+--------------+--------------+--------------+--------------+--------------+--------------+--------------+--------------+
|    Region Info    |  HWThread 0 |  HWThread 1 |  HWThread 2 |  HWThread 3 |  HWThread 4 |  HWThread 5 |  HWThread 6 |  HWThread 7 |  HWThread 8 |  HWThread 9 | HWThread 10 | HWThread 11 | HWThread 12 | HWThread 13 | HWThread 14 | HWThread 15 | HWThread 16 | HWThread 17 | HWThread 18 | HWThread 19 | HWThread 20 | HWThread 21 | HWThread 22 | HWThread 23 | HWThread 24 | HWThread 25 | HWThread 26 | HWThread 27 | HWThread 28 | HWThread 29 | HWThread 30 | HWThread 31 | HWThread 32 | HWThread 33 | HWThread 34 | HWThread 35 | HWThread 36 | HWThread 37 | HWThread 38 | HWThread 39 | HWThread 40 | HWThread 41 | HWThread 42 | HWThread 43 | HWThread 44 | HWThread 45 | HWThread 46 | HWThread 47 | HWThread 48 | HWThread 49 | HWThread 50 | HWThread 51 | HWThread 52 | HWThread 53 | HWThread 54 | HWThread 55 | HWThread 56 | HWThread 57 | HWThread 58 | HWThread 59 | HWThread 60 | HWThread 61 | HWThread 62 | HWThread 63 | HWThread 64 | HWThread 65 | HWThread 66 | HWThread 67 | HWThread 68 | HWThread 69 | HWThread 70 | HWThread 71 | HWThread 72 | HWThread 73 | HWThread 74 | HWThread 75 | HWThread 76 | HWThread 77 | HWThread 78 | HWThread 79 | HWThread 80 | HWThread 81 | HWThread 82 | HWThread 83 | HWThread 84 | HWThread 85 | HWThread 86 | HWThread 87 | HWThread 88 | HWThread 89 | HWThread 90 | HWThread 91 | HWThread 92 | HWThread 93 | HWThread 94 | HWThread 95 | HWThread 96 | HWThread 97 | HWThread 98 | HWThread 99 | HWThread 100 | HWThread 101 | HWThread 102 | HWThread 103 | HWThread 104 | HWThread 105 | HWThread 106 | HWThread 107 | HWThread 108 | HWThread 109 | HWThread 110 | HWThread 111 | HWThread 112 | HWThread 113 | HWThread 114 | HWThread 115 | HWThread 116 | HWThread 117 | HWThread 118 | HWThread 119 | HWThread 120 | HWThread 121 | HWThread 122 | HWThread 123 | HWThread 124 | HWThread 125 | HWThread 126 | HWThread 127 | HWThread 128 | HWThread 129 | HWThread 130 | HWThread 131 | HWThread 132 | HWThread 133 | HWThread 134 | HWThread 135 | HWThread 136 | HWThread 137 | HWThread 138 | HWThread 139 | HWThread 140 | HWThread 141 | HWThread 142 | HWThread 143 |
+-------------------+-------------+-------------+-------------+-------------+-------------+-------------+-------------+-------------+-------------+-------------+-------------+-------------+-------------+-------------+-------------+-------------+-------------+-------------+-------------+-------------+-------------+-------------+-------------+-------------+-------------+-------------+-------------+-------------+-------------+-------------+-------------+-------------+-------------+-------------+-------------+-------------+-------------+-------------+-------------+-------------+-------------+-------------+-------------+-------------+-------------+-------------+-------------+-------------+-------------+-------------+-------------+-------------+-------------+-------------+-------------+-------------+-------------+-------------+-------------+-------------+-------------+-------------+-------------+-------------+-------------+-------------+-------------+-------------+-------------+-------------+-------------+-------------+-------------+-------------+-------------+-------------+-------------+-------------+-------------+-------------+-------------+-------------+-------------+-------------+-------------+-------------+-------------+-------------+-------------+-------------+-------------+-------------+-------------+-------------+-------------+-------------+-------------+-------------+-------------+-------------+--------------+--------------+--------------+--------------+--------------+--------------+--------------+--------------+--------------+--------------+--------------+--------------+--------------+--------------+--------------+--------------+--------------+--------------+--------------+--------------+--------------+--------------+--------------+--------------+--------------+--------------+--------------+--------------+--------------+--------------+--------------+--------------+--------------+--------------+--------------+--------------+--------------+--------------+--------------+--------------+--------------+--------------+--------------+--------------+
| RDTSC Runtime [s] | 2810.560000 | 2803.344000 | 2782.826000 | 2767.297000 | 2795.272000 | 2791.731000 | 2796.260000 | 2767.297000 | 2779.418000 | 2776.426000 | 2772.281000 | 2769.542000 | 2806.673000 | 2779.418000 | 2802.344000 | 2775.255000 | 2770.220000 | 2770.568000 | 2795.591000 | 2770.219000 | 2784.089000 | 2768.187000 | 2771.330000 | 2768.188000 | 2766.940000 | 2774.623000 | 2791.046000 | 2768.770000 | 2768.770000 | 2768.770000 | 2783.771000 | 2778.458000 | 2780.595000 | 2793.873000 | 2779.956000 | 2796.974000 | 2789.827000 | 2788.218000 | 2778.780000 | 2780.594000 | 2775.892000 | 2775.893000 | 2772.597000 | 2777.822000 | 2771.010000 | 2808.061000 | 2784.408000 | 2772.597000 | 2785.635000 | 2773.998000 | 2777.509000 | 2778.141000 | 2771.968000 | 2773.138000 | 2784.729000 | 2774.934000 | 2809.434000 | 2789.293000 | 2782.245000 | 2786.837000 | 2789.293000 | 2807.349000 | 2782.246000 | 2783.458000 | 2802.670000 | 2788.940000 | 2797.333000 | 2801.259000 | 2806.316000 | 2794.952000 | 2801.259000 | 2801.577000 | 2776.742000 | 2776.742000 | 2779.099000 | 2786.529000 | 2802.025000 | 2776.743000 | 2791.406000 | 2794.590000 | 2790.153000 | 2771.649000 | 2773.458000 | 2785.992000 | 2774.312000 | 2773.458000 | 2780.275000 | 2785.992000 | 2804.934000 | 2800.900000 | 2781.143000 | 2781.143000 | 2783.139000 | 2775.573000 | 2787.508000 | 2808.419000 | 2787.151000 | 2795.904000 | 2798.335000 | 2809.788000 |  2797.653000 |  2809.433000 |  2798.009000 |  2805.979000 |  2798.009000 |  2799.202000 |  2798.882000 |  2798.657000 |  2798.882000 |  2788.582000 |  2799.434000 |  2804.599000 |  2805.294000 |  2803.700000 |  2766.692000 |  2793.088000 |  2807.706000 |  2796.617000 |  2793.089000 |  2792.858000 |  2800.117000 |  2785.053000 |  2769.864000 |  2809.103000 |  2787.864000 |  2799.886000 |  2800.117000 |  2785.053000 |  2767.833000 |  2792.404000 |  2792.049000 |  2791.729000 |  2806.990000 |  2794.233000 |  2792.404000 |  2808.740000 |  2803.700000 |  2802.987000 |  2804.054000 |  2805.647000 |  2790.153000 |  2790.471000 |  2781.675000 |  2781.459000 |
|     call count    |          15 |          15 |          15 |          15 |          15 |          15 |          15 |          15 |          15 |          15 |          15 |          15 |          15 |          15 |          15 |          15 |          15 |          15 |          15 |          15 |          15 |          15 |          15 |          15 |          15 |          15 |          15 |          15 |          15 |          15 |          15 |          15 |          15 |          15 |          15 |          15 |          15 |          15 |          15 |          15 |          15 |          15 |          15 |          15 |          15 |          15 |          15 |          15 |          15 |          15 |          15 |          15 |          15 |          15 |          15 |          15 |          15 |          15 |          15 |          15 |          15 |          15 |          15 |          15 |          15 |          15 |          15 |          15 |          15 |          15 |          15 |          15 |          15 |          15 |          15 |          15 |          15 |          15 |          15 |          15 |          15 |          15 |          15 |          15 |          15 |          15 |          15 |          15 |          15 |          15 |          15 |          15 |          15 |          15 |          15 |          15 |          15 |          15 |          15 |          15 |           15 |           15 |           15 |           15 |           15 |           15 |           15 |           15 |           15 |           15 |           15 |           15 |           15 |           15 |           15 |           15 |           15 |           15 |           15 |           15 |           15 |           15 |           15 |           15 |           15 |           15 |           15 |           15 |           15 |           15 |           15 |           15 |           15 |           15 |           15 |           15 |           15 |           15 |           15 |           15 |           15 |           15 |           15 |           15 |
+-------------------+-------------+-------------+-------------+-------------+-------------+-------------+-------------+-------------+-------------+-------------+-------------+-------------+-------------+-------------+-------------+-------------+-------------+-------------+-------------+-------------+-------------+-------------+-------------+-------------+-------------+-------------+-------------+-------------+-------------+-------------+-------------+-------------+-------------+-------------+-------------+-------------+-------------+-------------+-------------+-------------+-------------+-------------+-------------+-------------+-------------+-------------+-------------+-------------+-------------+-------------+-------------+-------------+-------------+-------------+-------------+-------------+-------------+-------------+-------------+-------------+-------------+-------------+-------------+-------------+-------------+-------------+-------------+-------------+-------------+-------------+-------------+-------------+-------------+-------------+-------------+-------------+-------------+-------------+-------------+-------------+-------------+-------------+-------------+-------------+-------------+-------------+-------------+-------------+-------------+-------------+-------------+-------------+-------------+-------------+-------------+-------------+-------------+-------------+-------------+-------------+--------------+--------------+--------------+--------------+--------------+--------------+--------------+--------------+--------------+--------------+--------------+--------------+--------------+--------------+--------------+--------------+--------------+--------------+--------------+--------------+--------------+--------------+--------------+--------------+--------------+--------------+--------------+--------------+--------------+--------------+--------------+--------------+--------------+--------------+--------------+--------------+--------------+--------------+--------------+--------------+--------------+--------------+--------------+--------------+

+-----------------------------+---------+----------------+----------------+----------------+----------------+----------------+----------------+----------------+----------------+----------------+----------------+----------------+----------------+----------------+----------------+----------------+----------------+----------------+----------------+----------------+----------------+----------------+----------------+----------------+----------------+----------------+----------------+----------------+----------------+----------------+----------------+----------------+----------------+----------------+----------------+----------------+----------------+----------------+----------------+----------------+----------------+----------------+----------------+----------------+----------------+----------------+----------------+----------------+----------------+----------------+----------------+----------------+----------------+----------------+----------------+----------------+----------------+----------------+----------------+----------------+----------------+----------------+----------------+----------------+----------------+----------------+----------------+----------------+----------------+----------------+----------------+----------------+----------------+----------------+----------------+----------------+----------------+----------------+----------------+----------------+----------------+----------------+----------------+----------------+----------------+----------------+----------------+----------------+----------------+----------------+----------------+----------------+----------------+----------------+----------------+----------------+----------------+----------------+----------------+----------------+----------------+----------------+----------------+----------------+----------------+----------------+----------------+----------------+----------------+----------------+----------------+----------------+----------------+----------------+----------------+----------------+----------------+----------------+----------------+----------------+----------------+----------------+----------------+----------------+----------------+----------------+----------------+----------------+----------------+----------------+----------------+----------------+----------------+----------------+----------------+----------------+----------------+----------------+----------------+----------------+----------------+----------------+----------------+----------------+----------------+
|            Event            | Counter |   HWThread 0   |   HWThread 1   |   HWThread 2   |   HWThread 3   |   HWThread 4   |   HWThread 5   |   HWThread 6   |   HWThread 7   |   HWThread 8   |   HWThread 9   |   HWThread 10  |   HWThread 11  |   HWThread 12  |   HWThread 13  |   HWThread 14  |   HWThread 15  |   HWThread 16  |   HWThread 17  |   HWThread 18  |   HWThread 19  |   HWThread 20  |   HWThread 21  |   HWThread 22  |   HWThread 23  |   HWThread 24  |   HWThread 25  |   HWThread 26  |   HWThread 27  |   HWThread 28  |   HWThread 29  |   HWThread 30  |   HWThread 31  |   HWThread 32  |   HWThread 33  |   HWThread 34  |   HWThread 35  |   HWThread 36  |   HWThread 37  |   HWThread 38  |   HWThread 39  |   HWThread 40  |   HWThread 41  |   HWThread 42  |   HWThread 43  |   HWThread 44  |   HWThread 45  |   HWThread 46  |   HWThread 47  |   HWThread 48  |   HWThread 49  |   HWThread 50  |   HWThread 51  |   HWThread 52  |   HWThread 53  |   HWThread 54  |   HWThread 55  |   HWThread 56  |   HWThread 57  |   HWThread 58  |   HWThread 59  |   HWThread 60  |   HWThread 61  |   HWThread 62  |   HWThread 63  |   HWThread 64  |   HWThread 65  |   HWThread 66  |   HWThread 67  |   HWThread 68  |   HWThread 69  |   HWThread 70  |   HWThread 71  |   HWThread 72  |   HWThread 73  |   HWThread 74  |   HWThread 75  |   HWThread 76  |   HWThread 77  |   HWThread 78  |   HWThread 79  |   HWThread 80  |   HWThread 81  |   HWThread 82  |   HWThread 83  |   HWThread 84  |   HWThread 85  |   HWThread 86  |   HWThread 87  |   HWThread 88  |   HWThread 89  |   HWThread 90  |   HWThread 91  |   HWThread 92  |   HWThread 93  |   HWThread 94  |   HWThread 95  |   HWThread 96  |   HWThread 97  |   HWThread 98  |   HWThread 99  |  HWThread 100  |  HWThread 101  |  HWThread 102  |  HWThread 103  |  HWThread 104  |  HWThread 105  |  HWThread 106  |  HWThread 107  |  HWThread 108  |  HWThread 109  |  HWThread 110  |  HWThread 111  |  HWThread 112  |  HWThread 113  |  HWThread 114  |  HWThread 115  |  HWThread 116  |  HWThread 117  |  HWThread 118  |  HWThread 119  |  HWThread 120  |  HWThread 121  |  HWThread 122  |  HWThread 123  |  HWThread 124  |  HWThread 125  |  HWThread 126  |  HWThread 127  |  HWThread 128  |  HWThread 129  |  HWThread 130  |  HWThread 131  |  HWThread 132  |  HWThread 133  |  HWThread 134  |  HWThread 135  |  HWThread 136  |  HWThread 137  |  HWThread 138  |  HWThread 139  |  HWThread 140  |  HWThread 141  |  HWThread 142  |  HWThread 143  |
+-----------------------------+---------+----------------+----------------+----------------+----------------+----------------+----------------+----------------+----------------+----------------+----------------+----------------+----------------+----------------+----------------+----------------+----------------+----------------+----------------+----------------+----------------+----------------+----------------+----------------+----------------+----------------+----------------+----------------+----------------+----------------+----------------+----------------+----------------+----------------+----------------+----------------+----------------+----------------+----------------+----------------+----------------+----------------+----------------+----------------+----------------+----------------+----------------+----------------+----------------+----------------+----------------+----------------+----------------+----------------+----------------+----------------+----------------+----------------+----------------+----------------+----------------+----------------+----------------+----------------+----------------+----------------+----------------+----------------+----------------+----------------+----------------+----------------+----------------+----------------+----------------+----------------+----------------+----------------+----------------+----------------+----------------+----------------+----------------+----------------+----------------+----------------+----------------+----------------+----------------+----------------+----------------+----------------+----------------+----------------+----------------+----------------+----------------+----------------+----------------+----------------+----------------+----------------+----------------+----------------+----------------+----------------+----------------+----------------+----------------+----------------+----------------+----------------+----------------+----------------+----------------+----------------+----------------+----------------+----------------+----------------+----------------+----------------+----------------+----------------+----------------+----------------+----------------+----------------+----------------+----------------+----------------+----------------+----------------+----------------+----------------+----------------+----------------+----------------+----------------+----------------+----------------+----------------+----------------+----------------+----------------+
|       ACTUAL_CPU_CLOCK      |  FIXC1  | 10204080000000 | 10197860000000 | 10200170000000 | 10198550000000 | 10199630000000 | 10198600000000 | 10198790000000 | 10199960000000 | 10196760000000 | 10199110000000 | 10197970000000 | 10198230000000 | 10198240000000 | 10198340000000 | 10198350000000 | 10197430000000 | 10200680000000 | 10198530000000 | 10198800000000 | 10199870000000 | 10200400000000 | 10198820000000 | 10199290000000 | 10199620000000 | 10199340000000 | 10199030000000 | 10198610000000 | 10198420000000 | 10199570000000 | 10198180000000 | 10198980000000 | 10199660000000 | 10198210000000 | 10197850000000 | 10198680000000 | 10198180000000 | 10196350000000 | 10198860000000 | 10198680000000 | 10198110000000 | 10199380000000 | 10199010000000 | 10199200000000 | 10199610000000 | 10200030000000 | 10199310000000 | 10200610000000 | 10200480000000 | 10200450000000 | 10199020000000 | 10199400000000 | 10199640000000 | 10199640000000 | 10198500000000 | 10198520000000 | 10199710000000 | 10199790000000 | 10197690000000 | 10197750000000 | 10196790000000 | 10198400000000 | 10198620000000 | 10198540000000 | 10198000000000 | 10198330000000 | 10199270000000 | 10197880000000 | 10199920000000 | 10198920000000 | 10199680000000 | 10199720000000 | 10198640000000 | 10199810000000 | 10199450000000 | 10200100000000 | 10200480000000 | 10199520000000 | 10202110000000 | 10201780000000 | 10199420000000 | 10197660000000 | 10198300000000 | 10197120000000 | 10198360000000 | 10197360000000 | 10197950000000 | 10197990000000 | 10198940000000 | 10200890000000 | 10198870000000 | 10200630000000 | 10200790000000 | 10200100000000 | 10200310000000 | 10201530000000 | 10199340000000 | 10226430000000 | 10226170000000 | 10223920000000 | 10225030000000 | 10224550000000 | 10225150000000 | 10224530000000 | 10222570000000 | 10223040000000 | 10224520000000 | 10222380000000 | 10223410000000 | 10222770000000 | 10224710000000 | 10221330000000 | 10223860000000 | 10225660000000 | 10225860000000 | 10224560000000 | 10224690000000 | 10225320000000 | 10224540000000 | 10224850000000 | 10225520000000 | 10226110000000 | 10225820000000 | 10224940000000 | 10227140000000 | 10224340000000 | 10226710000000 | 10224950000000 | 10225010000000 | 10223070000000 | 10223670000000 | 10223120000000 | 10222470000000 | 10223110000000 | 10222640000000 | 10223800000000 | 10222550000000 | 10226800000000 | 10225150000000 | 10225920000000 | 10225970000000 | 10226950000000 | 10226670000000 | 10227790000000 | 10226320000000 |
|        MAX_CPU_CLOCK        |  FIXC2  |  7191150000000 |  7187414000000 |  7188751000000 |  7187418000000 |  7188252000000 |  7187592000000 |  7187804000000 |  7188421000000 |  7186190000000 |  7187777000000 |  7187174000000 |  7187342000000 |  7187273000000 |  7187398000000 |  7187375000000 |  7186607000000 |  7189049000000 |  7187398000000 |  7187624000000 |  7188292000000 |  7188898000000 |  7187735000000 |  7187939000000 |  7188293000000 |  7188013000000 |  7187786000000 |  7187595000000 |  7187466000000 |  7188259000000 |  7187224000000 |  7187880000000 |  7188246000000 |  7187170000000 |  7187019000000 |  7187645000000 |  7187125000000 |  7185961000000 |  7187706000000 |  7187626000000 |  7187057000000 |  7188014000000 |  7187827000000 |  7187896000000 |  7188259000000 |  7188544000000 |  7188035000000 |  7188968000000 |  7188815000000 |  7188856000000 |  7187800000000 |  7188134000000 |  7188208000000 |  7188294000000 |  7187506000000 |  7187538000000 |  7188317000000 |  7188648000000 |  7186792000000 |  7186958000000 |  7186301000000 |  7187460000000 |  7187579000000 |  7187576000000 |  7187148000000 |  7187422000000 |  7188064000000 |  7187037000000 |  7188489000000 |  7187643000000 |  7188411000000 |  7188370000000 |  7187527000000 |  7188401000000 |  7188124000000 |  7188488000000 |  7188824000000 |  7188112000000 |  7189930000000 |  7189893000000 |  7188211000000 |  7186795000000 |  7187349000000 |  7186526000000 |  7187453000000 |  7186740000000 |  7187113000000 |  7187169000000 |  7187719000000 |  7189192000000 |  7187741000000 |  7188928000000 |  7188897000000 |  7188592000000 |  7188766000000 |  7189461000000 |  7188119000000 |  7187413000000 |  7187033000000 |  7185646000000 |  7186332000000 |  7186088000000 |  7186540000000 |  7186151000000 |  7184763000000 |  7185070000000 |  7186161000000 |  7184623000000 |  7185284000000 |  7184594000000 |  7186193000000 |  7183694000000 |  7185690000000 |  7186709000000 |  7186868000000 |  7185956000000 |  7186183000000 |  7186611000000 |  7186092000000 |  7186354000000 |  7186657000000 |  7186965000000 |  7186838000000 |  7186275000000 |  7187745000000 |  7185852000000 |  7187479000000 |  7186207000000 |  7186345000000 |  7185089000000 |  7185435000000 |  7185003000000 |  7184510000000 |  7185034000000 |  7184786000000 |  7185409000000 |  7184502000000 |  7187512000000 |  7186390000000 |  7186767000000 |  7187025000000 |  7187909000000 |  7187414000000 |  7188286000000 |  7187210000000 |
|     RETIRED_INSTRUCTIONS    |   PMC0  |  6663647000000 |  6710343000000 |  6720758000000 |  6663466000000 |  6740411000000 |  6680132000000 |  6676203000000 |  6682216000000 |  7785930000000 |  7773971000000 |  7787447000000 |  7759678000000 |  7791409000000 |  7698994000000 |  7739493000000 |  7697328000000 |  6868975000000 |  6850318000000 |  6866140000000 |  6833849000000 |  6877755000000 |  6835547000000 |  6825797000000 |  6850329000000 |  6744659000000 |  6748569000000 |  6771481000000 |  6710787000000 |  6734378000000 |  6704859000000 |  6746751000000 |  6706437000000 |  7746365000000 |  7768133000000 |  7796109000000 |  7723496000000 |  7761726000000 |  7722695000000 |  7766851000000 |  7713357000000 |  6825192000000 |  6828781000000 |  6824696000000 |  6789945000000 |  6838788000000 |  6783214000000 |  6833661000000 |  6798345000000 |  6793309000000 |  6796023000000 |  6790319000000 |  6754845000000 |  6794161000000 |  6755574000000 |  6772839000000 |  6722257000000 |  7774059000000 |  7763659000000 |  7817349000000 |  7719940000000 |  7788168000000 |  7738064000000 |  7754352000000 |  7731289000000 |  6916510000000 |  6861530000000 |  6887352000000 |  6861744000000 |  6885208000000 |  6824600000000 |  6853269000000 |  6814990000000 |  6724226000000 |  6708158000000 |  6712824000000 |  6690738000000 |  6699730000000 |  6682051000000 |  6684500000000 |  6665034000000 |  7749033000000 |  7737794000000 |  7772963000000 |  7733497000000 |  7753503000000 |  7719322000000 |  7721030000000 |  7664436000000 |  6832171000000 |  6820694000000 |  6855611000000 |  6810475000000 |  6831711000000 |  6774591000000 |  6820369000000 |  6782935000000 |  5495313000000 |  5503585000000 |  5479380000000 |  5460807000000 |  5508686000000 |  5449665000000 |  5476938000000 |  5462909000000 |  7163601000000 |  7139965000000 |  7161157000000 |  7131601000000 |  7160903000000 |  7116683000000 |  7136688000000 |  7098830000000 |  5629319000000 |  5584291000000 |  5628844000000 |  5571389000000 |  5612569000000 |  5614608000000 |  5592237000000 |  5590569000000 |  5509108000000 |  5465938000000 |  5498370000000 |  5499335000000 |  5517731000000 |  5473944000000 |  5501206000000 |  5480951000000 |  7085765000000 |  7104032000000 |  7109637000000 |  7050418000000 |  7105998000000 |  7093177000000 |  7105250000000 |  7084846000000 |  5509857000000 |  5493027000000 |  5514989000000 |  5522153000000 |  5485643000000 |  5484060000000 |  5498103000000 |  5478983000000 |
|     CPU_CLOCKS_UNHALTED     |   PMC1  | 10101410000000 | 10144610000000 | 10148740000000 | 10145440000000 | 10147870000000 | 10147880000000 | 10145990000000 | 10148360000000 | 10143710000000 | 10146980000000 | 10145990000000 | 10145950000000 | 10147430000000 | 10145910000000 | 10144950000000 | 10143850000000 | 10148570000000 | 10145660000000 | 10148150000000 | 10148910000000 | 10149360000000 | 10146160000000 | 10147450000000 | 10147610000000 | 10148570000000 | 10148270000000 | 10148390000000 | 10148640000000 | 10148420000000 | 10145480000000 | 10148910000000 | 10150780000000 | 10145890000000 | 10143440000000 | 10146300000000 | 10144470000000 | 10143120000000 | 10146720000000 | 10147280000000 | 10146230000000 | 10147570000000 | 10147860000000 | 10147320000000 | 10145690000000 | 10148770000000 | 10147020000000 | 10148580000000 | 10149230000000 | 10150010000000 | 10147160000000 | 10149170000000 | 10148290000000 | 10147480000000 | 10147260000000 | 10147550000000 | 10148850000000 | 10146730000000 | 10144560000000 | 10147300000000 | 10144160000000 | 10147240000000 | 10148720000000 | 10148280000000 | 10146820000000 | 10145060000000 | 10146350000000 | 10146890000000 | 10148250000000 | 10146700000000 | 10147860000000 | 10148350000000 | 10146720000000 | 10148140000000 | 10146410000000 | 10148590000000 | 10150560000000 | 10146980000000 | 10150960000000 | 10152390000000 | 10147970000000 | 10145800000000 | 10146530000000 | 10146850000000 | 10145990000000 | 10146850000000 | 10146710000000 | 10147050000000 | 10147530000000 | 10149510000000 | 10147770000000 | 10149680000000 | 10149520000000 | 10149840000000 | 10151210000000 | 10151160000000 | 10148280000000 | 10178090000000 | 10177190000000 | 10174890000000 | 10175780000000 | 10177210000000 | 10177630000000 | 10175790000000 | 10174650000000 | 10173080000000 | 10174470000000 | 10173930000000 | 10174590000000 | 10173910000000 | 10174060000000 | 10172420000000 | 10173710000000 | 10176340000000 | 10176510000000 | 10175000000000 | 10175790000000 | 10176770000000 | 10176180000000 | 10176500000000 | 10177050000000 | 10177850000000 | 10176670000000 | 10176370000000 | 10179500000000 | 10176520000000 | 10177700000000 | 10176250000000 | 10176690000000 | 10172780000000 | 10172550000000 | 10173490000000 | 10172800000000 | 10172830000000 | 10173420000000 | 10175110000000 | 10172240000000 | 10176500000000 | 10176790000000 | 10178920000000 | 10179160000000 | 10179310000000 | 10178250000000 | 10179430000000 | 10177710000000 |
|       L2_PF_HIT_IN_L3       |   PMC2  |    40144030000 |    42452970000 |    43549240000 |    39909320000 |    45493770000 |    41622570000 |    42075850000 |    42265100000 |    56678330000 |    55966210000 |    58032120000 |    56182680000 |    59021050000 |    52662760000 |    56428190000 |    53422810000 |    45221840000 |    44367090000 |    45946980000 |    43771760000 |    47094610000 |    44498670000 |    44675450000 |    46230550000 |    43585880000 |    43840620000 |    46127960000 |    42225070000 |    43917140000 |    42427200000 |    45594530000 |    43003790000 |    54798860000 |    56665840000 |    59879100000 |    54550050000 |    58142650000 |    55011780000 |    59259960000 |    55462900000 |    44240800000 |    44497400000 |    45267470000 |    43322420000 |    46244820000 |    42897600000 |    46632700000 |    44275510000 |    44653290000 |    44821740000 |    45182450000 |    42816170000 |    45773500000 |    43666440000 |    45244530000 |    42196450000 |    55558130000 |    54986610000 |    59774400000 |    53072400000 |    58217380000 |    54764670000 |    57037820000 |    55060210000 |    47816960000 |    44512490000 |    46555400000 |    45091470000 |    46808640000 |    43363420000 |    45628980000 |    43181690000 |    43504320000 |    42710760000 |    43498740000 |    42181900000 |    43130180000 |    41872450000 |    42542500000 |    41529680000 |    54944800000 |    54044240000 |    57713640000 |    55045100000 |    57086370000 |    54674820000 |    55724660000 |    51573590000 |    43585510000 |    43145330000 |    46108700000 |    42985040000 |    44934440000 |    41081340000 |    44678410000 |    42648760000 |    30901770000 |    31231800000 |    30435310000 |    29160150000 |    32232140000 |    28648210000 |    30724820000 |    29846960000 |    53952070000 |    52534880000 |    54669120000 |    52317490000 |    54936710000 |    51762010000 |    53871900000 |    50974000000 |    33057700000 |    30411020000 |    33299420000 |    29880010000 |    32493770000 |    32700190000 |    31635930000 |    31386150000 |    31379050000 |    28958180000 |    31113190000 |    31347080000 |    32392610000 |    29898180000 |    31882520000 |    30670030000 |    51228450000 |    52774090000 |    54344920000 |    49517820000 |    54098660000 |    53169290000 |    54868720000 |    53305500000 |    30597760000 |    29925060000 |    31294630000 |    31582690000 |    29715990000 |    29703670000 |    30654440000 |    29745730000 |
|       L2_PF_MISS_IN_L3      |   PMC3  |   106480000000 |   105532200000 |   104846400000 |   106564000000 |   103615100000 |   105434600000 |   104882900000 |   104828800000 |   124469600000 |   124676800000 |   123214300000 |   124041500000 |   122341500000 |   125692600000 |   123252400000 |   124839900000 |   107600900000 |   107832600000 |   106830100000 |   107936300000 |   106083300000 |   107276000000 |   106821600000 |   106008300000 |   105518000000 |   105308200000 |   103877900000 |   105783000000 |   104894200000 |   105399600000 |   103564500000 |   104863800000 |   125158700000 |   123825500000 |   121680500000 |   124580600000 |   122395400000 |   124083100000 |   121354000000 |   123345600000 |   107267200000 |   107036700000 |   106350700000 |   107276700000 |   105717100000 |   107273600000 |   105122800000 |   106309600000 |   105900900000 |   105751400000 |   105318500000 |   106495000000 |   104837000000 |   105678300000 |   104686500000 |   106134500000 |   125223900000 |   125307400000 |   122423900000 |   125877000000 |   123052600000 |   124767100000 |   123147100000 |   124267200000 |   106541700000 |   108008200000 |   106883000000 |   107483600000 |   106547500000 |   108058700000 |   106689200000 |   107855900000 |   104965800000 |   105200900000 |   104617400000 |   105134900000 |   104588200000 |   105161700000 |   104620000000 |   105007500000 |   125019700000 |   125410100000 |   123035600000 |   124333600000 |   123082500000 |   124236100000 |   123342900000 |   125556800000 |   108062000000 |   108037700000 |   106317400000 |   107904100000 |   106780000000 |   108687700000 |   106553500000 |   107408300000 |    78124340000 |    78005520000 |    78074650000 |    78735220000 |    77257640000 |    78903130000 |    77700110000 |    78134170000 |   108987800000 |   109641200000 |   108271300000 |   109580800000 |   107918500000 |   109657100000 |   108109600000 |   109880800000 |    80070480000 |    81247010000 |    79825190000 |    81397480000 |    80135680000 |    79958810000 |    80298980000 |    80449590000 |    78043170000 |    79059760000 |    77958910000 |    77807820000 |    77342490000 |    78439180000 |    77307670000 |    77858030000 |   109181500000 |   108209000000 |   106925600000 |   109737200000 |   107021200000 |   107455500000 |   106155500000 |   106910300000 |    78819060000 |    78976760000 |    78338260000 |    78236680000 |    78979700000 |    78959000000 |    78368340000 |    78705640000 |
| L2_CACHE_MISS_AFTER_L1_MISS |   PMC4  |    21336760000 |    21518860000 |    21584370000 |    21283190000 |    21728510000 |    21380940000 |    21399070000 |    21393240000 |    25855200000 |    25731060000 |    25866700000 |    25677380000 |    25881580000 |    25356730000 |    25612720000 |    25364800000 |    22267730000 |    22137150000 |    22247020000 |    22081530000 |    22288310000 |    22083640000 |    22067700000 |    22165290000 |    21711060000 |    21706250000 |    21843270000 |    21536570000 |    21667940000 |    21509740000 |    21738090000 |    21515420000 |    25651620000 |    25744980000 |    25956950000 |    25503840000 |    25744440000 |    25500830000 |    25811880000 |    25466960000 |    22058430000 |    22044690000 |    22071790000 |    21895270000 |    22125920000 |    21824830000 |    22130940000 |    21920390000 |    21951890000 |    21900260000 |    21923280000 |    21713600000 |    21955710000 |    21723310000 |    21857190000 |    21546840000 |    25776920000 |    25664680000 |    26032570000 |    25474730000 |    25874370000 |    25565710000 |    25705040000 |    25561460000 |    22511930000 |    22185370000 |    22355650000 |    22215610000 |    22336890000 |    22023790000 |    22180440000 |    21966910000 |    21614670000 |    21473650000 |    21536960000 |    21404310000 |    21488690000 |    21358150000 |    21421880000 |    21311940000 |    25635620000 |    25528240000 |    25799360000 |    25540100000 |    25691360000 |    25465210000 |    25503990000 |    25151380000 |    22088520000 |    21973500000 |    22188630000 |    21929010000 |    22069520000 |    21746190000 |    22014060000 |    21812230000 |    15430050000 |    15473490000 |    15366140000 |    15274720000 |    15515480000 |    15231270000 |    15372600000 |    15300620000 |    19190840000 |    19056980000 |    19211090000 |    19026050000 |    19192510000 |    18961150000 |    19100520000 |    18867790000 |    15983060000 |    15737980000 |    15963270000 |    15682860000 |    15913960000 |    15896620000 |    15804460000 |    15776190000 |    15493630000 |    15274030000 |    15428490000 |    15443340000 |    15541250000 |    15315540000 |    15450170000 |    15353600000 |    18941100000 |    19013460000 |    19107110000 |    18770430000 |    19083990000 |    18983370000 |    19090160000 |    18923740000 |    15462460000 |    15376000000 |    15488100000 |    15525050000 |    15371610000 |    15340560000 |    15412250000 |    15322890000 |
+-----------------------------+---------+----------------+----------------+----------------+----------------+----------------+----------------+----------------+----------------+----------------+----------------+----------------+----------------+----------------+----------------+----------------+----------------+----------------+----------------+----------------+----------------+----------------+----------------+----------------+----------------+----------------+----------------+----------------+----------------+----------------+----------------+----------------+----------------+----------------+----------------+----------------+----------------+----------------+----------------+----------------+----------------+----------------+----------------+----------------+----------------+----------------+----------------+----------------+----------------+----------------+----------------+----------------+----------------+----------------+----------------+----------------+----------------+----------------+----------------+----------------+----------------+----------------+----------------+----------------+----------------+----------------+----------------+----------------+----------------+----------------+----------------+----------------+----------------+----------------+----------------+----------------+----------------+----------------+----------------+----------------+----------------+----------------+----------------+----------------+----------------+----------------+----------------+----------------+----------------+----------------+----------------+----------------+----------------+----------------+----------------+----------------+----------------+----------------+----------------+----------------+----------------+----------------+----------------+----------------+----------------+----------------+----------------+----------------+----------------+----------------+----------------+----------------+----------------+----------------+----------------+----------------+----------------+----------------+----------------+----------------+----------------+----------------+----------------+----------------+----------------+----------------+----------------+----------------+----------------+----------------+----------------+----------------+----------------+----------------+----------------+----------------+----------------+----------------+----------------+----------------+----------------+----------------+----------------+----------------+----------------+

+----------------------------------+---------+------------------+----------------+----------------+--------------+
|               Event              | Counter |        Sum       |       Min      |       Max      |      Avg     |
+----------------------------------+---------+------------------+----------------+----------------+--------------+
|       ACTUAL_CPU_CLOCK STAT      |  FIXC1  | 1469900440000000 | 10196350000000 | 10227790000000 |      nil     |
|        MAX_CPU_CLOCK STAT        |  FIXC2  | 1034972615000000 |  7183694000000 |  7191150000000 | 7.187310e+12 |
|     RETIRED_INSTRUCTIONS STAT    |   PMC0  |  972331275000000 |  5449665000000 |  7817349000000 | 6.752301e+12 |
|     CPU_CLOCKS_UNHALTED STAT     |   PMC1  | 1462548310000000 | 10101410000000 | 10179500000000 |      nil     |
|       L2_PF_HIT_IN_L3 STAT       |   PMC2  |    6443548310000 |    28648210000 |    59879100000 | 4.474686e+10 |
|       L2_PF_MISS_IN_L3 STAT      |   PMC3  |   15014250570000 |    77257640000 |   125877000000 | 1.042656e+11 |
| L2_CACHE_MISS_AFTER_L1_MISS STAT |   PMC4  |    3019584930000 |    15231270000 |    26032570000 | 2.096934e+10 |
+----------------------------------+---------+------------------+----------------+----------------+--------------+

+-------------------------+------------+------------+------------+------------+------------+------------+------------+------------+------------+------------+-------------+-------------+-------------+-------------+-------------+-------------+-------------+-------------+-------------+-------------+-------------+-------------+-------------+-------------+-------------+-------------+-------------+-------------+-------------+-------------+-------------+-------------+-------------+-------------+-------------+-------------+-------------+-------------+-------------+-------------+-------------+-------------+-------------+-------------+-------------+-------------+-------------+-------------+-------------+-------------+-------------+-------------+-------------+-------------+-------------+-------------+-------------+-------------+-------------+-------------+-------------+-------------+-------------+-------------+-------------+-------------+-------------+-------------+-------------+-------------+-------------+-------------+-------------+-------------+-------------+-------------+-------------+-------------+-------------+-------------+-------------+-------------+-------------+-------------+-------------+-------------+-------------+-------------+-------------+-------------+-------------+-------------+-------------+-------------+-------------+-------------+-------------+-------------+-------------+-------------+--------------+--------------+--------------+--------------+--------------+--------------+--------------+--------------+--------------+--------------+--------------+--------------+--------------+--------------+--------------+--------------+--------------+--------------+--------------+--------------+--------------+--------------+--------------+--------------+--------------+--------------+--------------+--------------+--------------+--------------+--------------+--------------+--------------+--------------+--------------+--------------+--------------+--------------+--------------+--------------+--------------+--------------+--------------+--------------+
|          Metric         | HWThread 0 | HWThread 1 | HWThread 2 | HWThread 3 | HWThread 4 | HWThread 5 | HWThread 6 | HWThread 7 | HWThread 8 | HWThread 9 | HWThread 10 | HWThread 11 | HWThread 12 | HWThread 13 | HWThread 14 | HWThread 15 | HWThread 16 | HWThread 17 | HWThread 18 | HWThread 19 | HWThread 20 | HWThread 21 | HWThread 22 | HWThread 23 | HWThread 24 | HWThread 25 | HWThread 26 | HWThread 27 | HWThread 28 | HWThread 29 | HWThread 30 | HWThread 31 | HWThread 32 | HWThread 33 | HWThread 34 | HWThread 35 | HWThread 36 | HWThread 37 | HWThread 38 | HWThread 39 | HWThread 40 | HWThread 41 | HWThread 42 | HWThread 43 | HWThread 44 | HWThread 45 | HWThread 46 | HWThread 47 | HWThread 48 | HWThread 49 | HWThread 50 | HWThread 51 | HWThread 52 | HWThread 53 | HWThread 54 | HWThread 55 | HWThread 56 | HWThread 57 | HWThread 58 | HWThread 59 | HWThread 60 | HWThread 61 | HWThread 62 | HWThread 63 | HWThread 64 | HWThread 65 | HWThread 66 | HWThread 67 | HWThread 68 | HWThread 69 | HWThread 70 | HWThread 71 | HWThread 72 | HWThread 73 | HWThread 74 | HWThread 75 | HWThread 76 | HWThread 77 | HWThread 78 | HWThread 79 | HWThread 80 | HWThread 81 | HWThread 82 | HWThread 83 | HWThread 84 | HWThread 85 | HWThread 86 | HWThread 87 | HWThread 88 | HWThread 89 | HWThread 90 | HWThread 91 | HWThread 92 | HWThread 93 | HWThread 94 | HWThread 95 | HWThread 96 | HWThread 97 | HWThread 98 | HWThread 99 | HWThread 100 | HWThread 101 | HWThread 102 | HWThread 103 | HWThread 104 | HWThread 105 | HWThread 106 | HWThread 107 | HWThread 108 | HWThread 109 | HWThread 110 | HWThread 111 | HWThread 112 | HWThread 113 | HWThread 114 | HWThread 115 | HWThread 116 | HWThread 117 | HWThread 118 | HWThread 119 | HWThread 120 | HWThread 121 | HWThread 122 | HWThread 123 | HWThread 124 | HWThread 125 | HWThread 126 | HWThread 127 | HWThread 128 | HWThread 129 | HWThread 130 | HWThread 131 | HWThread 132 | HWThread 133 | HWThread 134 | HWThread 135 | HWThread 136 | HWThread 137 | HWThread 138 | HWThread 139 | HWThread 140 | HWThread 141 | HWThread 142 | HWThread 143 |
+-------------------------+------------+------------+------------+------------+------------+------------+------------+------------+------------+------------+-------------+-------------+-------------+-------------+-------------+-------------+-------------+-------------+-------------+-------------+-------------+-------------+-------------+-------------+-------------+-------------+-------------+-------------+-------------+-------------+-------------+-------------+-------------+-------------+-------------+-------------+-------------+-------------+-------------+-------------+-------------+-------------+-------------+-------------+-------------+-------------+-------------+-------------+-------------+-------------+-------------+-------------+-------------+-------------+-------------+-------------+-------------+-------------+-------------+-------------+-------------+-------------+-------------+-------------+-------------+-------------+-------------+-------------+-------------+-------------+-------------+-------------+-------------+-------------+-------------+-------------+-------------+-------------+-------------+-------------+-------------+-------------+-------------+-------------+-------------+-------------+-------------+-------------+-------------+-------------+-------------+-------------+-------------+-------------+-------------+-------------+-------------+-------------+-------------+-------------+--------------+--------------+--------------+--------------+--------------+--------------+--------------+--------------+--------------+--------------+--------------+--------------+--------------+--------------+--------------+--------------+--------------+--------------+--------------+--------------+--------------+--------------+--------------+--------------+--------------+--------------+--------------+--------------+--------------+--------------+--------------+--------------+--------------+--------------+--------------+--------------+--------------+--------------+--------------+--------------+--------------+--------------+--------------+--------------+
|   Runtime (RDTSC) [s]   |  2810.5600 |  2803.3440 |  2782.8260 |  2767.2970 |  2795.2720 |  2791.7310 |  2796.2600 |  2767.2970 |  2779.4180 |  2776.4260 |   2772.2810 |   2769.5420 |   2806.6730 |   2779.4180 |   2802.3440 |   2775.2550 |   2770.2200 |   2770.5680 |   2795.5910 |   2770.2190 |   2784.0890 |   2768.1870 |   2771.3300 |   2768.1880 |   2766.9400 |   2774.6230 |   2791.0460 |   2768.7700 |   2768.7700 |   2768.7700 |   2783.7710 |   2778.4580 |   2780.5950 |   2793.8730 |   2779.9560 |   2796.9740 |   2789.8270 |   2788.2180 |   2778.7800 |   2780.5940 |   2775.8920 |   2775.8930 |   2772.5970 |   2777.8220 |   2771.0100 |   2808.0610 |   2784.4080 |   2772.5970 |   2785.6350 |   2773.9980 |   2777.5090 |   2778.1410 |   2771.9680 |   2773.1380 |   2784.7290 |   2774.9340 |   2809.4340 |   2789.2930 |   2782.2450 |   2786.8370 |   2789.2930 |   2807.3490 |   2782.2460 |   2783.4580 |   2802.6700 |   2788.9400 |   2797.3330 |   2801.2590 |   2806.3160 |   2794.9520 |   2801.2590 |   2801.5770 |   2776.7420 |   2776.7420 |   2779.0990 |   2786.5290 |   2802.0250 |   2776.7430 |   2791.4060 |   2794.5900 |   2790.1530 |   2771.6490 |   2773.4580 |   2785.9920 |   2774.3120 |   2773.4580 |   2780.2750 |   2785.9920 |   2804.9340 |   2800.9000 |   2781.1430 |   2781.1430 |   2783.1390 |   2775.5730 |   2787.5080 |   2808.4190 |   2787.1510 |   2795.9040 |   2798.3350 |   2809.7880 |    2797.6530 |    2809.4330 |    2798.0090 |    2805.9790 |    2798.0090 |    2799.2020 |    2798.8820 |    2798.6570 |    2798.8820 |    2788.5820 |    2799.4340 |    2804.5990 |    2805.2940 |    2803.7000 |    2766.6920 |    2793.0880 |    2807.7060 |    2796.6170 |    2793.0890 |    2792.8580 |    2800.1170 |    2785.0530 |    2769.8640 |    2809.1030 |    2787.8640 |    2799.8860 |    2800.1170 |    2785.0530 |    2767.8330 |    2792.4040 |    2792.0490 |    2791.7290 |    2806.9900 |    2794.2330 |    2792.4040 |    2808.7400 |    2803.7000 |    2802.9870 |    2804.0540 |    2805.6470 |    2790.1530 |    2790.4710 |    2781.6750 |    2781.4590 |
|   Runtime unhalted [s]  |  3924.6562 |  3922.2639 |  3923.1524 |  3922.5293 |  3922.9447 |  3922.5485 |  3922.6216 |  3923.0716 |  3921.8408 |  3922.7447 |   3922.3062 |   3922.4062 |   3922.4100 |   3922.4485 |   3922.4523 |   3922.0985 |   3923.3485 |   3922.5216 |   3922.6254 |   3923.0370 |   3923.2408 |   3922.6331 |   3922.8139 |   3922.9408 |   3922.8331 |   3922.7139 |   3922.5523 |   3922.4793 |   3922.9216 |   3922.3870 |   3922.6947 |   3922.9562 |   3922.3985 |   3922.2600 |   3922.5793 |   3922.3870 |   3921.6831 |   3922.6485 |   3922.5793 |   3922.3600 |   3922.8485 |   3922.7062 |   3922.7793 |   3922.9370 |   3923.0985 |   3922.8216 |   3923.3216 |   3923.2716 |   3923.2600 |   3922.7100 |   3922.8562 |   3922.9485 |   3922.9485 |   3922.5100 |   3922.5177 |   3922.9754 |   3923.0062 |   3922.1985 |   3922.2216 |   3921.8523 |   3922.4716 |   3922.5562 |   3922.5254 |   3922.3177 |   3922.4447 |   3922.8062 |   3922.2716 |   3923.0562 |   3922.6716 |   3922.9639 |   3922.9793 |   3922.5639 |   3923.0139 |   3922.8754 |   3923.1254 |   3923.2716 |   3922.9024 |   3923.8985 |   3923.7716 |   3922.8639 |   3922.1870 |   3922.4331 |   3921.9793 |   3922.4562 |   3922.0716 |   3922.2985 |   3922.3139 |   3922.6793 |   3923.4293 |   3922.6523 |   3923.3293 |   3923.3908 |   3923.1254 |   3923.2062 |   3923.6754 |   3922.8331 |   3933.2524 |   3933.1524 |   3932.2870 |   3932.7139 |    3932.5293 |    3932.7601 |    3932.5216 |    3931.7678 |    3931.9485 |    3932.5178 |    3931.6947 |    3932.0908 |    3931.8447 |    3932.5908 |    3931.2908 |    3932.2639 |    3932.9562 |    3933.0331 |    3932.5331 |    3932.5831 |    3932.8255 |    3932.5255 |    3932.6447 |    3932.9024 |    3933.1293 |    3933.0178 |    3932.6793 |    3933.5255 |    3932.4485 |    3933.3601 |    3932.6831 |    3932.7062 |    3931.9601 |    3932.1908 |    3931.9793 |    3931.7293 |    3931.9755 |    3931.7947 |    3932.2408 |    3931.7601 |    3933.3947 |    3932.7601 |    3933.0562 |    3933.0755 |    3933.4524 |    3933.3447 |    3933.7755 |    3933.2101 |
|       Clock [MHz]       |  3689.3320 |  3688.9997 |  3689.1491 |  3689.2473 |  3689.2099 |  3689.1760 |  3689.1359 |  3689.2425 |  3689.2301 |  3689.2656 |   3689.1627 |   3689.1705 |   3689.2095 |   3689.1816 |   3689.1970 |   3689.2584 |   3689.1806 |   3689.2503 |   3689.2320 |   3689.2761 |   3689.1568 |   3689.1822 |   3689.2475 |   3689.1852 |   3689.2276 |   3689.2320 |   3689.1781 |   3689.1756 |   3689.1846 |   3689.2130 |   3689.1657 |   3689.2238 |   3689.2516 |   3689.1988 |   3689.1778 |   3689.2638 |   3689.1993 |   3689.2116 |   3689.1875 |   3689.2734 |   3689.2416 |   3689.2037 |   3689.2370 |   3689.1990 |   3689.2047 |   3689.2055 |   3689.1969 |   3689.2284 |   3689.1965 |   3689.2212 |   3689.1872 |   3689.2361 |   3689.1919 |   3689.1840 |   3689.1748 |   3689.2054 |   3689.0645 |   3689.2575 |   3689.1940 |   3689.1839 |   3689.1714 |   3689.1899 |   3689.1625 |   3689.1869 |   3689.1656 |   3689.1761 |   3689.2004 |   3689.1931 |   3689.2656 |   3689.1463 |   3689.1818 |   3689.2239 |   3689.1985 |   3689.2104 |   3689.2587 |   3689.2237 |   3689.2419 |   3689.2457 |   3689.1453 |   3689.1549 |   3689.2451 |   3689.1922 |   3689.1878 |   3689.1606 |   3689.1648 |   3689.1868 |   3689.1725 |   3689.2338 |   3689.1832 |   3689.1972 |   3689.2246 |   3689.2984 |   3689.2054 |   3689.1920 |   3689.2766 |   3689.1732 |   3699.3352 |   3699.4367 |   3699.3367 |   3699.3852 |    3699.3371 |    3699.3215 |    3699.2974 |    3699.3028 |    3699.3148 |    3699.2887 |    3699.3061 |    3699.3385 |    3699.4622 |    3699.3409 |    3699.4045 |    3699.2923 |    3699.4190 |    3699.4095 |    3699.4087 |    3699.3388 |    3699.3465 |    3699.3314 |    3699.3087 |    3699.3951 |    3699.4500 |    3699.4105 |    3699.3819 |    3699.4212 |    3699.3826 |    3699.4025 |    3699.4206 |    3699.3712 |    3699.3159 |    3699.3549 |    3699.3783 |    3699.3969 |    3699.3587 |    3699.3163 |    3699.4153 |    3699.4300 |    3699.4181 |    3699.3987 |    3699.4832 |    3699.3685 |    3699.2680 |    3699.4215 |    3699.3778 |    3699.3999 |
|           CPI           |     1.5159 |     1.5118 |     1.5101 |     1.5225 |     1.5055 |     1.5191 |     1.5197 |     1.5187 |     1.3028 |     1.3053 |      1.3029 |      1.3075 |      1.3024 |      1.3178 |      1.3108 |      1.3178 |      1.4775 |      1.4810 |      1.4780 |      1.4851 |      1.4757 |      1.4843 |      1.4866 |      1.4813 |      1.5047 |      1.5038 |      1.4987 |      1.5123 |      1.5070 |      1.5132 |      1.5043 |      1.5136 |      1.3098 |      1.3058 |      1.3015 |      1.3135 |      1.3068 |      1.3139 |      1.3065 |      1.3154 |      1.4868 |      1.4860 |      1.4869 |      1.4942 |      1.4840 |      1.4959 |      1.4851 |      1.4929 |      1.4941 |      1.4931 |      1.4947 |      1.5024 |      1.4936 |      1.5021 |      1.4983 |      1.5097 |      1.3052 |      1.3067 |      1.2980 |      1.3140 |      1.3029 |      1.3115 |      1.3087 |      1.3124 |      1.4668 |      1.4787 |      1.4733 |      1.4790 |      1.4737 |      1.4870 |      1.4808 |      1.4889 |      1.5092 |      1.5125 |      1.5118 |      1.5171 |      1.5145 |      1.5191 |      1.5188 |      1.5226 |      1.3093 |      1.3113 |      1.3054 |      1.3120 |      1.3087 |      1.3145 |      1.3142 |      1.3240 |      1.4855 |      1.4878 |      1.4805 |      1.4903 |      1.4857 |      1.4984 |      1.4884 |      1.4961 |      1.8521 |      1.8492 |      1.8569 |      1.8634 |       1.8475 |       1.8676 |       1.8579 |       1.8625 |       1.4201 |       1.4250 |       1.4207 |       1.4267 |       1.4208 |       1.4296 |       1.4254 |       1.4332 |       1.8077 |       1.8223 |       1.8077 |       1.8264 |       1.8132 |       1.8124 |       1.8198 |       1.8204 |       1.8475 |       1.8618 |       1.8508 |       1.8510 |       1.8443 |       1.8593 |       1.8498 |       1.8567 |       1.4357 |       1.4319 |       1.4309 |       1.4429 |       1.4316 |       1.4343 |       1.4321 |       1.4358 |       1.8470 |       1.8527 |       1.8457 |       1.8433 |       1.8556 |       1.8560 |       1.8514 |       1.8576 |
| L3 bandwidth [MBytes/s] |  3824.6793 |  3869.7562 |  3909.2349 |  3879.7486 |  3911.4592 |  3861.4175 |  3853.3257 |  3896.6461 |  4766.5376 |  4757.1736 |   4781.3478 |   4758.0791 |   4725.7462 |   4690.7568 |   4688.4936 |   4695.8426 |   4045.0903 |   4027.1734 |   4006.8602 |   4015.0377 |   4033.5773 |   4019.5738 |   4008.2358 |   4032.1918 |   3950.9914 |   3940.9767 |   3940.5815 |   3919.0171 |   3940.6213 |   3914.2069 |   3928.9926 |   3901.6291 |   4732.4359 |   4724.3108 |   4777.4350 |   4682.4201 |   4732.2215 |   4696.2345 |   4754.3360 |   4701.7398 |   4001.6872 |   4001.9707 |   4009.2943 |   3974.2075 |   4020.7801 |   3920.0523 |   3996.8037 |   3981.9534 |   3963.3294 |   3979.2017 |   3973.0387 |   3939.8955 |   3984.2586 |   3948.0023 |   3948.1207 |   3917.9954 |   4705.4933 |   4725.6979 |   4789.9361 |   4694.6213 |   4752.9028 |   4675.6704 |   4736.0864 |   4711.0061 |   4038.9050 |   4009.1174 |   4021.9807 |   3993.4199 |   4006.8025 |   3971.6382 |   3986.7473 |   3952.1627 |   3920.2153 |   3904.0933 |   3906.9491 |   3875.1260 |   3864.7951 |   3881.2044 |   3865.2207 |   3843.9784 |   4716.0165 |   4733.2419 |   4766.2919 |   4707.4088 |   4748.9449 |   4716.1602 |   4709.0950 |   4646.8307 |   3964.1239 |   3956.5918 |   4018.2553 |   3976.9122 |   3996.2695 |   3954.8499 |   3977.6539 |   3916.6643 |   2857.8266 |   2854.7088 |   2833.1384 |   2805.5091 |    2859.6601 |    2797.0366 |    2831.6713 |    2811.8642 |    4165.9499 |    4143.6509 |    4165.1262 |    4137.3980 |    4162.7529 |    4139.8591 |    4139.8544 |    4101.2087 |    2945.5449 |    2908.0660 |    2986.1019 |    2909.1323 |    2930.0711 |    2941.9687 |    2926.9814 |    2924.3032 |    2855.1001 |    2833.2265 |    2876.6892 |    2838.7309 |    2875.9245 |    2826.4671 |    2848.8035 |    2846.7775 |    4147.0953 |    4125.3985 |    4134.6582 |    4081.2087 |    4108.6881 |    4113.8023 |    4128.0991 |    4081.8768 |    2850.6167 |    2837.6088 |    2855.7736 |    2859.2488 |    2845.8322 |    2844.0384 |    2862.9663 |    2847.9847 |
| L3 data volume [GBytes] | 10749.4906 | 10848.2579 | 10878.7206 | 10736.4166 | 10933.5923 | 10780.0390 | 10774.9005 | 10783.1770 | 13248.2003 | 13207.9405 |  13255.2397 |  13177.6998 |  13263.6243 |  13037.5738 |  13138.7718 |  13032.1606 |  11205.7901 |  11157.5578 |  11201.5424 |  11122.5338 |  11229.8381 |  11126.9318 |  11108.1440 |  11161.8650 |  10932.1562 |  10934.7245 |  10998.3443 |  10850.8570 |  10910.6739 |  10837.5386 |  10937.4157 |  10840.5126 |  13158.9875 |  13199.1245 |  13281.0592 |  13096.6074 |  13202.0794 |  13094.1254 |  13211.2538 |  13073.6294 |  11108.2515 |  11109.0426 |  11116.1574 |  11039.6410 |  11141.6218 |  11007.7459 |  11128.7322 |  11040.3520 |  11040.3891 |  11038.2976 |  11035.1507 |  10945.5853 |  11044.2374 |  10948.3552 |  10994.4461 |  10872.1786 |  13219.7728 |  13181.3562 |  13326.7757 |  13083.1443 |  13257.2384 |  13126.2387 |  13176.9574 |  13112.8877 |  11319.7178 |  11181.1878 |  11250.8192 |  11186.6035 |  11244.3539 |  11100.5382 |  11167.9117 |  11072.2880 |  10885.4266 |  10840.6598 |  10857.7984 |  10798.1510 |  10829.2525 |  10777.1072 |  10789.4003 |  10742.3437 |  13158.4077 |  13118.8851 |  13219.1104 |  13114.8032 |  13175.0547 |  13080.0723 |  13092.5792 |  12946.0333 |  11119.1059 |  11082.0179 |  11175.3427 |  11060.3616 |  11122.1734 |  10976.9747 |  11087.7421 |  10999.6346 |   7965.1942 |   7981.4918 |   7928.0704 |   7882.8858 |    8000.3366 |    7858.0870 |    7923.0419 |    7890.0320 |   11656.3654 |   11598.9158 |   11657.6966 |   11579.1578 |   11651.0541 |   11544.3366 |   11589.2493 |   11502.2458 |    8263.1194 |    8153.3446 |    8261.6243 |    8125.4624 |    8226.7782 |    8227.5597 |    8175.3197 |    8167.1635 |    7994.6144 |    7890.6861 |    7968.0378 |    7974.2874 |    8017.6864 |    7913.7856 |    7976.9830 |    7928.4262 |   11478.4672 |   11519.7792 |   11544.1683 |   11393.6288 |   11533.0464 |   11494.9222 |   11527.3203 |   11464.9306 |    7992.2739 |    7953.7805 |    8007.7434 |    8022.0429 |    7940.3072 |    7936.2067 |    7963.8419 |    7921.5526 |
+-------------------------+------------+------------+------------+------------+------------+------------+------------+------------+------------+------------+-------------+-------------+-------------+-------------+-------------+-------------+-------------+-------------+-------------+-------------+-------------+-------------+-------------+-------------+-------------+-------------+-------------+-------------+-------------+-------------+-------------+-------------+-------------+-------------+-------------+-------------+-------------+-------------+-------------+-------------+-------------+-------------+-------------+-------------+-------------+-------------+-------------+-------------+-------------+-------------+-------------+-------------+-------------+-------------+-------------+-------------+-------------+-------------+-------------+-------------+-------------+-------------+-------------+-------------+-------------+-------------+-------------+-------------+-------------+-------------+-------------+-------------+-------------+-------------+-------------+-------------+-------------+-------------+-------------+-------------+-------------+-------------+-------------+-------------+-------------+-------------+-------------+-------------+-------------+-------------+-------------+-------------+-------------+-------------+-------------+-------------+-------------+-------------+-------------+-------------+--------------+--------------+--------------+--------------+--------------+--------------+--------------+--------------+--------------+--------------+--------------+--------------+--------------+--------------+--------------+--------------+--------------+--------------+--------------+--------------+--------------+--------------+--------------+--------------+--------------+--------------+--------------+--------------+--------------+--------------+--------------+--------------+--------------+--------------+--------------+--------------+--------------+--------------+--------------+--------------+--------------+--------------+--------------+--------------+

+------------------------------+--------------+-----------+------------+------------+
|            Metric            |      Sum     |    Min    |     Max    |     Avg    |
+------------------------------+--------------+-----------+------------+------------+
|   Runtime (RDTSC) [s] STAT   |  401480.1460 | 2766.6920 |  2810.5600 |  2788.0566 |
|   Runtime unhalted [s] STAT  |  565347.7709 | 3921.6831 |  3933.7755 |  3926.0262 |
|       Clock [MHz] STAT       |  531733.2941 | 3688.9997 |  3699.4832 |  3692.5923 |
|           CPI STAT           |     219.5902 |    1.2980 |     1.8676 |     1.5249 |
| L3 bandwidth [MBytes/s] STAT |  562001.8083 | 2797.0366 |  4789.9361 |  3902.7903 |
| L3 data volume [GBytes] STAT | 1.566553e+06 | 7858.0870 | 13326.7757 | 10878.8372 |
+------------------------------+--------------+-----------+------------+------------+

