INFO: You are running LIKWID in a cpuset with 176 CPUs. Taking given IDs as logical ID in cpuset
--------------------------------------------------------------------------------
CPU name:	AMD EPYC 9A14 96-Core Processor                
CPU type:	AMD K19 (Zen4) architecture
CPU clock:	2.60 GHz
--------------------------------------------------------------------------------
Sys.CPU_THREADS       192
SLURM_CPUS_PER_TASK   176
OMP_NUM_THREADS       176
OMP_PROC_BIND         close
OMP_PLACES            cores
BLAS_NUM_THREADS      1
Threads.nthreads()    1

Successfully read data from: /public/home/halili/jld2file/6-31g/hcn-1.0-6-31g.jld2
  name: hcn
  ratio: 1.0
  basis: 6-31g
  nα: 7, nβ: 7, ne: 14, norb: 20, nq: 40

  ngs: 13755
  ncs: 72681

Warming up JIT and Hardware...
Warm-up completed.
  Step 001:  residual: 7.7049e-01,  e: -92.82763179936551
  Step 002:  residual: 3.7087e-01,  e: -93.01183870091404
  Step 003:  residual: 1.4548e-01,  e: -93.04687547021021
  Step 004:  residual: 5.7932e-02,  e: -93.05170251010391
  Step 005:  residual: 2.8328e-02,  e: -93.05243615719492
  Step 006:  residual: 1.3340e-02,  e: -93.05261925959165
  Step 007:  residual: 5.6500e-03,  e: -93.05265620776140
  Step 008:  residual: 2.2421e-03,  e: -93.05266215767702
  Step 009:  residual: 8.8227e-04,  e: -93.05266309075222
  Step 010:  residual: 3.8870e-04,  e: -93.05266324625491
  Step 011:  residual: 1.8353e-04,  e: -93.05266327684535
  Step 012:  residual: 8.8481e-05,  e: -93.05266328403772
  Step 013:  residual: 3.8778e-05,  e: -93.05266328559679
  Step 014:  residual: 1.6948e-05,  e: -93.05266328585499
  Step 015:  residual: 6.9143e-06,  e: -93.05266328590406

Convergence reached!
3073.383091 seconds (7.21 M allocations: 347.495 GiB, 0.02% gc time, 0.06% compilation time)
--------------------------------------------------------------------------------
Region hvec_direct_agg, Group 1: L3
+-------------------+-------------+-------------+-------------+-------------+-------------+-------------+-------------+-------------+-------------+-------------+-------------+-------------+-------------+-------------+-------------+-------------+-------------+-------------+-------------+-------------+-------------+-------------+-------------+-------------+-------------+-------------+-------------+-------------+-------------+-------------+-------------+-------------+-------------+-------------+-------------+-------------+-------------+-------------+-------------+-------------+-------------+-------------+-------------+-------------+-------------+-------------+-------------+-------------+-------------+-------------+-------------+-------------+-------------+-------------+-------------+-------------+-------------+-------------+-------------+-------------+-------------+-------------+-------------+-------------+-------------+-------------+-------------+-------------+-------------+-------------+-------------+-------------+-------------+-------------+-------------+-------------+-------------+-------------+-------------+-------------+-------------+-------------+-------------+-------------+-------------+-------------+-------------+-------------+-------------+-------------+-------------+-------------+-------------+-------------+-------------+-------------+-------------+-------------+-------------+-------------+--------------+--------------+--------------+--------------+--------------+--------------+--------------+--------------+--------------+--------------+--------------+--------------+--------------+--------------+--------------+--------------+--------------+--------------+--------------+--------------+--------------+--------------+--------------+--------------+--------------+--------------+--------------+--------------+--------------+--------------+--------------+--------------+--------------+--------------+--------------+--------------+--------------+--------------+--------------+--------------+--------------+--------------+--------------+--------------+--------------+--------------+--------------+--------------+--------------+--------------+--------------+--------------+--------------+--------------+--------------+--------------+--------------+--------------+--------------+--------------+--------------+--------------+--------------+--------------+--------------+--------------+--------------+--------------+--------------+--------------+--------------+--------------+--------------+--------------+--------------+--------------+
|    Region Info    |  HWThread 0 |  HWThread 1 |  HWThread 2 |  HWThread 3 |  HWThread 4 |  HWThread 5 |  HWThread 6 |  HWThread 7 |  HWThread 8 |  HWThread 9 | HWThread 10 | HWThread 11 | HWThread 12 | HWThread 13 | HWThread 14 | HWThread 15 | HWThread 16 | HWThread 17 | HWThread 18 | HWThread 19 | HWThread 20 | HWThread 21 | HWThread 22 | HWThread 23 | HWThread 24 | HWThread 25 | HWThread 26 | HWThread 27 | HWThread 28 | HWThread 29 | HWThread 30 | HWThread 31 | HWThread 32 | HWThread 33 | HWThread 34 | HWThread 35 | HWThread 36 | HWThread 37 | HWThread 38 | HWThread 39 | HWThread 40 | HWThread 41 | HWThread 42 | HWThread 43 | HWThread 44 | HWThread 45 | HWThread 46 | HWThread 47 | HWThread 48 | HWThread 49 | HWThread 50 | HWThread 51 | HWThread 52 | HWThread 53 | HWThread 54 | HWThread 55 | HWThread 56 | HWThread 57 | HWThread 58 | HWThread 59 | HWThread 60 | HWThread 61 | HWThread 62 | HWThread 63 | HWThread 64 | HWThread 65 | HWThread 66 | HWThread 67 | HWThread 68 | HWThread 69 | HWThread 70 | HWThread 71 | HWThread 72 | HWThread 73 | HWThread 74 | HWThread 75 | HWThread 76 | HWThread 77 | HWThread 78 | HWThread 79 | HWThread 80 | HWThread 81 | HWThread 82 | HWThread 83 | HWThread 84 | HWThread 85 | HWThread 86 | HWThread 87 | HWThread 88 | HWThread 89 | HWThread 90 | HWThread 91 | HWThread 92 | HWThread 93 | HWThread 94 | HWThread 95 | HWThread 96 | HWThread 97 | HWThread 98 | HWThread 99 | HWThread 100 | HWThread 101 | HWThread 102 | HWThread 103 | HWThread 104 | HWThread 105 | HWThread 106 | HWThread 107 | HWThread 108 | HWThread 109 | HWThread 110 | HWThread 111 | HWThread 112 | HWThread 113 | HWThread 114 | HWThread 115 | HWThread 116 | HWThread 117 | HWThread 118 | HWThread 119 | HWThread 120 | HWThread 121 | HWThread 122 | HWThread 123 | HWThread 124 | HWThread 125 | HWThread 126 | HWThread 127 | HWThread 128 | HWThread 129 | HWThread 130 | HWThread 131 | HWThread 132 | HWThread 133 | HWThread 134 | HWThread 135 | HWThread 136 | HWThread 137 | HWThread 138 | HWThread 139 | HWThread 140 | HWThread 141 | HWThread 142 | HWThread 143 | HWThread 144 | HWThread 145 | HWThread 146 | HWThread 147 | HWThread 148 | HWThread 149 | HWThread 150 | HWThread 151 | HWThread 152 | HWThread 153 | HWThread 154 | HWThread 155 | HWThread 156 | HWThread 157 | HWThread 158 | HWThread 159 | HWThread 160 | HWThread 161 | HWThread 162 | HWThread 163 | HWThread 164 | HWThread 165 | HWThread 166 | HWThread 167 | HWThread 168 | HWThread 169 | HWThread 170 | HWThread 171 | HWThread 172 | HWThread 173 | HWThread 174 | HWThread 175 |
+-------------------+-------------+-------------+-------------+-------------+-------------+-------------+-------------+-------------+-------------+-------------+-------------+-------------+-------------+-------------+-------------+-------------+-------------+-------------+-------------+-------------+-------------+-------------+-------------+-------------+-------------+-------------+-------------+-------------+-------------+-------------+-------------+-------------+-------------+-------------+-------------+-------------+-------------+-------------+-------------+-------------+-------------+-------------+-------------+-------------+-------------+-------------+-------------+-------------+-------------+-------------+-------------+-------------+-------------+-------------+-------------+-------------+-------------+-------------+-------------+-------------+-------------+-------------+-------------+-------------+-------------+-------------+-------------+-------------+-------------+-------------+-------------+-------------+-------------+-------------+-------------+-------------+-------------+-------------+-------------+-------------+-------------+-------------+-------------+-------------+-------------+-------------+-------------+-------------+-------------+-------------+-------------+-------------+-------------+-------------+-------------+-------------+-------------+-------------+-------------+-------------+--------------+--------------+--------------+--------------+--------------+--------------+--------------+--------------+--------------+--------------+--------------+--------------+--------------+--------------+--------------+--------------+--------------+--------------+--------------+--------------+--------------+--------------+--------------+--------------+--------------+--------------+--------------+--------------+--------------+--------------+--------------+--------------+--------------+--------------+--------------+--------------+--------------+--------------+--------------+--------------+--------------+--------------+--------------+--------------+--------------+--------------+--------------+--------------+--------------+--------------+--------------+--------------+--------------+--------------+--------------+--------------+--------------+--------------+--------------+--------------+--------------+--------------+--------------+--------------+--------------+--------------+--------------+--------------+--------------+--------------+--------------+--------------+--------------+--------------+--------------+--------------+
| RDTSC Runtime [s] | 2999.881000 | 2947.488000 | 2970.502000 | 2967.962000 | 2972.019000 | 2963.621000 | 3007.420000 | 2968.341000 | 3001.503000 | 2975.603000 | 2946.084000 | 2955.046000 | 2966.437000 | 2952.201000 | 2967.582000 | 2972.396000 | 2949.042000 | 2960.051000 | 2966.059000 | 2974.194000 | 2992.874000 | 2952.975000 | 2950.969000 | 2965.292000 | 2968.980000 | 2994.517000 | 2949.798000 | 2950.443000 | 2977.558000 | 2950.176000 | 2994.516000 | 2949.797000 | 2960.862000 | 2964.645000 | 2997.054000 | 2957.461000 | 2959.664000 | 2961.681000 | 2970.114000 | 2964.645000 | 2982.740000 | 2954.399000 | 2954.399000 | 3005.394000 | 2966.809000 | 2951.767000 | 2973.803000 | 2962.462000 | 2961.296000 | 2987.341000 | 2996.670000 | 2967.195000 | 2983.176000 | 2989.619000 | 2998.639000 | 2967.960000 | 2995.168000 | 2991.777000 | 2964.000000 | 2953.365000 | 2969.739000 | 2963.998000 | 2953.365000 | 2994.144000 | 2993.726000 | 2971.642000 | 2974.965000 | 2962.073000 | 2969.360000 | 2974.966000 | 2972.774000 | 2972.775000 | 2980.307000 | 2996.236000 | 2980.308000 | 2974.577000 | 3002.751000 | 2965.677000 | 2979.185000 | 2971.265000 | 2949.415000 | 2958.977000 | 2954.016000 | 2958.977000 | 2962.854000 | 2957.899000 | 2973.419000 | 2955.851000 | 2948.351000 | 2943.655000 | 2970.887000 | 2948.353000 | 3000.650000 | 2963.244000 | 2952.594000 | 2956.279000 | 3007.853000 | 2956.655000 | 2951.345000 | 2999.072000 |  2990.851000 |  2990.852000 |  2999.883000 |  2990.852000 |  2977.982000 |  3002.361000 |  2982.354000 |  2958.285000 |  2958.285000 |  3001.080000 |  2977.176000 |  3003.177000 |  2975.984000 |  2992.194000 |  2990.044000 |  2984.633000 |  2984.633000 |  2992.194000 |  2995.547000 |  2995.547000 |  2960.432000 |  2997.874000 |  2945.700000 |  2990.463000 |  2978.404000 |  2946.516000 |  2946.516000 |  2946.517000 |  2985.922000 |  2981.819000 |  3003.607000 |  2981.429000 |  3000.265000 |  3007.032000 |  2985.662000 |  2981.430000 |  3004.371000 |  2957.082000 |  2997.441000 |  2945.047000 |  2976.792000 |  2999.502000 |  2955.429000 |  2945.047000 |  2985.279000 |  2987.761000 |  2985.279000 |  2976.407000 |  3006.266000 |  2978.792000 |  2987.760000 |  2998.253000 |  2989.087000 |  3004.754000 |  2988.452000 |  3004.755000 |  2988.453000 |  2986.952000 |  3003.987000 |  2988.181000 |  3006.658000 |  2993.301000 |  2983.560000 |  2944.657000 |  2979.621000 |  2979.620000 |  3008.280000 |  2983.560000 |  2984.244000 |  2943.952000 |  2947.919000 |  2980.992000 |  3005.828000 |  2986.558000 |  2943.954000 |  3001.925000 |
|     call count    |          15 |          15 |          15 |          15 |          15 |          15 |          15 |          15 |          15 |          15 |          15 |          15 |          15 |          15 |          15 |          15 |          15 |          15 |          15 |          15 |          15 |          15 |          15 |          15 |          15 |          15 |          15 |          15 |          15 |          15 |          15 |          15 |          15 |          15 |          15 |          15 |          15 |          15 |          15 |          15 |          15 |          15 |          15 |          15 |          15 |          15 |          15 |          15 |          15 |          15 |          15 |          15 |          15 |          15 |          15 |          15 |          15 |          15 |          15 |          15 |          15 |          15 |          15 |          15 |          15 |          15 |          15 |          15 |          15 |          15 |          15 |          15 |          15 |          15 |          15 |          15 |          15 |          15 |          15 |          15 |          15 |          15 |          15 |          15 |          15 |          15 |          15 |          15 |          15 |          15 |          15 |          15 |          15 |          15 |          15 |          15 |          15 |          15 |          15 |          15 |           15 |           15 |           15 |           15 |           15 |           15 |           15 |           15 |           15 |           15 |           15 |           15 |           15 |           15 |           15 |           15 |           15 |           15 |           15 |           15 |           15 |           15 |           15 |           15 |           15 |           15 |           15 |           15 |           15 |           15 |           15 |           15 |           15 |           15 |           15 |           15 |           15 |           15 |           15 |           15 |           15 |           15 |           15 |           15 |           15 |           15 |           15 |           15 |           15 |           15 |           15 |           15 |           15 |           15 |           15 |           15 |           15 |           15 |           15 |           15 |           15 |           15 |           15 |           15 |           15 |           15 |           15 |           15 |           15 |           15 |           15 |           15 |           15 |           15 |           15 |           15 |
+-------------------+-------------+-------------+-------------+-------------+-------------+-------------+-------------+-------------+-------------+-------------+-------------+-------------+-------------+-------------+-------------+-------------+-------------+-------------+-------------+-------------+-------------+-------------+-------------+-------------+-------------+-------------+-------------+-------------+-------------+-------------+-------------+-------------+-------------+-------------+-------------+-------------+-------------+-------------+-------------+-------------+-------------+-------------+-------------+-------------+-------------+-------------+-------------+-------------+-------------+-------------+-------------+-------------+-------------+-------------+-------------+-------------+-------------+-------------+-------------+-------------+-------------+-------------+-------------+-------------+-------------+-------------+-------------+-------------+-------------+-------------+-------------+-------------+-------------+-------------+-------------+-------------+-------------+-------------+-------------+-------------+-------------+-------------+-------------+-------------+-------------+-------------+-------------+-------------+-------------+-------------+-------------+-------------+-------------+-------------+-------------+-------------+-------------+-------------+-------------+-------------+--------------+--------------+--------------+--------------+--------------+--------------+--------------+--------------+--------------+--------------+--------------+--------------+--------------+--------------+--------------+--------------+--------------+--------------+--------------+--------------+--------------+--------------+--------------+--------------+--------------+--------------+--------------+--------------+--------------+--------------+--------------+--------------+--------------+--------------+--------------+--------------+--------------+--------------+--------------+--------------+--------------+--------------+--------------+--------------+--------------+--------------+--------------+--------------+--------------+--------------+--------------+--------------+--------------+--------------+--------------+--------------+--------------+--------------+--------------+--------------+--------------+--------------+--------------+--------------+--------------+--------------+--------------+--------------+--------------+--------------+--------------+--------------+--------------+--------------+--------------+--------------+

+-----------------------------+---------+----------------+----------------+----------------+----------------+----------------+----------------+----------------+----------------+----------------+----------------+----------------+----------------+----------------+----------------+----------------+----------------+----------------+----------------+----------------+----------------+----------------+----------------+----------------+----------------+----------------+----------------+----------------+----------------+----------------+----------------+----------------+----------------+----------------+----------------+----------------+----------------+----------------+----------------+----------------+----------------+----------------+----------------+----------------+----------------+----------------+----------------+----------------+----------------+----------------+----------------+----------------+----------------+----------------+----------------+----------------+----------------+----------------+----------------+----------------+----------------+----------------+----------------+----------------+----------------+----------------+----------------+----------------+----------------+----------------+----------------+----------------+----------------+----------------+----------------+----------------+----------------+----------------+----------------+----------------+----------------+----------------+----------------+----------------+----------------+----------------+----------------+----------------+----------------+----------------+----------------+----------------+----------------+----------------+----------------+----------------+----------------+----------------+----------------+----------------+----------------+----------------+----------------+----------------+----------------+----------------+----------------+----------------+----------------+----------------+----------------+----------------+----------------+----------------+----------------+----------------+----------------+----------------+----------------+----------------+----------------+----------------+----------------+----------------+----------------+----------------+----------------+----------------+----------------+----------------+----------------+----------------+----------------+----------------+----------------+----------------+----------------+----------------+----------------+----------------+----------------+----------------+----------------+----------------+----------------+----------------+----------------+----------------+----------------+----------------+----------------+----------------+----------------+----------------+----------------+----------------+----------------+----------------+----------------+----------------+----------------+----------------+----------------+----------------+----------------+----------------+----------------+----------------+----------------+----------------+----------------+----------------+----------------+----------------+----------------+----------------+----------------+
|            Event            | Counter |   HWThread 0   |   HWThread 1   |   HWThread 2   |   HWThread 3   |   HWThread 4   |   HWThread 5   |   HWThread 6   |   HWThread 7   |   HWThread 8   |   HWThread 9   |   HWThread 10  |   HWThread 11  |   HWThread 12  |   HWThread 13  |   HWThread 14  |   HWThread 15  |   HWThread 16  |   HWThread 17  |   HWThread 18  |   HWThread 19  |   HWThread 20  |   HWThread 21  |   HWThread 22  |   HWThread 23  |   HWThread 24  |   HWThread 25  |   HWThread 26  |   HWThread 27  |   HWThread 28  |   HWThread 29  |   HWThread 30  |   HWThread 31  |   HWThread 32  |   HWThread 33  |   HWThread 34  |   HWThread 35  |   HWThread 36  |   HWThread 37  |   HWThread 38  |   HWThread 39  |   HWThread 40  |   HWThread 41  |   HWThread 42  |   HWThread 43  |   HWThread 44  |   HWThread 45  |   HWThread 46  |   HWThread 47  |   HWThread 48  |   HWThread 49  |   HWThread 50  |   HWThread 51  |   HWThread 52  |   HWThread 53  |   HWThread 54  |   HWThread 55  |   HWThread 56  |   HWThread 57  |   HWThread 58  |   HWThread 59  |   HWThread 60  |   HWThread 61  |   HWThread 62  |   HWThread 63  |   HWThread 64  |   HWThread 65  |   HWThread 66  |   HWThread 67  |   HWThread 68  |   HWThread 69  |   HWThread 70  |   HWThread 71  |   HWThread 72  |   HWThread 73  |   HWThread 74  |   HWThread 75  |   HWThread 76  |   HWThread 77  |   HWThread 78  |   HWThread 79  |   HWThread 80  |   HWThread 81  |   HWThread 82  |   HWThread 83  |   HWThread 84  |   HWThread 85  |   HWThread 86  |   HWThread 87  |   HWThread 88  |   HWThread 89  |   HWThread 90  |   HWThread 91  |   HWThread 92  |   HWThread 93  |   HWThread 94  |   HWThread 95  |   HWThread 96  |   HWThread 97  |   HWThread 98  |   HWThread 99  |  HWThread 100  |  HWThread 101  |  HWThread 102  |  HWThread 103  |  HWThread 104  |  HWThread 105  |  HWThread 106  |  HWThread 107  |  HWThread 108  |  HWThread 109  |  HWThread 110  |  HWThread 111  |  HWThread 112  |  HWThread 113  |  HWThread 114  |  HWThread 115  |  HWThread 116  |  HWThread 117  |  HWThread 118  |  HWThread 119  |  HWThread 120  |  HWThread 121  |  HWThread 122  |  HWThread 123  |  HWThread 124  |  HWThread 125  |  HWThread 126  |  HWThread 127  |  HWThread 128  |  HWThread 129  |  HWThread 130  |  HWThread 131  |  HWThread 132  |  HWThread 133  |  HWThread 134  |  HWThread 135  |  HWThread 136  |  HWThread 137  |  HWThread 138  |  HWThread 139  |  HWThread 140  |  HWThread 141  |  HWThread 142  |  HWThread 143  |  HWThread 144  |  HWThread 145  |  HWThread 146  |  HWThread 147  |  HWThread 148  |  HWThread 149  |  HWThread 150  |  HWThread 151  |  HWThread 152  |  HWThread 153  |  HWThread 154  |  HWThread 155  |  HWThread 156  |  HWThread 157  |  HWThread 158  |  HWThread 159  |  HWThread 160  |  HWThread 161  |  HWThread 162  |  HWThread 163  |  HWThread 164  |  HWThread 165  |  HWThread 166  |  HWThread 167  |  HWThread 168  |  HWThread 169  |  HWThread 170  |  HWThread 171  |  HWThread 172  |  HWThread 173  |  HWThread 174  |  HWThread 175  |
+-----------------------------+---------+----------------+----------------+----------------+----------------+----------------+----------------+----------------+----------------+----------------+----------------+----------------+----------------+----------------+----------------+----------------+----------------+----------------+----------------+----------------+----------------+----------------+----------------+----------------+----------------+----------------+----------------+----------------+----------------+----------------+----------------+----------------+----------------+----------------+----------------+----------------+----------------+----------------+----------------+----------------+----------------+----------------+----------------+----------------+----------------+----------------+----------------+----------------+----------------+----------------+----------------+----------------+----------------+----------------+----------------+----------------+----------------+----------------+----------------+----------------+----------------+----------------+----------------+----------------+----------------+----------------+----------------+----------------+----------------+----------------+----------------+----------------+----------------+----------------+----------------+----------------+----------------+----------------+----------------+----------------+----------------+----------------+----------------+----------------+----------------+----------------+----------------+----------------+----------------+----------------+----------------+----------------+----------------+----------------+----------------+----------------+----------------+----------------+----------------+----------------+----------------+----------------+----------------+----------------+----------------+----------------+----------------+----------------+----------------+----------------+----------------+----------------+----------------+----------------+----------------+----------------+----------------+----------------+----------------+----------------+----------------+----------------+----------------+----------------+----------------+----------------+----------------+----------------+----------------+----------------+----------------+----------------+----------------+----------------+----------------+----------------+----------------+----------------+----------------+----------------+----------------+----------------+----------------+----------------+----------------+----------------+----------------+----------------+----------------+----------------+----------------+----------------+----------------+----------------+----------------+----------------+----------------+----------------+----------------+----------------+----------------+----------------+----------------+----------------+----------------+----------------+----------------+----------------+----------------+----------------+----------------+----------------+----------------+----------------+----------------+----------------+----------------+
|       ACTUAL_CPU_CLOCK      |  FIXC1  | 10869700000000 | 10862130000000 | 10863350000000 | 10866000000000 | 10864630000000 | 10864210000000 | 10865290000000 | 10863990000000 | 10860590000000 | 10862010000000 | 10864430000000 | 10861270000000 | 10863000000000 | 10861200000000 | 10859900000000 | 10862300000000 | 10866320000000 | 10864430000000 | 10864490000000 | 10865350000000 | 10863960000000 | 10864360000000 | 10864290000000 | 10865760000000 | 10863600000000 | 10863920000000 | 10864990000000 | 10863800000000 | 10864640000000 | 10864240000000 | 10863770000000 | 10865130000000 | 10860830000000 | 10861890000000 | 10860610000000 | 10860530000000 | 10860620000000 | 10862040000000 | 10862440000000 | 10861390000000 | 10865610000000 | 10864240000000 | 10863370000000 | 10865060000000 | 10865870000000 | 10863930000000 | 10866000000000 | 10865120000000 | 10863400000000 | 10863100000000 | 10862280000000 | 10864450000000 | 10865920000000 | 10862680000000 | 10864160000000 | 10863580000000 | 10862390000000 | 10861830000000 | 10861740000000 | 10859360000000 | 10862590000000 | 10862130000000 | 10859810000000 | 10863520000000 | 10864920000000 | 10863460000000 | 10863020000000 | 10863200000000 | 10864010000000 | 10864180000000 | 10863960000000 | 10863520000000 | 10863590000000 | 10863090000000 | 10863630000000 | 10863580000000 | 10864210000000 | 10863990000000 | 10862810000000 | 10864400000000 | 10861230000000 | 10859850000000 | 10861740000000 | 10859900000000 | 10860390000000 | 10860610000000 | 10861690000000 | 10861950000000 | 10862830000000 | 10863100000000 | 10862360000000 | 10862910000000 | 10863690000000 | 10863040000000 | 10862770000000 | 10865100000000 | 10877380000000 | 10878370000000 | 10878800000000 | 10878650000000 | 10879360000000 | 10878480000000 | 10878520000000 | 10880300000000 | 10874760000000 | 10876160000000 | 10876590000000 | 10876760000000 | 10876300000000 | 10876360000000 | 10876610000000 | 10876520000000 | 10878080000000 | 10877420000000 | 10877980000000 | 10876680000000 | 10879020000000 | 10878080000000 | 10880330000000 | 10877330000000 | 10877630000000 | 10878330000000 | 10878140000000 | 10877980000000 | 10876200000000 | 10877070000000 | 10877670000000 | 10876370000000 | 10875620000000 | 10874810000000 | 10875790000000 | 10874920000000 | 10875970000000 | 10875260000000 | 10876880000000 | 10875880000000 | 10877230000000 | 10877820000000 | 10877390000000 | 10875960000000 | 10878060000000 | 10877490000000 | 10877530000000 | 10878670000000 | 10877660000000 | 10877930000000 | 10876430000000 | 10876700000000 | 10876390000000 | 10877640000000 | 10874520000000 | 10876670000000 | 10875690000000 | 10875920000000 | 10875340000000 | 10876140000000 | 10875490000000 | 10874290000000 | 10875440000000 | 10876020000000 | 10877410000000 | 10876900000000 | 10878050000000 | 10877820000000 | 10877790000000 | 10877620000000 | 10877490000000 | 10877510000000 | 10875720000000 | 10876600000000 | 10876200000000 | 10876790000000 | 10876940000000 | 10877060000000 | 10875210000000 | 10877320000000 |
|        MAX_CPU_CLOCK        |  FIXC2  |  7652138000000 |  7647562000000 |  7648164000000 |  7649923000000 |  7648882000000 |  7648802000000 |  7649574000000 |  7648406000000 |  7646017000000 |  7647128000000 |  7648694000000 |  7646588000000 |  7647795000000 |  7646448000000 |  7645675000000 |  7647387000000 |  7650026000000 |  7648837000000 |  7648932000000 |  7649449000000 |  7648394000000 |  7648730000000 |  7648722000000 |  7649743000000 |  7648178000000 |  7648462000000 |  7649194000000 |  7648374000000 |  7648885000000 |  7648699000000 |  7648336000000 |  7649294000000 |  7646286000000 |  7646913000000 |  7646062000000 |  7646056000000 |  7646192000000 |  7647033000000 |  7647422000000 |  7646545000000 |  7649620000000 |  7648709000000 |  7648005000000 |  7649196000000 |  7649793000000 |  7648464000000 |  7649790000000 |  7649267000000 |  7648065000000 |  7647895000000 |  7647291000000 |  7648782000000 |  7649833000000 |  7647470000000 |  7648559000000 |  7648199000000 |  7647401000000 |  7646978000000 |  7646934000000 |  7645265000000 |  7647394000000 |  7647119000000 |  7645583000000 |  7648009000000 |  7649033000000 |  7648152000000 |  7647745000000 |  7647945000000 |  7648518000000 |  7648629000000 |  7648394000000 |  7648238000000 |  7648310000000 |  7647879000000 |  7648129000000 |  7648052000000 |  7648588000000 |  7648443000000 |  7647631000000 |  7648798000000 |  7646470000000 |  7645500000000 |  7646798000000 |  7645515000000 |  7645886000000 |  7646090000000 |  7646747000000 |  7647025000000 |  7647677000000 |  7647730000000 |  7647186000000 |  7647571000000 |  7648182000000 |  7647806000000 |  7647647000000 |  7649318000000 |  7646158000000 |  7646358000000 |  7646869000000 |  7646756000000 |  7647318000000 |  7646655000000 |  7646763000000 |  7647851000000 |  7643957000000 |  7644919000000 |  7645065000000 |  7644888000000 |  7644542000000 |  7644768000000 |  7644917000000 |  7644711000000 |  7646249000000 |  7645839000000 |  7646062000000 |  7645384000000 |  7646859000000 |  7646322000000 |  7647841000000 |  7645731000000 |  7645994000000 |  7646468000000 |  7646401000000 |  7646455000000 |  7645130000000 |  7645514000000 |  7646149000000 |  7645010000000 |  7644555000000 |  7643915000000 |  7644588000000 |  7643892000000 |  7644674000000 |  7644314000000 |  7645636000000 |  7644510000000 |  7645710000000 |  7646254000000 |  7645885000000 |  7644809000000 |  7646298000000 |  7646020000000 |  7646032000000 |  7646758000000 |  7645989000000 |  7646241000000 |  7645167000000 |  7645277000000 |  7644994000000 |  7646013000000 |  7643827000000 |  7645396000000 |  7644066000000 |  7644476000000 |  7644035000000 |  7644606000000 |  7644105000000 |  7643409000000 |  7643862000000 |  7644863000000 |  7645886000000 |  7645535000000 |  7646220000000 |  7646198000000 |  7646197000000 |  7646110000000 |  7645952000000 |  7645949000000 |  7644187000000 |  7644696000000 |  7644031000000 |  7644289000000 |  7644280000000 |  7644633000000 |  7643359000000 |  7644923000000 |
|     RETIRED_INSTRUCTIONS    |   PMC0  |  4848786000000 |  4817925000000 |  4849035000000 |  4830145000000 |  4855887000000 |  4839828000000 |  4807215000000 |  4831923000000 |  6509259000000 |  6564784000000 |  6575793000000 |  6493113000000 |  6565427000000 |  6493618000000 |  6533277000000 |  6512939000000 |  4916050000000 |  4927311000000 |  4932165000000 |  4906492000000 |  4912410000000 |  4917761000000 |  4899289000000 |  4918732000000 |  4854602000000 |  4883826000000 |  4887468000000 |  4837760000000 |  4885273000000 |  4854395000000 |  4868459000000 |  4839150000000 |  6446761000000 |  6446622000000 |  6495284000000 |  6433838000000 |  6475285000000 |  6472505000000 |  6452707000000 |  6431247000000 |  4894979000000 |  4884796000000 |  4880224000000 |  4870709000000 |  4893194000000 |  4850002000000 |  4890815000000 |  4876049000000 |  4852063000000 |  4852323000000 |  4870419000000 |  4838540000000 |  4891507000000 |  4874735000000 |  4870398000000 |  4841318000000 |  6556522000000 |  6486293000000 |  6510874000000 |  6504382000000 |  6549434000000 |  6510598000000 |  6498428000000 |  6482044000000 |  4942967000000 |  4919918000000 |  4909548000000 |  4932331000000 |  4959017000000 |  4953153000000 |  4961373000000 |  4906748000000 |  4897801000000 |  4901900000000 |  4870135000000 |  4879681000000 |  4860930000000 |  4868200000000 |  4848467000000 |  4879445000000 |  6524678000000 |  6503930000000 |  6520572000000 |  6499013000000 |  6483545000000 |  6440555000000 |  6496082000000 |  6465988000000 |  4928070000000 |  4922259000000 |  4915271000000 |  4907737000000 |  4907794000000 |  4916415000000 |  4911901000000 |  4890874000000 |  4924477000000 |  4907553000000 |  4971155000000 |  4931568000000 |  4953950000000 |  4917289000000 |  4930155000000 |  4900853000000 |  6656555000000 |  6638350000000 |  6679024000000 |  6643544000000 |  6656987000000 |  6633362000000 |  6661133000000 |  6624234000000 |  4973033000000 |  4963837000000 |  4989936000000 |  4982631000000 |  4987638000000 |  4977425000000 |  4984669000000 |  4985046000000 |  4897514000000 |  4883600000000 |  4892141000000 |  4888285000000 |  4920845000000 |  4879212000000 |  4871843000000 |  4862819000000 |  6640083000000 |  6585404000000 |  6639516000000 |  6598314000000 |  6597670000000 |  6614531000000 |  6605040000000 |  6559413000000 |  4962068000000 |  4955831000000 |  4977279000000 |  4978146000000 |  4955016000000 |  4968118000000 |  4947222000000 |  4938344000000 |  4949903000000 |  4930746000000 |  4956732000000 |  4936280000000 |  4946402000000 |  4950074000000 |  4922838000000 |  4932457000000 |  6733830000000 |  6739344000000 |  6785697000000 |  6723847000000 |  6754885000000 |  6745874000000 |  6731125000000 |  6720855000000 |  5039823000000 |  5036629000000 |  5045500000000 |  5038430000000 |  5049492000000 |  5013255000000 |  5012901000000 |  5028366000000 |  6770115000000 |  6727346000000 |  6764088000000 |  6757227000000 |  6734848000000 |  6727760000000 |  6736861000000 |  6717013000000 |
|     CPU_CLOCKS_UNHALTED     |   PMC1  | 10799780000000 | 10796050000000 | 10800190000000 | 10801560000000 | 10802580000000 | 10801580000000 | 10802920000000 | 10801480000000 | 10795270000000 | 10798370000000 | 10799310000000 | 10797100000000 | 10798380000000 | 10795440000000 | 10794940000000 | 10797380000000 | 10800510000000 | 10802170000000 | 10801930000000 | 10803960000000 | 10800100000000 | 10801930000000 | 10801780000000 | 10802180000000 | 10800360000000 | 10801430000000 | 10802660000000 | 10799150000000 | 10799120000000 | 10800430000000 | 10800680000000 | 10801930000000 | 10795430000000 | 10795560000000 | 10795560000000 | 10796450000000 | 10797450000000 | 10799120000000 | 10797730000000 | 10795490000000 | 10801270000000 | 10802070000000 | 10799690000000 | 10802130000000 | 10802750000000 | 10799190000000 | 10802990000000 | 10802200000000 | 10800710000000 | 10800550000000 | 10800250000000 | 10801720000000 | 10802490000000 | 10799110000000 | 10800960000000 | 10800350000000 | 10799200000000 | 10797800000000 | 10798150000000 | 10795610000000 | 10798160000000 | 10796620000000 | 10794580000000 | 10798330000000 | 10799820000000 | 10798310000000 | 10799980000000 | 10801040000000 | 10802990000000 | 10800080000000 | 10800510000000 | 10799990000000 | 10799550000000 | 10798790000000 | 10800670000000 | 10800560000000 | 10801380000000 | 10801080000000 | 10800470000000 | 10801120000000 | 10796540000000 | 10796360000000 | 10797890000000 | 10796340000000 | 10797600000000 | 10797120000000 | 10797670000000 | 10797960000000 | 10800920000000 | 10798050000000 | 10800680000000 | 10800110000000 | 10801650000000 | 10800850000000 | 10798670000000 | 10797810000000 | 10822810000000 | 10825870000000 | 10824500000000 | 10825810000000 | 10825480000000 | 10825020000000 | 10825910000000 | 10825530000000 | 10819410000000 | 10820710000000 | 10821670000000 | 10818900000000 | 10821280000000 | 10821050000000 | 10820350000000 | 10821080000000 | 10822710000000 | 10822980000000 | 10821810000000 | 10822400000000 | 10823740000000 | 10823430000000 | 10826080000000 | 10822810000000 | 10824300000000 | 10822290000000 | 10822980000000 | 10822880000000 | 10822650000000 | 10820950000000 | 10823020000000 | 10822640000000 | 10818870000000 | 10818670000000 | 10818770000000 | 10819540000000 | 10821190000000 | 10818810000000 | 10821240000000 | 10819450000000 | 10822060000000 | 10823660000000 | 10823390000000 | 10819730000000 | 10824580000000 | 10822680000000 | 10820660000000 | 10823600000000 | 10822970000000 | 10824640000000 | 10821150000000 | 10823170000000 | 10823600000000 | 10823050000000 | 10820900000000 | 10821790000000 | 10818270000000 | 10818820000000 | 10817830000000 | 10819700000000 | 10817240000000 | 10817790000000 | 10818770000000 | 10818700000000 | 10823910000000 | 10821000000000 | 10824700000000 | 10824850000000 | 10824710000000 | 10822430000000 | 10823430000000 | 10823220000000 | 10817450000000 | 10818080000000 | 10817810000000 | 10818080000000 | 10818630000000 | 10818900000000 | 10815480000000 | 10818470000000 |
|       L2_PF_HIT_IN_L3       |   PMC2  |    28108180000 |    26914950000 |    28820270000 |    27710270000 |    29396810000 |    28395030000 |    26770290000 |    28368560000 |    45240370000 |    49149410000 |    50480710000 |    45143720000 |    50223150000 |    45793030000 |    48850990000 |    47455320000 |    29016780000 |    29961600000 |    30210760000 |    28716780000 |    29238420000 |    29461460000 |    28811140000 |    29892550000 |    28269410000 |    29917410000 |    30463900000 |    27825550000 |    30379780000 |    28787620000 |    29832980000 |    28003220000 |    44284250000 |    44499940000 |    47934610000 |    44215070000 |    47091100000 |    47120400000 |    46428620000 |    45176450000 |    29440180000 |    28866110000 |    29071010000 |    28377050000 |    29816140000 |    27423160000 |    29824920000 |    29018220000 |    27704060000 |    27659530000 |    29082810000 |    27073360000 |    30359890000 |    29547850000 |    29464680000 |    27716610000 |    48594710000 |    44272970000 |    46375270000 |    46338000000 |    49396930000 |    47179030000 |    46987480000 |    45809920000 |    29816790000 |    28741380000 |    28442680000 |    29667060000 |    31226300000 |    31152210000 |    31733920000 |    28611420000 |    30837170000 |    31240930000 |    29481450000 |    29998580000 |    29019910000 |    29427150000 |    28401790000 |    30096890000 |    47682090000 |    46432430000 |    48172510000 |    46741740000 |    46117540000 |    43128070000 |    47706890000 |    45480390000 |    30064430000 |    29881290000 |    29629980000 |    29199570000 |    29205860000 |    29776110000 |    29974960000 |    28363650000 |    28143330000 |    26818740000 |    31439690000 |    28646960000 |    30344670000 |    27798650000 |    29059390000 |    27160170000 |    46282780000 |    44893640000 |    48713960000 |    46183160000 |    47859920000 |    46236000000 |    48874510000 |    46155430000 |    28113610000 |    27569620000 |    29436910000 |    29092450000 |    29390250000 |    28860780000 |    29510920000 |    29631230000 |    28181300000 |    27379680000 |    28297430000 |    28101090000 |    30165450000 |    27452240000 |    27510330000 |    26904930000 |    47637680000 |    43946390000 |    48568930000 |    45493970000 |    45974580000 |    47220060000 |    47292560000 |    44133490000 |    28723400000 |    28295870000 |    30188180000 |    30170340000 |    28744750000 |    29579050000 |    28910750000 |    28276320000 |    29308200000 |    27615180000 |    29716720000 |    28082020000 |    28949410000 |    29252770000 |    28000440000 |    28479640000 |    46883910000 |    47274390000 |    51516250000 |    47381770000 |    50001900000 |    49422550000 |    49221020000 |    48635200000 |    29477500000 |    29272960000 |    30087690000 |    29687000000 |    30460530000 |    28268950000 |    28663440000 |    29701840000 |    48986680000 |    46231540000 |    49513810000 |    49169970000 |    48026570000 |    47507770000 |    48980670000 |    47757640000 |
|       L2_PF_MISS_IN_L3      |   PMC3  |    74262530000 |    74627360000 |    73662110000 |    74196800000 |    73323800000 |    73795150000 |    74365880000 |    73575990000 |   108209900000 |   106072200000 |   105153500000 |   107757300000 |   105067800000 |   107160800000 |   105401300000 |   106102100000 |    75489950000 |    75068600000 |    74857040000 |    75469550000 |    75173350000 |    75070410000 |    75174370000 |    74693940000 |    74395620000 |    73635790000 |    73222790000 |    74294150000 |    73253840000 |    73889110000 |    73243460000 |    74147330000 |   107260900000 |   106914000000 |   105112500000 |   106803200000 |   105345300000 |   105161800000 |   105232900000 |   105765600000 |    74432780000 |    74663760000 |    74345760000 |    74739920000 |    74050650000 |    75040360000 |    73886010000 |    74203790000 |    74856890000 |    74831940000 |    74097100000 |    75040390000 |    73456410000 |    73726590000 |    73674310000 |    74481390000 |   106315600000 |   108379600000 |   107142400000 |   106901400000 |   105318100000 |   106263600000 |   106106800000 |   106711500000 |    75482060000 |    75868760000 |    75933820000 |    75301870000 |    74669530000 |    74555340000 |    74200230000 |    75560750000 |    73213210000 |    72907690000 |    73656630000 |    73434530000 |    73865960000 |    73673010000 |    74033770000 |    73304210000 |   106246300000 |   106722200000 |   105656000000 |   106256900000 |   106547600000 |   108015400000 |   105279800000 |   106450900000 |    74796990000 |    74838620000 |    74820320000 |    75006480000 |    75019160000 |    74717100000 |    74395860000 |    75318620000 |    74575050000 |    75306710000 |    72795040000 |    74269290000 |    73299250000 |    74654540000 |    73804360000 |    74735190000 |   109157800000 |   109941500000 |   107541600000 |   108849200000 |   107672400000 |   108441400000 |   106748100000 |   108191000000 |    75967100000 |    76253750000 |    75163790000 |    75373780000 |    75160960000 |    75371000000 |    74932590000 |    74836780000 |    73634980000 |    74004910000 |    73380340000 |    73550760000 |    72411140000 |    73841650000 |    73542900000 |    73816870000 |   107411900000 |   109134400000 |   106421200000 |   108064200000 |   107711000000 |   106890300000 |   106608900000 |   108188000000 |    75025250000 |    75267210000 |    74098610000 |    74162450000 |    74831100000 |    74394600000 |    74399410000 |    74765120000 |    74377260000 |    75254460000 |    74022960000 |    74948290000 |    74438330000 |    74256360000 |    74604840000 |    74427750000 |   110997300000 |   110716700000 |   108011800000 |   110177000000 |   108577500000 |   108782800000 |   108561200000 |   108851900000 |    76704110000 |    76719760000 |    76263090000 |    76487690000 |    76020100000 |    77047060000 |    76661660000 |    76122720000 |   110104000000 |   111492600000 |   109402800000 |   109483200000 |   109945200000 |   110154000000 |   109001900000 |   109614400000 |
| L2_CACHE_MISS_AFTER_L1_MISS |   PMC4  |    14718990000 |    14572250000 |    14732640000 |    14631510000 |    14763900000 |    14674180000 |    14518490000 |    14646090000 |    21156120000 |    21443380000 |    21514040000 |    21044320000 |    21456210000 |    21068030000 |    21300430000 |    21198190000 |    15022220000 |    15095750000 |    15088780000 |    14962910000 |    14994990000 |    15007360000 |    14931830000 |    15043280000 |    14747320000 |    14891190000 |    14921460000 |    14694450000 |    14903040000 |    14755860000 |    14838640000 |    14677900000 |    20950330000 |    20919120000 |    21216150000 |    20885040000 |    21109820000 |    21085380000 |    21005100000 |    20878840000 |    14943090000 |    14880830000 |    14873020000 |    14827550000 |    14923340000 |    14733520000 |    14925650000 |    14839190000 |    14747390000 |    14722860000 |    14836260000 |    14654930000 |    14941210000 |    14861720000 |    14826830000 |    14672840000 |    21424590000 |    21052770000 |    21210260000 |    21182000000 |    21427780000 |    21202780000 |    21177960000 |    21078790000 |    15145370000 |    15018730000 |    15007440000 |    15099090000 |    15226370000 |    15196080000 |    15237420000 |    14967330000 |    14953850000 |    14958210000 |    14820350000 |    14854620000 |    14783970000 |    14803450000 |    14712070000 |    14850840000 |    21262950000 |    21129330000 |    21269560000 |    21107440000 |    21081540000 |    20803610000 |    21148760000 |    20964350000 |    15075010000 |    15042240000 |    15011500000 |    14978780000 |    14978710000 |    15008900000 |    15009050000 |    14883000000 |    15148770000 |    15055510000 |    15382410000 |    15195070000 |    15281560000 |    15105960000 |    15163560000 |    15050480000 |    21694580000 |    21589040000 |    21844400000 |    21637180000 |    21706010000 |    21573660000 |    21741840000 |    21540660000 |    15300590000 |    15262960000 |    15397070000 |    15374110000 |    15402500000 |    15343810000 |    15382630000 |    15400620000 |    15032540000 |    14978800000 |    15014150000 |    15002980000 |    15169400000 |    14945430000 |    14932130000 |    14876920000 |    21715320000 |    21376660000 |    21683640000 |    21448950000 |    21462980000 |    21534550000 |    21524290000 |    21266960000 |    15294370000 |    15266590000 |    15366100000 |    15433610000 |    15263310000 |    15338090000 |    15221020000 |    15171770000 |    15192430000 |    15074240000 |    15212930000 |    15092700000 |    15135030000 |    15168640000 |    15027260000 |    15100280000 |    21876830000 |    21894780000 |    22150700000 |    21829330000 |    21985540000 |    21955390000 |    21870430000 |    21834130000 |    15475930000 |    15458600000 |    15522090000 |    15506040000 |    15544990000 |    15374800000 |    15378690000 |    15450980000 |    21989260000 |    21721800000 |    21955860000 |    21907700000 |    21792320000 |    21777010000 |    21821240000 |    21727990000 |
+-----------------------------+---------+----------------+----------------+----------------+----------------+----------------+----------------+----------------+----------------+----------------+----------------+----------------+----------------+----------------+----------------+----------------+----------------+----------------+----------------+----------------+----------------+----------------+----------------+----------------+----------------+----------------+----------------+----------------+----------------+----------------+----------------+----------------+----------------+----------------+----------------+----------------+----------------+----------------+----------------+----------------+----------------+----------------+----------------+----------------+----------------+----------------+----------------+----------------+----------------+----------------+----------------+----------------+----------------+----------------+----------------+----------------+----------------+----------------+----------------+----------------+----------------+----------------+----------------+----------------+----------------+----------------+----------------+----------------+----------------+----------------+----------------+----------------+----------------+----------------+----------------+----------------+----------------+----------------+----------------+----------------+----------------+----------------+----------------+----------------+----------------+----------------+----------------+----------------+----------------+----------------+----------------+----------------+----------------+----------------+----------------+----------------+----------------+----------------+----------------+----------------+----------------+----------------+----------------+----------------+----------------+----------------+----------------+----------------+----------------+----------------+----------------+----------------+----------------+----------------+----------------+----------------+----------------+----------------+----------------+----------------+----------------+----------------+----------------+----------------+----------------+----------------+----------------+----------------+----------------+----------------+----------------+----------------+----------------+----------------+----------------+----------------+----------------+----------------+----------------+----------------+----------------+----------------+----------------+----------------+----------------+----------------+----------------+----------------+----------------+----------------+----------------+----------------+----------------+----------------+----------------+----------------+----------------+----------------+----------------+----------------+----------------+----------------+----------------+----------------+----------------+----------------+----------------+----------------+----------------+----------------+----------------+----------------+----------------+----------------+----------------+----------------+----------------+

+----------------------------------+---------+------------------+----------------+----------------+--------------+
|               Event              | Counter |        Sum       |       Min      |       Max      |      Avg     |
+----------------------------------+---------+------------------+----------------+----------------+--------------+
|       ACTUAL_CPU_CLOCK STAT      |  FIXC1  | 1913032480000000 | 10859360000000 | 10880330000000 |      nil     |
|        MAX_CPU_CLOCK STAT        |  FIXC2  | 1345835724000000 |  7643359000000 |  7652138000000 | 7.646794e+12 |
|     RETIRED_INSTRUCTIONS STAT    |   PMC0  |  972334491000000 |  4807215000000 |  6785697000000 | 5.524628e+12 |
|     CPU_CLOCKS_UNHALTED STAT     |   PMC1  | 1902484370000000 | 10794580000000 | 10826080000000 |      nil     |
|       L2_PF_HIT_IN_L3 STAT       |   PMC2  |    6268115360000 |    26770290000 |    51516250000 | 3.561429e+10 |
|       L2_PF_MISS_IN_L3 STAT      |   PMC3  |   15234656810000 |    72411140000 |   111492600000 | 8.656055e+10 |
| L2_CACHE_MISS_AFTER_L1_MISS STAT |   PMC4  |    3056124090000 |    14518490000 |    22150700000 | 1.736434e+10 |
+----------------------------------+---------+------------------+----------------+----------------+--------------+

+-------------------------+------------+------------+------------+------------+------------+------------+------------+------------+------------+------------+-------------+-------------+-------------+-------------+-------------+-------------+-------------+-------------+-------------+-------------+-------------+-------------+-------------+-------------+-------------+-------------+-------------+-------------+-------------+-------------+-------------+-------------+-------------+-------------+-------------+-------------+-------------+-------------+-------------+-------------+-------------+-------------+-------------+-------------+-------------+-------------+-------------+-------------+-------------+-------------+-------------+-------------+-------------+-------------+-------------+-------------+-------------+-------------+-------------+-------------+-------------+-------------+-------------+-------------+-------------+-------------+-------------+-------------+-------------+-------------+-------------+-------------+-------------+-------------+-------------+-------------+-------------+-------------+-------------+-------------+-------------+-------------+-------------+-------------+-------------+-------------+-------------+-------------+-------------+-------------+-------------+-------------+-------------+-------------+-------------+-------------+-------------+-------------+-------------+-------------+--------------+--------------+--------------+--------------+--------------+--------------+--------------+--------------+--------------+--------------+--------------+--------------+--------------+--------------+--------------+--------------+--------------+--------------+--------------+--------------+--------------+--------------+--------------+--------------+--------------+--------------+--------------+--------------+--------------+--------------+--------------+--------------+--------------+--------------+--------------+--------------+--------------+--------------+--------------+--------------+--------------+--------------+--------------+--------------+--------------+--------------+--------------+--------------+--------------+--------------+--------------+--------------+--------------+--------------+--------------+--------------+--------------+--------------+--------------+--------------+--------------+--------------+--------------+--------------+--------------+--------------+--------------+--------------+--------------+--------------+--------------+--------------+--------------+--------------+--------------+--------------+
|          Metric         | HWThread 0 | HWThread 1 | HWThread 2 | HWThread 3 | HWThread 4 | HWThread 5 | HWThread 6 | HWThread 7 | HWThread 8 | HWThread 9 | HWThread 10 | HWThread 11 | HWThread 12 | HWThread 13 | HWThread 14 | HWThread 15 | HWThread 16 | HWThread 17 | HWThread 18 | HWThread 19 | HWThread 20 | HWThread 21 | HWThread 22 | HWThread 23 | HWThread 24 | HWThread 25 | HWThread 26 | HWThread 27 | HWThread 28 | HWThread 29 | HWThread 30 | HWThread 31 | HWThread 32 | HWThread 33 | HWThread 34 | HWThread 35 | HWThread 36 | HWThread 37 | HWThread 38 | HWThread 39 | HWThread 40 | HWThread 41 | HWThread 42 | HWThread 43 | HWThread 44 | HWThread 45 | HWThread 46 | HWThread 47 | HWThread 48 | HWThread 49 | HWThread 50 | HWThread 51 | HWThread 52 | HWThread 53 | HWThread 54 | HWThread 55 | HWThread 56 | HWThread 57 | HWThread 58 | HWThread 59 | HWThread 60 | HWThread 61 | HWThread 62 | HWThread 63 | HWThread 64 | HWThread 65 | HWThread 66 | HWThread 67 | HWThread 68 | HWThread 69 | HWThread 70 | HWThread 71 | HWThread 72 | HWThread 73 | HWThread 74 | HWThread 75 | HWThread 76 | HWThread 77 | HWThread 78 | HWThread 79 | HWThread 80 | HWThread 81 | HWThread 82 | HWThread 83 | HWThread 84 | HWThread 85 | HWThread 86 | HWThread 87 | HWThread 88 | HWThread 89 | HWThread 90 | HWThread 91 | HWThread 92 | HWThread 93 | HWThread 94 | HWThread 95 | HWThread 96 | HWThread 97 | HWThread 98 | HWThread 99 | HWThread 100 | HWThread 101 | HWThread 102 | HWThread 103 | HWThread 104 | HWThread 105 | HWThread 106 | HWThread 107 | HWThread 108 | HWThread 109 | HWThread 110 | HWThread 111 | HWThread 112 | HWThread 113 | HWThread 114 | HWThread 115 | HWThread 116 | HWThread 117 | HWThread 118 | HWThread 119 | HWThread 120 | HWThread 121 | HWThread 122 | HWThread 123 | HWThread 124 | HWThread 125 | HWThread 126 | HWThread 127 | HWThread 128 | HWThread 129 | HWThread 130 | HWThread 131 | HWThread 132 | HWThread 133 | HWThread 134 | HWThread 135 | HWThread 136 | HWThread 137 | HWThread 138 | HWThread 139 | HWThread 140 | HWThread 141 | HWThread 142 | HWThread 143 | HWThread 144 | HWThread 145 | HWThread 146 | HWThread 147 | HWThread 148 | HWThread 149 | HWThread 150 | HWThread 151 | HWThread 152 | HWThread 153 | HWThread 154 | HWThread 155 | HWThread 156 | HWThread 157 | HWThread 158 | HWThread 159 | HWThread 160 | HWThread 161 | HWThread 162 | HWThread 163 | HWThread 164 | HWThread 165 | HWThread 166 | HWThread 167 | HWThread 168 | HWThread 169 | HWThread 170 | HWThread 171 | HWThread 172 | HWThread 173 | HWThread 174 | HWThread 175 |
+-------------------------+------------+------------+------------+------------+------------+------------+------------+------------+------------+------------+-------------+-------------+-------------+-------------+-------------+-------------+-------------+-------------+-------------+-------------+-------------+-------------+-------------+-------------+-------------+-------------+-------------+-------------+-------------+-------------+-------------+-------------+-------------+-------------+-------------+-------------+-------------+-------------+-------------+-------------+-------------+-------------+-------------+-------------+-------------+-------------+-------------+-------------+-------------+-------------+-------------+-------------+-------------+-------------+-------------+-------------+-------------+-------------+-------------+-------------+-------------+-------------+-------------+-------------+-------------+-------------+-------------+-------------+-------------+-------------+-------------+-------------+-------------+-------------+-------------+-------------+-------------+-------------+-------------+-------------+-------------+-------------+-------------+-------------+-------------+-------------+-------------+-------------+-------------+-------------+-------------+-------------+-------------+-------------+-------------+-------------+-------------+-------------+-------------+-------------+--------------+--------------+--------------+--------------+--------------+--------------+--------------+--------------+--------------+--------------+--------------+--------------+--------------+--------------+--------------+--------------+--------------+--------------+--------------+--------------+--------------+--------------+--------------+--------------+--------------+--------------+--------------+--------------+--------------+--------------+--------------+--------------+--------------+--------------+--------------+--------------+--------------+--------------+--------------+--------------+--------------+--------------+--------------+--------------+--------------+--------------+--------------+--------------+--------------+--------------+--------------+--------------+--------------+--------------+--------------+--------------+--------------+--------------+--------------+--------------+--------------+--------------+--------------+--------------+--------------+--------------+--------------+--------------+--------------+--------------+--------------+--------------+--------------+--------------+--------------+--------------+
|   Runtime (RDTSC) [s]   |  2999.8810 |  2947.4880 |  2970.5020 |  2967.9620 |  2972.0190 |  2963.6210 |  3007.4200 |  2968.3410 |  3001.5030 |  2975.6030 |   2946.0840 |   2955.0460 |   2966.4370 |   2952.2010 |   2967.5820 |   2972.3960 |   2949.0420 |   2960.0510 |   2966.0590 |   2974.1940 |   2992.8740 |   2952.9750 |   2950.9690 |   2965.2920 |   2968.9800 |   2994.5170 |   2949.7980 |   2950.4430 |   2977.5580 |   2950.1760 |   2994.5160 |   2949.7970 |   2960.8620 |   2964.6450 |   2997.0540 |   2957.4610 |   2959.6640 |   2961.6810 |   2970.1140 |   2964.6450 |   2982.7400 |   2954.3990 |   2954.3990 |   3005.3940 |   2966.8090 |   2951.7670 |   2973.8030 |   2962.4620 |   2961.2960 |   2987.3410 |   2996.6700 |   2967.1950 |   2983.1760 |   2989.6190 |   2998.6390 |   2967.9600 |   2995.1680 |   2991.7770 |        2964 |   2953.3650 |   2969.7390 |   2963.9980 |   2953.3650 |   2994.1440 |   2993.7260 |   2971.6420 |   2974.9650 |   2962.0730 |   2969.3600 |   2974.9660 |   2972.7740 |   2972.7750 |   2980.3070 |   2996.2360 |   2980.3080 |   2974.5770 |   3002.7510 |   2965.6770 |   2979.1850 |   2971.2650 |   2949.4150 |   2958.9770 |   2954.0160 |   2958.9770 |   2962.8540 |   2957.8990 |   2973.4190 |   2955.8510 |   2948.3510 |   2943.6550 |   2970.8870 |   2948.3530 |   3000.6500 |   2963.2440 |   2952.5940 |   2956.2790 |   3007.8530 |   2956.6550 |   2951.3450 |   2999.0720 |    2990.8510 |    2990.8520 |    2999.8830 |    2990.8520 |    2977.9820 |    3002.3610 |    2982.3540 |    2958.2850 |    2958.2850 |    3001.0800 |    2977.1760 |    3003.1770 |    2975.9840 |    2992.1940 |    2990.0440 |    2984.6330 |    2984.6330 |    2992.1940 |    2995.5470 |    2995.5470 |    2960.4320 |    2997.8740 |    2945.7000 |    2990.4630 |    2978.4040 |    2946.5160 |    2946.5160 |    2946.5170 |    2985.9220 |    2981.8190 |    3003.6070 |    2981.4290 |    3000.2650 |    3007.0320 |    2985.6620 |    2981.4300 |    3004.3710 |    2957.0820 |    2997.4410 |    2945.0470 |    2976.7920 |    2999.5020 |    2955.4290 |    2945.0470 |    2985.2790 |    2987.7610 |    2985.2790 |    2976.4070 |    3006.2660 |    2978.7920 |    2987.7600 |    2998.2530 |    2989.0870 |    3004.7540 |    2988.4520 |    3004.7550 |    2988.4530 |    2986.9520 |    3003.9870 |    2988.1810 |    3006.6580 |    2993.3010 |    2983.5600 |    2944.6570 |    2979.6210 |    2979.6200 |    3008.2800 |    2983.5600 |    2984.2440 |    2943.9520 |    2947.9190 |    2980.9920 |    3005.8280 |    2986.5580 |    2943.9540 |    3001.9250 |
|   Runtime unhalted [s]  |  4180.6852 |  4177.7736 |  4178.2429 |  4179.2621 |  4178.7352 |  4178.5736 |  4178.9890 |  4178.4890 |  4177.1813 |  4177.7275 |   4178.6583 |   4177.4429 |   4178.1083 |   4177.4159 |   4176.9159 |   4177.8390 |   4179.3852 |   4178.6583 |   4178.6813 |   4179.0121 |   4178.4775 |   4178.6313 |   4178.6044 |   4179.1698 |   4178.3390 |   4178.4621 |   4178.8736 |   4178.4159 |   4178.7390 |   4178.5852 |   4178.4044 |   4178.9275 |   4177.2736 |   4177.6813 |   4177.1890 |   4177.1582 |   4177.1929 |   4177.7390 |   4177.8929 |   4177.4890 |   4179.1121 |   4178.5852 |   4178.2506 |   4178.9006 |   4179.2121 |   4178.4659 |   4179.2621 |   4178.9236 |   4178.2621 |   4178.1467 |   4177.8313 |   4178.6660 |   4179.2313 |   4177.9852 |   4178.5544 |   4178.3313 |   4177.8736 |   4177.6583 |   4177.6236 |   4176.7082 |   4177.9506 |   4177.7736 |   4176.8813 |   4178.3083 |   4178.8467 |   4178.2852 |   4178.1159 |   4178.1852 |   4178.4967 |   4178.5621 |   4178.4775 |   4178.3083 |   4178.3352 |   4178.1429 |   4178.3506 |   4178.3313 |   4178.5736 |   4178.4890 |   4178.0352 |   4178.6467 |   4177.4275 |   4176.8967 |   4177.6236 |   4176.9159 |   4177.1044 |   4177.1890 |   4177.6044 |   4177.7044 |   4178.0429 |   4178.1467 |   4177.8621 |   4178.0736 |   4178.3736 |   4178.1236 |   4178.0198 |   4178.9160 |   4183.6391 |   4184.0198 |   4184.1852 |   4184.1275 |    4184.4006 |    4184.0621 |    4184.0775 |    4184.7622 |    4182.6314 |    4183.1698 |    4183.3352 |    4183.4006 |    4183.2237 |    4183.2468 |    4183.3429 |    4183.3083 |    4183.9083 |    4183.6544 |    4183.8698 |    4183.3698 |    4184.2698 |    4183.9083 |    4184.7737 |    4183.6198 |    4183.7352 |    4184.0045 |    4183.9314 |    4183.8698 |    4183.1852 |    4183.5198 |    4183.7506 |    4183.2506 |    4182.9621 |    4182.6506 |    4183.0275 |    4182.6929 |    4183.0968 |    4182.8237 |    4183.4468 |    4183.0621 |    4183.5814 |    4183.8083 |    4183.6429 |    4183.0929 |    4183.9006 |    4183.6814 |    4183.6968 |    4184.1352 |    4183.7468 |    4183.8506 |    4183.2737 |    4183.3775 |    4183.2583 |    4183.7391 |    4182.5391 |    4183.3660 |    4182.9891 |    4183.0775 |    4182.8544 |    4183.1621 |    4182.9121 |    4182.4506 |    4182.8929 |    4183.1160 |    4183.6506 |    4183.4544 |    4183.8968 |    4183.8083 |    4183.7968 |    4183.7314 |    4183.6814 |    4183.6891 |    4183.0006 |    4183.3391 |    4183.1852 |    4183.4121 |    4183.4698 |    4183.5160 |    4182.8044 |    4183.6160 |
|       Clock [MHz]       |  3693.2173 |  3692.8535 |  3692.9776 |  3693.0291 |  3693.0660 |  3692.9619 |  3692.9563 |  3693.0783 |  3693.0760 |  3693.0223 |   3693.0888 |   3693.0315 |   3693.0368 |   3693.0753 |   3693.0066 |   3692.9958 |   3693.0881 |   3693.0198 |   3692.9943 |   3693.0370 |   3693.0739 |   3693.0476 |   3693.0277 |   3693.0344 |   3693.0558 |   3693.0275 |   3693.0377 |   3693.0292 |   3693.0680 |   3693.0218 |   3693.0373 |   3693.0371 |   3693.0277 |   3693.0853 |   3693.0611 |   3693.0368 |   3693.0017 |   3693.0784 |   3693.0265 |   3693.0931 |   3693.0428 |   3693.0170 |   3693.0612 |   3693.0606 |   3693.0477 |   3693.0299 |   3693.0933 |   3693.0467 |   3693.0424 |   3693.0225 |   3693.0354 |   3693.0531 |   3693.0453 |   3693.0849 |   3693.0622 |   3693.0389 |   3693.0197 |   3693.0335 |   3693.0242 |   3693.0210 |   3693.0910 |   3693.0674 |   3693.0204 |   3693.1102 |   3693.0917 |   3693.0208 |   3693.0677 |   3693.0323 |   3693.0310 |   3693.0352 |   3693.0739 |   3692.9996 |   3692.9887 |   3693.0268 |   3693.0897 |   3693.1099 |   3693.0652 |   3693.0604 |   3693.0514 |   3693.0284 |   3693.0749 |   3693.0741 |   3693.0899 |   3693.0839 |   3693.0713 |   3693.0476 |   3693.0975 |   3693.0516 |   3693.0360 |   3693.1022 |   3693.1133 |   3693.1144 |   3693.0845 |   3693.0451 |   3693.0301 |   3693.0153 |   3698.7172 |   3698.9571 |   3698.8561 |   3698.8597 |    3698.8293 |    3698.8508 |    3698.8122 |    3698.8911 |    3698.8910 |    3698.9017 |    3698.9773 |    3699.1208 |    3699.1317 |    3699.0428 |    3699.0557 |    3699.1248 |    3698.9112 |    3698.8851 |    3698.9676 |    3698.8536 |    3698.9357 |    3698.8759 |    3698.9061 |    3698.9067 |    3698.8815 |    3698.8902 |    3698.8581 |    3698.7775 |    3698.8132 |    3698.9233 |    3698.8201 |    3698.9291 |    3698.8942 |    3698.9284 |    3698.9360 |    3698.9769 |    3698.9556 |    3698.8883 |    3698.7997 |    3699.0044 |    3698.8829 |    3698.8204 |    3698.8526 |    3698.8869 |    3698.8807 |    3698.8213 |    3698.8291 |    3698.8656 |    3698.8941 |    3698.8640 |    3698.8735 |    3698.9121 |    3698.9436 |    3698.8757 |    3698.8723 |    3698.8444 |    3699.1546 |    3699.0344 |    3699.0506 |    3699.0464 |    3699.0677 |    3698.9963 |    3699.1683 |    3698.8812 |    3698.8590 |    3698.8553 |    3698.9150 |    3698.8474 |    3698.8377 |    3698.8220 |    3698.8542 |    3698.8625 |    3699.1063 |    3699.1593 |    3699.3450 |    3699.4208 |    3699.4762 |    3699.3462 |    3699.3335 |    3699.2943 |
|           CPI           |     2.2273 |     2.2408 |     2.2273 |     2.2363 |     2.2246 |     2.2318 |     2.2472 |     2.2354 |     1.6584 |     1.6449 |      1.6423 |      1.6629 |      1.6447 |      1.6625 |      1.6523 |      1.6578 |      2.1970 |      2.1923 |      2.1901 |      2.2020 |      2.1985 |      2.1965 |      2.2048 |      2.1961 |      2.2248 |      2.2117 |      2.2103 |      2.2323 |      2.2105 |      2.2249 |      2.2185 |      2.2322 |      1.6746 |      1.6746 |      1.6621 |      1.6781 |      1.6675 |      1.6685 |      1.6734 |      1.6786 |      2.2066 |      2.2114 |      2.2129 |      2.2178 |      2.2077 |      2.2266 |      2.2088 |      2.2154 |      2.2260 |      2.2259 |      2.2175 |      2.2324 |      2.2084 |      2.2153 |      2.2177 |      2.2309 |      1.6471 |      1.6647 |      1.6585 |      1.6597 |      1.6487 |      1.6583 |      1.6611 |      1.6659 |      2.1849 |      2.1948 |      2.1998 |      2.1898 |      2.1785 |      2.1804 |      2.1769 |      2.2010 |      2.2050 |      2.2030 |      2.2177 |      2.2134 |      2.2221 |      2.2187 |      2.2276 |      2.2136 |      1.6547 |      1.6600 |      1.6560 |      1.6612 |      1.6654 |      1.6764 |      1.6622 |      1.6700 |      2.1917 |      2.1937 |      2.1974 |      2.2006 |      2.2009 |      2.1969 |      2.1985 |      2.2077 |      2.1978 |      2.2060 |      2.1775 |      2.1952 |       2.1852 |       2.2014 |       2.1959 |       2.2089 |       1.6254 |       1.6300 |       1.6202 |       1.6285 |       1.6256 |       1.6313 |       1.6244 |       1.6336 |       2.1763 |       2.1804 |       2.1687 |       2.1720 |       2.1701 |       2.1745 |       2.1719 |       2.1711 |       2.2102 |       2.2160 |       2.2123 |       2.2140 |       2.1993 |       2.2178 |       2.2215 |       2.2256 |       1.6293 |       1.6428 |       1.6295 |       1.6397 |       1.6402 |       1.6356 |       1.6383 |       1.6495 |       2.1810 |       2.1840 |       2.1746 |       2.1734 |       2.1846 |       2.1784 |       2.1872 |       2.1917 |       2.1865 |       2.1953 |       2.1831 |       2.1926 |       2.1882 |       2.1864 |       2.1981 |       2.1940 |       1.6066 |       1.6053 |       1.5942 |       1.6092 |       1.6014 |       1.6036 |       1.6073 |       1.6097 |       2.1477 |       2.1485 |       2.1454 |       2.1485 |       2.1437 |       2.1588 |       2.1591 |       2.1524 |       1.5978 |       1.6081 |       1.5993 |       1.6010 |       1.6064 |       1.6081 |       1.6054 |       1.6106 |
| L3 bandwidth [MBytes/s] |  2498.0127 |  2521.2424 |  2525.4187 |  2512.9935 |  2529.9329 |  2523.7097 |  2461.2120 |  2513.7951 |  3723.0711 |  3799.7540 |   3848.3248 |   3767.2854 |   3813.2676 |   3772.5748 |   3786.0366 |   3762.7419 |   2594.0128 |   2597.2731 |   2592.6730 |   2563.9052 |   2553.4094 |   2590.7807 |   2579.0545 |   2581.9735 |   2530.9670 |   2531.4403 |   2573.3700 |   2533.8926 |   2547.8416 |   2547.5381 |   2520.1285 |   2534.7577 |   3728.5462 |   3720.2821 |   3721.2705 |   3720.0192 |   3752.7767 |   3746.3606 |   3720.6194 |   3709.2255 |   2549.4100 |   2565.0851 |   2562.4659 |   2511.6338 |   2562.5405 |   2541.0578 |   2553.2092 |   2550.5532 |   2535.2865 |   2511.1687 |   2520.4760 |   2518.6061 |   2547.7815 |   2528.9892 |   2517.7464 |   2520.1599 |   3767.8800 |   3715.8992 |   3772.8028 |   3779.7460 |   3796.0036 |   3771.0235 |   3776.5137 |   3710.7145 |   2574.8616 |   2576.4368 |   2568.2898 |   2594.2484 |   2610.6032 |   2600.9818 |   2608.6680 |   2564.9193 |   2555.5323 |   2544.1378 |   2533.0736 |   2545.0391 |   2507.9901 |   2544.3873 |   2516.6105 |   2547.1051 |   3801.5151 |   3769.6046 |   3793.5734 |   3765.7573 |   3753.0663 |   3720.4154 |   3748.0990 |   3743.5314 |   2603.4660 |   2603.8301 |   2573.4924 |   2587.1492 |   2542.4620 |   2581.0008 |   2587.6608 |   2566.8001 |   2507.9343 |   2536.5088 |   2593.9011 |   2520.4878 |    2544.8378 |    2515.5994 |    2518.0141 |    2502.4755 |    3806.8230 |    3760.7561 |    3821.9465 |    3822.0964 |    3834.4017 |    3758.6695 |    3812.7826 |    3748.2885 |    2567.3536 |    2547.1360 |    2568.4763 |    2569.7571 |    2572.1881 |    2557.6008 |    2560.0910 |    2560.9988 |    2526.0923 |    2484.1794 |    2535.3169 |    2496.5730 |    2530.1280 |    2524.7840 |    2519.2679 |    2510.8690 |    3788.7639 |    3744.4516 |    3764.5142 |    3756.7407 |    3736.1726 |    3738.3288 |    3760.3881 |    3726.2860 |    2535.8896 |    2571.8255 |    2554.7742 |    2602.6918 |    2555.0009 |    2545.7397 |    2566.8001 |    2568.9388 |    2548.5675 |    2526.4432 |    2550.1694 |    2539.9324 |    2523.2156 |    2549.8179 |    2519.7749 |    2518.9638 |    3848.8390 |    3831.4936 |    3890.7903 |    3820.8900 |    3866.9359 |    3860.2185 |    3827.5031 |    3840.6505 |    2589.6136 |    2596.7601 |    2614.2808 |    2644.6431 |    2621.0178 |    2592.3480 |    2567.9267 |    2601.4676 |    3883.4345 |    3901.0623 |    3926.7830 |    3876.5269 |    3827.5316 |    3845.2566 |    3908.8396 |    3818.3505 |
| L3 data volume [GBytes] |  7493.7408 |  7431.3318 |  7501.7613 |  7458.4691 |  7519.0086 |  7479.3190 |  7401.8982 |  7461.8010 | 11174.8090 | 11306.5594 |  11337.4880 |  11132.5018 |  11311.8182 |  11137.3990 |  11235.3741 |  11184.3590 |   7649.8528 |   7688.0608 |   7690.0211 |   7625.5514 |   7642.0326 |   7650.5107 |   7610.7098 |   7656.3053 |   7514.3904 |   7580.4410 |   7590.9216 |   7476.1056 |   7586.3462 |   7515.6858 |   7546.5651 |   7477.0208 |  11039.7107 |  11029.3158 |  11152.8486 |  11001.8118 |  11106.9581 |  11095.5251 |  11050.6637 |  10996.5370 |   7604.2272 |   7578.2848 |   7570.5466 |   7548.4493 |   7602.5683 |   7500.6106 |   7592.7411 |   7555.9168 |   7507.7338 |   7501.7171 |   7553.0349 |   7473.1955 |   7600.4806 |   7560.7142 |   7549.8125 |   7479.7338 |  11285.4336 |  11117.1418 |  11182.5875 |  11162.9696 |  11273.1398 |  11177.3062 |  11153.4234 |  11110.4134 |   7708.4301 |   7656.2477 |   7640.5722 |   7684.3533 |   7751.8208 |   7737.8323 |   7754.9805 |   7624.9280 |   7616.2707 |   7622.8371 |   7549.3395 |   7570.4147 |   7530.8698 |   7545.8310 |   7497.4483 |   7568.1242 |  11212.2458 |  11154.1734 |  11206.2765 |  11142.7891 |  11119.7875 |  11004.6131 |  11144.6688 |  11065.3210 |   7675.9315 |   7664.7776 |   7645.5552 |   7627.8291 |   7629.0387 |   7648.1350 |   7640.3117 |   7588.1773 |   7543.4976 |   7499.5814 |   7655.4970 |   7559.1245 |    7611.2307 |    7523.7856 |    7553.7478 |    7484.5338 |   11336.6502 |   11291.1475 |   11398.3974 |   11306.8506 |   11343.2531 |   11280.0678 |   11351.3248 |   11256.7738 |    7640.4032 |    7621.5251 |    7679.8573 |    7669.7818 |    7677.0374 |    7652.8378 |    7668.8730 |    7671.5923 |    7478.3245 |    7447.2570 |    7468.2829 |    7465.9091 |    7535.7434 |    7439.3165 |    7423.0630 |    7398.3181 |   11312.9536 |   11165.2768 |   11307.1213 |   11200.4557 |   11209.5078 |   11241.2742 |   11227.2480 |   11109.6608 |    7618.7533 |    7605.0989 |    7657.7850 |    7665.0496 |    7605.7062 |    7635.9514 |    7585.9955 |    7565.6454 |    7608.1850 |    7548.4083 |    7612.9670 |    7559.8726 |    7585.4573 |    7595.3773 |    7528.4826 |    7552.4909 |   11504.5146 |   11512.6957 |   11627.4400 |   11480.8384 |   11556.1562 |   11530.2874 |   11497.7696 |   11476.5587 |    7786.0826 |    7772.8845 |    7799.8637 |    7787.5667 |    7809.6397 |    7724.2118 |    7725.0426 |    7761.6346 |   11589.1162 |   11484.5402 |   11575.8381 |   11555.8957 |   11504.9018 |   11484.0819 |   11507.4438 |   11462.4019 |
+-------------------------+------------+------------+------------+------------+------------+------------+------------+------------+------------+------------+-------------+-------------+-------------+-------------+-------------+-------------+-------------+-------------+-------------+-------------+-------------+-------------+-------------+-------------+-------------+-------------+-------------+-------------+-------------+-------------+-------------+-------------+-------------+-------------+-------------+-------------+-------------+-------------+-------------+-------------+-------------+-------------+-------------+-------------+-------------+-------------+-------------+-------------+-------------+-------------+-------------+-------------+-------------+-------------+-------------+-------------+-------------+-------------+-------------+-------------+-------------+-------------+-------------+-------------+-------------+-------------+-------------+-------------+-------------+-------------+-------------+-------------+-------------+-------------+-------------+-------------+-------------+-------------+-------------+-------------+-------------+-------------+-------------+-------------+-------------+-------------+-------------+-------------+-------------+-------------+-------------+-------------+-------------+-------------+-------------+-------------+-------------+-------------+-------------+-------------+--------------+--------------+--------------+--------------+--------------+--------------+--------------+--------------+--------------+--------------+--------------+--------------+--------------+--------------+--------------+--------------+--------------+--------------+--------------+--------------+--------------+--------------+--------------+--------------+--------------+--------------+--------------+--------------+--------------+--------------+--------------+--------------+--------------+--------------+--------------+--------------+--------------+--------------+--------------+--------------+--------------+--------------+--------------+--------------+--------------+--------------+--------------+--------------+--------------+--------------+--------------+--------------+--------------+--------------+--------------+--------------+--------------+--------------+--------------+--------------+--------------+--------------+--------------+--------------+--------------+--------------+--------------+--------------+--------------+--------------+--------------+--------------+--------------+--------------+--------------+--------------+

+------------------------------+--------------+-----------+------------+-----------+
|            Metric            |      Sum     |    Min    |     Max    |    Avg    |
+------------------------------+--------------+-----------+------------+-----------+
|   Runtime (RDTSC) [s] STAT   |  523718.8710 | 2943.6550 |  3008.2800 | 2975.6754 |
|   Runtime unhalted [s] STAT  |  735787.2400 | 4176.7082 |  4184.7737 | 4180.6093 |
|       Clock [MHz] STAT       |  650448.7877 | 3692.8535 |  3699.4762 | 3695.7317 |
|           CPI STAT           |     351.3329 |    1.5942 |     2.2472 |    1.9962 |
| L3 bandwidth [MBytes/s] STAT |  528206.2432 | 2461.2120 |  3926.7830 | 3001.1718 |
| L3 data volume [GBytes] STAT | 1.571769e+06 | 7398.3181 | 11627.4400 | 8930.5077 |
+------------------------------+--------------+-----------+------------+-----------+

