--------------------------------------------------------------------------------
CPU name:	AMD EPYC 9A14 96-Core Processor                
CPU type:	AMD K19 (Zen4) architecture
CPU clock:	2.60 GHz
--------------------------------------------------------------------------------
Sys.CPU_THREADS       192
SLURM_CPUS_PER_TASK   192
OMP_NUM_THREADS       192
OMP_PROC_BIND         close
OMP_PLACES            cores
BLAS_NUM_THREADS      1
Threads.nthreads()    1

Successfully read data from: /public/home/halili/jld2file/6-31g/hcn-1.0-6-31g.jld2
  name: hcn
  ratio: 1.0
  basis: 6-31g
  nα: 7, nβ: 7, ne: 14, norb: 20, nq: 40

  ngs: 13755
  ncs: 72681

Warming up JIT and Hardware...
Warm-up completed.
  Step 001:  residual: 7.7049e-01,  e: -92.82763179936519
  Step 002:  residual: 3.7087e-01,  e: -93.01183870091371
  Step 003:  residual: 1.4548e-01,  e: -93.04687547020988
  Step 004:  residual: 5.7932e-02,  e: -93.05170251010360
  Step 005:  residual: 2.8328e-02,  e: -93.05243615719459
  Step 006:  residual: 1.3340e-02,  e: -93.05261925959134
  Step 007:  residual: 5.6500e-03,  e: -93.05265620776106
  Step 008:  residual: 2.2421e-03,  e: -93.05266215767666
  Step 009:  residual: 8.8227e-04,  e: -93.05266309075186
  Step 010:  residual: 3.8870e-04,  e: -93.05266324625460
  Step 011:  residual: 1.8353e-04,  e: -93.05266327684501
  Step 012:  residual: 8.8481e-05,  e: -93.05266328403737
  Step 013:  residual: 3.8778e-05,  e: -93.05266328559647
  Step 014:  residual: 1.6948e-05,  e: -93.05266328585463
  Step 015:  residual: 6.9143e-06,  e: -93.05266328590372

Convergence reached!
3075.050922 seconds (7.21 M allocations: 347.495 GiB, 0.02% gc time, 0.07% compilation time)
--------------------------------------------------------------------------------
Region hvec_direct_agg, Group 1: L3
+-------------------+-------------+-------------+-------------+-------------+-------------+-------------+-------------+-------------+-------------+-------------+-------------+-------------+-------------+-------------+-------------+-------------+-------------+-------------+-------------+-------------+-------------+-------------+-------------+-------------+-------------+-------------+-------------+-------------+-------------+-------------+-------------+-------------+-------------+-------------+-------------+-------------+-------------+-------------+-------------+-------------+-------------+-------------+-------------+-------------+-------------+-------------+-------------+-------------+-------------+-------------+-------------+-------------+-------------+-------------+-------------+-------------+-------------+-------------+-------------+-------------+-------------+-------------+-------------+-------------+-------------+-------------+-------------+-------------+-------------+-------------+-------------+-------------+-------------+-------------+-------------+-------------+-------------+-------------+-------------+-------------+-------------+-------------+-------------+-------------+-------------+-------------+-------------+-------------+-------------+-------------+-------------+-------------+-------------+-------------+-------------+-------------+-------------+-------------+-------------+-------------+--------------+--------------+--------------+--------------+--------------+--------------+--------------+--------------+--------------+--------------+--------------+--------------+--------------+--------------+--------------+--------------+--------------+--------------+--------------+--------------+--------------+--------------+--------------+--------------+--------------+--------------+--------------+--------------+--------------+--------------+--------------+--------------+--------------+--------------+--------------+--------------+--------------+--------------+--------------+--------------+--------------+--------------+--------------+--------------+--------------+--------------+--------------+--------------+--------------+--------------+--------------+--------------+--------------+--------------+--------------+--------------+--------------+--------------+--------------+--------------+--------------+--------------+--------------+--------------+--------------+--------------+--------------+--------------+--------------+--------------+--------------+--------------+--------------+--------------+--------------+--------------+--------------+--------------+--------------+--------------+--------------+--------------+--------------+--------------+--------------+--------------+--------------+--------------+--------------+--------------+--------------+--------------+
|    Region Info    |  HWThread 0 |  HWThread 1 |  HWThread 2 |  HWThread 3 |  HWThread 4 |  HWThread 5 |  HWThread 6 |  HWThread 7 |  HWThread 8 |  HWThread 9 | HWThread 10 | HWThread 11 | HWThread 12 | HWThread 13 | HWThread 14 | HWThread 15 | HWThread 16 | HWThread 17 | HWThread 18 | HWThread 19 | HWThread 20 | HWThread 21 | HWThread 22 | HWThread 23 | HWThread 24 | HWThread 25 | HWThread 26 | HWThread 27 | HWThread 28 | HWThread 29 | HWThread 30 | HWThread 31 | HWThread 32 | HWThread 33 | HWThread 34 | HWThread 35 | HWThread 36 | HWThread 37 | HWThread 38 | HWThread 39 | HWThread 40 | HWThread 41 | HWThread 42 | HWThread 43 | HWThread 44 | HWThread 45 | HWThread 46 | HWThread 47 | HWThread 48 | HWThread 49 | HWThread 50 | HWThread 51 | HWThread 52 | HWThread 53 | HWThread 54 | HWThread 55 | HWThread 56 | HWThread 57 | HWThread 58 | HWThread 59 | HWThread 60 | HWThread 61 | HWThread 62 | HWThread 63 | HWThread 64 | HWThread 65 | HWThread 66 | HWThread 67 | HWThread 68 | HWThread 69 | HWThread 70 | HWThread 71 | HWThread 72 | HWThread 73 | HWThread 74 | HWThread 75 | HWThread 76 | HWThread 77 | HWThread 78 | HWThread 79 | HWThread 80 | HWThread 81 | HWThread 82 | HWThread 83 | HWThread 84 | HWThread 85 | HWThread 86 | HWThread 87 | HWThread 88 | HWThread 89 | HWThread 90 | HWThread 91 | HWThread 92 | HWThread 93 | HWThread 94 | HWThread 95 | HWThread 96 | HWThread 97 | HWThread 98 | HWThread 99 | HWThread 100 | HWThread 101 | HWThread 102 | HWThread 103 | HWThread 104 | HWThread 105 | HWThread 106 | HWThread 107 | HWThread 108 | HWThread 109 | HWThread 110 | HWThread 111 | HWThread 112 | HWThread 113 | HWThread 114 | HWThread 115 | HWThread 116 | HWThread 117 | HWThread 118 | HWThread 119 | HWThread 120 | HWThread 121 | HWThread 122 | HWThread 123 | HWThread 124 | HWThread 125 | HWThread 126 | HWThread 127 | HWThread 128 | HWThread 129 | HWThread 130 | HWThread 131 | HWThread 132 | HWThread 133 | HWThread 134 | HWThread 135 | HWThread 136 | HWThread 137 | HWThread 138 | HWThread 139 | HWThread 140 | HWThread 141 | HWThread 142 | HWThread 143 | HWThread 144 | HWThread 145 | HWThread 146 | HWThread 147 | HWThread 148 | HWThread 149 | HWThread 150 | HWThread 151 | HWThread 152 | HWThread 153 | HWThread 154 | HWThread 155 | HWThread 156 | HWThread 157 | HWThread 158 | HWThread 159 | HWThread 160 | HWThread 161 | HWThread 162 | HWThread 163 | HWThread 164 | HWThread 165 | HWThread 166 | HWThread 167 | HWThread 168 | HWThread 169 | HWThread 170 | HWThread 171 | HWThread 172 | HWThread 173 | HWThread 174 | HWThread 175 | HWThread 176 | HWThread 177 | HWThread 178 | HWThread 179 | HWThread 180 | HWThread 181 | HWThread 182 | HWThread 183 | HWThread 184 | HWThread 185 | HWThread 186 | HWThread 187 | HWThread 188 | HWThread 189 | HWThread 190 | HWThread 191 |
+-------------------+-------------+-------------+-------------+-------------+-------------+-------------+-------------+-------------+-------------+-------------+-------------+-------------+-------------+-------------+-------------+-------------+-------------+-------------+-------------+-------------+-------------+-------------+-------------+-------------+-------------+-------------+-------------+-------------+-------------+-------------+-------------+-------------+-------------+-------------+-------------+-------------+-------------+-------------+-------------+-------------+-------------+-------------+-------------+-------------+-------------+-------------+-------------+-------------+-------------+-------------+-------------+-------------+-------------+-------------+-------------+-------------+-------------+-------------+-------------+-------------+-------------+-------------+-------------+-------------+-------------+-------------+-------------+-------------+-------------+-------------+-------------+-------------+-------------+-------------+-------------+-------------+-------------+-------------+-------------+-------------+-------------+-------------+-------------+-------------+-------------+-------------+-------------+-------------+-------------+-------------+-------------+-------------+-------------+-------------+-------------+-------------+-------------+-------------+-------------+-------------+--------------+--------------+--------------+--------------+--------------+--------------+--------------+--------------+--------------+--------------+--------------+--------------+--------------+--------------+--------------+--------------+--------------+--------------+--------------+--------------+--------------+--------------+--------------+--------------+--------------+--------------+--------------+--------------+--------------+--------------+--------------+--------------+--------------+--------------+--------------+--------------+--------------+--------------+--------------+--------------+--------------+--------------+--------------+--------------+--------------+--------------+--------------+--------------+--------------+--------------+--------------+--------------+--------------+--------------+--------------+--------------+--------------+--------------+--------------+--------------+--------------+--------------+--------------+--------------+--------------+--------------+--------------+--------------+--------------+--------------+--------------+--------------+--------------+--------------+--------------+--------------+--------------+--------------+--------------+--------------+--------------+--------------+--------------+--------------+--------------+--------------+--------------+--------------+--------------+--------------+--------------+--------------+
| RDTSC Runtime [s] | 3004.312000 | 2959.932000 | 2969.392000 | 2982.003000 | 2969.392000 | 3004.312000 | 2975.994000 | 3005.028000 | 2962.005000 | 2957.940000 | 2998.971000 | 2994.460000 | 2952.830000 | 2978.393000 | 2957.940000 | 2985.374000 | 2967.551000 | 2956.878000 | 2984.343000 | 2971.948000 | 2967.550000 | 3000.722000 | 2970.346000 | 2980.959000 | 2999.304000 | 2963.451000 | 2963.451000 | 2979.050000 | 3010.091000 | 2989.391000 | 2993.718000 | 2979.050000 | 2978.723000 | 3007.516000 | 2998.266000 | 2972.678000 | 2987.493000 | 2964.025000 | 2984.716000 | 2964.025000 | 3001.428000 | 2960.260000 | 2985.048000 | 2949.362000 | 2966.395000 | 3008.598000 | 2973.051000 | 2966.394000 | 2965.159000 | 2979.984000 | 2976.651000 | 2979.983000 | 2963.073000 | 2975.115000 | 2950.370000 | 3007.893000 | 3010.839000 | 2975.440000 | 2973.376000 | 2989.025000 | 2986.078000 | 2975.439000 | 2974.743000 | 3002.830000 | 2957.247000 | 2976.322000 | 2982.338000 | 3004.690000 | 2996.616000 | 2978.061000 | 2949.996000 | 2981.672000 | 2964.592000 | 2965.827000 | 2962.376000 | 2964.592000 | 2965.826000 | 2960.583000 | 2991.308000 | 3006.762000 | 2958.555000 | 3011.211000 | 2996.984000 | 2961.273000 | 2968.152000 | 3009.346000 | 2959.563000 | 2977.682000 | 2998.635000 | 2983.596000 | 3003.570000 | 3005.364000 | 2981.336000 | 3000.344000 | 2965.490000 | 2995.424000 | 3001.805000 | 2986.821000 | 2990.983000 | 2961.639000 |  3008.977000 |  2992.043000 |  2992.043000 |  2974.401000 |  2994.097000 |  2997.689000 |  2951.064000 |  2990.652000 |  3009.723000 |  3003.206000 |  2997.690000 |  2989.729000 |  2988.474000 |  2951.721000 |  2951.721000 |  2988.239000 |  2951.722000 |  3011.899000 |  2994.828000 |  2994.829000 |  2954.436000 |  2987.869000 |  2966.969000 |  2966.969000 |  2997.316000 |  2987.869000 |  2991.678000 |  2970.711000 |  2973.704000 |  3010.467000 |  2992.607000 |  2992.608000 |  3007.141000 |  2992.607000 |  3005.704000 |  2983.973000 |  3011.544000 |  2993.394000 |  2955.550000 |  2969.057000 |  2957.574000 |  2972.316000 |  2949.625000 |  3011.543000 |  2954.766000 |  2953.781000 |  2969.989000 |  2954.768000 |  2952.497000 |  2954.768000 |  2959.237000 |  3002.499000 |  2990.094000 |  2990.093000 |  2979.620000 |  3002.170000 |  2995.798000 |  2995.798000 |  2996.153000 |  2987.160000 |  2958.882000 |  2960.915000 |  2968.479000 |  2971.396000 |  2968.480000 |  3003.942000 |  2971.396000 |  2956.221000 |  2974.068000 |  2953.197000 |  2953.197000 |  2955.883000 |  3006.084000 |  2951.392000 |  2954.108000 |  2956.548000 |  3006.424000 |  3008.229000 |  2999.640000 |  2982.671000 |  2980.591000 |  2982.672000 |  2977.346000 |  2950.699000 |  2983.263000 |  2986.454000 |  3001.058000 |  2971.074000 |  3000.009000 |  2976.978000 |  2962.704000 |  2985.706000 |
|     call count    |          15 |          15 |          15 |          15 |          15 |          15 |          15 |          15 |          15 |          15 |          15 |          15 |          15 |          15 |          15 |          15 |          15 |          15 |          15 |          15 |          15 |          15 |          15 |          15 |          15 |          15 |          15 |          15 |          15 |          15 |          15 |          15 |          15 |          15 |          15 |          15 |          15 |          15 |          15 |          15 |          15 |          15 |          15 |          15 |          15 |          15 |          15 |          15 |          15 |          15 |          15 |          15 |          15 |          15 |          15 |          15 |          15 |          15 |          15 |          15 |          15 |          15 |          15 |          15 |          15 |          15 |          15 |          15 |          15 |          15 |          15 |          15 |          15 |          15 |          15 |          15 |          15 |          15 |          15 |          15 |          15 |          15 |          15 |          15 |          15 |          15 |          15 |          15 |          15 |          15 |          15 |          15 |          15 |          15 |          15 |          15 |          15 |          15 |          15 |          15 |           15 |           15 |           15 |           15 |           15 |           15 |           15 |           15 |           15 |           15 |           15 |           15 |           15 |           15 |           15 |           15 |           15 |           15 |           15 |           15 |           15 |           15 |           15 |           15 |           15 |           15 |           15 |           15 |           15 |           15 |           15 |           15 |           15 |           15 |           15 |           15 |           15 |           15 |           15 |           15 |           15 |           15 |           15 |           15 |           15 |           15 |           15 |           15 |           15 |           15 |           15 |           15 |           15 |           15 |           15 |           15 |           15 |           15 |           15 |           15 |           15 |           15 |           15 |           15 |           15 |           15 |           15 |           15 |           15 |           15 |           15 |           15 |           15 |           15 |           15 |           15 |           15 |           15 |           15 |           15 |           15 |           15 |           15 |           15 |           15 |           15 |           15 |           15 |           15 |           15 |           15 |           15 |
+-------------------+-------------+-------------+-------------+-------------+-------------+-------------+-------------+-------------+-------------+-------------+-------------+-------------+-------------+-------------+-------------+-------------+-------------+-------------+-------------+-------------+-------------+-------------+-------------+-------------+-------------+-------------+-------------+-------------+-------------+-------------+-------------+-------------+-------------+-------------+-------------+-------------+-------------+-------------+-------------+-------------+-------------+-------------+-------------+-------------+-------------+-------------+-------------+-------------+-------------+-------------+-------------+-------------+-------------+-------------+-------------+-------------+-------------+-------------+-------------+-------------+-------------+-------------+-------------+-------------+-------------+-------------+-------------+-------------+-------------+-------------+-------------+-------------+-------------+-------------+-------------+-------------+-------------+-------------+-------------+-------------+-------------+-------------+-------------+-------------+-------------+-------------+-------------+-------------+-------------+-------------+-------------+-------------+-------------+-------------+-------------+-------------+-------------+-------------+-------------+-------------+--------------+--------------+--------------+--------------+--------------+--------------+--------------+--------------+--------------+--------------+--------------+--------------+--------------+--------------+--------------+--------------+--------------+--------------+--------------+--------------+--------------+--------------+--------------+--------------+--------------+--------------+--------------+--------------+--------------+--------------+--------------+--------------+--------------+--------------+--------------+--------------+--------------+--------------+--------------+--------------+--------------+--------------+--------------+--------------+--------------+--------------+--------------+--------------+--------------+--------------+--------------+--------------+--------------+--------------+--------------+--------------+--------------+--------------+--------------+--------------+--------------+--------------+--------------+--------------+--------------+--------------+--------------+--------------+--------------+--------------+--------------+--------------+--------------+--------------+--------------+--------------+--------------+--------------+--------------+--------------+--------------+--------------+--------------+--------------+--------------+--------------+--------------+--------------+--------------+--------------+--------------+--------------+

+-----------------------------+---------+----------------+----------------+----------------+----------------+----------------+----------------+----------------+----------------+----------------+----------------+----------------+----------------+----------------+----------------+----------------+----------------+----------------+----------------+----------------+----------------+----------------+----------------+----------------+----------------+----------------+----------------+----------------+----------------+----------------+----------------+----------------+----------------+----------------+----------------+----------------+----------------+----------------+----------------+----------------+----------------+----------------+----------------+----------------+----------------+----------------+----------------+----------------+----------------+----------------+----------------+----------------+----------------+----------------+----------------+----------------+----------------+----------------+----------------+----------------+----------------+----------------+----------------+----------------+----------------+----------------+----------------+----------------+----------------+----------------+----------------+----------------+----------------+----------------+----------------+----------------+----------------+----------------+----------------+----------------+----------------+----------------+----------------+----------------+----------------+----------------+----------------+----------------+----------------+----------------+----------------+----------------+----------------+----------------+----------------+----------------+----------------+----------------+----------------+----------------+----------------+----------------+----------------+----------------+----------------+----------------+----------------+----------------+----------------+----------------+----------------+----------------+----------------+----------------+----------------+----------------+----------------+----------------+----------------+----------------+----------------+----------------+----------------+----------------+----------------+----------------+----------------+----------------+----------------+----------------+----------------+----------------+----------------+----------------+----------------+----------------+----------------+----------------+----------------+----------------+----------------+----------------+----------------+----------------+----------------+----------------+----------------+----------------+----------------+----------------+----------------+----------------+----------------+----------------+----------------+----------------+----------------+----------------+----------------+----------------+----------------+----------------+----------------+----------------+----------------+----------------+----------------+----------------+----------------+----------------+----------------+----------------+----------------+----------------+----------------+----------------+----------------+----------------+----------------+----------------+----------------+----------------+----------------+----------------+----------------+----------------+----------------+----------------+----------------+----------------+----------------+----------------+----------------+
|            Event            | Counter |   HWThread 0   |   HWThread 1   |   HWThread 2   |   HWThread 3   |   HWThread 4   |   HWThread 5   |   HWThread 6   |   HWThread 7   |   HWThread 8   |   HWThread 9   |   HWThread 10  |   HWThread 11  |   HWThread 12  |   HWThread 13  |   HWThread 14  |   HWThread 15  |   HWThread 16  |   HWThread 17  |   HWThread 18  |   HWThread 19  |   HWThread 20  |   HWThread 21  |   HWThread 22  |   HWThread 23  |   HWThread 24  |   HWThread 25  |   HWThread 26  |   HWThread 27  |   HWThread 28  |   HWThread 29  |   HWThread 30  |   HWThread 31  |   HWThread 32  |   HWThread 33  |   HWThread 34  |   HWThread 35  |   HWThread 36  |   HWThread 37  |   HWThread 38  |   HWThread 39  |   HWThread 40  |   HWThread 41  |   HWThread 42  |   HWThread 43  |   HWThread 44  |   HWThread 45  |   HWThread 46  |   HWThread 47  |   HWThread 48  |   HWThread 49  |   HWThread 50  |   HWThread 51  |   HWThread 52  |   HWThread 53  |   HWThread 54  |   HWThread 55  |   HWThread 56  |   HWThread 57  |   HWThread 58  |   HWThread 59  |   HWThread 60  |   HWThread 61  |   HWThread 62  |   HWThread 63  |   HWThread 64  |   HWThread 65  |   HWThread 66  |   HWThread 67  |   HWThread 68  |   HWThread 69  |   HWThread 70  |   HWThread 71  |   HWThread 72  |   HWThread 73  |   HWThread 74  |   HWThread 75  |   HWThread 76  |   HWThread 77  |   HWThread 78  |   HWThread 79  |   HWThread 80  |   HWThread 81  |   HWThread 82  |   HWThread 83  |   HWThread 84  |   HWThread 85  |   HWThread 86  |   HWThread 87  |   HWThread 88  |   HWThread 89  |   HWThread 90  |   HWThread 91  |   HWThread 92  |   HWThread 93  |   HWThread 94  |   HWThread 95  |   HWThread 96  |   HWThread 97  |   HWThread 98  |   HWThread 99  |  HWThread 100  |  HWThread 101  |  HWThread 102  |  HWThread 103  |  HWThread 104  |  HWThread 105  |  HWThread 106  |  HWThread 107  |  HWThread 108  |  HWThread 109  |  HWThread 110  |  HWThread 111  |  HWThread 112  |  HWThread 113  |  HWThread 114  |  HWThread 115  |  HWThread 116  |  HWThread 117  |  HWThread 118  |  HWThread 119  |  HWThread 120  |  HWThread 121  |  HWThread 122  |  HWThread 123  |  HWThread 124  |  HWThread 125  |  HWThread 126  |  HWThread 127  |  HWThread 128  |  HWThread 129  |  HWThread 130  |  HWThread 131  |  HWThread 132  |  HWThread 133  |  HWThread 134  |  HWThread 135  |  HWThread 136  |  HWThread 137  |  HWThread 138  |  HWThread 139  |  HWThread 140  |  HWThread 141  |  HWThread 142  |  HWThread 143  |  HWThread 144  |  HWThread 145  |  HWThread 146  |  HWThread 147  |  HWThread 148  |  HWThread 149  |  HWThread 150  |  HWThread 151  |  HWThread 152  |  HWThread 153  |  HWThread 154  |  HWThread 155  |  HWThread 156  |  HWThread 157  |  HWThread 158  |  HWThread 159  |  HWThread 160  |  HWThread 161  |  HWThread 162  |  HWThread 163  |  HWThread 164  |  HWThread 165  |  HWThread 166  |  HWThread 167  |  HWThread 168  |  HWThread 169  |  HWThread 170  |  HWThread 171  |  HWThread 172  |  HWThread 173  |  HWThread 174  |  HWThread 175  |  HWThread 176  |  HWThread 177  |  HWThread 178  |  HWThread 179  |  HWThread 180  |  HWThread 181  |  HWThread 182  |  HWThread 183  |  HWThread 184  |  HWThread 185  |  HWThread 186  |  HWThread 187  |  HWThread 188  |  HWThread 189  |  HWThread 190  |  HWThread 191  |
+-----------------------------+---------+----------------+----------------+----------------+----------------+----------------+----------------+----------------+----------------+----------------+----------------+----------------+----------------+----------------+----------------+----------------+----------------+----------------+----------------+----------------+----------------+----------------+----------------+----------------+----------------+----------------+----------------+----------------+----------------+----------------+----------------+----------------+----------------+----------------+----------------+----------------+----------------+----------------+----------------+----------------+----------------+----------------+----------------+----------------+----------------+----------------+----------------+----------------+----------------+----------------+----------------+----------------+----------------+----------------+----------------+----------------+----------------+----------------+----------------+----------------+----------------+----------------+----------------+----------------+----------------+----------------+----------------+----------------+----------------+----------------+----------------+----------------+----------------+----------------+----------------+----------------+----------------+----------------+----------------+----------------+----------------+----------------+----------------+----------------+----------------+----------------+----------------+----------------+----------------+----------------+----------------+----------------+----------------+----------------+----------------+----------------+----------------+----------------+----------------+----------------+----------------+----------------+----------------+----------------+----------------+----------------+----------------+----------------+----------------+----------------+----------------+----------------+----------------+----------------+----------------+----------------+----------------+----------------+----------------+----------------+----------------+----------------+----------------+----------------+----------------+----------------+----------------+----------------+----------------+----------------+----------------+----------------+----------------+----------------+----------------+----------------+----------------+----------------+----------------+----------------+----------------+----------------+----------------+----------------+----------------+----------------+----------------+----------------+----------------+----------------+----------------+----------------+----------------+----------------+----------------+----------------+----------------+----------------+----------------+----------------+----------------+----------------+----------------+----------------+----------------+----------------+----------------+----------------+----------------+----------------+----------------+----------------+----------------+----------------+----------------+----------------+----------------+----------------+----------------+----------------+----------------+----------------+----------------+----------------+----------------+----------------+----------------+----------------+----------------+----------------+----------------+----------------+----------------+
|       ACTUAL_CPU_CLOCK      |  FIXC1  | 10890830000000 | 10886350000000 | 10884870000000 | 10884960000000 | 10886250000000 | 10884220000000 | 10883730000000 | 10885160000000 | 10883330000000 | 10882910000000 | 10881470000000 | 10882580000000 | 10884400000000 | 10882770000000 | 10882790000000 | 10883040000000 | 10886260000000 | 10884030000000 | 10885640000000 | 10885760000000 | 10886560000000 | 10885880000000 | 10884100000000 | 10884750000000 | 10884960000000 | 10886620000000 | 10882570000000 | 10883570000000 | 10884420000000 | 10884210000000 | 10883680000000 | 10883570000000 | 10884730000000 | 10883960000000 | 10884420000000 | 10884790000000 | 10884930000000 | 10885460000000 | 10884400000000 | 10885110000000 | 10884850000000 | 10886570000000 | 10884260000000 | 10885060000000 | 10885800000000 | 10888320000000 | 10884670000000 | 10884790000000 | 10884680000000 | 10886180000000 | 10885710000000 | 10886440000000 | 10886230000000 | 10885120000000 | 10883440000000 | 10884330000000 | 10885990000000 | 10885200000000 | 10884570000000 | 10884070000000 | 10883830000000 | 10885340000000 | 10885230000000 | 10884480000000 | 10885030000000 | 10884710000000 | 10884020000000 | 10885790000000 | 10884870000000 | 10885250000000 | 10885910000000 | 10886160000000 | 10886790000000 | 10885760000000 | 10886420000000 | 10886310000000 | 10887060000000 | 10885480000000 | 10887400000000 | 10886090000000 | 10883680000000 | 10882610000000 | 10881430000000 | 10883630000000 | 10882030000000 | 10883710000000 | 10884620000000 | 10883160000000 | 10885570000000 | 10886870000000 | 10887830000000 | 10886070000000 | 10886490000000 | 10884670000000 | 10885660000000 | 10886020000000 | 10890480000000 | 10889880000000 | 10888290000000 | 10892310000000 | 10891200000000 | 10890140000000 | 10889730000000 | 10890210000000 | 10887230000000 | 10887140000000 | 10887250000000 | 10886670000000 | 10887770000000 | 10885880000000 | 10887650000000 | 10887880000000 | 10888660000000 | 10888820000000 | 10890450000000 | 10887630000000 | 10890340000000 | 10891040000000 | 10890810000000 | 10888800000000 | 10888340000000 | 10890740000000 | 10889370000000 | 10888030000000 | 10891740000000 | 10889490000000 | 10889500000000 | 10890000000000 | 10888600000000 | 10887300000000 | 10885220000000 | 10887070000000 | 10887350000000 | 10886360000000 | 10888330000000 | 10888610000000 | 10889500000000 | 10889560000000 | 10890900000000 | 10889670000000 | 10887980000000 | 10888180000000 | 10888730000000 | 10889520000000 | 10891560000000 | 10891190000000 | 10891940000000 | 10891450000000 | 10890900000000 | 10891140000000 | 10890630000000 | 10890310000000 | 10887210000000 | 10885590000000 | 10887170000000 | 10885180000000 | 10885700000000 | 10886510000000 | 10885420000000 | 10884160000000 | 10891580000000 | 10890580000000 | 10889740000000 | 10891100000000 | 10889790000000 | 10893100000000 | 10891260000000 | 10889530000000 | 10890010000000 | 10891960000000 | 10888990000000 | 10891760000000 | 10892540000000 | 10890400000000 | 10890490000000 | 10889390000000 | 10887470000000 | 10886280000000 | 10885600000000 | 10887710000000 | 10885900000000 | 10886260000000 | 10885720000000 | 10887570000000 | 10889110000000 | 10891920000000 | 10890920000000 | 10889440000000 | 10891440000000 | 10891020000000 | 10890910000000 | 10889910000000 |
|        MAX_CPU_CLOCK        |  FIXC2  |  7665612000000 |  7662247000000 |  7660879000000 |  7660959000000 |  7661695000000 |  7660395000000 |  7660015000000 |  7661075000000 |  7659822000000 |  7659422000000 |  7658459000000 |  7659230000000 |  7660554000000 |  7659208000000 |  7659398000000 |  7659623000000 |  7661787000000 |  7660257000000 |  7661371000000 |  7661280000000 |  7661915000000 |  7661380000000 |  7660167000000 |  7660675000000 |  7660787000000 |  7662056000000 |  7659149000000 |  7659803000000 |  7660418000000 |  7660147000000 |  7659846000000 |  7659735000000 |  7660441000000 |  7660575000000 |  7660423000000 |  7660778000000 |  7660823000000 |  7661311000000 |  7660540000000 |  7660846000000 |  7660917000000 |  7661979000000 |  7660313000000 |  7660812000000 |  7661447000000 |  7664053000000 |  7660710000000 |  7660727000000 |  7660739000000 |  7661744000000 |  7661413000000 |  7661943000000 |  7661765000000 |  7661126000000 |  7659588000000 |  7660400000000 |  7662224000000 |  7661228000000 |  7660716000000 |  7660310000000 |  7660176000000 |  7661193000000 |  7661120000000 |  7660882000000 |  7660798000000 |  7660581000000 |  7660184000000 |  7661330000000 |  7660793000000 |  7661040000000 |  7661462000000 |  7661728000000 |  7662035000000 |  7661399000000 |  7661951000000 |  7661797000000 |  7662356000000 |  7661315000000 |  7662461000000 |  7661703000000 |  7660054000000 |  7659293000000 |  7658278000000 |  7659919000000 |  7658880000000 |  7660010000000 |  7660645000000 |  7659641000000 |  7661343000000 |  7662228000000 |  7662866000000 |  7661412000000 |  7661971000000 |  7660706000000 |  7661429000000 |  7661507000000 |  7663641000000 |  7662914000000 |  7662051000000 |  7664514000000 |  7663850000000 |  7663063000000 |  7662881000000 |  7663293000000 |  7661143000000 |  7661091000000 |  7661101000000 |  7660467000000 |  7661269000000 |  7660066000000 |  7661223000000 |  7661565000000 |  7662098000000 |  7662254000000 |  7663271000000 |  7661306000000 |  7663242000000 |  7663801000000 |  7663519000000 |  7662129000000 |  7661969000000 |  7664471000000 |  7663395000000 |  7662357000000 |  7666435000000 |  7663874000000 |  7662876000000 |  7664159000000 |  7662315000000 |  7661681000000 |  7659693000000 |  7661023000000 |  7662124000000 |  7660475000000 |  7661773000000 |  7661941000000 |  7662750000000 |  7662769000000 |  7663672000000 |  7662840000000 |  7661615000000 |  7661603000000 |  7662144000000 |  7662773000000 |  7664075000000 |  7663874000000 |  7664426000000 |  7663995000000 |  7663655000000 |  7663839000000 |  7663466000000 |  7663267000000 |  7661046000000 |  7659916000000 |  7660976000000 |  7659425000000 |  7659834000000 |  7660540000000 |  7659747000000 |  7658928000000 |  7664549000000 |  7663607000000 |  7663208000000 |  7664162000000 |  7663109000000 |  7666526000000 |  7664082000000 |  7662628000000 |  7663086000000 |  7664350000000 |  7662224000000 |  7664203000000 |  7664718000000 |  7663227000000 |  7663276000000 |  7662492000000 |  7661243000000 |  7660309000000 |  7659899000000 |  7661391000000 |  7659913000000 |  7660332000000 |  7659955000000 |  7661245000000 |  7662358000000 |  7664376000000 |  7663548000000 |  7662570000000 |  7664093000000 |  7663692000000 |  7663582000000 |  7662871000000 |
|     RETIRED_INSTRUCTIONS    |   PMC0  |  4310180000000 |  4303170000000 |  4337384000000 |  4315983000000 |  4306128000000 |  4288041000000 |  4303551000000 |  4293985000000 |  5970218000000 |  5966794000000 |  5977570000000 |  5981327000000 |  5954181000000 |  5938752000000 |  5934101000000 |  5960443000000 |  4363913000000 |  4376877000000 |  4363954000000 |  4379751000000 |  4363767000000 |  4350749000000 |  4340213000000 |  4363051000000 |  4303221000000 |  4321245000000 |  4284283000000 |  4321533000000 |  4315470000000 |  4310204000000 |  4303607000000 |  4312130000000 |  5958120000000 |  5955135000000 |  6015771000000 |  5974955000000 |  5999691000000 |  5975669000000 |  5951091000000 |  5954067000000 |  4319748000000 |  4368115000000 |  4351390000000 |  4338689000000 |  4335364000000 |  4341669000000 |  4338868000000 |  4310676000000 |  4333608000000 |  4358638000000 |  4358759000000 |  4337049000000 |  4365413000000 |  4324747000000 |  4329432000000 |  4344295000000 |  5987063000000 |  5995197000000 |  6022456000000 |  6002368000000 |  5993056000000 |  5991221000000 |  5972560000000 |  5933154000000 |  4345322000000 |  4349635000000 |  4368613000000 |  4358319000000 |  4370482000000 |  4369953000000 |  4348965000000 |  4364312000000 |  4315986000000 |  4307326000000 |  4300375000000 |  4302613000000 |  4309685000000 |  4320571000000 |  4299016000000 |  4275426000000 |  5950530000000 |  5964370000000 |  5955775000000 |  5958959000000 |  5986093000000 |  5952125000000 |  5959819000000 |  5925894000000 |  4368240000000 |  4346923000000 |  4356932000000 |  4362262000000 |  4357786000000 |  4333003000000 |  4319868000000 |  4309061000000 |  4715020000000 |  4729720000000 |  4733430000000 |  4702622000000 |  4706714000000 |  4726309000000 |  4708660000000 |  4682417000000 |  6345150000000 |  6353044000000 |  6397579000000 |  6353310000000 |  6350801000000 |  6325788000000 |  6329348000000 |  6311875000000 |  4762426000000 |  4746244000000 |  4776935000000 |  4738142000000 |  4754724000000 |  4754553000000 |  4739683000000 |  4734719000000 |  4718821000000 |  4708757000000 |  4715266000000 |  4700215000000 |  4692719000000 |  4685871000000 |  4687130000000 |  4685116000000 |  6326325000000 |  6321596000000 |  6307493000000 |  6313527000000 |  6346306000000 |  6280324000000 |  6323201000000 |  6296485000000 |  4746143000000 |  4730902000000 |  4759572000000 |  4712008000000 |  4753276000000 |  4735332000000 |  4744800000000 |  4717200000000 |  4694847000000 |  4720923000000 |  4685875000000 |  4691453000000 |  4710319000000 |  4704234000000 |  4699780000000 |  4685079000000 |  6329849000000 |  6328803000000 |  6345912000000 |  6337013000000 |  6358067000000 |  6306134000000 |  6313167000000 |  6285671000000 |  4751894000000 |  4741838000000 |  4730191000000 |  4745005000000 |  4748429000000 |  4739254000000 |  4738964000000 |  4723143000000 |  4667541000000 |  4688492000000 |  4660455000000 |  4674676000000 |  4654600000000 |  4662919000000 |  4650244000000 |  4660913000000 |  6320684000000 |  6339130000000 |  6329811000000 |  6317036000000 |  6361395000000 |  6318741000000 |  6330097000000 |  6306183000000 |  4730685000000 |  4734178000000 |  4754359000000 |  4721522000000 |  4747708000000 |  4729615000000 |  4719677000000 |  4724963000000 |
|     CPU_CLOCKS_UNHALTED     |   PMC1  | 10778940000000 | 10807330000000 | 10811170000000 | 10804820000000 | 10814330000000 | 10810960000000 | 10814650000000 | 10814890000000 | 10807050000000 | 10808090000000 | 10811080000000 | 10811540000000 | 10814960000000 | 10814640000000 | 10816600000000 | 10815710000000 | 10798030000000 | 10802110000000 | 10805470000000 | 10811230000000 | 10813730000000 | 10808820000000 | 10809730000000 | 10811420000000 | 10796220000000 | 10804430000000 | 10802520000000 | 10810350000000 | 10811490000000 | 10808360000000 | 10809200000000 | 10811770000000 | 10806570000000 | 10806030000000 | 10814070000000 | 10813500000000 | 10813980000000 | 10818310000000 | 10818980000000 | 10819180000000 | 10797490000000 | 10807980000000 | 10809130000000 | 10807900000000 | 10812300000000 | 10815460000000 | 10813220000000 | 10806740000000 | 10794970000000 | 10804470000000 | 10810300000000 | 10813430000000 | 10815290000000 | 10810160000000 | 10808930000000 | 10811920000000 | 10809500000000 | 10812520000000 | 10812220000000 | 10813240000000 | 10815310000000 | 10815620000000 | 10816330000000 | 10816750000000 | 10799560000000 | 10803920000000 | 10804340000000 | 10808090000000 | 10808880000000 | 10810900000000 | 10812720000000 | 10813850000000 | 10794200000000 | 10802430000000 | 10806860000000 | 10809870000000 | 10814790000000 | 10815050000000 | 10812390000000 | 10813620000000 | 10803760000000 | 10810570000000 | 10810790000000 | 10812470000000 | 10813460000000 | 10814130000000 | 10816030000000 | 10815980000000 | 10797970000000 | 10808340000000 | 10813340000000 | 10810730000000 | 10812560000000 | 10812730000000 | 10813620000000 | 10816710000000 | 10807910000000 | 10812220000000 | 10811260000000 | 10812110000000 | 10815570000000 | 10813340000000 | 10814600000000 | 10815790000000 | 10800530000000 | 10805370000000 | 10805600000000 | 10806870000000 | 10807980000000 | 10807850000000 | 10813190000000 | 10811050000000 | 10805870000000 | 10806110000000 | 10813980000000 | 10808890000000 | 10814000000000 | 10815850000000 | 10815650000000 | 10816060000000 | 10803370000000 | 10808860000000 | 10813100000000 | 10811640000000 | 10816730000000 | 10814700000000 | 10814510000000 | 10816620000000 | 10800860000000 | 10802090000000 | 10807860000000 | 10809250000000 | 10808260000000 | 10810240000000 | 10808890000000 | 10810110000000 | 10805910000000 | 10810470000000 | 10810750000000 | 10815740000000 | 10812230000000 | 10814900000000 | 10817770000000 | 10816850000000 | 10807110000000 | 10809650000000 | 10817040000000 | 10817460000000 | 10818350000000 | 10819170000000 | 10817950000000 | 10817150000000 | 10798490000000 | 10801720000000 | 10808760000000 | 10807180000000 | 10808460000000 | 10810510000000 | 10809260000000 | 10807140000000 | 10805090000000 | 10809160000000 | 10803920000000 | 10814700000000 | 10812870000000 | 10819450000000 | 10818800000000 | 10813700000000 | 10803560000000 | 10811800000000 | 10809850000000 | 10812530000000 | 10820770000000 | 10813730000000 | 10818420000000 | 10815230000000 | 10802320000000 | 10803740000000 | 10805590000000 | 10809480000000 | 10807720000000 | 10810890000000 | 10809660000000 | 10810260000000 | 10803710000000 | 10807840000000 | 10811010000000 | 10812110000000 | 10815350000000 | 10815470000000 | 10814620000000 | 10816720000000 |
|       L2_PF_HIT_IN_L3       |   PMC2  |    23654100000 |    23046570000 |    25420170000 |    24186700000 |    23509560000 |    22377300000 |    23633790000 |    22930620000 |    40241440000 |    40257700000 |    41558450000 |    41612920000 |    40296170000 |    39432940000 |    39459990000 |    41101550000 |    24262470000 |    24870470000 |    24451790000 |    25184640000 |    24380510000 |    23680790000 |    23477550000 |    24624280000 |    23560910000 |    24240450000 |    22424040000 |    24617080000 |    24356500000 |    24107700000 |    23913300000 |    24484230000 |    40115210000 |    39910300000 |    44152310000 |    41389200000 |    43472230000 |    42141480000 |    40873240000 |    41042020000 |    22972410000 |    25635970000 |    24936860000 |    24235190000 |    23967870000 |    24273230000 |    24505370000 |    22956190000 |    23632250000 |    25038080000 |    25157380000 |    23755830000 |    25490090000 |    22980440000 |    23752510000 |    24604570000 |    40417200000 |    41230600000 |    43338890000 |    42284120000 |    41817930000 |    41705670000 |    41008770000 |    38596840000 |    23354320000 |    23628410000 |    24771910000 |    24032160000 |    24939850000 |    24972270000 |    23805650000 |    24766560000 |    24457260000 |    23893360000 |    23640070000 |    23894080000 |    24090250000 |    24864640000 |    23742680000 |    22583980000 |    39440220000 |    40561500000 |    40663540000 |    40528170000 |    42735140000 |    40650310000 |    41486830000 |    39382840000 |    25286850000 |    23940630000 |    24817270000 |    24815620000 |    24862630000 |    23315270000 |    22644100000 |    22166180000 |    27106950000 |    28106810000 |    28472580000 |    26769170000 |    27060890000 |    28177880000 |    27643090000 |    25799910000 |    42442400000 |    43309900000 |    46910820000 |    43874700000 |    44165690000 |    42814780000 |    43594370000 |    42269370000 |    27637580000 |    27021700000 |    28742090000 |    26717190000 |    27446110000 |    27549860000 |    26773050000 |    26712260000 |    28317250000 |    27717960000 |    28381990000 |    27296430000 |    26972530000 |    26632370000 |    27041560000 |    26799610000 |    42896560000 |    43011410000 |    42601130000 |    43177900000 |    45716000000 |    41241880000 |    44784590000 |    42695700000 |    27814530000 |    26778020000 |    29147410000 |    25905270000 |    28665600000 |    27583830000 |    28482990000 |    26856010000 |    26326300000 |    28076980000 |    25960850000 |    26466630000 |    27524560000 |    27130360000 |    27120060000 |    26376840000 |    42416350000 |    42348130000 |    44129430000 |    43853870000 |    45204430000 |    41845380000 |    43262990000 |    41777700000 |    27730960000 |    27103470000 |    26720820000 |    27492530000 |    27776750000 |    27021690000 |    27280650000 |    26495690000 |    26430020000 |    27724090000 |    26426750000 |    27307120000 |    25771000000 |    26552860000 |    25884400000 |    26587540000 |    42218900000 |    43483170000 |    43713810000 |    42784580000 |    46127720000 |    43274450000 |    44842700000 |    43193920000 |    27034370000 |    27056640000 |    28627570000 |    26520730000 |    28197240000 |    26969200000 |    26857300000 |    27108760000 |
|       L2_PF_MISS_IN_L3      |   PMC3  |    65368150000 |    65821000000 |    64593610000 |    65149800000 |    65481360000 |    66037760000 |    65257500000 |    65652090000 |    99371430000 |    99215900000 |    98381680000 |    98345640000 |    98973150000 |    99233870000 |    99094550000 |    98161770000 |    66368540000 |    66160940000 |    66222410000 |    66010290000 |    66321040000 |    66627770000 |    66505790000 |    66080680000 |    65275690000 |    65135030000 |    65769510000 |    64832900000 |    64925000000 |    64993120000 |    64965140000 |    64713590000 |    99123750000 |    99180060000 |    96990640000 |    98376940000 |    97214190000 |    97745840000 |    98235640000 |    98103140000 |    66278480000 |    65190070000 |    65449620000 |    65706500000 |    65865570000 |    65730360000 |    65426520000 |    66096810000 |    66071000000 |    65500410000 |    65417790000 |    66162010000 |    65339860000 |    66498030000 |    65881190000 |    65536970000 |    99740320000 |    99215890000 |    98029150000 |    98403400000 |    98640230000 |    98633940000 |    98713340000 |    99871960000 |    66705970000 |    66588800000 |    66027650000 |    66442900000 |    65967590000 |    65981580000 |    66373510000 |    65940150000 |    64739660000 |    64998250000 |    65126770000 |    64958010000 |    64982760000 |    64618010000 |    64968300000 |    65429630000 |    99504020000 |    98845130000 |    98588660000 |    98675500000 |    97498730000 |    98375400000 |    97852280000 |    98821200000 |    65459510000 |    66190180000 |    65687680000 |    65770760000 |    65724280000 |    66447940000 |    66635200000 |    66819130000 |    73608540000 |    73092050000 |    72847440000 |    73580580000 |    73423540000 |    72943040000 |    72894230000 |    73870180000 |   107027200000 |   106491400000 |   104432200000 |   105989900000 |   105733200000 |   106225900000 |   105586800000 |   106324400000 |    74459850000 |    74630420000 |    73802380000 |    74654210000 |    74426610000 |    74391470000 |    74556580000 |    74539230000 |    72488580000 |    72762420000 |    72372820000 |    72973100000 |    73079790000 |    73182500000 |    72775410000 |    73019910000 |   106106500000 |   105830800000 |   105909500000 |   105523300000 |   104006300000 |   106334300000 |   104143600000 |   105274100000 |    73845230000 |    74373630000 |    72964990000 |    74696380000 |    73265170000 |    73768600000 |    73179730000 |    73948770000 |    73761970000 |    72835450000 |    73870430000 |    73632290000 |    73095370000 |    73281360000 |    73107460000 |    73429950000 |   106629200000 |   106637100000 |   105541600000 |   105438100000 |   104840000000 |   106502200000 |   105365200000 |   106006800000 |    74116200000 |    74373830000 |    74350830000 |    74161220000 |    73922720000 |    74363910000 |    74089110000 |    74367030000 |    72824790000 |    72207400000 |    72659120000 |    72268840000 |    73081880000 |    72594110000 |    72869270000 |    72475350000 |   106629100000 |   105888100000 |   105503700000 |   105942200000 |   104069400000 |   105498600000 |   104368100000 |   105178800000 |    74056490000 |    74117420000 |    73228570000 |    74281240000 |    73508400000 |    74143060000 |    73884310000 |    73876800000 |
| L2_CACHE_MISS_AFTER_L1_MISS |   PMC4  |    12772980000 |    12752410000 |    12919930000 |    12822090000 |    12778350000 |    12690820000 |    12757520000 |    12710030000 |    19234720000 |    19211290000 |    19314050000 |    19288620000 |    19196090000 |    19116510000 |    19098310000 |    19169140000 |    12997270000 |    13051270000 |    12998770000 |    13073250000 |    12987250000 |    12936350000 |    12890960000 |    12998130000 |    12769920000 |    12831320000 |    12655510000 |    12851050000 |    12828240000 |    12804160000 |    12776180000 |    12823260000 |    19155470000 |    19138460000 |    19460920000 |    19244230000 |    19391750000 |    19248130000 |    19141850000 |    19141110000 |    12811040000 |    13035630000 |    12950070000 |    12903900000 |    12886290000 |    12906350000 |    12907420000 |    12772440000 |    12884880000 |    12980180000 |    12986770000 |    12894830000 |    13029410000 |    12827230000 |    12869400000 |    12939790000 |    19285150000 |    19299020000 |    19478980000 |    19373840000 |    19330710000 |    19287590000 |    19222210000 |    19011300000 |    12915000000 |    12913040000 |    13008630000 |    12964210000 |    13030910000 |    13038400000 |    12922630000 |    13025130000 |    12816650000 |    12755620000 |    12734040000 |    12739060000 |    12780270000 |    12831740000 |    12723180000 |    12613510000 |    19127050000 |    19149660000 |    19141820000 |    19136390000 |    19310060000 |    19095510000 |    19167720000 |    18973380000 |    12994250000 |    12891710000 |    12972210000 |    12977330000 |    12978820000 |    12842820000 |    12783310000 |    12758580000 |    14622810000 |    14720610000 |    14720210000 |    14587170000 |    14615940000 |    14692710000 |    14633630000 |    14488570000 |    21406410000 |    21446730000 |    21727850000 |    21482140000 |    21483010000 |    21340150000 |    21361400000 |    21284470000 |    14839870000 |    14754370000 |    14881650000 |    14713050000 |    14792610000 |    14786550000 |    14716420000 |    14700420000 |    14672450000 |    14617730000 |    14647680000 |    14591460000 |    14544810000 |    14504480000 |    14516980000 |    14520990000 |    21379410000 |    21303450000 |    21277160000 |    21309820000 |    21463360000 |    21109140000 |    21354250000 |    21163680000 |    14786160000 |    14705870000 |    14842620000 |    14601140000 |    14805700000 |    14719160000 |    14777660000 |    14652240000 |    14540300000 |    14655420000 |    14478450000 |    14533050000 |    14617470000 |    14584490000 |    14574220000 |    14505100000 |    21375350000 |    21340460000 |    21462660000 |    21394690000 |    21525720000 |    21237880000 |    21320090000 |    21191780000 |    14797630000 |    14728390000 |    14672850000 |    14762780000 |    14779490000 |    14706290000 |    14720840000 |    14649250000 |    14435370000 |    14532080000 |    14412160000 |    14485970000 |    14375170000 |    14420180000 |    14346230000 |    14381440000 |    21320530000 |    21395020000 |    21379970000 |    21286950000 |    21562790000 |    21303920000 |    21391320000 |    21264960000 |    14667230000 |    14692610000 |    14803100000 |    14654290000 |    14778760000 |    14675090000 |    14633870000 |    14663770000 |
+-----------------------------+---------+----------------+----------------+----------------+----------------+----------------+----------------+----------------+----------------+----------------+----------------+----------------+----------------+----------------+----------------+----------------+----------------+----------------+----------------+----------------+----------------+----------------+----------------+----------------+----------------+----------------+----------------+----------------+----------------+----------------+----------------+----------------+----------------+----------------+----------------+----------------+----------------+----------------+----------------+----------------+----------------+----------------+----------------+----------------+----------------+----------------+----------------+----------------+----------------+----------------+----------------+----------------+----------------+----------------+----------------+----------------+----------------+----------------+----------------+----------------+----------------+----------------+----------------+----------------+----------------+----------------+----------------+----------------+----------------+----------------+----------------+----------------+----------------+----------------+----------------+----------------+----------------+----------------+----------------+----------------+----------------+----------------+----------------+----------------+----------------+----------------+----------------+----------------+----------------+----------------+----------------+----------------+----------------+----------------+----------------+----------------+----------------+----------------+----------------+----------------+----------------+----------------+----------------+----------------+----------------+----------------+----------------+----------------+----------------+----------------+----------------+----------------+----------------+----------------+----------------+----------------+----------------+----------------+----------------+----------------+----------------+----------------+----------------+----------------+----------------+----------------+----------------+----------------+----------------+----------------+----------------+----------------+----------------+----------------+----------------+----------------+----------------+----------------+----------------+----------------+----------------+----------------+----------------+----------------+----------------+----------------+----------------+----------------+----------------+----------------+----------------+----------------+----------------+----------------+----------------+----------------+----------------+----------------+----------------+----------------+----------------+----------------+----------------+----------------+----------------+----------------+----------------+----------------+----------------+----------------+----------------+----------------+----------------+----------------+----------------+----------------+----------------+----------------+----------------+----------------+----------------+----------------+----------------+----------------+----------------+----------------+----------------+----------------+----------------+----------------+----------------+----------------+----------------+

+----------------------------------+---------+------------------+----------------+----------------+----------------+
|               Event              | Counter |        Sum       |       Min      |       Max      |       Avg      |
+----------------------------------+---------+------------------+----------------+----------------+----------------+
|       ACTUAL_CPU_CLOCK STAT      |  FIXC1  | 2090308110000000 | 10881430000000 | 10893100000000 | 10887021406250 |
|        MAX_CPU_CLOCK STAT        |  FIXC2  | 1471044055000000 |  7658278000000 |  7666526000000 |   7.661688e+12 |
|     RETIRED_INSTRUCTIONS STAT    |   PMC0  |  972777115000000 |  4275426000000 |  6397579000000 |   5.066547e+12 |
|     CPU_CLOCKS_UNHALTED STAT     |   PMC1  | 2075602930000000 | 10778940000000 | 10820770000000 |       nil      |
|       L2_PF_HIT_IN_L3 STAT       |   PMC2  |    5985257420000 |    22166180000 |    46910820000 |   3.117322e+10 |
|       L2_PF_MISS_IN_L3 STAT      |   PMC3  |   15448392620000 |    64593610000 |   107027200000 |   8.046038e+10 |
| L2_CACHE_MISS_AFTER_L1_MISS STAT |   PMC4  |    3059698320000 |    12613510000 |    21727850000 |    15935928750 |
+----------------------------------+---------+------------------+----------------+----------------+----------------+

+-------------------------+------------+------------+------------+------------+------------+------------+------------+------------+------------+------------+-------------+-------------+-------------+-------------+-------------+-------------+-------------+-------------+-------------+-------------+-------------+-------------+-------------+-------------+-------------+-------------+-------------+-------------+-------------+-------------+-------------+-------------+-------------+-------------+-------------+-------------+-------------+-------------+-------------+-------------+-------------+-------------+-------------+-------------+-------------+-------------+-------------+-------------+-------------+-------------+-------------+-------------+-------------+-------------+-------------+-------------+-------------+-------------+-------------+-------------+-------------+-------------+-------------+-------------+-------------+-------------+-------------+-------------+-------------+-------------+-------------+-------------+-------------+-------------+-------------+-------------+-------------+-------------+-------------+-------------+-------------+-------------+-------------+-------------+-------------+-------------+-------------+-------------+-------------+-------------+-------------+-------------+-------------+-------------+-------------+-------------+-------------+-------------+-------------+-------------+--------------+--------------+--------------+--------------+--------------+--------------+--------------+--------------+--------------+--------------+--------------+--------------+--------------+--------------+--------------+--------------+--------------+--------------+--------------+--------------+--------------+--------------+--------------+--------------+--------------+--------------+--------------+--------------+--------------+--------------+--------------+--------------+--------------+--------------+--------------+--------------+--------------+--------------+--------------+--------------+--------------+--------------+--------------+--------------+--------------+--------------+--------------+--------------+--------------+--------------+--------------+--------------+--------------+--------------+--------------+--------------+--------------+--------------+--------------+--------------+--------------+--------------+--------------+--------------+--------------+--------------+--------------+--------------+--------------+--------------+--------------+--------------+--------------+--------------+--------------+--------------+--------------+--------------+--------------+--------------+--------------+--------------+--------------+--------------+--------------+--------------+--------------+--------------+--------------+--------------+--------------+--------------+
|          Metric         | HWThread 0 | HWThread 1 | HWThread 2 | HWThread 3 | HWThread 4 | HWThread 5 | HWThread 6 | HWThread 7 | HWThread 8 | HWThread 9 | HWThread 10 | HWThread 11 | HWThread 12 | HWThread 13 | HWThread 14 | HWThread 15 | HWThread 16 | HWThread 17 | HWThread 18 | HWThread 19 | HWThread 20 | HWThread 21 | HWThread 22 | HWThread 23 | HWThread 24 | HWThread 25 | HWThread 26 | HWThread 27 | HWThread 28 | HWThread 29 | HWThread 30 | HWThread 31 | HWThread 32 | HWThread 33 | HWThread 34 | HWThread 35 | HWThread 36 | HWThread 37 | HWThread 38 | HWThread 39 | HWThread 40 | HWThread 41 | HWThread 42 | HWThread 43 | HWThread 44 | HWThread 45 | HWThread 46 | HWThread 47 | HWThread 48 | HWThread 49 | HWThread 50 | HWThread 51 | HWThread 52 | HWThread 53 | HWThread 54 | HWThread 55 | HWThread 56 | HWThread 57 | HWThread 58 | HWThread 59 | HWThread 60 | HWThread 61 | HWThread 62 | HWThread 63 | HWThread 64 | HWThread 65 | HWThread 66 | HWThread 67 | HWThread 68 | HWThread 69 | HWThread 70 | HWThread 71 | HWThread 72 | HWThread 73 | HWThread 74 | HWThread 75 | HWThread 76 | HWThread 77 | HWThread 78 | HWThread 79 | HWThread 80 | HWThread 81 | HWThread 82 | HWThread 83 | HWThread 84 | HWThread 85 | HWThread 86 | HWThread 87 | HWThread 88 | HWThread 89 | HWThread 90 | HWThread 91 | HWThread 92 | HWThread 93 | HWThread 94 | HWThread 95 | HWThread 96 | HWThread 97 | HWThread 98 | HWThread 99 | HWThread 100 | HWThread 101 | HWThread 102 | HWThread 103 | HWThread 104 | HWThread 105 | HWThread 106 | HWThread 107 | HWThread 108 | HWThread 109 | HWThread 110 | HWThread 111 | HWThread 112 | HWThread 113 | HWThread 114 | HWThread 115 | HWThread 116 | HWThread 117 | HWThread 118 | HWThread 119 | HWThread 120 | HWThread 121 | HWThread 122 | HWThread 123 | HWThread 124 | HWThread 125 | HWThread 126 | HWThread 127 | HWThread 128 | HWThread 129 | HWThread 130 | HWThread 131 | HWThread 132 | HWThread 133 | HWThread 134 | HWThread 135 | HWThread 136 | HWThread 137 | HWThread 138 | HWThread 139 | HWThread 140 | HWThread 141 | HWThread 142 | HWThread 143 | HWThread 144 | HWThread 145 | HWThread 146 | HWThread 147 | HWThread 148 | HWThread 149 | HWThread 150 | HWThread 151 | HWThread 152 | HWThread 153 | HWThread 154 | HWThread 155 | HWThread 156 | HWThread 157 | HWThread 158 | HWThread 159 | HWThread 160 | HWThread 161 | HWThread 162 | HWThread 163 | HWThread 164 | HWThread 165 | HWThread 166 | HWThread 167 | HWThread 168 | HWThread 169 | HWThread 170 | HWThread 171 | HWThread 172 | HWThread 173 | HWThread 174 | HWThread 175 | HWThread 176 | HWThread 177 | HWThread 178 | HWThread 179 | HWThread 180 | HWThread 181 | HWThread 182 | HWThread 183 | HWThread 184 | HWThread 185 | HWThread 186 | HWThread 187 | HWThread 188 | HWThread 189 | HWThread 190 | HWThread 191 |
+-------------------------+------------+------------+------------+------------+------------+------------+------------+------------+------------+------------+-------------+-------------+-------------+-------------+-------------+-------------+-------------+-------------+-------------+-------------+-------------+-------------+-------------+-------------+-------------+-------------+-------------+-------------+-------------+-------------+-------------+-------------+-------------+-------------+-------------+-------------+-------------+-------------+-------------+-------------+-------------+-------------+-------------+-------------+-------------+-------------+-------------+-------------+-------------+-------------+-------------+-------------+-------------+-------------+-------------+-------------+-------------+-------------+-------------+-------------+-------------+-------------+-------------+-------------+-------------+-------------+-------------+-------------+-------------+-------------+-------------+-------------+-------------+-------------+-------------+-------------+-------------+-------------+-------------+-------------+-------------+-------------+-------------+-------------+-------------+-------------+-------------+-------------+-------------+-------------+-------------+-------------+-------------+-------------+-------------+-------------+-------------+-------------+-------------+-------------+--------------+--------------+--------------+--------------+--------------+--------------+--------------+--------------+--------------+--------------+--------------+--------------+--------------+--------------+--------------+--------------+--------------+--------------+--------------+--------------+--------------+--------------+--------------+--------------+--------------+--------------+--------------+--------------+--------------+--------------+--------------+--------------+--------------+--------------+--------------+--------------+--------------+--------------+--------------+--------------+--------------+--------------+--------------+--------------+--------------+--------------+--------------+--------------+--------------+--------------+--------------+--------------+--------------+--------------+--------------+--------------+--------------+--------------+--------------+--------------+--------------+--------------+--------------+--------------+--------------+--------------+--------------+--------------+--------------+--------------+--------------+--------------+--------------+--------------+--------------+--------------+--------------+--------------+--------------+--------------+--------------+--------------+--------------+--------------+--------------+--------------+--------------+--------------+--------------+--------------+--------------+--------------+
|   Runtime (RDTSC) [s]   |  3004.3120 |  2959.9320 |  2969.3920 |  2982.0030 |  2969.3920 |  3004.3120 |  2975.9940 |  3005.0280 |  2962.0050 |  2957.9400 |   2998.9710 |   2994.4600 |   2952.8300 |   2978.3930 |   2957.9400 |   2985.3740 |   2967.5510 |   2956.8780 |   2984.3430 |   2971.9480 |   2967.5500 |   3000.7220 |   2970.3460 |   2980.9590 |   2999.3040 |   2963.4510 |   2963.4510 |   2979.0500 |   3010.0910 |   2989.3910 |   2993.7180 |   2979.0500 |   2978.7230 |   3007.5160 |   2998.2660 |   2972.6780 |   2987.4930 |   2964.0250 |   2984.7160 |   2964.0250 |   3001.4280 |   2960.2600 |   2985.0480 |   2949.3620 |   2966.3950 |   3008.5980 |   2973.0510 |   2966.3940 |   2965.1590 |   2979.9840 |   2976.6510 |   2979.9830 |   2963.0730 |   2975.1150 |   2950.3700 |   3007.8930 |   3010.8390 |   2975.4400 |   2973.3760 |   2989.0250 |   2986.0780 |   2975.4390 |   2974.7430 |   3002.8300 |   2957.2470 |   2976.3220 |   2982.3380 |   3004.6900 |   2996.6160 |   2978.0610 |   2949.9960 |   2981.6720 |   2964.5920 |   2965.8270 |   2962.3760 |   2964.5920 |   2965.8260 |   2960.5830 |   2991.3080 |   3006.7620 |   2958.5550 |   3011.2110 |   2996.9840 |   2961.2730 |   2968.1520 |   3009.3460 |   2959.5630 |   2977.6820 |   2998.6350 |   2983.5960 |   3003.5700 |   3005.3640 |   2981.3360 |   3000.3440 |   2965.4900 |   2995.4240 |   3001.8050 |   2986.8210 |   2990.9830 |   2961.6390 |    3008.9770 |    2992.0430 |    2992.0430 |    2974.4010 |    2994.0970 |    2997.6890 |    2951.0640 |    2990.6520 |    3009.7230 |    3003.2060 |    2997.6900 |    2989.7290 |    2988.4740 |    2951.7210 |    2951.7210 |    2988.2390 |    2951.7220 |    3011.8990 |    2994.8280 |    2994.8290 |    2954.4360 |    2987.8690 |    2966.9690 |    2966.9690 |    2997.3160 |    2987.8690 |    2991.6780 |    2970.7110 |    2973.7040 |    3010.4670 |    2992.6070 |    2992.6080 |    3007.1410 |    2992.6070 |    3005.7040 |    2983.9730 |    3011.5440 |    2993.3940 |    2955.5500 |    2969.0570 |    2957.5740 |    2972.3160 |    2949.6250 |    3011.5430 |    2954.7660 |    2953.7810 |    2969.9890 |    2954.7680 |    2952.4970 |    2954.7680 |    2959.2370 |    3002.4990 |    2990.0940 |    2990.0930 |    2979.6200 |    3002.1700 |    2995.7980 |    2995.7980 |    2996.1530 |    2987.1600 |    2958.8820 |    2960.9150 |    2968.4790 |    2971.3960 |    2968.4800 |    3003.9420 |    2971.3960 |    2956.2210 |    2974.0680 |    2953.1970 |    2953.1970 |    2955.8830 |    3006.0840 |    2951.3920 |    2954.1080 |    2956.5480 |    3006.4240 |    3008.2290 |    2999.6400 |    2982.6710 |    2980.5910 |    2982.6720 |    2977.3460 |    2950.6990 |    2983.2630 |    2986.4540 |    3001.0580 |    2971.0740 |    3000.0090 |    2976.9780 |    2962.7040 |    2985.7060 |
|   Runtime unhalted [s]  |  4188.7839 |  4187.0608 |  4186.4916 |  4186.5262 |  4187.0223 |  4186.2416 |  4186.0531 |  4186.6031 |  4185.8993 |  4185.7377 |   4185.1839 |   4185.6108 |   4186.3108 |   4185.6839 |   4185.6916 |   4185.7877 |   4187.0262 |   4186.1685 |   4186.7877 |   4186.8339 |   4187.1416 |   4186.8800 |   4186.1954 |   4186.4454 |   4186.5262 |   4187.1646 |   4185.6069 |   4185.9916 |   4186.3185 |   4186.2377 |   4186.0339 |   4185.9916 |   4186.4377 |   4186.1416 |   4186.3185 |   4186.4608 |   4186.5146 |   4186.7185 |   4186.3108 |   4186.5839 |   4186.4839 |   4187.1454 |   4186.2569 |   4186.5646 |   4186.8493 |   4187.8185 |   4186.4146 |   4186.4608 |   4186.4185 |   4186.9954 |   4186.8146 |   4187.0954 |   4187.0146 |   4186.5877 |   4185.9416 |   4186.2839 |   4186.9223 |   4186.6185 |   4186.3762 |   4186.1839 |   4186.0916 |   4186.6723 |   4186.6300 |   4186.3416 |   4186.5531 |   4186.4300 |   4186.1646 |   4186.8454 |   4186.4916 |   4186.6377 |   4186.8916 |   4186.9877 |   4187.2300 |   4186.8339 |   4187.0877 |   4187.0454 |   4187.3339 |   4186.7262 |   4187.4646 |   4186.9608 |   4186.0339 |   4185.6223 |   4185.1685 |   4186.0146 |   4185.3993 |   4186.0454 |   4186.3954 |   4185.8339 |   4186.7608 |   4187.2608 |   4187.6300 |   4186.9531 |   4187.1146 |   4186.4146 |   4186.7954 |   4186.9339 |   4188.6493 |   4188.4185 |   4187.8069 |   4189.3531 |    4188.9262 |    4188.5185 |    4188.3608 |    4188.5454 |    4187.3993 |    4187.3646 |    4187.4069 |    4187.1839 |    4187.6069 |    4186.8800 |    4187.5608 |    4187.6493 |    4187.9493 |    4188.0108 |    4188.6377 |    4187.5531 |    4188.5954 |    4188.8646 |    4188.7762 |    4188.0031 |    4187.8262 |    4188.7493 |    4188.2223 |    4187.7069 |    4189.1339 |    4188.2685 |    4188.2723 |    4188.4646 |    4187.9262 |    4187.4262 |    4186.6262 |    4187.3377 |    4187.4454 |    4187.0646 |    4187.8223 |    4187.9300 |    4188.2723 |    4188.2954 |    4188.8108 |    4188.3377 |    4187.6877 |    4187.7646 |    4187.9762 |    4188.2800 |    4189.0646 |    4188.9223 |    4189.2108 |    4189.0223 |    4188.8108 |    4188.9031 |    4188.7069 |    4188.5839 |    4187.3916 |    4186.7685 |    4187.3762 |    4186.6108 |    4186.8108 |    4187.1223 |    4186.7031 |    4186.2185 |    4189.0723 |    4188.6877 |    4188.3646 |    4188.8877 |    4188.3839 |    4189.6569 |    4188.9493 |    4188.2839 |    4188.4685 |    4189.2185 |    4188.0762 |    4189.1416 |    4189.4416 |    4188.6185 |    4188.6531 |    4188.2300 |    4187.4916 |    4187.0339 |    4186.7723 |    4187.5839 |    4186.8877 |    4187.0262 |    4186.8185 |    4187.5300 |    4188.1223 |    4189.2031 |    4188.8185 |    4188.2493 |    4189.0185 |    4188.8569 |    4188.8146 |    4188.4300 |
|       Clock [MHz]       |  3693.9173 |  3694.0194 |  3694.1767 |  3694.1687 |  3694.2516 |  3694.1895 |  3694.2065 |  3694.1807 |  3694.1638 |  3694.2141 |   3694.1898 |   3694.1947 |   3694.1740 |   3694.2698 |   3694.1850 |   3694.1613 |   3694.2106 |   3694.1916 |   3694.2008 |   3694.2854 |   3694.2507 |   3694.2779 |   3694.2588 |   3694.2344 |   3694.2517 |   3694.2031 |   3694.2304 |   3694.2544 |   3694.2463 |   3694.3057 |   3694.2710 |   3694.2872 |   3694.3405 |   3694.0145 |   3694.2439 |   3694.1983 |   3694.2241 |   3694.1687 |   3694.1807 |   3694.2741 |   3694.1516 |   3694.2233 |   3694.2427 |   3694.2735 |   3694.2185 |   3693.8172 |   3694.1904 |   3694.2229 |   3694.1798 |   3694.2042 |   3694.2043 |   3694.1965 |   3694.2111 |   3694.1425 |   3694.3140 |   3694.2245 |   3693.9083 |   3694.1205 |   3694.1535 |   3694.1796 |   3694.1628 |   3694.1848 |   3694.1827 |   3694.0429 |   3694.2701 |   3694.2661 |   3694.2234 |   3694.2715 |   3694.2182 |   3694.2281 |   3694.2486 |   3694.2052 |   3694.2709 |   3694.2280 |   3694.1859 |   3694.2228 |   3694.2078 |   3694.1735 |   3694.2725 |   3694.1935 |   3694.1707 |   3694.1745 |   3694.2635 |   3694.2188 |   3694.1768 |   3694.2021 |   3694.2047 |   3694.1934 |   3694.1906 |   3694.2050 |   3694.2232 |   3694.3270 |   3694.2000 |   3694.1923 |   3694.1796 |   3694.2642 |   3694.7486 |   3694.8956 |   3694.7722 |   3694.9486 |    3694.8921 |    3694.9119 |    3694.8606 |    3694.8248 |    3694.8504 |    3694.8449 |    3694.8774 |    3694.9864 |    3694.9729 |    3694.9116 |    3694.9543 |    3694.8674 |    3694.8751 |    3694.8542 |    3694.9168 |    3694.9075 |    3694.8935 |    3694.8615 |    3694.9194 |    3694.9076 |    3694.8287 |    3694.4367 |    3694.4906 |    3694.5364 |    3693.8294 |    3694.3004 |    3694.7850 |    3694.3361 |    3694.7501 |    3694.6147 |    3694.8675 |    3694.8539 |    3694.4180 |    3694.8773 |    3694.9198 |    3694.9338 |    3694.8457 |    3694.8569 |    3694.8762 |    3694.8600 |    3694.8773 |    3694.9509 |    3694.8767 |    3694.8414 |    3694.9058 |    3694.8772 |    3694.8655 |    3694.9070 |    3694.8844 |    3694.8771 |    3694.8839 |    3694.8713 |    3694.8904 |    3694.8856 |    3694.9106 |    3694.9832 |    3694.9625 |    3694.8968 |    3694.9094 |    3694.8768 |    3694.6841 |    3694.7989 |    3694.7063 |    3694.7078 |    3694.7710 |    3694.2468 |    3694.8006 |    3694.9147 |    3694.8568 |    3694.9089 |    3694.9263 |    3694.9119 |    3694.9282 |    3694.9211 |    3694.9280 |    3694.9328 |    3694.8836 |    3694.9302 |    3694.8972 |    3694.8937 |    3694.9922 |    3694.9123 |    3694.9109 |    3694.9166 |    3694.9024 |    3694.8828 |    3694.9427 |    3694.9122 |    3694.8564 |    3694.9072 |    3694.9230 |    3694.9265 |
|           CPI           |     2.5008 |     2.5115 |     2.4926 |     2.5034 |     2.5114 |     2.5212 |     2.5130 |     2.5186 |     1.8102 |     1.8114 |      1.8086 |      1.8075 |      1.8164 |      1.8210 |      1.8228 |      1.8146 |      2.4744 |      2.4680 |      2.4761 |      2.4685 |      2.4781 |      2.4844 |      2.4906 |      2.4779 |      2.5089 |      2.5003 |      2.5214 |      2.5015 |      2.5053 |      2.5076 |      2.5117 |      2.5073 |      1.8138 |      1.8146 |      1.7976 |      1.8098 |      1.8024 |      1.8104 |      1.8180 |      1.8171 |      2.4996 |      2.4743 |      2.4841 |      2.4911 |      2.4940 |      2.4911 |      2.4922 |      2.5070 |      2.4910 |      2.4789 |      2.4801 |      2.4933 |      2.4775 |      2.4996 |      2.4966 |      2.4888 |      1.8055 |      1.8035 |      1.7953 |      1.8015 |      1.8046 |      1.8052 |      1.8110 |      1.8231 |      2.4853 |      2.4839 |      2.4732 |      2.4799 |      2.4732 |      2.4739 |      2.4863 |      2.4778 |      2.5010 |      2.5079 |      2.5130 |      2.5124 |      2.5094 |      2.5032 |      2.5151 |      2.5292 |      1.8156 |      1.8125 |      1.8152 |      1.8145 |      1.8064 |      1.8169 |      1.8148 |      1.8252 |      2.4719 |      2.4864 |      2.4819 |      2.4782 |      2.4812 |      2.4954 |      2.5032 |      2.5102 |      2.2922 |      2.2860 |      2.2840 |      2.2992 |       2.2979 |       2.2879 |       2.2967 |       2.3099 |       1.7022 |       1.7008 |       1.6890 |       1.7010 |       1.7018 |       1.7085 |       1.7084 |       1.7128 |       2.2690 |       2.2768 |       2.2638 |       2.2813 |       2.2744 |       2.2748 |       2.2819 |       2.2844 |       2.2894 |       2.2955 |       2.2932 |       2.3002 |       2.3050 |       2.3079 |       2.3073 |       2.3087 |       1.7073 |       1.7088 |       1.7135 |       1.7121 |       1.7031 |       1.7213 |       1.7094 |       1.7168 |       2.2768 |       2.2851 |       2.2714 |       2.2954 |       2.2747 |       2.2839 |       2.2799 |       2.2931 |       2.3019 |       2.2897 |       2.3084 |       2.3058 |       2.2967 |       2.2999 |       2.3018 |       2.3089 |       1.7060 |       1.7068 |       1.7033 |       1.7054 |       1.7000 |       1.7143 |       1.7122 |       1.7193 |       2.2738 |       2.2795 |       2.2840 |       2.2792 |       2.2771 |       2.2829 |       2.2829 |       2.2895 |       2.3146 |       2.3060 |       2.3195 |       2.3130 |       2.3247 |       2.3191 |       2.3264 |       2.3204 |       1.7090 |       1.7043 |       1.7071 |       1.7112 |       1.6990 |       1.7109 |       1.7077 |       1.7142 |       2.2838 |       2.2829 |       2.2739 |       2.2900 |       2.2780 |       2.2868 |       2.2914 |       2.2893 |
| L3 bandwidth [MBytes/s] |  2168.5147 |  2197.2392 |  2218.5543 |  2192.5363 |  2193.4569 |  2153.8297 |  2186.0003 |  2157.2962 |  3432.2176 |  3433.4141 |   3398.5882 |   3403.5584 |   3434.5988 |   3390.4634 |   3411.0842 |   3396.4513 |   2234.9102 |   2252.8124 |   2223.2934 |   2245.3837 |   2236.2161 |   2202.0281 |   2216.5617 |   2226.4640 |   2168.1088 |   2207.3033 |   2177.9810 |   2197.7697 |   2171.0385 |   2181.6881 |   2173.1825 |   2191.7555 |   3403.2179 |   3367.1124 |   3428.1974 |   3423.3993 |   3429.2977 |   3436.0941 |   3393.3033 |   3417.7584 |   2176.2853 |   2245.4605 |   2215.5554 |   2231.7090 |   2216.1791 |   2189.1380 |   2213.7918 |   2196.8856 |   2214.2625 |   2223.2317 |   2226.6514 |   2208.0699 |   2243.2789 |   2200.7770 |   2223.5172 |   2193.2978 |   3389.1985 |   3436.0339 |   3462.1283 |   3427.1801 |   3424.7222 |   3433.4903 |   3419.6018 |   3356.4093 |   2228.5655 |   2217.6149 |   2227.6899 |   2203.2600 |   2219.8555 |   2234.8448 |   2236.7876 |   2226.5486 |   2202.2823 |   2193.4599 |   2192.8534 |   2193.1630 |   2197.9071 |   2211.7674 |   2170.2166 |   2141.8841 |   3419.4269 |   3369.9407 |   3382.4729 |   3422.0971 |   3440.1242 |   3362.7765 |   3427.6807 |   3378.2502 |   2214.1404 |   2209.8975 |   2204.8889 |   2205.4159 |   2223.2337 |   2188.6777 |   2202.6738 |   2173.8522 |   2459.0709 |   2483.8603 |   2482.9879 |   2483.7473 |    2448.1489 |    2477.2613 |    2463.5143 |    2456.3447 |    3652.5419 |    3656.1077 |    3753.4041 |    3666.8229 |    3644.3359 |    3630.9108 |    3641.0451 |    3636.5194 |    2504.2839 |    2523.9565 |    2546.0644 |    2486.2151 |    2529.5679 |    2480.3569 |    2479.9245 |    2477.9118 |    2501.5299 |    2465.3956 |    2489.3281 |    2477.6475 |    2446.9280 |    2448.7146 |    2445.9092 |    2463.3135 |    3666.9682 |    3617.1538 |    3631.0877 |    3635.8605 |    3643.2885 |    3607.5103 |    3625.7982 |    3627.5605 |    2474.6571 |    2477.0816 |    2532.5646 |    2483.2728 |    2526.1022 |    2499.2571 |    2526.4853 |    2453.6423 |    2482.8458 |    2504.0253 |    2463.2491 |    2482.9178 |    2497.9513 |    2490.8072 |    2482.8398 |    2436.6239 |    3647.6905 |    3645.6539 |    3675.8231 |    3638.6834 |    3665.2971 |    3622.8976 |    3630.2185 |    3620.3223 |    2523.0025 |    2511.7790 |    2495.4355 |    2507.4604 |    2511.2696 |    2473.3770 |    2500.4403 |    2500.7488 |    2446.5384 |    2480.5892 |    2459.6645 |    2469.6389 |    2410.6429 |    2462.6676 |    2450.2806 |    2455.7143 |    3622.5050 |    3633.0487 |    3639.8497 |    3648.0318 |    3688.0720 |    3649.3876 |    3667.2042 |    3679.4033 |    2483.3606 |    2483.0340 |    2487.8531 |    2487.0470 |    2484.9931 |    2489.2325 |    2492.3282 |    2478.9973 |
| L3 data volume [GBytes] |  6514.8947 |  6503.6787 |  6587.7574 |  6538.1498 |  6513.2333 |  6470.7763 |  6505.5238 |  6482.7354 | 10166.2458 | 10155.8330 |  10192.2675 |  10191.8195 |  10141.7862 |  10098.1325 |  10089.7824 |  10139.6774 |   6632.2099 |   6661.2915 |   6635.0701 |   6673.1635 |   6636.0832 |   6607.6742 |   6583.9552 |   6636.9978 |   6502.8173 |   6541.2352 |   6454.3398 |   6547.2659 |   6535.0234 |   6521.9187 |   6505.8957 |   6529.3491 |  10137.2435 |  10126.6445 |  10278.6477 |  10176.6637 |  10245.0029 |  10184.6688 |  10128.0467 |  10130.3213 |   6531.9635 |   6647.1469 |   6613.5392 |   6582.1178 |   6574.0627 |   6586.2362 |   6581.7158 |   6516.8282 |   6565.6403 |   6625.1949 |   6627.9642 |   6580.0109 |   6646.9990 |   6547.5648 |   6560.1984 |   6597.2051 |  10204.3309 |  10223.7126 |  10294.2093 |  10243.9270 |  10226.4877 |  10216.1408 |  10172.4365 |  10078.7264 |   6590.4186 |   6600.3360 |   6643.7242 |   6620.1133 |   6652.0544 |   6655.5040 |   6598.5146 |   6638.8378 |   6528.8685 |   6505.4227 |   6496.0563 |   6501.8336 |   6518.6099 |   6548.1210 |   6491.7862 |   6440.1357 |  10116.5626 |  10147.6026 |  10137.2173 |  10133.7638 |  10210.8115 |  10119.7581 |  10144.4371 |  10059.3549 |   6639.3990 |   6593.4413 |   6622.5382 |   6628.0774 |   6628.2067 |   6566.7859 |   6532.0070 |   6511.6090 |   7381.6512 |   7418.8461 |   7426.5747 |   7355.9629 |    7366.4237 |    7412.0723 |    7370.9408 |    7306.1542 |   10936.0646 |   10959.8739 |   11076.5357 |   10966.1914 |   10968.4416 |   10904.3731 |   10914.7245 |   10872.2074 |    7483.9872 |    7450.0154 |    7515.2717 |    7429.4048 |    7466.5811 |    7470.5843 |    7426.9472 |    7420.9222 |    7390.6099 |    7366.2790 |    7385.7594 |    7351.1034 |    7334.2163 |    7316.4384 |    7317.3728 |    7317.7926 |   10904.4781 |   10889.3222 |   10866.4186 |   10880.7053 |   10955.8822 |   10795.8605 |   10898.0762 |   10824.5427 |    7452.5389 |    7414.8813 |    7485.1213 |    7372.9786 |    7471.1341 |    7428.5818 |    7452.1843 |    7389.2493 |    7336.2285 |    7396.3424 |    7315.8227 |    7336.4461 |    7375.1936 |    7359.7574 |    7347.3114 |    7315.9610 |   10906.9376 |   10900.8442 |   10952.5562 |   10923.9462 |   10980.4896 |   10853.4694 |   10876.6899 |   10814.4819 |    7465.2666 |    7437.1642 |    7407.6480 |    7450.6579 |    7454.6534 |    7429.8810 |    7429.7984 |    7392.7661 |    7276.1715 |    7325.6685 |    7263.8739 |    7299.9635 |    7246.5952 |    7268.2976 |    7238.3936 |    7260.4371 |   10890.7859 |   10929.0426 |   10918.2387 |   10880.8787 |   10992.6342 |   10884.9261 |   10918.5357 |   10856.8115 |    7408.5178 |    7415.4669 |    7466.1914 |    7389.2006 |    7455.0016 |    7410.3904 |    7384.0307 |    7401.5571 |
+-------------------------+------------+------------+------------+------------+------------+------------+------------+------------+------------+------------+-------------+-------------+-------------+-------------+-------------+-------------+-------------+-------------+-------------+-------------+-------------+-------------+-------------+-------------+-------------+-------------+-------------+-------------+-------------+-------------+-------------+-------------+-------------+-------------+-------------+-------------+-------------+-------------+-------------+-------------+-------------+-------------+-------------+-------------+-------------+-------------+-------------+-------------+-------------+-------------+-------------+-------------+-------------+-------------+-------------+-------------+-------------+-------------+-------------+-------------+-------------+-------------+-------------+-------------+-------------+-------------+-------------+-------------+-------------+-------------+-------------+-------------+-------------+-------------+-------------+-------------+-------------+-------------+-------------+-------------+-------------+-------------+-------------+-------------+-------------+-------------+-------------+-------------+-------------+-------------+-------------+-------------+-------------+-------------+-------------+-------------+-------------+-------------+-------------+-------------+--------------+--------------+--------------+--------------+--------------+--------------+--------------+--------------+--------------+--------------+--------------+--------------+--------------+--------------+--------------+--------------+--------------+--------------+--------------+--------------+--------------+--------------+--------------+--------------+--------------+--------------+--------------+--------------+--------------+--------------+--------------+--------------+--------------+--------------+--------------+--------------+--------------+--------------+--------------+--------------+--------------+--------------+--------------+--------------+--------------+--------------+--------------+--------------+--------------+--------------+--------------+--------------+--------------+--------------+--------------+--------------+--------------+--------------+--------------+--------------+--------------+--------------+--------------+--------------+--------------+--------------+--------------+--------------+--------------+--------------+--------------+--------------+--------------+--------------+--------------+--------------+--------------+--------------+--------------+--------------+--------------+--------------+--------------+--------------+--------------+--------------+--------------+--------------+--------------+--------------+--------------+--------------+

+------------------------------+--------------+-----------+------------+-----------+
|            Metric            |      Sum     |    Min    |     Max    |    Avg    |
+------------------------------+--------------+-----------+------------+-----------+
|   Runtime (RDTSC) [s] STAT   |  572213.5130 | 2949.3620 |  3011.8990 | 2980.2787 |
|   Runtime unhalted [s] STAT  |  803965.2532 | 4185.1685 |  4189.6569 | 4187.3190 |
|       Clock [MHz] STAT       |  709347.2327 | 3693.8172 |  3694.9922 | 3694.5168 |
|           CPI STAT           |     418.9508 |    1.6890 |     2.5292 |    2.1820 |
| L3 bandwidth [MBytes/s] STAT |  525857.1922 | 2141.8841 |  3753.4041 | 2738.8395 |
| L3 data volume [GBytes] STAT | 1.567574e+06 | 6440.1357 | 11076.5357 | 8164.4495 |
+------------------------------+--------------+-----------+------------+-----------+

