INFO: You are running LIKWID in a cpuset with 64 CPUs. Taking given IDs as logical ID in cpuset
--------------------------------------------------------------------------------
CPU name:	AMD EPYC 9A14 96-Core Processor                
CPU type:	AMD K19 (Zen4) architecture
CPU clock:	2.60 GHz
--------------------------------------------------------------------------------
Sys.CPU_THREADS       192
SLURM_CPUS_PER_TASK   64
OMP_NUM_THREADS       64
OMP_PROC_BIND         close
OMP_PLACES            cores
BLAS_NUM_THREADS      1
Threads.nthreads()    1

Successfully read data from: /public/home/halili/jld2file/6-31g/hcn-1.0-6-31g.jld2
  name: hcn
  ratio: 1.0
  basis: 6-31g
  nα: 7, nβ: 7, ne: 14, norb: 20, nq: 40

  ngs: 13755
  ncs: 72681

Warming up JIT and Hardware...
Warm-up completed.
  Step 001:  residual: 7.7049e-01,  e: -92.82763179936536
  Step 002:  residual: 3.7087e-01,  e: -93.01183870091391
  Step 003:  residual: 1.4548e-01,  e: -93.04687547021007
  Step 004:  residual: 5.7932e-02,  e: -93.05170251010364
  Step 005:  residual: 2.8328e-02,  e: -93.05243615719452
  Step 006:  residual: 1.3340e-02,  e: -93.05261925959115
  Step 007:  residual: 5.6500e-03,  e: -93.05265620776078
  Step 008:  residual: 2.2421e-03,  e: -93.05266215767635
  Step 009:  residual: 8.8227e-04,  e: -93.05266309075162
  Step 010:  residual: 3.8870e-04,  e: -93.05266324625430
  Step 011:  residual: 1.8353e-04,  e: -93.05266327684474
  Step 012:  residual: 8.8481e-05,  e: -93.05266328403708
  Step 013:  residual: 3.8778e-05,  e: -93.05266328559617
  Step 014:  residual: 1.6948e-05,  e: -93.05266328585436
  Step 015:  residual: 6.9143e-06,  e: -93.05266328590342

Convergence reached!
4155.576368 seconds (7.21 M allocations: 347.495 GiB, 0.01% gc time, 0.05% compilation time)
--------------------------------------------------------------------------------
Region hvec_direct_agg, Group 1: L3
+-------------------+-------------+-------------+-------------+-------------+-------------+-------------+-------------+-------------+-------------+-------------+-------------+-------------+-------------+-------------+-------------+-------------+-------------+-------------+-------------+-------------+-------------+-------------+-------------+-------------+-------------+-------------+-------------+-------------+-------------+-------------+-------------+-------------+-------------+-------------+-------------+-------------+-------------+-------------+-------------+-------------+-------------+-------------+-------------+-------------+-------------+-------------+-------------+-------------+-------------+-------------+-------------+-------------+-------------+-------------+-------------+-------------+-------------+-------------+-------------+-------------+-------------+-------------+-------------+-------------+
|    Region Info    |  HWThread 0 |  HWThread 1 |  HWThread 2 |  HWThread 3 |  HWThread 4 |  HWThread 5 |  HWThread 6 |  HWThread 7 |  HWThread 8 |  HWThread 9 | HWThread 10 | HWThread 11 | HWThread 12 | HWThread 13 | HWThread 14 | HWThread 15 | HWThread 16 | HWThread 17 | HWThread 18 | HWThread 19 | HWThread 20 | HWThread 21 | HWThread 22 | HWThread 23 | HWThread 24 | HWThread 25 | HWThread 26 | HWThread 27 | HWThread 28 | HWThread 29 | HWThread 30 | HWThread 31 | HWThread 32 | HWThread 33 | HWThread 34 | HWThread 35 | HWThread 36 | HWThread 37 | HWThread 38 | HWThread 39 | HWThread 40 | HWThread 41 | HWThread 42 | HWThread 43 | HWThread 44 | HWThread 45 | HWThread 46 | HWThread 47 | HWThread 48 | HWThread 49 | HWThread 50 | HWThread 51 | HWThread 52 | HWThread 53 | HWThread 54 | HWThread 55 | HWThread 56 | HWThread 57 | HWThread 58 | HWThread 59 | HWThread 60 | HWThread 61 | HWThread 62 | HWThread 63 |
+-------------------+-------------+-------------+-------------+-------------+-------------+-------------+-------------+-------------+-------------+-------------+-------------+-------------+-------------+-------------+-------------+-------------+-------------+-------------+-------------+-------------+-------------+-------------+-------------+-------------+-------------+-------------+-------------+-------------+-------------+-------------+-------------+-------------+-------------+-------------+-------------+-------------+-------------+-------------+-------------+-------------+-------------+-------------+-------------+-------------+-------------+-------------+-------------+-------------+-------------+-------------+-------------+-------------+-------------+-------------+-------------+-------------+-------------+-------------+-------------+-------------+-------------+-------------+-------------+-------------+
| RDTSC Runtime [s] | 4060.623000 | 4053.426000 | 4054.555000 | 4051.237000 | 4058.537000 | 4055.693000 | 4055.130000 | 4059.602000 | 4058.251000 | 4044.832000 | 4054.848000 | 4046.369000 | 4059.884000 | 4047.215000 | 4047.793000 | 4047.793000 | 4053.704000 | 4049.129000 | 4048.572000 | 4045.591000 | 4044.330000 | 4049.129000 | 4044.331000 | 4055.415000 | 4057.688000 | 4043.766000 | 4048.851000 | 4051.516000 | 4051.516000 | 4049.896000 | 4051.516000 | 4048.076000 | 4052.782000 | 4052.511000 | 4043.543000 | 4057.413000 | 4056.261000 | 4050.172000 | 4052.511000 | 4052.015000 | 4049.620000 | 4045.879000 | 4045.879000 | 4052.236000 | 4057.124000 | 4050.949000 | 4059.601000 | 4046.646000 | 4056.837000 | 4045.104000 | 4046.924000 | 4055.971000 | 4053.978000 | 4044.832000 | 4058.810000 | 4058.811000 | 4056.551000 | 4050.172000 | 4059.315000 | 4044.041000 | 4047.505000 | 4057.962000 | 4050.449000 | 4054.267000 |
|     call count    |          15 |          15 |          15 |          15 |          15 |          15 |          15 |          15 |          15 |          15 |          15 |          15 |          15 |          15 |          15 |          15 |          15 |          15 |          15 |          15 |          15 |          15 |          15 |          15 |          15 |          15 |          15 |          15 |          15 |          15 |          15 |          15 |          15 |          15 |          15 |          15 |          15 |          15 |          15 |          15 |          15 |          15 |          15 |          15 |          15 |          15 |          15 |          15 |          15 |          15 |          15 |          15 |          15 |          15 |          15 |          15 |          15 |          15 |          15 |          15 |          15 |          15 |          15 |          15 |
+-------------------+-------------+-------------+-------------+-------------+-------------+-------------+-------------+-------------+-------------+-------------+-------------+-------------+-------------+-------------+-------------+-------------+-------------+-------------+-------------+-------------+-------------+-------------+-------------+-------------+-------------+-------------+-------------+-------------+-------------+-------------+-------------+-------------+-------------+-------------+-------------+-------------+-------------+-------------+-------------+-------------+-------------+-------------+-------------+-------------+-------------+-------------+-------------+-------------+-------------+-------------+-------------+-------------+-------------+-------------+-------------+-------------+-------------+-------------+-------------+-------------+-------------+-------------+-------------+-------------+

+-----------------------------+---------+----------------+----------------+----------------+----------------+----------------+----------------+----------------+----------------+----------------+----------------+----------------+----------------+----------------+----------------+----------------+----------------+----------------+----------------+----------------+----------------+----------------+----------------+----------------+----------------+----------------+----------------+----------------+----------------+----------------+----------------+----------------+----------------+----------------+----------------+----------------+----------------+----------------+----------------+----------------+----------------+----------------+----------------+----------------+----------------+----------------+----------------+----------------+----------------+----------------+----------------+----------------+----------------+----------------+----------------+----------------+----------------+----------------+----------------+----------------+----------------+----------------+----------------+----------------+----------------+
|            Event            | Counter |   HWThread 0   |   HWThread 1   |   HWThread 2   |   HWThread 3   |   HWThread 4   |   HWThread 5   |   HWThread 6   |   HWThread 7   |   HWThread 8   |   HWThread 9   |   HWThread 10  |   HWThread 11  |   HWThread 12  |   HWThread 13  |   HWThread 14  |   HWThread 15  |   HWThread 16  |   HWThread 17  |   HWThread 18  |   HWThread 19  |   HWThread 20  |   HWThread 21  |   HWThread 22  |   HWThread 23  |   HWThread 24  |   HWThread 25  |   HWThread 26  |   HWThread 27  |   HWThread 28  |   HWThread 29  |   HWThread 30  |   HWThread 31  |   HWThread 32  |   HWThread 33  |   HWThread 34  |   HWThread 35  |   HWThread 36  |   HWThread 37  |   HWThread 38  |   HWThread 39  |   HWThread 40  |   HWThread 41  |   HWThread 42  |   HWThread 43  |   HWThread 44  |   HWThread 45  |   HWThread 46  |   HWThread 47  |   HWThread 48  |   HWThread 49  |   HWThread 50  |   HWThread 51  |   HWThread 52  |   HWThread 53  |   HWThread 54  |   HWThread 55  |   HWThread 56  |   HWThread 57  |   HWThread 58  |   HWThread 59  |   HWThread 60  |   HWThread 61  |   HWThread 62  |   HWThread 63  |
+-----------------------------+---------+----------------+----------------+----------------+----------------+----------------+----------------+----------------+----------------+----------------+----------------+----------------+----------------+----------------+----------------+----------------+----------------+----------------+----------------+----------------+----------------+----------------+----------------+----------------+----------------+----------------+----------------+----------------+----------------+----------------+----------------+----------------+----------------+----------------+----------------+----------------+----------------+----------------+----------------+----------------+----------------+----------------+----------------+----------------+----------------+----------------+----------------+----------------+----------------+----------------+----------------+----------------+----------------+----------------+----------------+----------------+----------------+----------------+----------------+----------------+----------------+----------------+----------------+----------------+----------------+
|       ACTUAL_CPU_CLOCK      |  FIXC1  | 14957880000000 | 14955570000000 | 14955380000000 | 14954670000000 | 14955150000000 | 14955930000000 | 14955710000000 | 14955980000000 | 14954690000000 | 14954350000000 | 14954220000000 | 14954690000000 | 14955370000000 | 14955210000000 | 14954520000000 | 14954820000000 | 14953850000000 | 14954620000000 | 14954120000000 | 14954290000000 | 14954530000000 | 14953000000000 | 14953590000000 | 14953740000000 | 14954040000000 | 14954190000000 | 14953760000000 | 14954370000000 | 14954960000000 | 14954440000000 | 14955300000000 | 14954970000000 | 14954690000000 | 14954510000000 | 14954870000000 | 14954450000000 | 14954390000000 | 14954780000000 | 14954450000000 | 14954380000000 | 14954650000000 | 14953900000000 | 14955550000000 | 14953540000000 | 14953840000000 | 14953760000000 | 14954890000000 | 14954070000000 | 14955250000000 | 14954120000000 | 14954220000000 | 14955140000000 | 14956010000000 | 14955730000000 | 14953960000000 | 14953980000000 | 14954340000000 | 14954430000000 | 14954500000000 | 14953810000000 | 14954340000000 | 14954490000000 | 14954030000000 | 14955360000000 |
|        MAX_CPU_CLOCK        |  FIXC2  | 10511870000000 | 10511460000000 | 10510940000000 | 10510560000000 | 10510710000000 | 10511200000000 | 10511070000000 | 10511340000000 | 10510400000000 | 10510070000000 | 10510090000000 | 10510410000000 | 10510830000000 | 10510810000000 | 10510310000000 | 10510500000000 | 10509810000000 | 10510280000000 | 10510050000000 | 10510160000000 | 10510310000000 | 10509270000000 | 10509670000000 | 10509710000000 | 10509890000000 | 10510090000000 | 10509810000000 | 10510250000000 | 10510640000000 | 10510320000000 | 10510840000000 | 10510530000000 | 10510440000000 | 10510330000000 | 10510420000000 | 10510170000000 | 10510110000000 | 10510490000000 | 10510260000000 | 10510210000000 | 10510400000000 | 10509870000000 | 10510940000000 | 10509650000000 | 10509850000000 | 10509780000000 | 10510490000000 | 10509900000000 | 10510820000000 | 10510020000000 | 10510110000000 | 10510750000000 | 10511320000000 | 10511100000000 | 10509950000000 | 10509830000000 | 10510210000000 | 10510200000000 | 10510210000000 | 10509800000000 | 10510190000000 | 10510200000000 | 10509850000000 | 10510920000000 |
|     RETIRED_INSTRUCTIONS    |   PMC0  | 14652830000000 | 14633690000000 | 14656070000000 | 14612760000000 | 14675560000000 | 14583840000000 | 14653360000000 | 14568490000000 | 15650390000000 | 15636670000000 | 15628340000000 | 15595710000000 | 15616140000000 | 15575020000000 | 15605680000000 | 15558160000000 | 15224660000000 | 15197850000000 | 15239990000000 | 15168100000000 | 15185700000000 | 15153400000000 | 15185770000000 | 15116670000000 | 14761540000000 | 14725910000000 | 14774430000000 | 14688360000000 | 14749590000000 | 14633700000000 | 14698240000000 | 14660880000000 | 15217610000000 | 15171180000000 | 15211260000000 | 15157720000000 | 15190030000000 | 15116860000000 | 15160970000000 | 15139050000000 | 15214210000000 | 15194440000000 | 15208190000000 | 15141850000000 | 15205680000000 | 15135770000000 | 15177610000000 | 15154270000000 | 15571430000000 | 15511240000000 | 15531350000000 | 15517600000000 | 15513530000000 | 15481200000000 | 15491900000000 | 15481730000000 | 15607800000000 | 15554330000000 | 15584060000000 | 15524360000000 | 15548000000000 | 15509240000000 | 15523980000000 | 15507970000000 |
|     CPU_CLOCKS_UNHALTED     |   PMC1  | 14879250000000 | 14884530000000 | 14884580000000 | 14882640000000 | 14885740000000 | 14885250000000 | 14885060000000 | 14886200000000 | 14883140000000 | 14885520000000 | 14885260000000 | 14884700000000 | 14885540000000 | 14885130000000 | 14884150000000 | 14885680000000 | 14880460000000 | 14882410000000 | 14881950000000 | 14881800000000 | 14881410000000 | 14881720000000 | 14882120000000 | 14880120000000 | 14881910000000 | 14881470000000 | 14882320000000 | 14882720000000 | 14881920000000 | 14884210000000 | 14883840000000 | 14882690000000 | 14884700000000 | 14883070000000 | 14884280000000 | 14883440000000 | 14882400000000 | 14884220000000 | 14883420000000 | 14883750000000 | 14880740000000 | 14880440000000 | 14881960000000 | 14880770000000 | 14879790000000 | 14880580000000 | 14880130000000 | 14880890000000 | 14884450000000 | 14883680000000 | 14884180000000 | 14885500000000 | 14885890000000 | 14885600000000 | 14884070000000 | 14883870000000 | 14884020000000 | 14883570000000 | 14884750000000 | 14884230000000 | 14884080000000 | 14884370000000 | 14882370000000 | 14883970000000 |
|       L2_PF_HIT_IN_L3       |   PMC2  |   114397100000 |   113345400000 |   116989700000 |   113973400000 |   119943500000 |   112229500000 |   119831700000 |   112371800000 |   134515300000 |   133418400000 |   134828500000 |   131351500000 |   134206400000 |   130569900000 |   136069000000 |   130312300000 |   127667800000 |   126224300000 |   132397000000 |   124860300000 |   127576700000 |   125669000000 |   130340100000 |   123505400000 |   120824200000 |   117392000000 |   124089300000 |   115984800000 |   122385200000 |   112515800000 |   119652200000 |   116155200000 |   127394900000 |   123398800000 |   128991700000 |   124480200000 |   127662700000 |   121611300000 |   127803000000 |   125475800000 |   127380300000 |   125628400000 |   128691900000 |   123455200000 |   130363100000 |   124208300000 |   130075000000 |   128084700000 |   136032300000 |   129547700000 |   133635200000 |   133849100000 |   132582600000 |   130085700000 |   132771800000 |   132662600000 |   138215100000 |   132094400000 |   137472000000 |   131837700000 |   134769900000 |   131440300000 |   134985500000 |   133304000000 |
|       L2_PF_MISS_IN_L3      |   PMC3  |   213063100000 |   213229000000 |   210528600000 |   212051800000 |   208209200000 |   212838000000 |   207451400000 |   212174800000 |   228403600000 |   228667200000 |   227399900000 |   229652900000 |   227583900000 |   229543800000 |   225209200000 |   229270500000 |   219661400000 |   220003800000 |   215481400000 |   220318800000 |   218393400000 |   219177000000 |   215505400000 |   220088400000 |   210437200000 |   212375000000 |   207654600000 |   212736300000 |   208506800000 |   214763000000 |   209463200000 |   211626300000 |   220484400000 |   222648900000 |   218675100000 |   221287300000 |   219318800000 |   222872500000 |   218182700000 |   219653500000 |   219803300000 |   220636000000 |   218375400000 |   221291300000 |   216659000000 |   220331400000 |   215931700000 |   217062200000 |   225104000000 |   229261900000 |   226211600000 |   225415100000 |   226684100000 |   227892000000 |   225642400000 |   225352700000 |   224353100000 |   228360200000 |   224232400000 |   227774200000 |   225867300000 |   227638100000 |   224598800000 |   225798100000 |
| L2_CACHE_MISS_AFTER_L1_MISS |   PMC4  |    41314350000 |    41095370000 |    41319110000 |    41039870000 |    41474300000 |    40915810000 |    41367210000 |    40859950000 |    41395260000 |    41193960000 |    41262520000 |    41125110000 |    41208610000 |    40936670000 |    41240230000 |    40857610000 |    41920050000 |    41637150000 |    42071540000 |    41527270000 |    41652300000 |    41466390000 |    41756970000 |    41285650000 |    41610420000 |    41275810000 |    41726810000 |    41150150000 |    41595860000 |    40912490000 |    41286650000 |    41032240000 |    41092370000 |    40674560000 |    41094100000 |    40711130000 |    40930980000 |    40470600000 |    40826750000 |    40674560000 |    41576710000 |    41374090000 |    41604190000 |    41130100000 |    41603000000 |    41152240000 |    41477600000 |    41338410000 |    40472260000 |    39915500000 |    40237050000 |    40152920000 |    40147810000 |    39942160000 |    40093390000 |    40069620000 |    40500440000 |    40025270000 |    40363570000 |    39955120000 |    40147640000 |    39899810000 |    40035570000 |    39966120000 |
+-----------------------------+---------+----------------+----------------+----------------+----------------+----------------+----------------+----------------+----------------+----------------+----------------+----------------+----------------+----------------+----------------+----------------+----------------+----------------+----------------+----------------+----------------+----------------+----------------+----------------+----------------+----------------+----------------+----------------+----------------+----------------+----------------+----------------+----------------+----------------+----------------+----------------+----------------+----------------+----------------+----------------+----------------+----------------+----------------+----------------+----------------+----------------+----------------+----------------+----------------+----------------+----------------+----------------+----------------+----------------+----------------+----------------+----------------+----------------+----------------+----------------+----------------+----------------+----------------+----------------+----------------+

+----------------------------------+---------+-----------------+----------------+----------------+----------------+
|               Event              | Counter |       Sum       |       Min      |       Max      |       Avg      |
+----------------------------------+---------+-----------------+----------------+----------------+----------------+
|       ACTUAL_CPU_CLOCK STAT      |  FIXC1  | 957096340000000 | 14953000000000 | 14957880000000 | 14954630312500 |
|        MAX_CPU_CLOCK STAT        |  FIXC2  | 672662990000000 | 10509270000000 | 10511870000000 | 10510359218750 |
|     RETIRED_INSTRUCTIONS STAT    |   PMC0  | 972323920000000 | 14568490000000 | 15650390000000 | 15192561250000 |
|     CPU_CLOCKS_UNHALTED STAT     |   PMC1  | 952528620000000 | 14879250000000 | 14886200000000 | 14883259687500 |
|       L2_PF_HIT_IN_L3 STAT       |   PMC2  |   8115583900000 |   112229500000 |   138215100000 |   1.268060e+11 |
|       L2_PF_MISS_IN_L3 STAT      |   PMC3  |  14084868400000 |   207451400000 |   229652900000 |   220076068750 |
| L2_CACHE_MISS_AFTER_L1_MISS STAT |   PMC4  |   2622169330000 |    39899810000 |    42071540000 |   4.097140e+10 |
+----------------------------------+---------+-----------------+----------------+----------------+----------------+

+-------------------------+------------+------------+------------+------------+------------+------------+------------+------------+------------+------------+-------------+-------------+-------------+-------------+-------------+-------------+-------------+-------------+-------------+-------------+-------------+-------------+-------------+-------------+-------------+-------------+-------------+-------------+-------------+-------------+-------------+-------------+-------------+-------------+-------------+-------------+-------------+-------------+-------------+-------------+-------------+-------------+-------------+-------------+-------------+-------------+-------------+-------------+-------------+-------------+-------------+-------------+-------------+-------------+-------------+-------------+-------------+-------------+-------------+-------------+-------------+-------------+-------------+-------------+
|          Metric         | HWThread 0 | HWThread 1 | HWThread 2 | HWThread 3 | HWThread 4 | HWThread 5 | HWThread 6 | HWThread 7 | HWThread 8 | HWThread 9 | HWThread 10 | HWThread 11 | HWThread 12 | HWThread 13 | HWThread 14 | HWThread 15 | HWThread 16 | HWThread 17 | HWThread 18 | HWThread 19 | HWThread 20 | HWThread 21 | HWThread 22 | HWThread 23 | HWThread 24 | HWThread 25 | HWThread 26 | HWThread 27 | HWThread 28 | HWThread 29 | HWThread 30 | HWThread 31 | HWThread 32 | HWThread 33 | HWThread 34 | HWThread 35 | HWThread 36 | HWThread 37 | HWThread 38 | HWThread 39 | HWThread 40 | HWThread 41 | HWThread 42 | HWThread 43 | HWThread 44 | HWThread 45 | HWThread 46 | HWThread 47 | HWThread 48 | HWThread 49 | HWThread 50 | HWThread 51 | HWThread 52 | HWThread 53 | HWThread 54 | HWThread 55 | HWThread 56 | HWThread 57 | HWThread 58 | HWThread 59 | HWThread 60 | HWThread 61 | HWThread 62 | HWThread 63 |
+-------------------------+------------+------------+------------+------------+------------+------------+------------+------------+------------+------------+-------------+-------------+-------------+-------------+-------------+-------------+-------------+-------------+-------------+-------------+-------------+-------------+-------------+-------------+-------------+-------------+-------------+-------------+-------------+-------------+-------------+-------------+-------------+-------------+-------------+-------------+-------------+-------------+-------------+-------------+-------------+-------------+-------------+-------------+-------------+-------------+-------------+-------------+-------------+-------------+-------------+-------------+-------------+-------------+-------------+-------------+-------------+-------------+-------------+-------------+-------------+-------------+-------------+-------------+
|   Runtime (RDTSC) [s]   |  4060.6230 |  4053.4260 |  4054.5550 |  4051.2370 |  4058.5370 |  4055.6930 |  4055.1300 |  4059.6020 |  4058.2510 |  4044.8320 |   4054.8480 |   4046.3690 |   4059.8840 |   4047.2150 |   4047.7930 |   4047.7930 |   4053.7040 |   4049.1290 |   4048.5720 |   4045.5910 |   4044.3300 |   4049.1290 |   4044.3310 |   4055.4150 |   4057.6880 |   4043.7660 |   4048.8510 |   4051.5160 |   4051.5160 |   4049.8960 |   4051.5160 |   4048.0760 |   4052.7820 |   4052.5110 |   4043.5430 |   4057.4130 |   4056.2610 |   4050.1720 |   4052.5110 |   4052.0150 |   4049.6200 |   4045.8790 |   4045.8790 |   4052.2360 |   4057.1240 |   4050.9490 |   4059.6010 |   4046.6460 |   4056.8370 |   4045.1040 |   4046.9240 |   4055.9710 |   4053.9780 |   4044.8320 |   4058.8100 |   4058.8110 |   4056.5510 |   4050.1720 |   4059.3150 |   4044.0410 |   4047.5050 |   4057.9620 |   4050.4490 |   4054.2670 |
|   Runtime unhalted [s]  |  5753.0736 |  5752.1851 |  5752.1120 |  5751.8389 |  5752.0236 |  5752.3236 |  5752.2389 |  5752.3428 |  5751.8466 |  5751.7159 |   5751.6659 |   5751.8466 |   5752.1082 |   5752.0466 |   5751.7812 |   5751.8966 |   5751.5236 |   5751.8197 |   5751.6274 |   5751.6928 |   5751.7851 |   5751.1966 |   5751.4236 |   5751.4812 |   5751.5966 |   5751.6543 |   5751.4889 |   5751.7236 |   5751.9505 |   5751.7505 |   5752.0813 |   5751.9543 |   5751.8466 |   5751.7774 |   5751.9159 |   5751.7543 |   5751.7312 |   5751.8812 |   5751.7543 |   5751.7274 |   5751.8312 |   5751.5428 |   5752.1774 |   5751.4043 |   5751.5197 |   5751.4889 |   5751.9236 |   5751.6082 |   5752.0620 |   5751.6274 |   5751.6659 |   5752.0197 |   5752.3543 |   5752.2466 |   5751.5659 |   5751.5736 |   5751.7120 |   5751.7466 |   5751.7736 |   5751.5082 |   5751.7120 |   5751.7697 |   5751.5928 |   5752.1043 |
|       Clock [MHz]       |  3699.6461 |  3699.2190 |  3699.3550 |  3699.3131 |  3699.3791 |  3699.3996 |  3699.3909 |  3699.3627 |  3699.3744 |  3699.4065 |   3699.3673 |   3699.3709 |   3699.3913 |   3699.3587 |   3699.3640 |   3699.3714 |   3699.3743 |   3699.3993 |   3699.3566 |   3699.3599 |   3699.3665 |   3699.3541 |   3699.3592 |   3699.3823 |   3699.3931 |   3699.3598 |   3699.3520 |   3699.3480 |   3699.3567 |   3699.3407 |   3699.3704 |   3699.3979 |   3699.3603 |   3699.3545 |   3699.4119 |   3699.3960 |   3699.4023 |   3699.3650 |   3699.3643 |   3699.3646 |   3699.3645 |   3699.3655 |   3699.3971 |   3699.3539 |   3699.3577 |   3699.3626 |   3699.3922 |   3699.3970 |   3699.3651 |   3699.3672 |   3699.3602 |   3699.3625 |   3699.3771 |   3699.3853 |   3699.3522 |   3699.3994 |   3699.3547 |   3699.3805 |   3699.3943 |   3699.3679 |   3699.3617 |   3699.3953 |   3699.4047 |   3699.3571 |
|           CPI           |     1.0155 |     1.0171 |     1.0156 |     1.0185 |     1.0143 |     1.0207 |     1.0158 |     1.0218 |     0.9510 |     0.9520 |      0.9525 |      0.9544 |      0.9532 |      0.9557 |      0.9538 |      0.9568 |      0.9774 |      0.9792 |      0.9765 |      0.9811 |      0.9800 |      0.9821 |      0.9800 |      0.9844 |      1.0082 |      1.0106 |      1.0073 |      1.0132 |      1.0090 |      1.0171 |      1.0126 |      1.0151 |      0.9781 |      0.9810 |      0.9785 |      0.9819 |      0.9797 |      0.9846 |      0.9817 |      0.9831 |      0.9781 |      0.9793 |      0.9785 |      0.9828 |      0.9786 |      0.9831 |      0.9804 |      0.9820 |      0.9559 |      0.9595 |      0.9583 |      0.9593 |      0.9595 |      0.9615 |      0.9608 |      0.9614 |      0.9536 |      0.9569 |      0.9551 |      0.9588 |      0.9573 |      0.9597 |      0.9587 |      0.9598 |
| L3 bandwidth [MBytes/s] |  5812.3030 |  5805.1794 |  5821.9938 |  5798.7633 |  5828.7329 |  5775.3217 |  5818.2154 |  5760.6680 |  6376.1720 |  6380.9552 |   6368.5294 |   6360.3415 |   6352.8737 |   6341.9472 |   6364.2532 |   6331.3974 |   6145.4788 |   6130.5471 |   6164.3454 |   6117.5753 |   6133.9786 |   6106.0028 |   6133.6617 |   6073.9246 |   5881.1314 |   5872.4317 |   5903.4342 |   5842.6920 |   5884.0254 |   5818.4809 |   5851.0768 |   5830.9378 |   6142.4934 |   6107.3800 |   6153.1923 |   6096.1584 |   6120.5131 |   6082.9717 |   6108.8043 |   6093.6218 |   6143.9493 |   6131.8847 |   6148.2252 |   6094.4383 |   6130.4526 |   6093.4572 |   6108.7272 |   6112.4842 |   6335.7113 |   6308.4673 |   6327.1182 |   6302.4848 |   6305.5420 |   6296.1505 |   6283.7348 |   6277.0686 |   6359.1936 |   6328.3020 |   6339.0868 |   6323.4496 |   6337.2942 |   6292.4703 |   6314.2806 |   6299.6261 |
| L3 data volume [GBytes] | 23601.5712 | 23530.8653 | 23605.5942 | 23492.1645 | 23656.1280 | 23422.9318 | 23593.6198 | 23386.0192 | 25876.1062 | 25809.8918 |  25823.4189 |  25736.2886 |  25791.9302 |  25667.2237 |  25761.1795 |  25628.1862 |  24911.9520 |  24823.3760 |  24956.7962 |  24749.2077 |  24807.8336 |  24723.9930 |  24806.5581 |  24632.2848 |  23863.7965 |  23746.7398 |  23902.1254 |  23671.7600 |  23839.2230 |  23564.2426 |  23705.7312 |  23604.0794 |  24894.1869 |  24750.2246 |  24880.6976 |  24734.6323 |  24826.3987 |  24637.0816 |  24755.9968 |  24691.4470 |  24880.6598 |  24808.8634 |  24874.9754 |  24696.1024 |  24872.0064 |  24684.2842 |  24798.9952 |  24735.0598 |  25702.9478 |  25518.4064 |  25605.3664 |  25562.6957 |  25562.5286 |  25466.8710 |  25504.4858 |  25477.4349 |  25796.3930 |  25630.7117 |  25732.3501 |  25572.2893 |  25650.2298 |  25534.6054 |  25575.6717 |  25540.3661 |
+-------------------------+------------+------------+------------+------------+------------+------------+------------+------------+------------+------------+-------------+-------------+-------------+-------------+-------------+-------------+-------------+-------------+-------------+-------------+-------------+-------------+-------------+-------------+-------------+-------------+-------------+-------------+-------------+-------------+-------------+-------------+-------------+-------------+-------------+-------------+-------------+-------------+-------------+-------------+-------------+-------------+-------------+-------------+-------------+-------------+-------------+-------------+-------------+-------------+-------------+-------------+-------------+-------------+-------------+-------------+-------------+-------------+-------------+-------------+-------------+-------------+-------------+-------------+

+------------------------------+--------------+------------+------------+------------+
|            Metric            |      Sum     |     Min    |     Max    |     Avg    |
+------------------------------+--------------+------------+------------+------------+
|   Runtime (RDTSC) [s] STAT   |  259315.4850 |  4043.5430 |  4060.6230 |  4051.8045 |
|   Runtime unhalted [s] STAT  |  368116.7151 |  5751.1966 |  5753.0736 |  5751.8237 |
|       Clock [MHz] STAT       |  236759.9354 |  3699.2190 |  3699.6461 |  3699.3740 |
|           CPI STAT           |      62.7300 |     0.9510 |     1.0218 |     0.9802 |
| L3 bandwidth [MBytes/s] STAT |  392086.1060 |  5760.6680 |  6380.9552 |  6126.3454 |
| L3 data volume [GBytes] STAT | 1.588648e+06 | 23386.0192 | 25876.1062 | 24822.6216 |
+------------------------------+--------------+------------+------------+------------+

