INFO: You are running LIKWID in a cpuset with 80 CPUs. Taking given IDs as logical ID in cpuset
--------------------------------------------------------------------------------
CPU name:	AMD EPYC 9A14 96-Core Processor                
CPU type:	AMD K19 (Zen4) architecture
CPU clock:	2.60 GHz
--------------------------------------------------------------------------------
Sys.CPU_THREADS       192
SLURM_CPUS_PER_TASK   80
OMP_NUM_THREADS       80
OMP_PROC_BIND         close
OMP_PLACES            cores
BLAS_NUM_THREADS      1
Threads.nthreads()    1

Successfully read data from: /public/home/halili/jld2file/6-31g/hcn-1.0-6-31g.jld2
  name: hcn
  ratio: 1.0
  basis: 6-31g
  nα: 7, nβ: 7, ne: 14, norb: 20, nq: 40

  ngs: 13755
  ncs: 72681

Warming up JIT and Hardware...
Warm-up completed.
  Step 001:  residual: 7.7049e-01,  e: -92.82763179936551
  Step 002:  residual: 3.7087e-01,  e: -93.01183870091404
  Step 003:  residual: 1.4548e-01,  e: -93.04687547021022
  Step 004:  residual: 5.7932e-02,  e: -93.05170251010392
  Step 005:  residual: 2.8328e-02,  e: -93.05243615719498
  Step 006:  residual: 1.3340e-02,  e: -93.05261925959169
  Step 007:  residual: 5.6500e-03,  e: -93.05265620776139
  Step 008:  residual: 2.2421e-03,  e: -93.05266215767699
  Step 009:  residual: 8.8227e-04,  e: -93.05266309075219
  Step 010:  residual: 3.8870e-04,  e: -93.05266324625495
  Step 011:  residual: 1.8353e-04,  e: -93.05266327684537
  Step 012:  residual: 8.8481e-05,  e: -93.05266328403775
  Step 013:  residual: 3.8778e-05,  e: -93.05266328559686
  Step 014:  residual: 1.6948e-05,  e: -93.05266328585499
  Step 015:  residual: 6.9143e-06,  e: -93.05266328590409

Convergence reached!
3710.448421 seconds (7.21 M allocations: 347.495 GiB, 0.01% gc time, 0.05% compilation time)
--------------------------------------------------------------------------------
Region hvec_direct_agg, Group 1: L3
+-------------------+-------------+-------------+-------------+-------------+-------------+-------------+-------------+-------------+-------------+-------------+-------------+-------------+-------------+-------------+-------------+-------------+-------------+-------------+-------------+-------------+-------------+-------------+-------------+-------------+-------------+-------------+-------------+-------------+-------------+-------------+-------------+-------------+-------------+-------------+-------------+-------------+-------------+-------------+-------------+-------------+-------------+-------------+-------------+-------------+-------------+-------------+-------------+-------------+-------------+-------------+-------------+-------------+-------------+-------------+-------------+-------------+-------------+-------------+-------------+-------------+-------------+-------------+-------------+-------------+-------------+-------------+-------------+-------------+-------------+-------------+-------------+-------------+-------------+-------------+-------------+-------------+-------------+-------------+-------------+-------------+
|    Region Info    |  HWThread 0 |  HWThread 1 |  HWThread 2 |  HWThread 3 |  HWThread 4 |  HWThread 5 |  HWThread 6 |  HWThread 7 |  HWThread 8 |  HWThread 9 | HWThread 10 | HWThread 11 | HWThread 12 | HWThread 13 | HWThread 14 | HWThread 15 | HWThread 16 | HWThread 17 | HWThread 18 | HWThread 19 | HWThread 20 | HWThread 21 | HWThread 22 | HWThread 23 | HWThread 24 | HWThread 25 | HWThread 26 | HWThread 27 | HWThread 28 | HWThread 29 | HWThread 30 | HWThread 31 | HWThread 32 | HWThread 33 | HWThread 34 | HWThread 35 | HWThread 36 | HWThread 37 | HWThread 38 | HWThread 39 | HWThread 40 | HWThread 41 | HWThread 42 | HWThread 43 | HWThread 44 | HWThread 45 | HWThread 46 | HWThread 47 | HWThread 48 | HWThread 49 | HWThread 50 | HWThread 51 | HWThread 52 | HWThread 53 | HWThread 54 | HWThread 55 | HWThread 56 | HWThread 57 | HWThread 58 | HWThread 59 | HWThread 60 | HWThread 61 | HWThread 62 | HWThread 63 | HWThread 64 | HWThread 65 | HWThread 66 | HWThread 67 | HWThread 68 | HWThread 69 | HWThread 70 | HWThread 71 | HWThread 72 | HWThread 73 | HWThread 74 | HWThread 75 | HWThread 76 | HWThread 77 | HWThread 78 | HWThread 79 |
+-------------------+-------------+-------------+-------------+-------------+-------------+-------------+-------------+-------------+-------------+-------------+-------------+-------------+-------------+-------------+-------------+-------------+-------------+-------------+-------------+-------------+-------------+-------------+-------------+-------------+-------------+-------------+-------------+-------------+-------------+-------------+-------------+-------------+-------------+-------------+-------------+-------------+-------------+-------------+-------------+-------------+-------------+-------------+-------------+-------------+-------------+-------------+-------------+-------------+-------------+-------------+-------------+-------------+-------------+-------------+-------------+-------------+-------------+-------------+-------------+-------------+-------------+-------------+-------------+-------------+-------------+-------------+-------------+-------------+-------------+-------------+-------------+-------------+-------------+-------------+-------------+-------------+-------------+-------------+-------------+-------------+
| RDTSC Runtime [s] | 3622.782000 | 3610.206000 | 3615.490000 | 3609.737000 | 3613.910000 | 3615.723000 | 3615.009000 | 3609.266000 | 3608.096000 | 3616.350000 | 3618.544000 | 3609.973000 | 3620.795000 | 3617.453000 | 3620.560000 | 3616.115000 | 3604.912000 | 3607.470000 | 3616.977000 | 3619.566000 | 3608.325000 | 3607.705000 | 3611.871000 | 3619.331000 | 3605.321000 | 3609.029000 | 3610.674000 | 3606.035000 | 3617.922000 | 3617.690000 | 3620.337000 | 3614.144000 | 3610.909000 | 3617.690000 | 3607.470000 | 3611.385000 | 3621.428000 | 3613.672000 | 3621.911000 | 3606.763000 | 3622.395000 | 3618.776000 | 3612.584000 | 3607.001000 | 3618.544000 | 3615.489000 | 3614.379000 | 3618.776000 | 3612.116000 | 3620.560000 | 3621.428000 | 3607.233000 | 3616.740000 | 3617.213000 | 3612.583000 | 3608.556000 | 3606.521000 | 3619.787000 | 3613.442000 | 3619.954000 | 3616.115000 | 3612.352000 | 3608.795000 | 3605.322000 | 3605.087000 | 3618.309000 | 3615.255000 | 3609.500000 | 3613.056000 | 3612.818000 | 3610.437000 | 3619.332000 | 3621.184000 | 3611.630000 | 3614.379000 | 3606.279000 | 3605.793000 | 3611.140000 | 3622.150000 | 3614.610000 |
|     call count    |          15 |          15 |          15 |          15 |          15 |          15 |          15 |          15 |          15 |          15 |          15 |          15 |          15 |          15 |          15 |          15 |          15 |          15 |          15 |          15 |          15 |          15 |          15 |          15 |          15 |          15 |          15 |          15 |          15 |          15 |          15 |          15 |          15 |          15 |          15 |          15 |          15 |          15 |          15 |          15 |          15 |          15 |          15 |          15 |          15 |          15 |          15 |          15 |          15 |          15 |          15 |          15 |          15 |          15 |          15 |          15 |          15 |          15 |          15 |          15 |          15 |          15 |          15 |          15 |          15 |          15 |          15 |          15 |          15 |          15 |          15 |          15 |          15 |          15 |          15 |          15 |          15 |          15 |          15 |          15 |
+-------------------+-------------+-------------+-------------+-------------+-------------+-------------+-------------+-------------+-------------+-------------+-------------+-------------+-------------+-------------+-------------+-------------+-------------+-------------+-------------+-------------+-------------+-------------+-------------+-------------+-------------+-------------+-------------+-------------+-------------+-------------+-------------+-------------+-------------+-------------+-------------+-------------+-------------+-------------+-------------+-------------+-------------+-------------+-------------+-------------+-------------+-------------+-------------+-------------+-------------+-------------+-------------+-------------+-------------+-------------+-------------+-------------+-------------+-------------+-------------+-------------+-------------+-------------+-------------+-------------+-------------+-------------+-------------+-------------+-------------+-------------+-------------+-------------+-------------+-------------+-------------+-------------+-------------+-------------+-------------+-------------+

+-----------------------------+---------+----------------+----------------+----------------+----------------+----------------+----------------+----------------+----------------+----------------+----------------+----------------+----------------+----------------+----------------+----------------+----------------+----------------+----------------+----------------+----------------+----------------+----------------+----------------+----------------+----------------+----------------+----------------+----------------+----------------+----------------+----------------+----------------+----------------+----------------+----------------+----------------+----------------+----------------+----------------+----------------+----------------+----------------+----------------+----------------+----------------+----------------+----------------+----------------+----------------+----------------+----------------+----------------+----------------+----------------+----------------+----------------+----------------+----------------+----------------+----------------+----------------+----------------+----------------+----------------+----------------+----------------+----------------+----------------+----------------+----------------+----------------+----------------+----------------+----------------+----------------+----------------+----------------+----------------+----------------+----------------+
|            Event            | Counter |   HWThread 0   |   HWThread 1   |   HWThread 2   |   HWThread 3   |   HWThread 4   |   HWThread 5   |   HWThread 6   |   HWThread 7   |   HWThread 8   |   HWThread 9   |   HWThread 10  |   HWThread 11  |   HWThread 12  |   HWThread 13  |   HWThread 14  |   HWThread 15  |   HWThread 16  |   HWThread 17  |   HWThread 18  |   HWThread 19  |   HWThread 20  |   HWThread 21  |   HWThread 22  |   HWThread 23  |   HWThread 24  |   HWThread 25  |   HWThread 26  |   HWThread 27  |   HWThread 28  |   HWThread 29  |   HWThread 30  |   HWThread 31  |   HWThread 32  |   HWThread 33  |   HWThread 34  |   HWThread 35  |   HWThread 36  |   HWThread 37  |   HWThread 38  |   HWThread 39  |   HWThread 40  |   HWThread 41  |   HWThread 42  |   HWThread 43  |   HWThread 44  |   HWThread 45  |   HWThread 46  |   HWThread 47  |   HWThread 48  |   HWThread 49  |   HWThread 50  |   HWThread 51  |   HWThread 52  |   HWThread 53  |   HWThread 54  |   HWThread 55  |   HWThread 56  |   HWThread 57  |   HWThread 58  |   HWThread 59  |   HWThread 60  |   HWThread 61  |   HWThread 62  |   HWThread 63  |   HWThread 64  |   HWThread 65  |   HWThread 66  |   HWThread 67  |   HWThread 68  |   HWThread 69  |   HWThread 70  |   HWThread 71  |   HWThread 72  |   HWThread 73  |   HWThread 74  |   HWThread 75  |   HWThread 76  |   HWThread 77  |   HWThread 78  |   HWThread 79  |
+-----------------------------+---------+----------------+----------------+----------------+----------------+----------------+----------------+----------------+----------------+----------------+----------------+----------------+----------------+----------------+----------------+----------------+----------------+----------------+----------------+----------------+----------------+----------------+----------------+----------------+----------------+----------------+----------------+----------------+----------------+----------------+----------------+----------------+----------------+----------------+----------------+----------------+----------------+----------------+----------------+----------------+----------------+----------------+----------------+----------------+----------------+----------------+----------------+----------------+----------------+----------------+----------------+----------------+----------------+----------------+----------------+----------------+----------------+----------------+----------------+----------------+----------------+----------------+----------------+----------------+----------------+----------------+----------------+----------------+----------------+----------------+----------------+----------------+----------------+----------------+----------------+----------------+----------------+----------------+----------------+----------------+----------------+
|       ACTUAL_CPU_CLOCK      |  FIXC1  | 13319580000000 | 13316260000000 | 13316770000000 | 13316320000000 | 13316290000000 | 13315950000000 | 13315800000000 | 13317160000000 | 13317130000000 | 13316050000000 | 13316010000000 | 13315830000000 | 13316570000000 | 13316060000000 | 13316870000000 | 13316630000000 | 13316330000000 | 13316350000000 | 13315060000000 | 13316590000000 | 13315910000000 | 13316750000000 | 13315560000000 | 13316960000000 | 13317450000000 | 13316300000000 | 13317290000000 | 13317130000000 | 13315500000000 | 13316070000000 | 13316140000000 | 13317160000000 | 13316790000000 | 13316530000000 | 13315820000000 | 13317240000000 | 13317130000000 | 13317470000000 | 13316970000000 | 13317400000000 | 13315780000000 | 13317400000000 | 13316530000000 | 13316420000000 | 13316470000000 | 13317040000000 | 13316770000000 | 13315710000000 | 13317100000000 | 13317320000000 | 13316240000000 | 13316830000000 | 13316900000000 | 13316350000000 | 13317020000000 | 13317100000000 | 13316380000000 | 13316370000000 | 13316130000000 | 13315780000000 | 13316400000000 | 13315450000000 | 13316160000000 | 13317480000000 | 13316540000000 | 13315730000000 | 13316970000000 | 13316490000000 | 13315640000000 | 13316480000000 | 13316690000000 | 13317440000000 | 13316170000000 | 13316410000000 | 13316220000000 | 13315950000000 | 13315710000000 | 13316980000000 | 13315960000000 | 13316570000000 |
|        MAX_CPU_CLOCK        |  FIXC2  |  9371045000000 |  9370038000000 |  9370084000000 |  9369704000000 |  9369751000000 |  9369473000000 |  9369501000000 |  9370393000000 |  9370369000000 |  9369467000000 |  9369539000000 |  9369435000000 |  9369911000000 |  9369626000000 |  9370124000000 |  9369984000000 |  9369640000000 |  9369731000000 |  9368871000000 |  9369860000000 |  9369471000000 |  9370036000000 |  9369264000000 |  9370177000000 |  9370420000000 |  9369730000000 |  9370404000000 |  9370328000000 |  9369181000000 |  9369582000000 |  9369516000000 |  9370311000000 |  9370103000000 |  9369924000000 |  9369406000000 |  9370352000000 |  9370326000000 |  9370432000000 |  9370073000000 |  9370356000000 |  9369260000000 |  9370459000000 |  9369901000000 |  9369782000000 |  9369878000000 |  9370142000000 |  9370069000000 |  9369316000000 |  9370275000000 |  9370420000000 |  9369706000000 |  9370022000000 |  9370006000000 |  9369647000000 |  9370212000000 |  9370276000000 |  9369680000000 |  9369802000000 |  9369622000000 |  9369332000000 |  9369683000000 |  9369049000000 |  9369618000000 |  9370454000000 |  9369885000000 |  9369354000000 |  9370313000000 |  9369857000000 |  9369286000000 |  9369835000000 |  9370036000000 |  9370414000000 |  9369661000000 |  9369814000000 |  9369705000000 |  9369342000000 |  9369288000000 |  9370091000000 |  9369391000000 |  9369922000000 |
|     RETIRED_INSTRUCTIONS    |   PMC0  | 11753690000000 | 11744880000000 | 11782360000000 | 11696420000000 | 11726240000000 | 11680940000000 | 11712970000000 | 11670870000000 | 12451190000000 | 12427670000000 | 12446370000000 | 12379730000000 | 12452850000000 | 12357620000000 | 12391040000000 | 12344710000000 | 12133680000000 | 12059400000000 | 12116340000000 | 12045090000000 | 12072690000000 | 12032110000000 | 12084960000000 | 12046710000000 | 11941250000000 | 11904610000000 | 11906970000000 | 11856630000000 | 11910960000000 | 11820260000000 | 11904580000000 | 11821320000000 | 12508990000000 | 12453610000000 | 12520980000000 | 12411030000000 | 12487580000000 | 12354530000000 | 12437440000000 | 12384270000000 | 12068040000000 | 12111480000000 | 12087890000000 | 12055090000000 | 12082820000000 | 12003610000000 | 12050080000000 | 11991500000000 | 11884610000000 | 11821400000000 | 11836620000000 | 11797570000000 | 11836220000000 | 11760790000000 | 11788830000000 | 11743720000000 | 12535900000000 | 12461780000000 | 12535120000000 | 12453690000000 | 12526220000000 | 12424780000000 | 12463820000000 | 12380820000000 | 12196000000000 | 12153060000000 | 12240710000000 | 12114030000000 | 12181230000000 | 12113340000000 | 12147700000000 | 12091070000000 | 12579320000000 | 12559890000000 | 12545730000000 | 12486410000000 | 12536840000000 | 12477160000000 | 12503270000000 | 12461620000000 |
|     CPU_CLOCKS_UNHALTED     |   PMC1  | 13252380000000 | 13254980000000 | 13256420000000 | 13254740000000 | 13256390000000 | 13255360000000 | 13255650000000 | 13256910000000 | 13256400000000 | 13257840000000 | 13256900000000 | 13256520000000 | 13256780000000 | 13256290000000 | 13257420000000 | 13257550000000 | 13253940000000 | 13255570000000 | 13254910000000 | 13256490000000 | 13255360000000 | 13255770000000 | 13255760000000 | 13254380000000 | 13256420000000 | 13256720000000 | 13257070000000 | 13256330000000 | 13254180000000 | 13255730000000 | 13255630000000 | 13256890000000 | 13255990000000 | 13255060000000 | 13255500000000 | 13256140000000 | 13256060000000 | 13256700000000 | 13256790000000 | 13256670000000 | 13254520000000 | 13256120000000 | 13255220000000 | 13255670000000 | 13255510000000 | 13256350000000 | 13256300000000 | 13254860000000 | 13256680000000 | 13257880000000 | 13256820000000 | 13257360000000 | 13257320000000 | 13256460000000 | 13257200000000 | 13256880000000 | 13257030000000 | 13256960000000 | 13256600000000 | 13256580000000 | 13255960000000 | 13255950000000 | 13255860000000 | 13256750000000 | 13254850000000 | 13253910000000 | 13256310000000 | 13255650000000 | 13254520000000 | 13255200000000 | 13255800000000 | 13256530000000 | 13256220000000 | 13257330000000 | 13256640000000 | 13255010000000 | 13255860000000 | 13257390000000 | 13256200000000 | 13256910000000 |
|       L2_PF_HIT_IN_L3       |   PMC2  |    81971130000 |    81215230000 |    85129760000 |    79422380000 |    81794940000 |    79377580000 |    82590050000 |    79703090000 |    92955830000 |    91285180000 |    94597820000 |    89409400000 |    95597330000 |    88658110000 |    92398190000 |    89463970000 |    89822890000 |    84415270000 |    90103680000 |    85036230000 |    87927000000 |    85433110000 |    90395330000 |    87546180000 |    86256660000 |    84017500000 |    85156070000 |    82164730000 |    86554750000 |    80558770000 |    87969770000 |    81747970000 |    95329260000 |    91951760000 |    98644470000 |    90493960000 |    96765790000 |    87451150000 |    94862270000 |    90912180000 |    86156180000 |    89528490000 |    89334810000 |    87602870000 |    89742760000 |    84709480000 |    89349100000 |    85223930000 |    87297510000 |    82831700000 |    85174450000 |    82615370000 |    85919780000 |    81276420000 |    84113600000 |    80987370000 |    95395840000 |    89829710000 |    97580890000 |    91643170000 |    97745480000 |    90281700000 |    94415390000 |    88377110000 |    90095160000 |    87595170000 |    95091850000 |    86587120000 |    91940650000 |    87335820000 |    91361340000 |    86716400000 |    96346210000 |    95226750000 |    95705420000 |    91189960000 |    96189870000 |    91904290000 |    94664320000 |    91809810000 |
|       L2_PF_MISS_IN_L3      |   PMC3  |   176230900000 |   176383700000 |   173810600000 |   176732600000 |   175353200000 |   176302000000 |   174057300000 |   175609600000 |   187641100000 |   188357900000 |   186055200000 |   188730000000 |   185095500000 |   188814900000 |   186184100000 |   187600500000 |   180385400000 |   183147700000 |   179563400000 |   182211100000 |   180420500000 |   181426600000 |   178191100000 |   179725900000 |   177718900000 |   178603100000 |   177695900000 |   179008100000 |   176471300000 |   179457400000 |   174815300000 |   178295600000 |   187180500000 |   188581600000 |   184239500000 |   188801400000 |   185079900000 |   190022500000 |   185315100000 |   187496000000 |   181843300000 |   179766000000 |   179396100000 |   179942100000 |   178810600000 |   181179000000 |   178077200000 |   180292800000 |   174982400000 |   177166500000 |   175605000000 |   176787200000 |   174830300000 |   176899800000 |   175032400000 |   176738600000 |   187947300000 |   190874600000 |   185707700000 |   188969700000 |   185236400000 |   189345400000 |   186462000000 |   189852100000 |   182110000000 |   183041400000 |   178537100000 |   182954000000 |   179803300000 |   182011300000 |   179254500000 |   181929000000 |   188686200000 |   188969900000 |   188375500000 |   190594500000 |   187554300000 |   189752900000 |   187783000000 |   189300100000 |
| L2_CACHE_MISS_AFTER_L1_MISS |   PMC4  |    34979500000 |    34846520000 |    35062350000 |    34643110000 |    34781960000 |    34578720000 |    34732300000 |    34532330000 |    36781130000 |    36600440000 |    36810280000 |    36376320000 |    36832150000 |    36326770000 |    36512510000 |    36271270000 |    36232560000 |    35722530000 |    36094290000 |    35696690000 |    35879960000 |    35688190000 |    35981860000 |    35769990000 |    35631180000 |    35402140000 |    35471670000 |    35228950000 |    35498410000 |    35007280000 |    35483800000 |    35068240000 |    36997900000 |    36616250000 |    37099000000 |    36506660000 |    36910480000 |    36189390000 |    36652440000 |    36387840000 |    35892270000 |    36071110000 |    36047030000 |    35845550000 |    35999730000 |    35580950000 |    35884430000 |    35535080000 |    35478230000 |    35024280000 |    35215490000 |    35028900000 |    35233120000 |    34818020000 |    34990050000 |    34782360000 |    37124970000 |    36643020000 |    37124950000 |    36677400000 |    37070060000 |    36522120000 |    36802860000 |    36335870000 |    36342150000 |    36056030000 |    36586210000 |    35915860000 |    36251470000 |    35837200000 |    36134740000 |    35803310000 |    36896070000 |    36685650000 |    36707010000 |    36295150000 |    36671010000 |    36297760000 |    36479130000 |    36234730000 |
+-----------------------------+---------+----------------+----------------+----------------+----------------+----------------+----------------+----------------+----------------+----------------+----------------+----------------+----------------+----------------+----------------+----------------+----------------+----------------+----------------+----------------+----------------+----------------+----------------+----------------+----------------+----------------+----------------+----------------+----------------+----------------+----------------+----------------+----------------+----------------+----------------+----------------+----------------+----------------+----------------+----------------+----------------+----------------+----------------+----------------+----------------+----------------+----------------+----------------+----------------+----------------+----------------+----------------+----------------+----------------+----------------+----------------+----------------+----------------+----------------+----------------+----------------+----------------+----------------+----------------+----------------+----------------+----------------+----------------+----------------+----------------+----------------+----------------+----------------+----------------+----------------+----------------+----------------+----------------+----------------+----------------+----------------+

+----------------------------------+---------+------------------+----------------+----------------+----------------+
|               Event              | Counter |        Sum       |       Min      |       Max      |       Avg      |
+----------------------------------+---------+------------------+----------------+----------------+----------------+
|       ACTUAL_CPU_CLOCK STAT      |  FIXC1  | 1065322260000000 | 13315060000000 | 13319580000000 | 13316528250000 |
|        MAX_CPU_CLOCK STAT        |  FIXC2  |  749588743000000 |  9368871000000 |  9371045000000 |  9369859287500 |
|     RETIRED_INSTRUCTIONS STAT    |   PMC0  |  972325320000000 | 11670870000000 | 12579320000000 | 12154066500000 |
|     CPU_CLOCKS_UNHALTED STAT     |   PMC1  | 1060485760000000 | 13252380000000 | 13257880000000 | 13256072000000 |
|       L2_PF_HIT_IN_L3 STAT       |   PMC2  |    7093979990000 |    79377580000 |    98644470000 |    88674749875 |
|       L2_PF_MISS_IN_L3 STAT      |   PMC3  |   14579214400000 |   173810600000 |   190874600000 |   182240180000 |
| L2_CACHE_MISS_AFTER_L1_MISS STAT |   PMC4  |    2876806690000 |    34532330000 |    37124970000 |    35960083625 |
+----------------------------------+---------+------------------+----------------+----------------+----------------+

+-------------------------+------------+------------+------------+------------+------------+------------+------------+------------+------------+------------+-------------+-------------+-------------+-------------+-------------+-------------+-------------+-------------+-------------+-------------+-------------+-------------+-------------+-------------+-------------+-------------+-------------+-------------+-------------+-------------+-------------+-------------+-------------+-------------+-------------+-------------+-------------+-------------+-------------+-------------+-------------+-------------+-------------+-------------+-------------+-------------+-------------+-------------+-------------+-------------+-------------+-------------+-------------+-------------+-------------+-------------+-------------+-------------+-------------+-------------+-------------+-------------+-------------+-------------+-------------+-------------+-------------+-------------+-------------+-------------+-------------+-------------+-------------+-------------+-------------+-------------+-------------+-------------+-------------+-------------+
|          Metric         | HWThread 0 | HWThread 1 | HWThread 2 | HWThread 3 | HWThread 4 | HWThread 5 | HWThread 6 | HWThread 7 | HWThread 8 | HWThread 9 | HWThread 10 | HWThread 11 | HWThread 12 | HWThread 13 | HWThread 14 | HWThread 15 | HWThread 16 | HWThread 17 | HWThread 18 | HWThread 19 | HWThread 20 | HWThread 21 | HWThread 22 | HWThread 23 | HWThread 24 | HWThread 25 | HWThread 26 | HWThread 27 | HWThread 28 | HWThread 29 | HWThread 30 | HWThread 31 | HWThread 32 | HWThread 33 | HWThread 34 | HWThread 35 | HWThread 36 | HWThread 37 | HWThread 38 | HWThread 39 | HWThread 40 | HWThread 41 | HWThread 42 | HWThread 43 | HWThread 44 | HWThread 45 | HWThread 46 | HWThread 47 | HWThread 48 | HWThread 49 | HWThread 50 | HWThread 51 | HWThread 52 | HWThread 53 | HWThread 54 | HWThread 55 | HWThread 56 | HWThread 57 | HWThread 58 | HWThread 59 | HWThread 60 | HWThread 61 | HWThread 62 | HWThread 63 | HWThread 64 | HWThread 65 | HWThread 66 | HWThread 67 | HWThread 68 | HWThread 69 | HWThread 70 | HWThread 71 | HWThread 72 | HWThread 73 | HWThread 74 | HWThread 75 | HWThread 76 | HWThread 77 | HWThread 78 | HWThread 79 |
+-------------------------+------------+------------+------------+------------+------------+------------+------------+------------+------------+------------+-------------+-------------+-------------+-------------+-------------+-------------+-------------+-------------+-------------+-------------+-------------+-------------+-------------+-------------+-------------+-------------+-------------+-------------+-------------+-------------+-------------+-------------+-------------+-------------+-------------+-------------+-------------+-------------+-------------+-------------+-------------+-------------+-------------+-------------+-------------+-------------+-------------+-------------+-------------+-------------+-------------+-------------+-------------+-------------+-------------+-------------+-------------+-------------+-------------+-------------+-------------+-------------+-------------+-------------+-------------+-------------+-------------+-------------+-------------+-------------+-------------+-------------+-------------+-------------+-------------+-------------+-------------+-------------+-------------+-------------+
|   Runtime (RDTSC) [s]   |  3622.7820 |  3610.2060 |  3615.4900 |  3609.7370 |  3613.9100 |  3615.7230 |  3615.0090 |  3609.2660 |  3608.0960 |  3616.3500 |   3618.5440 |   3609.9730 |   3620.7950 |   3617.4530 |   3620.5600 |   3616.1150 |   3604.9120 |   3607.4700 |   3616.9770 |   3619.5660 |   3608.3250 |   3607.7050 |   3611.8710 |   3619.3310 |   3605.3210 |   3609.0290 |   3610.6740 |   3606.0350 |   3617.9220 |   3617.6900 |   3620.3370 |   3614.1440 |   3610.9090 |   3617.6900 |   3607.4700 |   3611.3850 |   3621.4280 |   3613.6720 |   3621.9110 |   3606.7630 |   3622.3950 |   3618.7760 |   3612.5840 |   3607.0010 |   3618.5440 |   3615.4890 |   3614.3790 |   3618.7760 |   3612.1160 |   3620.5600 |   3621.4280 |   3607.2330 |   3616.7400 |   3617.2130 |   3612.5830 |   3608.5560 |   3606.5210 |   3619.7870 |   3613.4420 |   3619.9540 |   3616.1150 |   3612.3520 |   3608.7950 |   3605.3220 |   3605.0870 |   3618.3090 |   3615.2550 |   3609.5000 |   3613.0560 |   3612.8180 |   3610.4370 |   3619.3320 |   3621.1840 |   3611.6300 |   3614.3790 |   3606.2790 |   3605.7930 |   3611.1400 |   3622.1500 |   3614.6100 |
|   Runtime unhalted [s]  |  5122.9206 |  5121.6437 |  5121.8398 |  5121.6668 |  5121.6552 |  5121.5245 |  5121.4668 |  5121.9898 |  5121.9783 |  5121.5629 |   5121.5475 |   5121.4783 |   5121.7629 |   5121.5668 |   5121.8783 |   5121.7860 |   5121.6706 |   5121.6783 |   5121.1821 |   5121.7706 |   5121.5091 |   5121.8321 |   5121.3745 |   5121.9129 |   5122.1014 |   5121.6591 |   5122.0398 |   5121.9783 |   5121.3514 |   5121.5706 |   5121.5975 |   5121.9898 |   5121.8475 |   5121.7475 |   5121.4745 |   5122.0206 |   5121.9783 |   5122.1091 |   5121.9168 |   5122.0821 |   5121.4591 |   5122.0821 |   5121.7475 |   5121.7052 |   5121.7245 |   5121.9437 |   5121.8398 |   5121.4321 |   5121.9668 |   5122.0514 |   5121.6360 |   5121.8629 |   5121.8898 |   5121.6783 |   5121.9360 |   5121.9668 |   5121.6898 |   5121.6860 |   5121.5937 |   5121.4591 |   5121.6975 |   5121.3321 |   5121.6052 |   5122.1129 |   5121.7514 |   5121.4398 |   5121.9168 |   5121.7321 |   5121.4052 |   5121.7283 |   5121.8091 |   5122.0975 |   5121.6091 |   5121.7014 |   5121.6283 |   5121.5245 |   5121.4321 |   5121.9206 |   5121.5283 |   5121.7629 |
|       Clock [MHz]       |  3695.5188 |  3694.9947 |  3695.1181 |  3695.1431 |  3695.1162 |  3695.1315 |  3695.0788 |  3695.1044 |  3695.1056 |  3695.1616 |   3695.1221 |   3695.1132 |   3695.1308 |   3695.1017 |   3695.1300 |   3695.1187 |   3695.1711 |   3695.1407 |   3695.1219 |   3695.1565 |   3695.1212 |   3695.1314 |   3695.1057 |   3695.1341 |   3695.1742 |   3695.1273 |   3695.1362 |   3695.1217 |   3695.1218 |   3695.1218 |   3695.1673 |   3695.1368 |   3695.1161 |   3695.1146 |   3695.1218 |   3695.1428 |   3695.1225 |   3695.1751 |   3695.1779 |   3695.1856 |   3695.1683 |   3695.1450 |   3695.1236 |   3695.1400 |   3695.1161 |   3695.1701 |   3695.1240 |   3695.1268 |   3695.1343 |   3695.1382 |   3695.1201 |   3695.1592 |   3695.1849 |   3695.1739 |   3695.1370 |   3695.1339 |   3695.1692 |   3695.1183 |   3695.1227 |   3695.1399 |   3695.1735 |   3695.1600 |   3695.1326 |   3695.1692 |   3695.1327 |   3695.1174 |   3695.0833 |   3695.1299 |   3695.1192 |   3695.1358 |   3695.1148 |   3695.1738 |   3695.1184 |   3695.1247 |   3695.1149 |   3695.1832 |   3695.1378 |   3695.1736 |   3695.1666 |   3695.1265 |
|           CPI           |     1.1275 |     1.1286 |     1.1251 |     1.1332 |     1.1305 |     1.1348 |     1.1317 |     1.1359 |     1.0647 |     1.0668 |      1.0651 |      1.0708 |      1.0646 |      1.0727 |      1.0699 |      1.0739 |      1.0923 |      1.0992 |      1.0940 |      1.1006 |      1.0980 |      1.1017 |      1.0969 |      1.1002 |      1.1101 |      1.1136 |      1.1134 |      1.1181 |      1.1128 |      1.1214 |      1.1135 |      1.1214 |      1.0597 |      1.0644 |      1.0587 |      1.0681 |      1.0615 |      1.0730 |      1.0659 |      1.0704 |      1.0983 |      1.0945 |      1.0966 |      1.0996 |      1.0971 |      1.1044 |      1.1001 |      1.1054 |      1.1154 |      1.1215 |      1.1200 |      1.1237 |      1.1201 |      1.1272 |      1.1246 |      1.1288 |      1.0575 |      1.0638 |      1.0576 |      1.0645 |      1.0583 |      1.0669 |      1.0635 |      1.0707 |      1.0868 |      1.0906 |      1.0830 |      1.0942 |      1.0881 |      1.0943 |      1.0912 |      1.0964 |      1.0538 |      1.0555 |      1.0567 |      1.0616 |      1.0574 |      1.0625 |      1.0602 |      1.0638 |
| L3 bandwidth [MBytes/s] |  5179.3395 |  5184.3326 |  5204.3218 |  5155.7988 |  5169.8926 |  5137.7086 |  5158.5757 |  5139.5717 |  5629.6162 |  5596.6887 |   5614.8692 |   5575.9437 |   5612.4687 |   5551.7476 |   5569.8752 |   5545.5889 |   5440.4142 |   5380.5775 |   5410.2439 |   5356.5586 |   5396.0099 |   5367.1422 |   5396.7516 |   5358.6402 |   5318.4810 |   5284.9272 |   5287.8529 |   5260.5463 |   5280.8119 |   5219.2147 |   5272.7709 |   5225.9002 |   5662.9758 |   5610.6452 |   5676.8068 |   5596.5590 |   5633.2460 |   5555.1347 |   5598.4556 |   5585.8800 |   5369.1196 |   5400.5549 |   5399.4006 |   5383.1405 |   5386.5305 |   5336.4963 |   5370.7391 |   5324.2632 |   5275.7223 |   5215.0603 |   5230.9962 |   5223.8417 |   5237.5689 |   5183.9998 |   5210.8719 |   5187.8184 |   5686.9096 |   5610.8907 |   5675.0507 |   5609.6230 |   5664.4560 |   5601.2122 |   5633.8850 |   5584.0131 |   5477.5454 |   5424.7236 |   5491.6652 |   5416.0539 |   5455.6882 |   5406.2498 |   5437.5792 |   5383.5121 |   5689.6923 |   5686.2046 |   5680.2088 |   5644.9030 |   5687.1183 |   5635.0950 |   5635.1318 |   5618.8792 |
| L3 data volume [GBytes] | 18763.6179 | 18716.5088 | 18816.1734 | 18611.0778 | 18683.5264 | 18576.5312 | 18648.2976 | 18550.0813 | 20312.1958 | 20239.5853 |  20317.6512 |  20129.0061 |  20321.5987 |  20083.1859 |  20166.0672 |  20053.4874 |  19612.2144 |  19410.2720 |  19568.7277 |  19388.4173 |  19470.5574 |  19363.0656 |  19492.3706 |  19394.6925 |  19174.8314 |  19073.4554 |  19092.7130 |  18969.7139 |  19105.5654 |  18881.5008 |  19089.2077 |  18887.1558 |  20448.4902 |  20297.5750 |  20478.9101 |  20211.3293 |  20400.3949 |  20074.4346 |  20277.1078 |  20146.9453 |  19449.0720 |  19543.3984 |  19505.7882 |  19416.9933 |  19491.3978 |  19294.0435 |  19411.8867 |  19267.3158 |  19056.5210 |  18881.4387 |  18943.6762 |  18843.6141 |  18942.9248 |  18751.6314 |  18824.7072 |  18720.5331 |  20509.9590 |  20310.2291 |  20506.4666 |  20306.5773 |  20483.3242 |  20233.5501 |  20331.5360 |  20132.1651 |  19747.0278 |  19628.3264 |  19853.7702 |  19549.2467 |  19711.7069 |  19531.7965 |  19632.0371 |  19484.7174 |  20603.4227 |  20536.4672 |  20530.4275 |  20357.0950 |  20506.5715 |  20349.1168 |  20411.2928 |  20310.0570 |
+-------------------------+------------+------------+------------+------------+------------+------------+------------+------------+------------+------------+-------------+-------------+-------------+-------------+-------------+-------------+-------------+-------------+-------------+-------------+-------------+-------------+-------------+-------------+-------------+-------------+-------------+-------------+-------------+-------------+-------------+-------------+-------------+-------------+-------------+-------------+-------------+-------------+-------------+-------------+-------------+-------------+-------------+-------------+-------------+-------------+-------------+-------------+-------------+-------------+-------------+-------------+-------------+-------------+-------------+-------------+-------------+-------------+-------------+-------------+-------------+-------------+-------------+-------------+-------------+-------------+-------------+-------------+-------------+-------------+-------------+-------------+-------------+-------------+-------------+-------------+-------------+-------------+-------------+-------------+

+------------------------------+--------------+------------+------------+------------+
|            Metric            |      Sum     |     Min    |     Max    |     Avg    |
+------------------------------+--------------+------------+------------+------------+
|   Runtime (RDTSC) [s] STAT   |  289106.1660 |  3604.9120 |  3622.7820 |  3613.8271 |
|   Runtime unhalted [s] STAT  |  409739.7484 |  5121.1821 |  5122.9206 |  5121.7469 |
|       Clock [MHz] STAT       |  295611.1688 |  3694.9947 |  3695.5188 |  3695.1396 |
|           CPI STAT           |      87.3009 |     1.0538 |     1.1359 |     1.0913 |
| L3 bandwidth [MBytes/s] STAT |  434775.3007 |  5137.7086 |  5689.6923 |  5434.6913 |
| L3 data volume [GBytes] STAT | 1.571200e+06 | 18550.0813 | 20603.4227 | 19640.0009 |
+------------------------------+--------------+------------+------------+------------+

