INFO: You are running LIKWID in a cpuset with 128 CPUs. Taking given IDs as logical ID in cpuset
--------------------------------------------------------------------------------
CPU name:	AMD EPYC 9A14 96-Core Processor                
CPU type:	AMD K19 (Zen4) architecture
CPU clock:	2.60 GHz
--------------------------------------------------------------------------------
Sys.CPU_THREADS       192
SLURM_CPUS_PER_TASK   128
OMP_NUM_THREADS       128
OMP_PROC_BIND         close
OMP_PLACES            cores
BLAS_NUM_THREADS      1
Threads.nthreads()    1

Successfully read data from: /public/home/halili/jld2file/6-31g/o2-1.0-6-31g.jld2
  name: o2
  ratio: 1.0
  basis: 6-31g
  nα: 8, nβ: 8, ne: 16, norb: 18, nq: 36

  ngs: 4266
  ncs: 22543

Warming up JIT and Hardware...
Warm-up completed.
  Step 001:  residual: 9.5235e-01,  e: -149.45320229675212
  Step 002:  residual: 7.0900e-01,  e: -149.59391697072707
  Step 003:  residual: 3.4390e-01,  e: -149.71881382605216
  Step 004:  residual: 1.3670e-01,  e: -149.74155494323838
  Step 005:  residual: 5.6781e-02,  e: -149.74486722652475
  Step 006:  residual: 3.0719e-02,  e: -149.74550118255149
  Step 007:  residual: 2.2745e-02,  e: -149.74573279555494
  Step 008:  residual: 2.6203e-02,  e: -149.74592799688409
  Step 009:  residual: 3.4719e-02,  e: -149.74623194412695
  Step 010:  residual: 2.6370e-02,  e: -149.74654741412667
  Step 011:  residual: 1.1805e-02,  e: -149.74665437187468
  Step 012:  residual: 4.6480e-03,  e: -149.74667295626975
  Step 013:  residual: 1.7886e-03,  e: -149.74667552118325
  Step 014:  residual: 6.8126e-04,  e: -149.74667587808617
  Step 015:  residual: 2.5621e-04,  e: -149.74667592692617
  Step 016:  residual: 9.5094e-05,  e: -149.74667593407420
  Step 017:  residual: 3.6656e-05,  e: -149.74667593511339
  Step 018:  residual: 1.4803e-05,  e: -149.74667593526706
  Step 019:  residual: 6.2970e-06,  e: -149.74667593529352

Convergence reached!
176.440667 seconds (7.21 M allocations: 69.917 GiB, 0.21% gc time, 1.13% compilation time)
--------------------------------------------------------------------------------
Region hvec_direct_agg, Group 1: L3
+-------------------+------------+------------+------------+------------+------------+------------+------------+------------+------------+------------+-------------+-------------+-------------+-------------+-------------+-------------+-------------+-------------+-------------+-------------+-------------+-------------+-------------+-------------+-------------+-------------+-------------+-------------+-------------+-------------+-------------+-------------+-------------+-------------+-------------+-------------+-------------+-------------+-------------+-------------+-------------+-------------+-------------+-------------+-------------+-------------+-------------+-------------+-------------+-------------+-------------+-------------+-------------+-------------+-------------+-------------+-------------+-------------+-------------+-------------+-------------+-------------+-------------+-------------+-------------+-------------+-------------+-------------+-------------+-------------+-------------+-------------+-------------+-------------+-------------+-------------+-------------+-------------+-------------+-------------+-------------+-------------+-------------+-------------+-------------+-------------+-------------+-------------+-------------+-------------+-------------+-------------+-------------+-------------+-------------+-------------+-------------+-------------+-------------+-------------+--------------+--------------+--------------+--------------+--------------+--------------+--------------+--------------+--------------+--------------+--------------+--------------+--------------+--------------+--------------+--------------+--------------+--------------+--------------+--------------+--------------+--------------+--------------+--------------+--------------+--------------+--------------+--------------+
|    Region Info    | HWThread 0 | HWThread 1 | HWThread 2 | HWThread 3 | HWThread 4 | HWThread 5 | HWThread 6 | HWThread 7 | HWThread 8 | HWThread 9 | HWThread 10 | HWThread 11 | HWThread 12 | HWThread 13 | HWThread 14 | HWThread 15 | HWThread 16 | HWThread 17 | HWThread 18 | HWThread 19 | HWThread 20 | HWThread 21 | HWThread 22 | HWThread 23 | HWThread 24 | HWThread 25 | HWThread 26 | HWThread 27 | HWThread 28 | HWThread 29 | HWThread 30 | HWThread 31 | HWThread 32 | HWThread 33 | HWThread 34 | HWThread 35 | HWThread 36 | HWThread 37 | HWThread 38 | HWThread 39 | HWThread 40 | HWThread 41 | HWThread 42 | HWThread 43 | HWThread 44 | HWThread 45 | HWThread 46 | HWThread 47 | HWThread 48 | HWThread 49 | HWThread 50 | HWThread 51 | HWThread 52 | HWThread 53 | HWThread 54 | HWThread 55 | HWThread 56 | HWThread 57 | HWThread 58 | HWThread 59 | HWThread 60 | HWThread 61 | HWThread 62 | HWThread 63 | HWThread 64 | HWThread 65 | HWThread 66 | HWThread 67 | HWThread 68 | HWThread 69 | HWThread 70 | HWThread 71 | HWThread 72 | HWThread 73 | HWThread 74 | HWThread 75 | HWThread 76 | HWThread 77 | HWThread 78 | HWThread 79 | HWThread 80 | HWThread 81 | HWThread 82 | HWThread 83 | HWThread 84 | HWThread 85 | HWThread 86 | HWThread 87 | HWThread 88 | HWThread 89 | HWThread 90 | HWThread 91 | HWThread 92 | HWThread 93 | HWThread 94 | HWThread 95 | HWThread 96 | HWThread 97 | HWThread 98 | HWThread 99 | HWThread 100 | HWThread 101 | HWThread 102 | HWThread 103 | HWThread 104 | HWThread 105 | HWThread 106 | HWThread 107 | HWThread 108 | HWThread 109 | HWThread 110 | HWThread 111 | HWThread 112 | HWThread 113 | HWThread 114 | HWThread 115 | HWThread 116 | HWThread 117 | HWThread 118 | HWThread 119 | HWThread 120 | HWThread 121 | HWThread 122 | HWThread 123 | HWThread 124 | HWThread 125 | HWThread 126 | HWThread 127 |
+-------------------+------------+------------+------------+------------+------------+------------+------------+------------+------------+------------+-------------+-------------+-------------+-------------+-------------+-------------+-------------+-------------+-------------+-------------+-------------+-------------+-------------+-------------+-------------+-------------+-------------+-------------+-------------+-------------+-------------+-------------+-------------+-------------+-------------+-------------+-------------+-------------+-------------+-------------+-------------+-------------+-------------+-------------+-------------+-------------+-------------+-------------+-------------+-------------+-------------+-------------+-------------+-------------+-------------+-------------+-------------+-------------+-------------+-------------+-------------+-------------+-------------+-------------+-------------+-------------+-------------+-------------+-------------+-------------+-------------+-------------+-------------+-------------+-------------+-------------+-------------+-------------+-------------+-------------+-------------+-------------+-------------+-------------+-------------+-------------+-------------+-------------+-------------+-------------+-------------+-------------+-------------+-------------+-------------+-------------+-------------+-------------+-------------+-------------+--------------+--------------+--------------+--------------+--------------+--------------+--------------+--------------+--------------+--------------+--------------+--------------+--------------+--------------+--------------+--------------+--------------+--------------+--------------+--------------+--------------+--------------+--------------+--------------+--------------+--------------+--------------+--------------+
| RDTSC Runtime [s] | 158.634400 | 151.109700 | 147.957400 | 147.957600 | 158.879000 | 154.967300 | 153.376700 | 147.752100 | 148.391200 | 148.265600 |  152.788100 |  152.682300 |  149.447000 |  151.236800 |  152.787700 |  152.682200 |  154.357500 |  151.889500 |  159.904900 |  151.553600 |  159.697700 |  153.866000 |  154.470000 |  154.358900 |  153.763600 |  147.674100 |  157.965500 |  148.685600 |  154.078200 |  157.963300 |  157.964800 |  158.072700 |  153.482000 |  153.274600 |  159.591400 |  152.197300 |  152.197800 |  158.635000 |  153.482700 |  148.390800 |  156.764000 |  155.591000 |  154.859800 |  156.764500 |  157.070500 |  158.286500 |  153.171300 |  157.751700 |  148.495200 |  153.972300 |  152.096900 |  154.181000 |  159.801700 |  154.181200 |  151.786800 |  152.476900 |  152.995700 |  155.280400 |  155.799900 |  152.375600 |  151.994400 |  155.803000 |  152.994800 |  160.182300 |  155.697900 |  155.905200 |  160.284600 |  160.009700 |  155.071300 |  153.656300 |  158.766000 |  160.007700 |  155.489300 |  156.079300 |  157.513800 |  157.513700 |  155.178600 |  157.514200 |  156.964400 |  156.284100 |  157.858600 |  147.853700 |  151.683500 |  155.385700 |  157.383800 |  152.578900 |  159.459800 |  160.513600 |  154.609300 |  159.193600 |  156.389900 |  156.180800 |  156.284300 |  154.716600 |  156.388900 |  154.610100 |  160.386700 |  149.248700 |  149.246900 |  149.784000 |   148.996100 |   150.152500 |   150.151000 |   148.135200 |   158.984200 |   149.904700 |   158.982600 |   150.353600 |   149.576300 |   150.352400 |   149.122700 |   149.574600 |   157.178100 |   150.028900 |   150.849600 |   148.790100 |   157.176100 |   148.790900 |   156.633300 |   158.218600 |   158.504700 |   151.342400 |   159.326300 |   150.483200 |   151.341900 |   150.978500 |   150.560100 |   150.560400 |
|     call count    |         19 |         19 |         19 |         19 |         19 |         19 |         19 |         19 |         19 |         19 |          19 |          19 |          19 |          19 |          19 |          19 |          19 |          19 |          19 |          19 |          19 |          19 |          19 |          19 |          19 |          19 |          19 |          19 |          19 |          19 |          19 |          19 |          19 |          19 |          19 |          19 |          19 |          19 |          19 |          19 |          19 |          19 |          19 |          19 |          19 |          19 |          19 |          19 |          19 |          19 |          19 |          19 |          19 |          19 |          19 |          19 |          19 |          19 |          19 |          19 |          19 |          19 |          19 |          19 |          19 |          19 |          19 |          19 |          19 |          19 |          19 |          19 |          19 |          19 |          19 |          19 |          19 |          19 |          19 |          19 |          19 |          19 |          19 |          19 |          19 |          19 |          19 |          19 |          19 |          19 |          19 |          19 |          19 |          19 |          19 |          19 |          19 |          19 |          19 |          19 |           19 |           19 |           19 |           19 |           19 |           19 |           19 |           19 |           19 |           19 |           19 |           19 |           19 |           19 |           19 |           19 |           19 |           19 |           19 |           19 |           19 |           19 |           19 |           19 |           19 |           19 |           19 |           19 |
+-------------------+------------+------------+------------+------------+------------+------------+------------+------------+------------+------------+-------------+-------------+-------------+-------------+-------------+-------------+-------------+-------------+-------------+-------------+-------------+-------------+-------------+-------------+-------------+-------------+-------------+-------------+-------------+-------------+-------------+-------------+-------------+-------------+-------------+-------------+-------------+-------------+-------------+-------------+-------------+-------------+-------------+-------------+-------------+-------------+-------------+-------------+-------------+-------------+-------------+-------------+-------------+-------------+-------------+-------------+-------------+-------------+-------------+-------------+-------------+-------------+-------------+-------------+-------------+-------------+-------------+-------------+-------------+-------------+-------------+-------------+-------------+-------------+-------------+-------------+-------------+-------------+-------------+-------------+-------------+-------------+-------------+-------------+-------------+-------------+-------------+-------------+-------------+-------------+-------------+-------------+-------------+-------------+-------------+-------------+-------------+-------------+-------------+-------------+--------------+--------------+--------------+--------------+--------------+--------------+--------------+--------------+--------------+--------------+--------------+--------------+--------------+--------------+--------------+--------------+--------------+--------------+--------------+--------------+--------------+--------------+--------------+--------------+--------------+--------------+--------------+--------------+

+-----------------------------+---------+--------------+--------------+--------------+--------------+--------------+--------------+--------------+--------------+--------------+--------------+--------------+--------------+--------------+--------------+--------------+--------------+--------------+--------------+--------------+--------------+--------------+--------------+--------------+--------------+--------------+--------------+--------------+--------------+--------------+--------------+--------------+--------------+--------------+--------------+--------------+--------------+--------------+--------------+--------------+--------------+--------------+--------------+--------------+--------------+--------------+--------------+--------------+--------------+--------------+--------------+--------------+--------------+--------------+--------------+--------------+--------------+--------------+--------------+--------------+--------------+--------------+--------------+--------------+--------------+--------------+--------------+--------------+--------------+--------------+--------------+--------------+--------------+--------------+--------------+--------------+--------------+--------------+--------------+--------------+--------------+--------------+--------------+--------------+--------------+--------------+--------------+--------------+--------------+--------------+--------------+--------------+--------------+--------------+--------------+--------------+--------------+--------------+--------------+--------------+--------------+--------------+--------------+--------------+--------------+--------------+--------------+--------------+--------------+--------------+--------------+--------------+--------------+--------------+--------------+--------------+--------------+--------------+--------------+--------------+--------------+--------------+--------------+--------------+--------------+--------------+--------------+--------------+--------------+
|            Event            | Counter |  HWThread 0  |  HWThread 1  |  HWThread 2  |  HWThread 3  |  HWThread 4  |  HWThread 5  |  HWThread 6  |  HWThread 7  |  HWThread 8  |  HWThread 9  |  HWThread 10 |  HWThread 11 |  HWThread 12 |  HWThread 13 |  HWThread 14 |  HWThread 15 |  HWThread 16 |  HWThread 17 |  HWThread 18 |  HWThread 19 |  HWThread 20 |  HWThread 21 |  HWThread 22 |  HWThread 23 |  HWThread 24 |  HWThread 25 |  HWThread 26 |  HWThread 27 |  HWThread 28 |  HWThread 29 |  HWThread 30 |  HWThread 31 |  HWThread 32 |  HWThread 33 |  HWThread 34 |  HWThread 35 |  HWThread 36 |  HWThread 37 |  HWThread 38 |  HWThread 39 |  HWThread 40 |  HWThread 41 |  HWThread 42 |  HWThread 43 |  HWThread 44 |  HWThread 45 |  HWThread 46 |  HWThread 47 |  HWThread 48 |  HWThread 49 |  HWThread 50 |  HWThread 51 |  HWThread 52 |  HWThread 53 |  HWThread 54 |  HWThread 55 |  HWThread 56 |  HWThread 57 |  HWThread 58 |  HWThread 59 |  HWThread 60 |  HWThread 61 |  HWThread 62 |  HWThread 63 |  HWThread 64 |  HWThread 65 |  HWThread 66 |  HWThread 67 |  HWThread 68 |  HWThread 69 |  HWThread 70 |  HWThread 71 |  HWThread 72 |  HWThread 73 |  HWThread 74 |  HWThread 75 |  HWThread 76 |  HWThread 77 |  HWThread 78 |  HWThread 79 |  HWThread 80 |  HWThread 81 |  HWThread 82 |  HWThread 83 |  HWThread 84 |  HWThread 85 |  HWThread 86 |  HWThread 87 |  HWThread 88 |  HWThread 89 |  HWThread 90 |  HWThread 91 |  HWThread 92 |  HWThread 93 |  HWThread 94 |  HWThread 95 |  HWThread 96 |  HWThread 97 |  HWThread 98 |  HWThread 99 | HWThread 100 | HWThread 101 | HWThread 102 | HWThread 103 | HWThread 104 | HWThread 105 | HWThread 106 | HWThread 107 | HWThread 108 | HWThread 109 | HWThread 110 | HWThread 111 | HWThread 112 | HWThread 113 | HWThread 114 | HWThread 115 | HWThread 116 | HWThread 117 | HWThread 118 | HWThread 119 | HWThread 120 | HWThread 121 | HWThread 122 | HWThread 123 | HWThread 124 | HWThread 125 | HWThread 126 | HWThread 127 |
+-----------------------------+---------+--------------+--------------+--------------+--------------+--------------+--------------+--------------+--------------+--------------+--------------+--------------+--------------+--------------+--------------+--------------+--------------+--------------+--------------+--------------+--------------+--------------+--------------+--------------+--------------+--------------+--------------+--------------+--------------+--------------+--------------+--------------+--------------+--------------+--------------+--------------+--------------+--------------+--------------+--------------+--------------+--------------+--------------+--------------+--------------+--------------+--------------+--------------+--------------+--------------+--------------+--------------+--------------+--------------+--------------+--------------+--------------+--------------+--------------+--------------+--------------+--------------+--------------+--------------+--------------+--------------+--------------+--------------+--------------+--------------+--------------+--------------+--------------+--------------+--------------+--------------+--------------+--------------+--------------+--------------+--------------+--------------+--------------+--------------+--------------+--------------+--------------+--------------+--------------+--------------+--------------+--------------+--------------+--------------+--------------+--------------+--------------+--------------+--------------+--------------+--------------+--------------+--------------+--------------+--------------+--------------+--------------+--------------+--------------+--------------+--------------+--------------+--------------+--------------+--------------+--------------+--------------+--------------+--------------+--------------+--------------+--------------+--------------+--------------+--------------+--------------+--------------+--------------+--------------+
|       ACTUAL_CPU_CLOCK      |  FIXC1  | 522579200000 | 518599600000 | 519624100000 | 519217400000 | 519441900000 | 519422500000 | 519345500000 | 519435100000 | 519541700000 | 519424600000 | 519365600000 | 519585900000 | 519497500000 | 519560900000 | 519401600000 | 519577800000 | 519378200000 | 519522300000 | 519642700000 | 519284700000 | 519498700000 | 519354800000 | 519222200000 | 519431600000 | 519308800000 | 519460500000 | 519438000000 | 519327100000 | 519504300000 | 519263200000 | 519364900000 | 519358600000 | 519409400000 | 519516500000 | 519555500000 | 519395100000 | 519503700000 | 519458600000 | 519460400000 | 519412700000 | 519580500000 | 519340300000 | 519564300000 | 519403100000 | 519465000000 | 519386700000 | 519282500000 | 519468400000 | 519535100000 | 519471500000 | 519634800000 | 519692100000 | 519380500000 | 519379300000 | 519516000000 | 519594700000 | 519541700000 | 519372700000 | 519554600000 | 519406100000 | 519517300000 | 519540900000 | 519320000000 | 519520300000 | 519212100000 | 519440900000 | 519564800000 | 519394700000 | 519309600000 | 519213400000 | 519277600000 | 519260400000 | 519298100000 | 519490800000 | 519311500000 | 519463000000 | 519393100000 | 519322900000 | 519327900000 | 519539700000 | 519557800000 | 519625500000 | 519553400000 | 519752800000 | 519517600000 | 519738600000 | 519621600000 | 519846200000 | 519172500000 | 519331100000 | 519407400000 | 519370500000 | 519245100000 | 519457100000 | 519187000000 | 519410500000 | 543258300000 | 543284500000 | 543164900000 | 543161600000 | 543075100000 | 543085600000 | 543310700000 | 543061500000 | 543237200000 | 543112200000 | 543104400000 | 543260200000 | 543100900000 | 543139600000 | 543137900000 | 543189800000 | 543182200000 | 542983200000 | 543124700000 | 543134900000 | 543163800000 | 543099300000 | 543008300000 | 543066400000 | 543125100000 | 543359500000 | 543280400000 | 543162200000 | 543211000000 | 543258800000 | 543178600000 | 543227900000 |
|        MAX_CPU_CLOCK        |  FIXC2  | 384274500000 | 383658600000 | 383639900000 | 383610600000 | 383610200000 | 383634300000 | 383576000000 | 383668900000 | 383762400000 | 383745400000 | 383721000000 | 383733800000 | 383787700000 | 383696700000 | 383687000000 | 383744700000 | 383706500000 | 383681200000 | 383740100000 | 383663500000 | 383715400000 | 383677300000 | 383589200000 | 383681700000 | 383711500000 | 383673300000 | 383754100000 | 383712800000 | 383740200000 | 383684300000 | 383669400000 | 383693500000 | 383718800000 | 383741900000 | 383802700000 | 383756400000 | 383725400000 | 383781400000 | 383772300000 | 383772000000 | 383662000000 | 383687100000 | 383690900000 | 383708300000 | 383679100000 | 383664900000 | 383669000000 | 383688400000 | 383745400000 | 383690300000 | 383772600000 | 383767900000 | 383729600000 | 383765800000 | 383729100000 | 383790500000 | 383762400000 | 383717400000 | 383767300000 | 383737400000 | 383742800000 | 383756200000 | 383750300000 | 383759200000 | 383651800000 | 383657400000 | 383692800000 | 383668600000 | 383689200000 | 383679700000 | 383669800000 | 383711500000 | 383655300000 | 383648900000 | 383652800000 | 383721300000 | 383716000000 | 383719500000 | 383720100000 | 383677300000 | 383775200000 | 383814800000 | 383769500000 | 383763700000 | 383767600000 | 383788200000 | 383772700000 | 383751300000 | 383668500000 | 383656200000 | 383678800000 | 383700900000 | 383701200000 | 383673400000 | 383661100000 | 383713500000 | 383749200000 | 383763500000 | 383761900000 | 383766000000 | 383767200000 | 383776500000 | 383787500000 | 383779000000 | 383754600000 | 383735700000 | 383735200000 | 383747600000 | 383764700000 | 383682700000 | 383738100000 | 383709100000 | 383902800000 | 383734200000 | 383777300000 | 383783500000 | 383810300000 | 383769100000 | 383747100000 | 383763400000 | 383886800000 | 383835900000 | 383813700000 | 383788400000 | 383820900000 | 383821900000 | 383824100000 | 383811800000 |
|     RETIRED_INSTRUCTIONS    |   PMC0  | 766517900000 | 759768300000 | 763380500000 | 761322000000 | 761492100000 | 761729600000 | 762012700000 | 761959200000 | 770974300000 | 770513300000 | 771276000000 | 771122200000 | 771073400000 | 771428300000 | 770796300000 | 771199400000 | 764725100000 | 764216800000 | 765020100000 | 763489300000 | 764358100000 | 764208400000 | 763705800000 | 763966800000 | 761817700000 | 761784500000 | 762646100000 | 761256000000 | 761296500000 | 761685700000 | 762375400000 | 761103300000 | 770255700000 | 771035800000 | 769368400000 | 769324100000 | 769651800000 | 770172700000 | 769623600000 | 769833100000 | 765343000000 | 764699800000 | 766669500000 | 765057600000 | 765588900000 | 766705900000 | 765478500000 | 765916900000 | 762819200000 | 762614300000 | 763460500000 | 763460000000 | 762401400000 | 761851600000 | 763061300000 | 762100900000 | 769562500000 | 769177500000 | 769106300000 | 768346200000 | 769011100000 | 768822400000 | 768334600000 | 768485200000 | 766396700000 | 766563200000 | 766418600000 | 766473600000 | 765654700000 | 765793800000 | 765944900000 | 765227100000 | 759874200000 | 760941100000 | 760506800000 | 760919300000 | 759651100000 | 761242300000 | 759753300000 | 760184900000 | 769774700000 | 771123800000 | 771694800000 | 771790800000 | 770463900000 | 770999400000 | 771602800000 | 771263300000 | 763383100000 | 764023800000 | 765095500000 | 764495100000 | 764448800000 | 764355400000 | 763937200000 | 763923500000 | 679503700000 | 681521100000 | 680270100000 | 679624500000 | 678684500000 | 679879900000 | 680603300000 | 679592700000 | 723307800000 | 722399900000 | 722462600000 | 723195900000 | 721497300000 | 723391200000 | 721884600000 | 722573400000 | 681072800000 | 681853700000 | 680674700000 | 680944400000 | 681169500000 | 681834400000 | 680775100000 | 681043100000 | 714461400000 | 715437200000 | 715827100000 | 715348900000 | 714693200000 | 714948100000 | 714634800000 | 715010400000 |
|     CPU_CLOCKS_UNHALTED     |   PMC1  | 509875800000 | 510105600000 | 511180500000 | 510875400000 | 510999300000 | 511107500000 | 510963800000 | 511034200000 | 511216800000 | 511329800000 | 511393500000 | 511566400000 | 511415000000 | 511609200000 | 511555100000 | 511399800000 | 510491800000 | 510937700000 | 511103600000 | 510708400000 | 510935100000 | 511155300000 | 510756900000 | 510582400000 | 510666800000 | 510933500000 | 510990600000 | 510677000000 | 511154700000 | 510842300000 | 510875300000 | 510913800000 | 511259900000 | 511363600000 | 511310000000 | 511395200000 | 511300900000 | 511205900000 | 511412200000 | 511239700000 | 510630900000 | 510849600000 | 510833200000 | 511016900000 | 510997100000 | 510910200000 | 510866100000 | 511026400000 | 511173200000 | 511309200000 | 511249500000 | 511153400000 | 511008200000 | 510767600000 | 511169300000 | 511248100000 | 511175100000 | 511123100000 | 511169800000 | 510865500000 | 511265500000 | 511253400000 | 511158400000 | 511451900000 | 510792600000 | 511012200000 | 510925700000 | 511114700000 | 510730900000 | 510971000000 | 510901200000 | 510919900000 | 510637400000 | 510848500000 | 510601700000 | 510774700000 | 510681600000 | 510833200000 | 510871000000 | 510829500000 | 511072200000 | 511534400000 | 511376500000 | 511494100000 | 511319000000 | 511645200000 | 511683900000 | 511514000000 | 510707900000 | 510627200000 | 510787700000 | 511071900000 | 511047400000 | 511224300000 | 510736600000 | 511237200000 | 536211300000 | 536453900000 | 536285700000 | 536275200000 | 536470500000 | 536443300000 | 536630800000 | 536238700000 | 535903700000 | 535825300000 | 535605800000 | 536246200000 | 535671600000 | 536102800000 | 536052500000 | 535812900000 | 536524900000 | 536524200000 | 536913300000 | 536644600000 | 536703700000 | 536814900000 | 536547800000 | 536657100000 | 535864700000 | 536076800000 | 535985500000 | 535813800000 | 535902100000 | 536091500000 | 536048700000 | 536005900000 |
|       L2_PF_HIT_IN_L3       |   PMC2  |   9937496000 |  10105840000 |  10252950000 |  10237490000 |  10232890000 |  10254240000 |  10377980000 |  10305610000 |  10269510000 |  10323320000 |  10486720000 |  10469390000 |  10506620000 |  10528270000 |  10527390000 |  10494430000 |  10157780000 |  10028330000 |  10213250000 |  10127280000 |  10222550000 |  10247750000 |  10244770000 |  10297490000 |  10086510000 |  10135700000 |  10303520000 |  10224600000 |  10197550000 |  10303160000 |  10327160000 |  10206050000 |  10250380000 |  10407260000 |  10382530000 |  10419520000 |  10410250000 |  10532580000 |  10448920000 |  10503020000 |  10043670000 |  10128880000 |  10366000000 |  10288570000 |  10333150000 |  10457100000 |  10392150000 |  10364310000 |  10044300000 |  10070880000 |  10266570000 |  10264780000 |  10251450000 |  10242220000 |  10282560000 |  10237330000 |  10140040000 |  10250410000 |  10358080000 |  10338810000 |  10314520000 |  10393580000 |  10366760000 |  10325140000 |  10170550000 |  10254950000 |  10316060000 |  10354960000 |  10348250000 |  10385720000 |  10427610000 |  10353390000 |   9944363000 |  10108010000 |  10257870000 |  10238080000 |  10155880000 |  10303220000 |  10219590000 |  10148690000 |  10114370000 |  10285410000 |  10491490000 |  10422260000 |  10438500000 |  10455850000 |  10520600000 |  10443460000 |  10003350000 |  10112480000 |  10399480000 |  10263640000 |  10300660000 |  10248520000 |  10316890000 |  10156150000 |   7902443000 |   8106467000 |   8111406000 |   8063006000 |   7974521000 |   8099648000 |   8133416000 |   8077781000 |   9039018000 |   9048458000 |   9122285000 |   9115981000 |   9035846000 |   9157777000 |   9053370000 |   9074084000 |   7937813000 |   8057868000 |   8109847000 |   8040347000 |   8049589000 |   8122479000 |   8078066000 |   8078789000 |   8678684000 |   8712128000 |   8856300000 |   8855727000 |   8816964000 |   8830395000 |   8815338000 |   8837094000 |
|       L2_PF_MISS_IN_L3      |   PMC3  |   4877188000 |   4787563000 |   4667864000 |   4648541000 |   4662253000 |   4638959000 |   4535503000 |   4598391000 |   4909682000 |   4855173000 |   4722299000 |   4720423000 |   4700439000 |   4665505000 |   4667681000 |   4695485000 |   4826605000 |   4910214000 |   4761976000 |   4812473000 |   4736694000 |   4723602000 |   4705669000 |   4656427000 |   4809219000 |   4741700000 |   4619265000 |   4659387000 |   4684244000 |   4591560000 |   4582796000 |   4654998000 |   4920745000 |   4792660000 |   4760737000 |   4727827000 |   4744070000 |   4654407000 |   4701691000 |   4664051000 |   4930888000 |   4849431000 |   4670230000 |   4716215000 |   4689416000 |   4602232000 |   4630138000 |   4660276000 |   4865124000 |   4825231000 |   4668459000 |   4659753000 |   4673324000 |   4654505000 |   4640234000 |   4655122000 |   4995041000 |   4880345000 |   4778912000 |   4772200000 |   4809181000 |   4730545000 |   4755632000 |   4775425000 |   4884567000 |   4779538000 |   4716715000 |   4683706000 |   4684406000 |   4657224000 |   4615329000 |   4666986000 |   4877997000 |   4732801000 |   4609431000 |   4617268000 |   4667647000 |   4571694000 |   4613216000 |   4659915000 |   5020657000 |   4902361000 |   4721372000 |   4766882000 |   4747500000 |   4725760000 |   4684280000 |   4716260000 |   4945002000 |   4836524000 |   4622019000 |   4718198000 |   4699860000 |   4714834000 |   4658544000 |   4793946000 |   3469368000 |   3341828000 |   3306465000 |   3328925000 |   3395099000 |   3317710000 |   3284527000 |   3320737000 |   3875047000 |   3850356000 |   3770382000 |   3787190000 |   3828033000 |   3755903000 |   3804609000 |   3799865000 |   3506058000 |   3425972000 |   3337639000 |   3402139000 |   3399801000 |   3357801000 |   3365730000 |   3369719000 |   3943745000 |   3915603000 |   3798209000 |   3788589000 |   3816034000 |   3794353000 |   3803464000 |   3784489000 |
| L2_CACHE_MISS_AFTER_L1_MISS |   PMC4  |   1510098000 |   1520082000 |   1519274000 |   1521564000 |   1517489000 |   1521972000 |   1517340000 |   1521518000 |   1554454000 |   1556034000 |   1557262000 |   1560475000 |   1557239000 |   1565145000 |   1556282000 |   1566773000 |   1528279000 |   1525874000 |   1526392000 |   1530309000 |   1524661000 |   1531332000 |   1524222000 |   1525714000 |   1518421000 |   1516503000 |   1520229000 |   1521149000 |   1514566000 |   1522114000 |   1520298000 |   1518640000 |   1554589000 |   1560020000 |   1548480000 |   1555086000 |   1550008000 |   1560107000 |   1549382000 |   1557044000 |   1525486000 |   1530388000 |   1534027000 |   1531643000 |   1530396000 |   1540489000 |   1532582000 |   1533452000 |   1520381000 |   1521333000 |   1520751000 |   1528035000 |   1520722000 |   1525098000 |   1522257000 |   1519954000 |   1551725000 |   1553875000 |   1547464000 |   1551599000 |   1547100000 |   1551045000 |   1547121000 |   1549608000 |   1536245000 |   1535707000 |   1533244000 |   1538154000 |   1531136000 |   1541518000 |   1533911000 |   1535918000 |   1509684000 |   1513846000 |   1516110000 |   1519004000 |   1505440000 |   1521224000 |   1509940000 |   1509766000 |   1549454000 |   1555946000 |   1558339000 |   1561905000 |   1554155000 |   1559603000 |   1559090000 |   1556870000 |   1525713000 |   1524314000 |   1532048000 |   1533560000 |   1526995000 |   1529827000 |   1527568000 |   1526809000 |   1120880000 |   1127122000 |   1122891000 |   1122507000 |   1114538000 |   1124671000 |   1121951000 |   1123622000 |   1234588000 |   1232318000 |   1233163000 |   1233216000 |   1225024000 |   1238480000 |   1225449000 |   1231237000 |   1126876000 |   1128382000 |   1117335000 |   1125526000 |   1125873000 |   1130543000 |   1124098000 |   1124647000 |   1199901000 |   1201873000 |   1204543000 |   1206443000 |   1199745000 |   1202015000 |   1200217000 |   1205006000 |
+-----------------------------+---------+--------------+--------------+--------------+--------------+--------------+--------------+--------------+--------------+--------------+--------------+--------------+--------------+--------------+--------------+--------------+--------------+--------------+--------------+--------------+--------------+--------------+--------------+--------------+--------------+--------------+--------------+--------------+--------------+--------------+--------------+--------------+--------------+--------------+--------------+--------------+--------------+--------------+--------------+--------------+--------------+--------------+--------------+--------------+--------------+--------------+--------------+--------------+--------------+--------------+--------------+--------------+--------------+--------------+--------------+--------------+--------------+--------------+--------------+--------------+--------------+--------------+--------------+--------------+--------------+--------------+--------------+--------------+--------------+--------------+--------------+--------------+--------------+--------------+--------------+--------------+--------------+--------------+--------------+--------------+--------------+--------------+--------------+--------------+--------------+--------------+--------------+--------------+--------------+--------------+--------------+--------------+--------------+--------------+--------------+--------------+--------------+--------------+--------------+--------------+--------------+--------------+--------------+--------------+--------------+--------------+--------------+--------------+--------------+--------------+--------------+--------------+--------------+--------------+--------------+--------------+--------------+--------------+--------------+--------------+--------------+--------------+--------------+--------------+--------------+--------------+--------------+--------------+--------------+

+----------------------------------+---------+----------------+--------------+--------------+--------------+
|               Event              | Counter |       Sum      |      Min     |      Max     |      Avg     |
+----------------------------------+---------+----------------+--------------+--------------+--------------+
|       ACTUAL_CPU_CLOCK STAT      |  FIXC1  | 67250027700000 | 518599600000 | 543359500000 | 5.253908e+11 |
|        MAX_CPU_CLOCK STAT        |  FIXC2  | 49117648800000 | 383576000000 | 384274500000 | 383731631250 |
|     RETIRED_INSTRUCTIONS STAT    |   PMC0  | 95895604200000 | 678684500000 | 771790800000 | 7.491844e+11 |
|     CPU_CLOCKS_UNHALTED STAT     |   PMC1  | 66219386900000 | 509875800000 | 536913300000 | 5.173390e+11 |
|       L2_PF_HIT_IN_L3 STAT       |   PMC2  |  1259462554000 |   7902443000 |  10532580000 | 9.839551e+09 |
|       L2_PF_MISS_IN_L3 STAT      |   PMC3  |   569041653000 |   3284527000 |   5020657000 | 4.445638e+09 |
| L2_CACHE_MISS_AFTER_L1_MISS STAT |   PMC4  |   184790674000 |   1114538000 |   1566773000 | 1.443677e+09 |
+----------------------------------+---------+----------------+--------------+--------------+--------------+

+-------------------------+------------+------------+------------+------------+------------+------------+------------+------------+------------+------------+-------------+-------------+-------------+-------------+-------------+-------------+-------------+-------------+-------------+-------------+-------------+-------------+-------------+-------------+-------------+-------------+-------------+-------------+-------------+-------------+-------------+-------------+-------------+-------------+-------------+-------------+-------------+-------------+-------------+-------------+-------------+-------------+-------------+-------------+-------------+-------------+-------------+-------------+-------------+-------------+-------------+-------------+-------------+-------------+-------------+-------------+-------------+-------------+-------------+-------------+-------------+-------------+-------------+-------------+-------------+-------------+-------------+-------------+-------------+-------------+-------------+-------------+-------------+-------------+-------------+-------------+-------------+-------------+-------------+-------------+-------------+-------------+-------------+-------------+-------------+-------------+-------------+-------------+-------------+-------------+-------------+-------------+-------------+-------------+-------------+-------------+-------------+-------------+-------------+-------------+--------------+--------------+--------------+--------------+--------------+--------------+--------------+--------------+--------------+--------------+--------------+--------------+--------------+--------------+--------------+--------------+--------------+--------------+--------------+--------------+--------------+--------------+--------------+--------------+--------------+--------------+--------------+--------------+
|          Metric         | HWThread 0 | HWThread 1 | HWThread 2 | HWThread 3 | HWThread 4 | HWThread 5 | HWThread 6 | HWThread 7 | HWThread 8 | HWThread 9 | HWThread 10 | HWThread 11 | HWThread 12 | HWThread 13 | HWThread 14 | HWThread 15 | HWThread 16 | HWThread 17 | HWThread 18 | HWThread 19 | HWThread 20 | HWThread 21 | HWThread 22 | HWThread 23 | HWThread 24 | HWThread 25 | HWThread 26 | HWThread 27 | HWThread 28 | HWThread 29 | HWThread 30 | HWThread 31 | HWThread 32 | HWThread 33 | HWThread 34 | HWThread 35 | HWThread 36 | HWThread 37 | HWThread 38 | HWThread 39 | HWThread 40 | HWThread 41 | HWThread 42 | HWThread 43 | HWThread 44 | HWThread 45 | HWThread 46 | HWThread 47 | HWThread 48 | HWThread 49 | HWThread 50 | HWThread 51 | HWThread 52 | HWThread 53 | HWThread 54 | HWThread 55 | HWThread 56 | HWThread 57 | HWThread 58 | HWThread 59 | HWThread 60 | HWThread 61 | HWThread 62 | HWThread 63 | HWThread 64 | HWThread 65 | HWThread 66 | HWThread 67 | HWThread 68 | HWThread 69 | HWThread 70 | HWThread 71 | HWThread 72 | HWThread 73 | HWThread 74 | HWThread 75 | HWThread 76 | HWThread 77 | HWThread 78 | HWThread 79 | HWThread 80 | HWThread 81 | HWThread 82 | HWThread 83 | HWThread 84 | HWThread 85 | HWThread 86 | HWThread 87 | HWThread 88 | HWThread 89 | HWThread 90 | HWThread 91 | HWThread 92 | HWThread 93 | HWThread 94 | HWThread 95 | HWThread 96 | HWThread 97 | HWThread 98 | HWThread 99 | HWThread 100 | HWThread 101 | HWThread 102 | HWThread 103 | HWThread 104 | HWThread 105 | HWThread 106 | HWThread 107 | HWThread 108 | HWThread 109 | HWThread 110 | HWThread 111 | HWThread 112 | HWThread 113 | HWThread 114 | HWThread 115 | HWThread 116 | HWThread 117 | HWThread 118 | HWThread 119 | HWThread 120 | HWThread 121 | HWThread 122 | HWThread 123 | HWThread 124 | HWThread 125 | HWThread 126 | HWThread 127 |
+-------------------------+------------+------------+------------+------------+------------+------------+------------+------------+------------+------------+-------------+-------------+-------------+-------------+-------------+-------------+-------------+-------------+-------------+-------------+-------------+-------------+-------------+-------------+-------------+-------------+-------------+-------------+-------------+-------------+-------------+-------------+-------------+-------------+-------------+-------------+-------------+-------------+-------------+-------------+-------------+-------------+-------------+-------------+-------------+-------------+-------------+-------------+-------------+-------------+-------------+-------------+-------------+-------------+-------------+-------------+-------------+-------------+-------------+-------------+-------------+-------------+-------------+-------------+-------------+-------------+-------------+-------------+-------------+-------------+-------------+-------------+-------------+-------------+-------------+-------------+-------------+-------------+-------------+-------------+-------------+-------------+-------------+-------------+-------------+-------------+-------------+-------------+-------------+-------------+-------------+-------------+-------------+-------------+-------------+-------------+-------------+-------------+-------------+-------------+--------------+--------------+--------------+--------------+--------------+--------------+--------------+--------------+--------------+--------------+--------------+--------------+--------------+--------------+--------------+--------------+--------------+--------------+--------------+--------------+--------------+--------------+--------------+--------------+--------------+--------------+--------------+--------------+
|   Runtime (RDTSC) [s]   |   158.6344 |   151.1097 |   147.9574 |   147.9576 |   158.8790 |   154.9673 |   153.3767 |   147.7521 |   148.3912 |   148.2656 |    152.7881 |    152.6823 |    149.4470 |    151.2368 |    152.7877 |    152.6822 |    154.3575 |    151.8895 |    159.9049 |    151.5536 |    159.6977 |    153.8660 |    154.4700 |    154.3589 |    153.7636 |    147.6741 |    157.9655 |    148.6856 |    154.0782 |    157.9633 |    157.9648 |    158.0727 |    153.4820 |    153.2746 |    159.5914 |    152.1973 |    152.1978 |    158.6350 |    153.4827 |    148.3908 |    156.7640 |    155.5910 |    154.8598 |    156.7645 |    157.0705 |    158.2865 |    153.1713 |    157.7517 |    148.4952 |    153.9723 |    152.0969 |    154.1810 |    159.8017 |    154.1812 |    151.7868 |    152.4769 |    152.9957 |    155.2804 |    155.7999 |    152.3756 |    151.9944 |    155.8030 |    152.9948 |    160.1823 |    155.6979 |    155.9052 |    160.2846 |    160.0097 |    155.0713 |    153.6563 |    158.7660 |    160.0077 |    155.4893 |    156.0793 |    157.5138 |    157.5137 |    155.1786 |    157.5142 |    156.9644 |    156.2841 |    157.8586 |    147.8537 |    151.6835 |    155.3857 |    157.3838 |    152.5789 |    159.4598 |    160.5136 |    154.6093 |    159.1936 |    156.3899 |    156.1808 |    156.2843 |    154.7166 |    156.3889 |    154.6101 |    160.3867 |    149.2487 |    149.2469 |    149.7840 |     148.9961 |     150.1525 |     150.1510 |     148.1352 |     158.9842 |     149.9047 |     158.9826 |     150.3536 |     149.5763 |     150.3524 |     149.1227 |     149.5746 |     157.1781 |     150.0289 |     150.8496 |     148.7901 |     157.1761 |     148.7909 |     156.6333 |     158.2186 |     158.5047 |     151.3424 |     159.3263 |     150.4832 |     151.3419 |     150.9785 |     150.5601 |     150.5604 |
|   Runtime unhalted [s]  |   200.9924 |   199.4617 |   199.8558 |   199.6994 |   199.7857 |   199.7782 |   199.7486 |   199.7831 |   199.8241 |   199.7790 |    199.7564 |    199.8411 |    199.8071 |    199.8315 |    199.7702 |    199.8380 |    199.7612 |    199.8166 |    199.8629 |    199.7252 |    199.8075 |    199.7522 |    199.7012 |    199.7817 |    199.7345 |    199.7929 |    199.7842 |    199.7415 |    199.8097 |    199.7170 |    199.7561 |    199.7537 |    199.7732 |    199.8144 |    199.8294 |    199.7677 |    199.8095 |    199.7921 |    199.7928 |    199.7745 |    199.8390 |    199.7466 |    199.8328 |    199.7708 |    199.7946 |    199.7645 |    199.7244 |    199.7959 |    199.8215 |    199.7971 |    199.8599 |    199.8819 |    199.7621 |    199.7616 |    199.8142 |    199.8445 |    199.8241 |    199.7591 |    199.8290 |    199.7719 |    199.8147 |    199.8238 |    199.7388 |    199.8159 |    199.6973 |    199.7853 |    199.8330 |    199.7675 |    199.7348 |    199.6978 |    199.7225 |    199.7159 |    199.7304 |    199.8045 |    199.7355 |    199.7938 |    199.7669 |    199.7399 |    199.7419 |    199.8233 |    199.8303 |    199.8563 |    199.8286 |    199.9053 |    199.8148 |    199.8998 |    199.8548 |    199.9412 |    199.6821 |    199.7431 |    199.7724 |    199.7582 |    199.7100 |    199.7915 |    199.6877 |    199.7736 |    208.9459 |    208.9559 |    208.9099 |    208.9087 |     208.8754 |     208.8794 |     208.9660 |     208.8702 |     208.9378 |     208.8897 |     208.8867 |     208.9466 |     208.8853 |     208.9002 |     208.8996 |     208.9195 |     208.9166 |     208.8401 |     208.8945 |     208.8984 |     208.9095 |     208.8847 |     208.8497 |     208.8721 |     208.8946 |     208.9848 |     208.9544 |     208.9089 |     208.9277 |     208.9461 |     208.9152 |     208.9342 |
|       Clock [MHz]       |  3535.7629 |  3514.4698 |  3521.5843 |  3519.0968 |  3520.6221 |  3520.2694 |  3520.2825 |  3520.0373 |  3519.9019 |  3519.2645 |   3519.0885 |   3520.4638 |   3519.3705 |   3520.6347 |   3519.6443 |   3520.3089 |   3519.3069 |   3520.5154 |   3520.7908 |   3519.0677 |   3520.0417 |   3519.4161 |   3519.3257 |   3519.8962 |   3518.7907 |   3520.1691 |   3519.2755 |   3518.9028 |   3519.8522 |   3518.7312 |   3519.5570 |   3519.2933 |   3519.4055 |   3519.9192 |   3519.6258 |   3518.9637 |   3519.9839 |   3519.1647 |   3519.2603 |   3518.9399 |   3521.0860 |   3519.2280 |   3520.7110 |   3519.4591 |   3520.1464 |   3519.7460 |   3519.0023 |   3520.0841 |   3520.0132 |   3520.0877 |   3520.4391 |   3520.8704 |   3519.1106 |   3518.7705 |   3520.0333 |   3520.0033 |   3519.9019 |   3519.1696 |   3519.9444 |   3519.2125 |   3519.9164 |   3519.9534 |   3518.5109 |   3519.7863 |   3518.6830 |   3520.1822 |   3520.6970 |   3519.7663 |   3519.0007 |   3518.4359 |   3518.9618 |   3518.4628 |   3519.2337 |   3520.5983 |   3519.3474 |   3519.7457 |   3519.3207 |   3518.8129 |   3518.8413 |   3520.6691 |   3519.8936 |   3519.9891 |   3519.9161 |   3521.3202 |   3519.6910 |   3520.9992 |   3520.3488 |   3522.0668 |   3518.2615 |   3519.4491 |   3519.7588 |   3519.3060 |   3518.4536 |   3520.1451 |   3518.4276 |   3519.4615 |   3680.7088 |   3680.7492 |   3679.9542 |   3679.8926 |    3679.2950 |    3679.2770 |    3680.6965 |    3679.0898 |    3680.5141 |    3679.8484 |    3679.8004 |    3680.7370 |    3679.4938 |    3680.5424 |    3679.9995 |    3680.6293 |    3678.7208 |    3678.9888 |    3679.5342 |    3679.5439 |    3679.4827 |    3679.4408 |    3679.0351 |    3679.2725 |    3678.4874 |    3680.5629 |    3680.2400 |    3679.6818 |    3679.7008 |    3680.0150 |    3679.4507 |    3679.9026 |
|           CPI           |     0.6652 |     0.6714 |     0.6696 |     0.6710 |     0.6711 |     0.6710 |     0.6705 |     0.6707 |     0.6631 |     0.6636 |      0.6630 |      0.6634 |      0.6633 |      0.6632 |      0.6637 |      0.6631 |      0.6675 |      0.6686 |      0.6681 |      0.6689 |      0.6684 |      0.6689 |      0.6688 |      0.6683 |      0.6703 |      0.6707 |      0.6700 |      0.6708 |      0.6714 |      0.6707 |      0.6701 |      0.6713 |      0.6638 |      0.6632 |      0.6646 |      0.6647 |      0.6643 |      0.6638 |      0.6645 |      0.6641 |      0.6672 |      0.6680 |      0.6663 |      0.6679 |      0.6675 |      0.6664 |      0.6674 |      0.6672 |      0.6701 |      0.6705 |      0.6696 |      0.6695 |      0.6703 |      0.6704 |      0.6699 |      0.6708 |      0.6642 |      0.6645 |      0.6646 |      0.6649 |      0.6648 |      0.6650 |      0.6653 |      0.6655 |      0.6665 |      0.6666 |      0.6666 |      0.6668 |      0.6671 |      0.6672 |      0.6670 |      0.6677 |      0.6720 |      0.6713 |      0.6714 |      0.6713 |      0.6723 |      0.6711 |      0.6724 |      0.6720 |      0.6639 |      0.6634 |      0.6627 |      0.6627 |      0.6637 |      0.6636 |      0.6631 |      0.6632 |      0.6690 |      0.6683 |      0.6676 |      0.6685 |      0.6685 |      0.6688 |      0.6686 |      0.6692 |      0.7891 |      0.7871 |      0.7883 |      0.7891 |       0.7905 |       0.7890 |       0.7885 |       0.7891 |       0.7409 |       0.7417 |       0.7414 |       0.7415 |       0.7424 |       0.7411 |       0.7426 |       0.7415 |       0.7878 |       0.7869 |       0.7888 |       0.7881 |       0.7879 |       0.7873 |       0.7881 |       0.7880 |       0.7500 |       0.7493 |       0.7488 |       0.7490 |       0.7498 |       0.7498 |       0.7501 |       0.7496 |
| L3 bandwidth [MBytes/s] |  6586.1254 |  6951.6586 |  7111.2741 |  7097.2095 |  6611.3737 |  6779.3073 |  6856.1435 |  7114.8445 |  7217.0947 |  7223.5888 |   7023.0730 |   7021.2358 |   7179.2346 |   7091.9967 |   7016.8383 |   7023.9231 |   6846.5121 |   6937.4299 |   6604.5728 |   6955.1892 |   6606.0433 |   6864.2311 |   6825.7804 |   6832.7540 |   6831.9524 |   7104.9005 |   6661.9160 |   7061.4014 |   6810.6133 |   6651.4018 |   6656.7758 |   6631.7589 |   6974.4054 |   6998.1338 |   6693.7931 |   7023.4867 |   7024.2605 |   6756.4788 |   6963.6484 |   7213.0035 |   6736.2584 |   6790.6032 |   6848.1068 |   6751.0909 |   6744.6756 |   6711.8077 |   6917.1684 |   6717.6102 |   7081.0876 |   6824.0613 |   6924.3352 |   6829.4041 |   6586.3614 |   6816.6331 |   6933.9578 |   6888.8729 |   6980.2980 |   6876.6974 |   6853.6962 |   6998.5416 |   7019.5432 |   6849.7454 |   6973.1052 |   6652.4895 |   6819.9197 |   6802.1623 |   6614.6418 |   6630.3260 |   6836.0985 |   6907.6606 |   6682.2771 |   6622.1989 |   6722.3328 |   6706.1939 |   6656.8028 |   6653.1262 |   6734.5232 |   6661.9570 |   6663.5221 |   6682.5464 |   6764.3244 |   7247.6907 |   7076.2928 |   6899.3930 |   6807.3710 |   7022.1874 |   6728.3044 |   6665.2406 |   6819.3838 |   6622.7056 |   6774.2674 |   6767.7043 |   6768.1844 |   6822.5619 |   6753.6259 |   6820.5241 |   4985.0282 |   5392.5206 |   5377.7249 |   5347.1935 |    5362.4633 |    5345.8308 |    5344.9742 |    5410.0373 |    5695.6213 |    6033.1160 |    5686.4910 |    6017.3402 |    6028.2932 |    6024.1023 |    6044.2803 |    6035.3289 |    5118.5745 |    5380.1781 |    5330.7967 |    5405.9562 |    5120.4784 |    5424.3416 |    5135.2121 |    5085.8870 |    5581.0908 |    5848.2927 |    5567.0616 |    5890.6813 |    5849.6395 |    5861.1844 |    5874.1806 |    5877.3867 |
| L3 data volume [GBytes] |  1044.7860 |  1050.4630 |  1052.1656 |  1050.0861 |  1050.4084 |  1050.5709 |  1051.5727 |  1051.2332 |  1070.9533 |  1071.0097 |   1073.0420 |   1072.0184 |   1072.9151 |   1072.5709 |   1072.0866 |   1072.4280 |   1056.8105 |   1053.7228 |   1056.1036 |   1054.0840 |   1054.9699 |   1056.1718 |   1054.3783 |   1054.6964 |   1050.5056 |   1049.2098 |   1052.3529 |   1049.9287 |   1049.3670 |   1050.6774 |   1051.5363 |   1048.3000 |   1070.4457 |   1072.6362 |   1068.2718 |   1068.9557 |   1069.0770 |   1071.8140 |   1068.7996 |   1070.3434 |   1056.0028 |   1056.5567 |   1060.4964 |   1058.3314 |   1059.3896 |   1062.3885 |   1059.5117 |   1059.7144 |   1051.5075 |   1050.7164 |   1053.1699 |   1052.9644 |   1052.5117 |   1050.9967 |   1052.4833 |   1050.3940 |   1067.9556 |   1067.8163 |   1067.8052 |   1066.4070 |   1066.9313 |   1067.2109 |   1066.8488 |   1065.6111 |   1061.8472 |   1060.4925 |   1060.2252 |   1060.9165 |   1060.0827 |   1061.4056 |   1060.9184 |   1059.6028 |   1045.2508 |   1046.6980 |   1048.5383 |   1047.9585 |   1045.0539 |   1049.3528 |   1045.9357 |   1044.3757 |   1067.8068 |   1071.5979 |   1073.3569 |   1072.0670 |   1071.3699 |   1071.4376 |   1072.8941 |   1069.8618 |   1054.3402 |   1054.2924 |   1059.4270 |   1056.9855 |   1057.7610 |   1055.5636 |   1056.1921 |   1054.5219 |    799.5322 |    804.8267 |    802.6088 |    800.9240 |     798.9861 |     802.6899 |     802.5532 |     801.4170 |     905.5138 |     904.3924 |     904.0531 |     904.7288 |     901.6898 |     905.7382 |     901.3394 |     902.7319 |     804.5278 |     807.1822 |     804.1485 |     804.3528 |     804.8168 |     807.0927 |     804.3452 |     804.6819 |     884.6291 |     885.0947 |     886.9793 |     886.4486 |     885.2956 |     884.9128 |     884.4172 |     884.9017 |
+-------------------------+------------+------------+------------+------------+------------+------------+------------+------------+------------+------------+-------------+-------------+-------------+-------------+-------------+-------------+-------------+-------------+-------------+-------------+-------------+-------------+-------------+-------------+-------------+-------------+-------------+-------------+-------------+-------------+-------------+-------------+-------------+-------------+-------------+-------------+-------------+-------------+-------------+-------------+-------------+-------------+-------------+-------------+-------------+-------------+-------------+-------------+-------------+-------------+-------------+-------------+-------------+-------------+-------------+-------------+-------------+-------------+-------------+-------------+-------------+-------------+-------------+-------------+-------------+-------------+-------------+-------------+-------------+-------------+-------------+-------------+-------------+-------------+-------------+-------------+-------------+-------------+-------------+-------------+-------------+-------------+-------------+-------------+-------------+-------------+-------------+-------------+-------------+-------------+-------------+-------------+-------------+-------------+-------------+-------------+-------------+-------------+-------------+-------------+--------------+--------------+--------------+--------------+--------------+--------------+--------------+--------------+--------------+--------------+--------------+--------------+--------------+--------------+--------------+--------------+--------------+--------------+--------------+--------------+--------------+--------------+--------------+--------------+--------------+--------------+--------------+--------------+

+------------------------------+-------------+-----------+-----------+-----------+
|            Metric            |     Sum     |    Min    |    Max    |    Avg    |
+------------------------------+-------------+-----------+-----------+-----------+
|   Runtime (RDTSC) [s] STAT   |  19727.8525 |  147.6741 |  160.5136 |  154.1238 |
|   Runtime unhalted [s] STAT  |  25865.4410 |  199.4617 |  208.9848 |  202.0738 |
|       Clock [MHz] STAT       | 455655.7187 | 3514.4698 | 3680.7492 | 3559.8103 |
|           CPI STAT           |     88.6177 |    0.6627 |    0.7905 |    0.6923 |
| L3 bandwidth [MBytes/s] STAT | 835978.8550 | 4985.0282 | 7247.6907 | 6531.0848 |
| L3 data volume [GBytes] STAT | 128850.8724 |  798.9861 | 1073.3569 | 1006.6474 |
+------------------------------+-------------+-----------+-----------+-----------+

