INFO: You are running LIKWID in a cpuset with 144 CPUs. Taking given IDs as logical ID in cpuset
--------------------------------------------------------------------------------
CPU name:	AMD EPYC 9A14 96-Core Processor                
CPU type:	AMD K19 (Zen4) architecture
CPU clock:	2.60 GHz
--------------------------------------------------------------------------------
Sys.CPU_THREADS       192
SLURM_CPUS_PER_TASK   144
OMP_NUM_THREADS       144
OMP_PROC_BIND         close
OMP_PLACES            cores
BLAS_NUM_THREADS      1
Threads.nthreads()    1

Successfully read data from: /public/home/halili/jld2file/6-31g/o2-1.0-6-31g.jld2
  name: o2
  ratio: 1.0
  basis: 6-31g
  nα: 8, nβ: 8, ne: 16, norb: 18, nq: 36

  ngs: 4266
  ncs: 22543

Warming up JIT and Hardware...
Warm-up completed.
  Step 001:  residual: 9.5235e-01,  e: -149.45320229675173
  Step 002:  residual: 7.0900e-01,  e: -149.59391697072670
  Step 003:  residual: 3.4390e-01,  e: -149.71881382605193
  Step 004:  residual: 1.3670e-01,  e: -149.74155494323807
  Step 005:  residual: 5.6781e-02,  e: -149.74486722652441
  Step 006:  residual: 3.0719e-02,  e: -149.74550118255112
  Step 007:  residual: 2.2745e-02,  e: -149.74573279555463
  Step 008:  residual: 2.6203e-02,  e: -149.74592799688369
  Step 009:  residual: 3.4719e-02,  e: -149.74623194412669
  Step 010:  residual: 2.6370e-02,  e: -149.74654741412644
  Step 011:  residual: 1.1805e-02,  e: -149.74665437187446
  Step 012:  residual: 4.6480e-03,  e: -149.74667295626961
  Step 013:  residual: 1.7886e-03,  e: -149.74667552118305
  Step 014:  residual: 6.8126e-04,  e: -149.74667587808582
  Step 015:  residual: 2.5621e-04,  e: -149.74667592692597
  Step 016:  residual: 9.5094e-05,  e: -149.74667593407395
  Step 017:  residual: 3.6656e-05,  e: -149.74667593511316
  Step 018:  residual: 1.4803e-05,  e: -149.74667593526689
  Step 019:  residual: 6.2970e-06,  e: -149.74667593529321

Convergence reached!
165.051259 seconds (7.21 M allocations: 69.917 GiB, 0.20% gc time, 1.17% compilation time)
--------------------------------------------------------------------------------
Region hvec_direct_agg, Group 1: L3
+-------------------+------------+------------+------------+------------+------------+------------+------------+------------+------------+------------+-------------+-------------+-------------+-------------+-------------+-------------+-------------+-------------+-------------+-------------+-------------+-------------+-------------+-------------+-------------+-------------+-------------+-------------+-------------+-------------+-------------+-------------+-------------+-------------+-------------+-------------+-------------+-------------+-------------+-------------+-------------+-------------+-------------+-------------+-------------+-------------+-------------+-------------+-------------+-------------+-------------+-------------+-------------+-------------+-------------+-------------+-------------+-------------+-------------+-------------+-------------+-------------+-------------+-------------+-------------+-------------+-------------+-------------+-------------+-------------+-------------+-------------+-------------+-------------+-------------+-------------+-------------+-------------+-------------+-------------+-------------+-------------+-------------+-------------+-------------+-------------+-------------+-------------+-------------+-------------+-------------+-------------+-------------+-------------+-------------+-------------+-------------+-------------+-------------+-------------+--------------+--------------+--------------+--------------+--------------+--------------+--------------+--------------+--------------+--------------+--------------+--------------+--------------+--------------+--------------+--------------+--------------+--------------+--------------+--------------+--------------+--------------+--------------+--------------+--------------+--------------+--------------+--------------+--------------+--------------+--------------+--------------+--------------+--------------+--------------+--------------+--------------+--------------+--------------+--------------+--------------+--------------+--------------+--------------+
|    Region Info    | HWThread 0 | HWThread 1 | HWThread 2 | HWThread 3 | HWThread 4 | HWThread 5 | HWThread 6 | HWThread 7 | HWThread 8 | HWThread 9 | HWThread 10 | HWThread 11 | HWThread 12 | HWThread 13 | HWThread 14 | HWThread 15 | HWThread 16 | HWThread 17 | HWThread 18 | HWThread 19 | HWThread 20 | HWThread 21 | HWThread 22 | HWThread 23 | HWThread 24 | HWThread 25 | HWThread 26 | HWThread 27 | HWThread 28 | HWThread 29 | HWThread 30 | HWThread 31 | HWThread 32 | HWThread 33 | HWThread 34 | HWThread 35 | HWThread 36 | HWThread 37 | HWThread 38 | HWThread 39 | HWThread 40 | HWThread 41 | HWThread 42 | HWThread 43 | HWThread 44 | HWThread 45 | HWThread 46 | HWThread 47 | HWThread 48 | HWThread 49 | HWThread 50 | HWThread 51 | HWThread 52 | HWThread 53 | HWThread 54 | HWThread 55 | HWThread 56 | HWThread 57 | HWThread 58 | HWThread 59 | HWThread 60 | HWThread 61 | HWThread 62 | HWThread 63 | HWThread 64 | HWThread 65 | HWThread 66 | HWThread 67 | HWThread 68 | HWThread 69 | HWThread 70 | HWThread 71 | HWThread 72 | HWThread 73 | HWThread 74 | HWThread 75 | HWThread 76 | HWThread 77 | HWThread 78 | HWThread 79 | HWThread 80 | HWThread 81 | HWThread 82 | HWThread 83 | HWThread 84 | HWThread 85 | HWThread 86 | HWThread 87 | HWThread 88 | HWThread 89 | HWThread 90 | HWThread 91 | HWThread 92 | HWThread 93 | HWThread 94 | HWThread 95 | HWThread 96 | HWThread 97 | HWThread 98 | HWThread 99 | HWThread 100 | HWThread 101 | HWThread 102 | HWThread 103 | HWThread 104 | HWThread 105 | HWThread 106 | HWThread 107 | HWThread 108 | HWThread 109 | HWThread 110 | HWThread 111 | HWThread 112 | HWThread 113 | HWThread 114 | HWThread 115 | HWThread 116 | HWThread 117 | HWThread 118 | HWThread 119 | HWThread 120 | HWThread 121 | HWThread 122 | HWThread 123 | HWThread 124 | HWThread 125 | HWThread 126 | HWThread 127 | HWThread 128 | HWThread 129 | HWThread 130 | HWThread 131 | HWThread 132 | HWThread 133 | HWThread 134 | HWThread 135 | HWThread 136 | HWThread 137 | HWThread 138 | HWThread 139 | HWThread 140 | HWThread 141 | HWThread 142 | HWThread 143 |
+-------------------+------------+------------+------------+------------+------------+------------+------------+------------+------------+------------+-------------+-------------+-------------+-------------+-------------+-------------+-------------+-------------+-------------+-------------+-------------+-------------+-------------+-------------+-------------+-------------+-------------+-------------+-------------+-------------+-------------+-------------+-------------+-------------+-------------+-------------+-------------+-------------+-------------+-------------+-------------+-------------+-------------+-------------+-------------+-------------+-------------+-------------+-------------+-------------+-------------+-------------+-------------+-------------+-------------+-------------+-------------+-------------+-------------+-------------+-------------+-------------+-------------+-------------+-------------+-------------+-------------+-------------+-------------+-------------+-------------+-------------+-------------+-------------+-------------+-------------+-------------+-------------+-------------+-------------+-------------+-------------+-------------+-------------+-------------+-------------+-------------+-------------+-------------+-------------+-------------+-------------+-------------+-------------+-------------+-------------+-------------+-------------+-------------+-------------+--------------+--------------+--------------+--------------+--------------+--------------+--------------+--------------+--------------+--------------+--------------+--------------+--------------+--------------+--------------+--------------+--------------+--------------+--------------+--------------+--------------+--------------+--------------+--------------+--------------+--------------+--------------+--------------+--------------+--------------+--------------+--------------+--------------+--------------+--------------+--------------+--------------+--------------+--------------+--------------+--------------+--------------+--------------+--------------+
| RDTSC Runtime [s] | 147.820900 | 143.258600 | 137.002700 | 143.261000 | 148.867300 | 144.371700 | 137.002500 | 139.121200 | 149.085900 | 138.513800 |  145.495500 |  144.601800 |  143.975700 |  144.599400 |  144.900300 |  136.360400 |  142.179700 |  146.806800 |  147.049400 |  147.343300 |  141.984900 |  146.975800 |  146.807800 |  136.562900 |  146.199200 |  142.697200 |  146.198800 |  143.688400 |  146.372100 |  142.971800 |  144.172800 |  147.892000 |  148.866200 |  138.975500 |  145.351900 |  141.420100 |  148.628300 |  145.187200 |  137.241700 |  145.185800 |  144.367700 |  147.892200 |  144.172100 |  147.521400 |  144.173200 |  146.440600 |  143.975900 |  145.691500 |  141.419000 |  136.856700 |  136.706900 |  142.972700 |  136.561500 |  138.294500 |  136.708100 |  136.858100 |  143.470100 |  143.468700 |  141.708800 |  137.240400 |  142.407900 |  141.620900 |  143.372300 |  137.649400 |  149.850900 |  144.780700 |  149.850900 |  144.779900 |  149.597200 |  149.507600 |  149.085700 |  147.441700 |  147.740700 |  149.678300 |  146.441700 |  145.811100 |  145.690200 |  142.973700 |  145.812800 |  147.648200 |  145.073300 |  137.650000 |  146.695600 |  145.072300 |  146.697100 |  137.865200 |  137.443000 |  143.813900 |  149.421600 |  149.273700 |  145.963500 |  147.197900 |  146.128500 |  145.496300 |  146.053200 |  143.688800 |  137.865200 |  140.131100 |  140.050600 |  137.367700 |   139.918800 |   140.896500 |   140.129800 |   140.896600 |   148.628200 |   141.853600 |   142.408900 |   142.182300 |   142.408100 |   142.622100 |   141.854000 |   142.697000 |   138.747600 |   139.300800 |   139.604200 |   139.604400 |   148.096300 |   149.274600 |   148.244700 |   138.077600 |   141.194200 |   140.369800 |   138.295000 |   139.444600 |   141.194200 |   139.300000 |   136.416100 |   140.895700 |   140.370600 |   141.195000 |   138.975100 |   140.369600 |   140.666000 |   140.667100 |   140.589500 |   148.404400 |   139.731100 |   148.096800 |   138.514600 |   148.406500 |   139.916100 |   138.746900 |   138.078500 |   147.197900 |
|     call count    |         19 |         19 |         19 |         19 |         19 |         19 |         19 |         19 |         19 |         19 |          19 |          19 |          19 |          19 |          19 |          19 |          19 |          19 |          19 |          19 |          19 |          19 |          19 |          19 |          19 |          19 |          19 |          19 |          19 |          19 |          19 |          19 |          19 |          19 |          19 |          19 |          19 |          19 |          19 |          19 |          19 |          19 |          19 |          19 |          19 |          19 |          19 |          19 |          19 |          19 |          19 |          19 |          19 |          19 |          19 |          19 |          19 |          19 |          19 |          19 |          19 |          19 |          19 |          19 |          19 |          19 |          19 |          19 |          19 |          19 |          19 |          19 |          19 |          19 |          19 |          19 |          19 |          19 |          19 |          19 |          19 |          19 |          19 |          19 |          19 |          19 |          19 |          19 |          19 |          19 |          19 |          19 |          19 |          19 |          19 |          19 |          19 |          19 |          19 |          19 |           19 |           19 |           19 |           19 |           19 |           19 |           19 |           19 |           19 |           19 |           19 |           19 |           19 |           19 |           19 |           19 |           19 |           19 |           19 |           19 |           19 |           19 |           19 |           19 |           19 |           19 |           19 |           19 |           19 |           19 |           19 |           19 |           19 |           19 |           19 |           19 |           19 |           19 |           19 |           19 |           19 |           19 |           19 |           19 |
+-------------------+------------+------------+------------+------------+------------+------------+------------+------------+------------+------------+-------------+-------------+-------------+-------------+-------------+-------------+-------------+-------------+-------------+-------------+-------------+-------------+-------------+-------------+-------------+-------------+-------------+-------------+-------------+-------------+-------------+-------------+-------------+-------------+-------------+-------------+-------------+-------------+-------------+-------------+-------------+-------------+-------------+-------------+-------------+-------------+-------------+-------------+-------------+-------------+-------------+-------------+-------------+-------------+-------------+-------------+-------------+-------------+-------------+-------------+-------------+-------------+-------------+-------------+-------------+-------------+-------------+-------------+-------------+-------------+-------------+-------------+-------------+-------------+-------------+-------------+-------------+-------------+-------------+-------------+-------------+-------------+-------------+-------------+-------------+-------------+-------------+-------------+-------------+-------------+-------------+-------------+-------------+-------------+-------------+-------------+-------------+-------------+-------------+-------------+--------------+--------------+--------------+--------------+--------------+--------------+--------------+--------------+--------------+--------------+--------------+--------------+--------------+--------------+--------------+--------------+--------------+--------------+--------------+--------------+--------------+--------------+--------------+--------------+--------------+--------------+--------------+--------------+--------------+--------------+--------------+--------------+--------------+--------------+--------------+--------------+--------------+--------------+--------------+--------------+--------------+--------------+--------------+--------------+

+-----------------------------+---------+--------------+--------------+--------------+--------------+--------------+--------------+--------------+--------------+--------------+--------------+--------------+--------------+--------------+--------------+--------------+--------------+--------------+--------------+--------------+--------------+--------------+--------------+--------------+--------------+--------------+--------------+--------------+--------------+--------------+--------------+--------------+--------------+--------------+--------------+--------------+--------------+--------------+--------------+--------------+--------------+--------------+--------------+--------------+--------------+--------------+--------------+--------------+--------------+--------------+--------------+--------------+--------------+--------------+--------------+--------------+--------------+--------------+--------------+--------------+--------------+--------------+--------------+--------------+--------------+--------------+--------------+--------------+--------------+--------------+--------------+--------------+--------------+--------------+--------------+--------------+--------------+--------------+--------------+--------------+--------------+--------------+--------------+--------------+--------------+--------------+--------------+--------------+--------------+--------------+--------------+--------------+--------------+--------------+--------------+--------------+--------------+--------------+--------------+--------------+--------------+--------------+--------------+--------------+--------------+--------------+--------------+--------------+--------------+--------------+--------------+--------------+--------------+--------------+--------------+--------------+--------------+--------------+--------------+--------------+--------------+--------------+--------------+--------------+--------------+--------------+--------------+--------------+--------------+--------------+--------------+--------------+--------------+--------------+--------------+--------------+--------------+--------------+--------------+--------------+--------------+--------------+--------------+--------------+--------------+
|            Event            | Counter |  HWThread 0  |  HWThread 1  |  HWThread 2  |  HWThread 3  |  HWThread 4  |  HWThread 5  |  HWThread 6  |  HWThread 7  |  HWThread 8  |  HWThread 9  |  HWThread 10 |  HWThread 11 |  HWThread 12 |  HWThread 13 |  HWThread 14 |  HWThread 15 |  HWThread 16 |  HWThread 17 |  HWThread 18 |  HWThread 19 |  HWThread 20 |  HWThread 21 |  HWThread 22 |  HWThread 23 |  HWThread 24 |  HWThread 25 |  HWThread 26 |  HWThread 27 |  HWThread 28 |  HWThread 29 |  HWThread 30 |  HWThread 31 |  HWThread 32 |  HWThread 33 |  HWThread 34 |  HWThread 35 |  HWThread 36 |  HWThread 37 |  HWThread 38 |  HWThread 39 |  HWThread 40 |  HWThread 41 |  HWThread 42 |  HWThread 43 |  HWThread 44 |  HWThread 45 |  HWThread 46 |  HWThread 47 |  HWThread 48 |  HWThread 49 |  HWThread 50 |  HWThread 51 |  HWThread 52 |  HWThread 53 |  HWThread 54 |  HWThread 55 |  HWThread 56 |  HWThread 57 |  HWThread 58 |  HWThread 59 |  HWThread 60 |  HWThread 61 |  HWThread 62 |  HWThread 63 |  HWThread 64 |  HWThread 65 |  HWThread 66 |  HWThread 67 |  HWThread 68 |  HWThread 69 |  HWThread 70 |  HWThread 71 |  HWThread 72 |  HWThread 73 |  HWThread 74 |  HWThread 75 |  HWThread 76 |  HWThread 77 |  HWThread 78 |  HWThread 79 |  HWThread 80 |  HWThread 81 |  HWThread 82 |  HWThread 83 |  HWThread 84 |  HWThread 85 |  HWThread 86 |  HWThread 87 |  HWThread 88 |  HWThread 89 |  HWThread 90 |  HWThread 91 |  HWThread 92 |  HWThread 93 |  HWThread 94 |  HWThread 95 |  HWThread 96 |  HWThread 97 |  HWThread 98 |  HWThread 99 | HWThread 100 | HWThread 101 | HWThread 102 | HWThread 103 | HWThread 104 | HWThread 105 | HWThread 106 | HWThread 107 | HWThread 108 | HWThread 109 | HWThread 110 | HWThread 111 | HWThread 112 | HWThread 113 | HWThread 114 | HWThread 115 | HWThread 116 | HWThread 117 | HWThread 118 | HWThread 119 | HWThread 120 | HWThread 121 | HWThread 122 | HWThread 123 | HWThread 124 | HWThread 125 | HWThread 126 | HWThread 127 | HWThread 128 | HWThread 129 | HWThread 130 | HWThread 131 | HWThread 132 | HWThread 133 | HWThread 134 | HWThread 135 | HWThread 136 | HWThread 137 | HWThread 138 | HWThread 139 | HWThread 140 | HWThread 141 | HWThread 142 | HWThread 143 |
+-----------------------------+---------+--------------+--------------+--------------+--------------+--------------+--------------+--------------+--------------+--------------+--------------+--------------+--------------+--------------+--------------+--------------+--------------+--------------+--------------+--------------+--------------+--------------+--------------+--------------+--------------+--------------+--------------+--------------+--------------+--------------+--------------+--------------+--------------+--------------+--------------+--------------+--------------+--------------+--------------+--------------+--------------+--------------+--------------+--------------+--------------+--------------+--------------+--------------+--------------+--------------+--------------+--------------+--------------+--------------+--------------+--------------+--------------+--------------+--------------+--------------+--------------+--------------+--------------+--------------+--------------+--------------+--------------+--------------+--------------+--------------+--------------+--------------+--------------+--------------+--------------+--------------+--------------+--------------+--------------+--------------+--------------+--------------+--------------+--------------+--------------+--------------+--------------+--------------+--------------+--------------+--------------+--------------+--------------+--------------+--------------+--------------+--------------+--------------+--------------+--------------+--------------+--------------+--------------+--------------+--------------+--------------+--------------+--------------+--------------+--------------+--------------+--------------+--------------+--------------+--------------+--------------+--------------+--------------+--------------+--------------+--------------+--------------+--------------+--------------+--------------+--------------+--------------+--------------+--------------+--------------+--------------+--------------+--------------+--------------+--------------+--------------+--------------+--------------+--------------+--------------+--------------+--------------+--------------+--------------+--------------+
|       ACTUAL_CPU_CLOCK      |  FIXC1  | 484719500000 | 480768000000 | 481618900000 | 481449800000 | 481587800000 | 481412100000 | 481471300000 | 481347200000 | 481524300000 | 481483500000 | 481661500000 | 481538500000 | 481523100000 | 481454400000 | 481564500000 | 481640400000 | 481459800000 | 481582500000 | 481394700000 | 481590900000 | 481429500000 | 481544900000 | 481429500000 | 481466300000 | 481494600000 | 481496200000 | 481608900000 | 481481200000 | 481514800000 | 481488200000 | 481603400000 | 481478100000 | 481671900000 | 481461400000 | 481674900000 | 481504100000 | 481510800000 | 481513800000 | 481563500000 | 481580300000 | 481391900000 | 481513200000 | 481395400000 | 481576100000 | 481508600000 | 481440800000 | 481609700000 | 481386700000 | 481605700000 | 481748600000 | 481581700000 | 481620500000 | 481409900000 | 481638700000 | 481526100000 | 481570500000 | 481601400000 | 481540900000 | 481628600000 | 481607500000 | 481841200000 | 481728600000 | 481546000000 | 481515800000 | 481437900000 | 481582500000 | 481448800000 | 481538000000 | 481500200000 | 481514300000 | 481464700000 | 481519000000 | 481598900000 | 481564300000 | 481535700000 | 481467500000 | 481536900000 | 481515800000 | 481472800000 | 481679700000 | 481732300000 | 481919600000 | 481516100000 | 481753000000 | 481706900000 | 481739200000 | 481770000000 | 481781000000 | 481548100000 | 481559800000 | 481574500000 | 481523400000 | 481518000000 | 481681000000 | 481549500000 | 481534100000 | 500996600000 | 500993800000 | 501157900000 | 501194700000 | 501004000000 | 501049400000 | 500981900000 | 500967200000 | 501069400000 | 501191500000 | 501090500000 | 501091800000 | 501066700000 | 501078500000 | 501006400000 | 501126500000 | 501008600000 | 501184300000 | 500972500000 | 501256200000 | 501132600000 | 501171400000 | 501089100000 | 501104000000 | 501140000000 | 501313300000 | 501364700000 | 501144000000 | 501162300000 | 501256900000 | 501250700000 | 501127900000 | 501122300000 | 501239700000 | 501093600000 | 501092800000 | 501117400000 | 501142800000 | 501110100000 | 501148300000 | 501131700000 | 501281900000 | 501336600000 | 501236400000 | 501158100000 | 501144900000 | 501240000000 | 501047200000 |
|        MAX_CPU_CLOCK        |  FIXC2  | 354876700000 | 354241100000 | 354302600000 | 354204300000 | 354227100000 | 354249400000 | 354252600000 | 354251000000 | 354320300000 | 354238100000 | 354306400000 | 354326200000 | 354314900000 | 354292300000 | 354287800000 | 354266300000 | 354284200000 | 354336000000 | 354245500000 | 354264800000 | 354298600000 | 354263700000 | 354301900000 | 354316900000 | 354343500000 | 354359800000 | 354360400000 | 354330100000 | 354307000000 | 354324100000 | 354336700000 | 354286700000 | 354293200000 | 354290300000 | 354301800000 | 354287700000 | 354341200000 | 354319600000 | 354304200000 | 354256200000 | 354250500000 | 354268200000 | 354260500000 | 354278100000 | 354270800000 | 354301100000 | 354274500000 | 354284500000 | 354375100000 | 354406700000 | 354404600000 | 354403900000 | 354361000000 | 354348200000 | 354363300000 | 354381600000 | 354369800000 | 354355400000 | 354379200000 | 354370100000 | 354390500000 | 354361700000 | 354315900000 | 354382400000 | 354286700000 | 354361500000 | 354346900000 | 354333400000 | 354310500000 | 354356300000 | 354337300000 | 354321300000 | 354394400000 | 354351400000 | 354339400000 | 354311700000 | 354348100000 | 354354100000 | 354322400000 | 354328200000 | 354344100000 | 354375700000 | 354355200000 | 354373700000 | 354358300000 | 354343600000 | 354346700000 | 354377000000 | 354503500000 | 354375500000 | 354288400000 | 354381300000 | 354336800000 | 354345300000 | 354343300000 | 354348200000 | 354297000000 | 354308000000 | 354262800000 | 354307200000 | 354350200000 | 354268400000 | 354271300000 | 354304700000 | 354327200000 | 354286200000 | 354357200000 | 354311900000 | 354344800000 | 354349800000 | 354425500000 | 354342200000 | 354270200000 | 354314100000 | 354279700000 | 354297900000 | 354350900000 | 354329300000 | 354347100000 | 354316800000 | 354376600000 | 354386800000 | 354369300000 | 354386500000 | 354374000000 | 354339500000 | 354376700000 | 354363300000 | 354341900000 | 354337800000 | 354369400000 | 354376100000 | 354318600000 | 354350000000 | 354336300000 | 354365600000 | 354368500000 | 354314500000 | 354379800000 | 354353600000 | 354350800000 | 354333500000 | 354314200000 | 354348000000 |
|     RETIRED_INSTRUCTIONS    |   PMC0  | 671530000000 | 660754000000 | 661932400000 | 662780100000 | 662786400000 | 661925700000 | 660431500000 | 661843300000 | 687106700000 | 686665800000 | 686923200000 | 687092100000 | 686442600000 | 686143000000 | 686529000000 | 686815300000 | 666866900000 | 665724700000 | 666657700000 | 666913800000 | 666261300000 | 665926100000 | 666039500000 | 666588300000 | 661229800000 | 661752600000 | 660697500000 | 661973700000 | 659297700000 | 660908000000 | 660405700000 | 661663100000 | 683942600000 | 682833200000 | 683282300000 | 682845500000 | 684047500000 | 684904800000 | 683707500000 | 683806000000 | 664594300000 | 666135600000 | 664112100000 | 664815000000 | 664672900000 | 663948600000 | 664030100000 | 663618600000 | 662791800000 | 663869300000 | 663300900000 | 664190900000 | 664103100000 | 664226100000 | 664327000000 | 662832000000 | 685972700000 | 686569700000 | 686658000000 | 686324900000 | 686906700000 | 685914300000 | 685914300000 | 683881400000 | 666454100000 | 665623800000 | 664152700000 | 666577900000 | 665537600000 | 664987100000 | 665061900000 | 665815800000 | 658131300000 | 659229900000 | 657229700000 | 656986300000 | 657757100000 | 657792100000 | 658237600000 | 658853600000 | 684903200000 | 685310100000 | 685545800000 | 685467600000 | 685724800000 | 685638900000 | 686070100000 | 685766200000 | 666002100000 | 664869500000 | 664130700000 | 664679900000 | 664404300000 | 664091800000 | 664940200000 | 664300800000 | 638786100000 | 638722100000 | 639856700000 | 638185000000 | 638172300000 | 639388800000 | 639764400000 | 638560100000 | 691576500000 | 693511600000 | 691878100000 | 692454700000 | 692974300000 | 690942600000 | 691784800000 | 692182000000 | 641405300000 | 641012200000 | 639939200000 | 641910500000 | 639300900000 | 640894200000 | 641066800000 | 641486800000 | 638352700000 | 639760700000 | 639767000000 | 639362200000 | 639404100000 | 638498200000 | 639283700000 | 638979800000 | 689926800000 | 689608900000 | 687789700000 | 688143400000 | 688502000000 | 689015200000 | 688203000000 | 688015600000 | 640078900000 | 640332900000 | 639052500000 | 638219600000 | 638939100000 | 638521100000 | 639773500000 | 637876600000 |
|     CPU_CLOCKS_UNHALTED     |   PMC1  | 474492400000 | 471231600000 | 472154500000 | 471956700000 | 472104100000 | 471951800000 | 472009100000 | 471797600000 | 472087700000 | 472230500000 | 472447800000 | 472328600000 | 472101200000 | 472313400000 | 472262800000 | 472408800000 | 472092200000 | 472010800000 | 471816300000 | 472215100000 | 472389700000 | 472179000000 | 472258800000 | 472092000000 | 472152300000 | 471738200000 | 472355400000 | 472068500000 | 471780800000 | 471842800000 | 472056300000 | 471867100000 | 472028100000 | 471834000000 | 472651900000 | 472172500000 | 472085100000 | 472355100000 | 472438700000 | 472195600000 | 471976600000 | 472130800000 | 471898800000 | 472099200000 | 472261300000 | 472142100000 | 472233100000 | 471963400000 | 471656500000 | 472389200000 | 472336600000 | 472508900000 | 472212500000 | 472540700000 | 472498400000 | 472262100000 | 472354200000 | 472446400000 | 472511000000 | 472276600000 | 472597700000 | 472407200000 | 472225100000 | 472087500000 | 472215400000 | 472050100000 | 472457900000 | 472425500000 | 472264800000 | 472155000000 | 472289000000 | 472535100000 | 472086300000 | 471786800000 | 472100500000 | 472148400000 | 472147700000 | 472416400000 | 472229200000 | 472477200000 | 472058200000 | 472361500000 | 472251800000 | 472586500000 | 472413800000 | 472695300000 | 472401400000 | 472641100000 | 472330300000 | 472506100000 | 472474400000 | 472291700000 | 472531500000 | 472327800000 | 472270300000 | 472134300000 | 492876700000 | 493094100000 | 493096700000 | 493049400000 | 492912900000 | 492999000000 | 493063400000 | 492969400000 | 492145900000 | 492398700000 | 492375500000 | 492379600000 | 492404700000 | 492442900000 | 492007700000 | 492263700000 | 492643900000 | 492967300000 | 492832300000 | 492936000000 | 492825400000 | 492847600000 | 492887500000 | 492865700000 | 492729400000 | 493205100000 | 493377900000 | 492895800000 | 492964900000 | 492916100000 | 493029000000 | 493235400000 | 492088400000 | 492485100000 | 492215500000 | 492352800000 | 492210000000 | 492224400000 | 492309100000 | 492170600000 | 493201300000 | 493333400000 | 493259100000 | 493238000000 | 493357400000 | 493204800000 | 493495300000 | 493188200000 |
|       L2_PF_HIT_IN_L3       |   PMC2  |   8607708000 |   8748152000 |   8800595000 |   8836416000 |   8888832000 |   8871652000 |   8718053000 |   8851133000 |   9390978000 |   9309126000 |   9404044000 |   9425749000 |   9438347000 |   9360020000 |   9438118000 |   9407571000 |   8808310000 |   8758472000 |   8930461000 |   8936468000 |   8845322000 |   8830903000 |   8901841000 |   8896891000 |   8666836000 |   8745351000 |   8694928000 |   8784083000 |   8627197000 |   8792660000 |   8707409000 |   8817463000 |   9132312000 |   9059545000 |   9228070000 |   9207172000 |   9371998000 |   9473171000 |   9293810000 |   9310986000 |   8775741000 |   8958883000 |   8840211000 |   8843359000 |   8855450000 |   8805173000 |   8767568000 |   8775076000 |   8717685000 |   8713679000 |   8809226000 |   8816301000 |   8891946000 |   8795602000 |   8898046000 |   8756638000 |   9241287000 |   9282789000 |   9387010000 |   9344872000 |   9399751000 |   9312032000 |   9341775000 |   9183354000 |   8806194000 |   8726534000 |   8828100000 |   8864874000 |   8830723000 |   8804633000 |   8824082000 |   8836007000 |   8553544000 |   8670554000 |   8568246000 |   8533708000 |   8601309000 |   8582703000 |   8692690000 |   8671125000 |   9243329000 |   9151719000 |   9404531000 |   9347392000 |   9383049000 |   9352534000 |   9444479000 |   9371804000 |   8646712000 |   8732418000 |   8749402000 |   8859889000 |   8817814000 |   8793218000 |   8878510000 |   8847482000 |   7840066000 |   7770761000 |   7914516000 |   7781936000 |   7859678000 |   7923662000 |   7988235000 |   7889151000 |   8987906000 |   9090564000 |   9135730000 |   9149728000 |   9206237000 |   9019301000 |   9186624000 |   9077133000 |   7831759000 |   7756560000 |   7871354000 |   7907372000 |   7884981000 |   7842789000 |   7902601000 |   7888165000 |   7822589000 |   7894836000 |   7929011000 |   7951897000 |   7965944000 |   7849078000 |   7946434000 |   7931703000 |   9029816000 |   8950646000 |   8958601000 |   8944559000 |   8980959000 |   9040030000 |   9026541000 |   8982125000 |   7908277000 |   7875664000 |   7885062000 |   7787952000 |   7866788000 |   7846381000 |   7939463000 |   7813678000 |
|       L2_PF_MISS_IN_L3      |   PMC3  |   4185306000 |   4061279000 |   3987289000 |   3981913000 |   3936370000 |   3938129000 |   4027464000 |   3954334000 |   4285975000 |   4323035000 |   4237406000 |   4233789000 |   4212187000 |   4276402000 |   4198210000 |   4227903000 |   4143558000 |   4147508000 |   4019563000 |   4003440000 |   4087950000 |   4074180000 |   4035001000 |   4041084000 |   4092708000 |   4035108000 |   4046625000 |   3990827000 |   4065113000 |   3960219000 |   4023427000 |   3950432000 |   4394509000 |   4445283000 |   4292046000 |   4297474000 |   4197005000 |   4122417000 |   4234404000 |   4217223000 |   4101799000 |   3977240000 |   4016553000 |   4026236000 |   4022237000 |   4047210000 |   4069599000 |   4065848000 |   4099766000 |   4119474000 |   4024102000 |   4035885000 |   3979887000 |   4042717000 |   3967898000 |   4050351000 |   4381924000 |   4357668000 |   4260332000 |   4277445000 |   4242885000 |   4291264000 |   4275772000 |   4362071000 |   4139000000 |   4167832000 |   4047361000 |   4067816000 |   4071791000 |   4084497000 |   4061974000 |   4071274000 |   4089839000 |   4013857000 |   4053652000 |   4069992000 |   4039918000 |   4051895000 |   3961528000 |   3980570000 |   4341898000 |   4407912000 |   4211233000 |   4251033000 |   4219487000 |   4246539000 |   4166325000 |   4227790000 |   4174317000 |   4141244000 |   4089706000 |   4018075000 |   4057660000 |   4048702000 |   3995160000 |   4005511000 |   3532088000 |   3587557000 |   3466044000 |   3541344000 |   3500601000 |   3457537000 |   3409079000 |   3471331000 |   4220086000 |   4162455000 |   4094844000 |   4085892000 |   4060609000 |   4170029000 |   4042463000 |   4134813000 |   3619977000 |   3669644000 |   3566725000 |   3545352000 |   3513964000 |   3582012000 |   3534187000 |   3560562000 |   3537476000 |   3500744000 |   3458113000 |   3440321000 |   3429882000 |   3497522000 |   3436013000 |   3449718000 |   4133831000 |   4173615000 |   4129784000 |   4153646000 |   4129360000 |   4084009000 |   4072062000 |   4104148000 |   3517022000 |   3522849000 |   3487658000 |   3550146000 |   3504250000 |   3505167000 |   3446330000 |   3523423000 |
| L2_CACHE_MISS_AFTER_L1_MISS |   PMC4  |   1299919000 |   1300112000 |   1294304000 |   1305501000 |   1300933000 |   1305503000 |   1292410000 |   1305193000 |   1376045000 |   1373889000 |   1369467000 |   1379298000 |   1371199000 |   1373967000 |   1373177000 |   1375032000 |   1313727000 |   1310942000 |   1313855000 |   1317483000 |   1312981000 |   1313971000 |   1312796000 |   1317307000 |   1291032000 |   1296961000 |   1288679000 |   1301668000 |   1286006000 |   1292999000 |   1290201000 |   1296959000 |   1360668000 |   1358035000 |   1354500000 |   1358399000 |   1363773000 |   1369719000 |   1357850000 |   1365094000 |   1305229000 |   1313085000 |   1302013000 |   1310199000 |   1304382000 |   1304539000 |   1302600000 |   1304177000 |   1299823000 |   1303138000 |   1300531000 |   1308726000 |   1305897000 |   1306780000 |   1307600000 |   1303921000 |   1367418000 |   1372224000 |   1369937000 |   1371935000 |   1368808000 |   1371042000 |   1373742000 |   1368691000 |   1316479000 |   1312208000 |   1297583000 |   1317259000 |   1308536000 |   1309883000 |   1311103000 |   1313755000 |   1281957000 |   1288166000 |   1278626000 |   1280276000 |   1280921000 |   1284778000 |   1285306000 |   1286151000 |   1363518000 |   1362728000 |   1370925000 |   1368689000 |   1367541000 |   1369511000 |   1367704000 |   1369964000 |   1298487000 |   1307441000 |   1300885000 |   1310750000 |   1304621000 |   1307944000 |   1308320000 |   1307926000 |   1115278000 |   1116945000 |   1117373000 |   1114667000 |   1113602000 |   1120479000 |   1120999000 |   1118727000 |   1260530000 |   1271583000 |   1263365000 |   1268436000 |   1269677000 |   1265414000 |   1268123000 |   1268341000 |   1122476000 |   1124510000 |   1123925000 |   1127372000 |   1107465000 |   1123894000 |   1124234000 |   1127031000 |   1115976000 |   1118953000 |   1116489000 |   1120458000 |   1119949000 |   1114861000 |   1118275000 |   1119002000 |   1258611000 |   1257753000 |   1249195000 |   1255369000 |   1250850000 |   1259161000 |   1253346000 |   1254580000 |   1121678000 |   1121943000 |   1115040000 |   1115470000 |   1115146000 |   1118067000 |   1117132000 |   1112302000 |
+-----------------------------+---------+--------------+--------------+--------------+--------------+--------------+--------------+--------------+--------------+--------------+--------------+--------------+--------------+--------------+--------------+--------------+--------------+--------------+--------------+--------------+--------------+--------------+--------------+--------------+--------------+--------------+--------------+--------------+--------------+--------------+--------------+--------------+--------------+--------------+--------------+--------------+--------------+--------------+--------------+--------------+--------------+--------------+--------------+--------------+--------------+--------------+--------------+--------------+--------------+--------------+--------------+--------------+--------------+--------------+--------------+--------------+--------------+--------------+--------------+--------------+--------------+--------------+--------------+--------------+--------------+--------------+--------------+--------------+--------------+--------------+--------------+--------------+--------------+--------------+--------------+--------------+--------------+--------------+--------------+--------------+--------------+--------------+--------------+--------------+--------------+--------------+--------------+--------------+--------------+--------------+--------------+--------------+--------------+--------------+--------------+--------------+--------------+--------------+--------------+--------------+--------------+--------------+--------------+--------------+--------------+--------------+--------------+--------------+--------------+--------------+--------------+--------------+--------------+--------------+--------------+--------------+--------------+--------------+--------------+--------------+--------------+--------------+--------------+--------------+--------------+--------------+--------------+--------------+--------------+--------------+--------------+--------------+--------------+--------------+--------------+--------------+--------------+--------------+--------------+--------------+--------------+--------------+--------------+--------------+--------------+

+----------------------------------+---------+----------------+--------------+--------------+--------------+
|               Event              | Counter |       Sum      |      Min     |      Max     |      Avg     |
+----------------------------------+---------+----------------+--------------+--------------+--------------+
|       ACTUAL_CPU_CLOCK STAT      |  FIXC1  | 70286015700000 | 480768000000 | 501364700000 | 488097331250 |
|        MAX_CPU_CLOCK STAT        |  FIXC2  | 51023820700000 | 354204300000 | 354876700000 | 3.543321e+11 |
|     RETIRED_INSTRUCTIONS STAT    |   PMC0  | 95901124900000 | 637876600000 | 693511600000 | 6.659800e+11 |
|     CPU_CLOCKS_UNHALTED STAT     |   PMC1  | 68988605100000 | 471231600000 | 493495300000 | 4.790875e+11 |
|       L2_PF_HIT_IN_L3 STAT       |   PMC2  |  1257085758000 |   7756560000 |   9473171000 | 8.729762e+09 |
|       L2_PF_MISS_IN_L3 STAT      |   PMC3  |   573971930000 |   3409079000 |   4445283000 | 3.985916e+09 |
| L2_CACHE_MISS_AFTER_L1_MISS STAT |   PMC4  |   183101984000 |   1107465000 |   1379298000 | 1.271542e+09 |
+----------------------------------+---------+----------------+--------------+--------------+--------------+

+-------------------------+------------+------------+------------+------------+------------+------------+------------+------------+------------+------------+-------------+-------------+-------------+-------------+-------------+-------------+-------------+-------------+-------------+-------------+-------------+-------------+-------------+-------------+-------------+-------------+-------------+-------------+-------------+-------------+-------------+-------------+-------------+-------------+-------------+-------------+-------------+-------------+-------------+-------------+-------------+-------------+-------------+-------------+-------------+-------------+-------------+-------------+-------------+-------------+-------------+-------------+-------------+-------------+-------------+-------------+-------------+-------------+-------------+-------------+-------------+-------------+-------------+-------------+-------------+-------------+-------------+-------------+-------------+-------------+-------------+-------------+-------------+-------------+-------------+-------------+-------------+-------------+-------------+-------------+-------------+-------------+-------------+-------------+-------------+-------------+-------------+-------------+-------------+-------------+-------------+-------------+-------------+-------------+-------------+-------------+-------------+-------------+-------------+-------------+--------------+--------------+--------------+--------------+--------------+--------------+--------------+--------------+--------------+--------------+--------------+--------------+--------------+--------------+--------------+--------------+--------------+--------------+--------------+--------------+--------------+--------------+--------------+--------------+--------------+--------------+--------------+--------------+--------------+--------------+--------------+--------------+--------------+--------------+--------------+--------------+--------------+--------------+--------------+--------------+--------------+--------------+--------------+--------------+
|          Metric         | HWThread 0 | HWThread 1 | HWThread 2 | HWThread 3 | HWThread 4 | HWThread 5 | HWThread 6 | HWThread 7 | HWThread 8 | HWThread 9 | HWThread 10 | HWThread 11 | HWThread 12 | HWThread 13 | HWThread 14 | HWThread 15 | HWThread 16 | HWThread 17 | HWThread 18 | HWThread 19 | HWThread 20 | HWThread 21 | HWThread 22 | HWThread 23 | HWThread 24 | HWThread 25 | HWThread 26 | HWThread 27 | HWThread 28 | HWThread 29 | HWThread 30 | HWThread 31 | HWThread 32 | HWThread 33 | HWThread 34 | HWThread 35 | HWThread 36 | HWThread 37 | HWThread 38 | HWThread 39 | HWThread 40 | HWThread 41 | HWThread 42 | HWThread 43 | HWThread 44 | HWThread 45 | HWThread 46 | HWThread 47 | HWThread 48 | HWThread 49 | HWThread 50 | HWThread 51 | HWThread 52 | HWThread 53 | HWThread 54 | HWThread 55 | HWThread 56 | HWThread 57 | HWThread 58 | HWThread 59 | HWThread 60 | HWThread 61 | HWThread 62 | HWThread 63 | HWThread 64 | HWThread 65 | HWThread 66 | HWThread 67 | HWThread 68 | HWThread 69 | HWThread 70 | HWThread 71 | HWThread 72 | HWThread 73 | HWThread 74 | HWThread 75 | HWThread 76 | HWThread 77 | HWThread 78 | HWThread 79 | HWThread 80 | HWThread 81 | HWThread 82 | HWThread 83 | HWThread 84 | HWThread 85 | HWThread 86 | HWThread 87 | HWThread 88 | HWThread 89 | HWThread 90 | HWThread 91 | HWThread 92 | HWThread 93 | HWThread 94 | HWThread 95 | HWThread 96 | HWThread 97 | HWThread 98 | HWThread 99 | HWThread 100 | HWThread 101 | HWThread 102 | HWThread 103 | HWThread 104 | HWThread 105 | HWThread 106 | HWThread 107 | HWThread 108 | HWThread 109 | HWThread 110 | HWThread 111 | HWThread 112 | HWThread 113 | HWThread 114 | HWThread 115 | HWThread 116 | HWThread 117 | HWThread 118 | HWThread 119 | HWThread 120 | HWThread 121 | HWThread 122 | HWThread 123 | HWThread 124 | HWThread 125 | HWThread 126 | HWThread 127 | HWThread 128 | HWThread 129 | HWThread 130 | HWThread 131 | HWThread 132 | HWThread 133 | HWThread 134 | HWThread 135 | HWThread 136 | HWThread 137 | HWThread 138 | HWThread 139 | HWThread 140 | HWThread 141 | HWThread 142 | HWThread 143 |
+-------------------------+------------+------------+------------+------------+------------+------------+------------+------------+------------+------------+-------------+-------------+-------------+-------------+-------------+-------------+-------------+-------------+-------------+-------------+-------------+-------------+-------------+-------------+-------------+-------------+-------------+-------------+-------------+-------------+-------------+-------------+-------------+-------------+-------------+-------------+-------------+-------------+-------------+-------------+-------------+-------------+-------------+-------------+-------------+-------------+-------------+-------------+-------------+-------------+-------------+-------------+-------------+-------------+-------------+-------------+-------------+-------------+-------------+-------------+-------------+-------------+-------------+-------------+-------------+-------------+-------------+-------------+-------------+-------------+-------------+-------------+-------------+-------------+-------------+-------------+-------------+-------------+-------------+-------------+-------------+-------------+-------------+-------------+-------------+-------------+-------------+-------------+-------------+-------------+-------------+-------------+-------------+-------------+-------------+-------------+-------------+-------------+-------------+-------------+--------------+--------------+--------------+--------------+--------------+--------------+--------------+--------------+--------------+--------------+--------------+--------------+--------------+--------------+--------------+--------------+--------------+--------------+--------------+--------------+--------------+--------------+--------------+--------------+--------------+--------------+--------------+--------------+--------------+--------------+--------------+--------------+--------------+--------------+--------------+--------------+--------------+--------------+--------------+--------------+--------------+--------------+--------------+--------------+
|   Runtime (RDTSC) [s]   |   147.8209 |   143.2586 |   137.0027 |   143.2610 |   148.8673 |   144.3717 |   137.0025 |   139.1212 |   149.0859 |   138.5138 |    145.4955 |    144.6018 |    143.9757 |    144.5994 |    144.9003 |    136.3604 |    142.1797 |    146.8068 |    147.0494 |    147.3433 |    141.9849 |    146.9758 |    146.8078 |    136.5629 |    146.1992 |    142.6972 |    146.1988 |    143.6884 |    146.3721 |    142.9718 |    144.1728 |    147.8920 |    148.8662 |    138.9755 |    145.3519 |    141.4201 |    148.6283 |    145.1872 |    137.2417 |    145.1858 |    144.3677 |    147.8922 |    144.1721 |    147.5214 |    144.1732 |    146.4406 |    143.9759 |    145.6915 |    141.4190 |    136.8567 |    136.7069 |    142.9727 |    136.5615 |    138.2945 |    136.7081 |    136.8581 |    143.4701 |    143.4687 |    141.7088 |    137.2404 |    142.4079 |    141.6209 |    143.3723 |    137.6494 |    149.8509 |    144.7807 |    149.8509 |    144.7799 |    149.5972 |    149.5076 |    149.0857 |    147.4417 |    147.7407 |    149.6783 |    146.4417 |    145.8111 |    145.6902 |    142.9737 |    145.8128 |    147.6482 |    145.0733 |    137.6500 |    146.6956 |    145.0723 |    146.6971 |    137.8652 |    137.4430 |    143.8139 |    149.4216 |    149.2737 |    145.9635 |    147.1979 |    146.1285 |    145.4963 |    146.0532 |    143.6888 |    137.8652 |    140.1311 |    140.0506 |    137.3677 |     139.9188 |     140.8965 |     140.1298 |     140.8966 |     148.6282 |     141.8536 |     142.4089 |     142.1823 |     142.4081 |     142.6221 |     141.8540 |     142.6970 |     138.7476 |     139.3008 |     139.6042 |     139.6044 |     148.0963 |     149.2746 |     148.2447 |     138.0776 |     141.1942 |     140.3698 |     138.2950 |     139.4446 |     141.1942 |     139.3000 |     136.4161 |     140.8957 |     140.3706 |     141.1950 |     138.9751 |     140.3696 |     140.6660 |     140.6671 |     140.5895 |     148.4044 |     139.7311 |     148.0968 |     138.5146 |     148.4065 |     139.9161 |     138.7469 |     138.0785 |     147.1979 |
|   Runtime unhalted [s]  |   186.4307 |   184.9109 |   185.2382 |   185.1732 |   185.2262 |   185.1587 |   185.1814 |   185.1337 |   185.2018 |   185.1861 |    185.2546 |    185.2073 |    185.2013 |    185.1749 |    185.2173 |    185.2465 |    185.1770 |    185.2242 |    185.1520 |    185.2274 |    185.1653 |    185.2097 |    185.1653 |    185.1795 |    185.1904 |    185.1910 |    185.2343 |    185.1852 |    185.1982 |    185.1879 |    185.2322 |    185.1840 |    185.2586 |    185.1776 |    185.2597 |    185.1940 |    185.1966 |    185.1978 |    185.2169 |    185.2233 |    185.1509 |    185.1975 |    185.1522 |    185.2217 |    185.1958 |    185.1697 |    185.2347 |    185.1489 |    185.2331 |    185.2881 |    185.2239 |    185.2388 |    185.1578 |    185.2458 |    185.2025 |    185.2196 |    185.2315 |    185.2082 |    185.2419 |    185.2338 |    185.3237 |    185.2804 |    185.2102 |    185.1985 |    185.1686 |    185.2242 |    185.1728 |    185.2071 |    185.1925 |    185.1980 |    185.1789 |    185.1998 |    185.2305 |    185.2172 |    185.2062 |    185.1800 |    185.2067 |    185.1985 |    185.1820 |    185.2616 |    185.2818 |    185.3538 |    185.1987 |    185.2898 |    185.2720 |    185.2845 |    185.2963 |    185.3005 |    185.2110 |    185.2155 |    185.2211 |    185.2015 |    185.1994 |    185.2621 |    185.2115 |    185.2056 |    192.6912 |    192.6901 |    192.7532 |    192.7674 |     192.6940 |     192.7115 |     192.6855 |     192.6799 |     192.7192 |     192.7661 |     192.7273 |     192.7278 |     192.7181 |     192.7227 |     192.6949 |     192.7411 |     192.6958 |     192.7634 |     192.6819 |     192.7910 |     192.7435 |     192.7584 |     192.7267 |     192.7325 |     192.7463 |     192.8130 |     192.8327 |     192.7479 |     192.7549 |     192.7913 |     192.7889 |     192.7417 |     192.7395 |     192.7847 |     192.7285 |     192.7282 |     192.7376 |     192.7474 |     192.7348 |     192.7495 |     192.7431 |     192.8009 |     192.8219 |     192.7834 |     192.7533 |     192.7482 |     192.7848 |     192.7106 |
|       Clock [MHz]       |  3551.2888 |  3528.6582 |  3534.2899 |  3534.0295 |  3534.8150 |  3533.3029 |  3533.7055 |  3532.8106 |  3533.4192 |  3533.9397 |   3534.5646 |   3533.4646 |   3533.4643 |   3533.1855 |   3534.0384 |   3534.8099 |   3533.3059 |   3533.6897 |   3533.2141 |   3534.4615 |   3532.9399 |   3534.1349 |   3532.9070 |   3533.0275 |   3532.9699 |   3532.8192 |   3533.6401 |   3533.0052 |   3533.4821 |   3533.1164 |   3533.8361 |   3533.4153 |   3534.7726 |   3533.2568 |   3534.7089 |   3533.5961 |   3533.1117 |   3533.3491 |   3533.8674 |   3534.4696 |   3533.1437 |   3533.8574 |   3533.0696 |   3534.2202 |   3533.7977 |   3532.9979 |   3534.5027 |   3532.7664 |   3533.4700 |   3534.2033 |   3532.9998 |   3533.2915 |   3532.1740 |   3533.9804 |   3533.0037 |   3533.1470 |   3533.4913 |   3533.1910 |   3533.5972 |   3533.5331 |   3535.0442 |   3534.5054 |   3533.6223 |   3532.7377 |   3533.1202 |   3533.4354 |   3532.6000 |   3533.3891 |   3533.3401 |   3532.9869 |   3532.8124 |   3533.3703 |   3533.2277 |   3533.4026 |   3533.3124 |   3533.0882 |   3533.2344 |   3533.0198 |   3533.0204 |   3534.4807 |   3534.7081 |   3535.7671 |   3533.0110 |   3534.5647 |   3534.3801 |   3534.7637 |   3534.9588 |   3534.7372 |   3531.7678 |   3533.1293 |   3534.1058 |   3532.8044 |   3533.2084 |   3534.3197 |   3533.3748 |   3533.2129 |   3676.5485 |   3676.4138 |   3678.0872 |   3677.8963 |    3676.0508 |    3677.2328 |    3676.7073 |    3676.2528 |    3676.7693 |    3678.0909 |    3676.6128 |    3677.0924 |    3676.5669 |    3676.6016 |    3675.2874 |    3677.0326 |    3676.9147 |    3677.7484 |    3676.5511 |    3678.4442 |    3676.9871 |    3677.4960 |    3676.7074 |    3677.1311 |    3676.7747 |    3677.9403 |    3678.4991 |    3676.7014 |    3676.9653 |    3678.0175 |    3677.5859 |    3676.8240 |    3677.0049 |    3677.9089 |    3676.5090 |    3676.4336 |    3677.2108 |    3677.0713 |    3676.9735 |    3676.9498 |    3676.7979 |    3678.4604 |    3678.1839 |    3677.7207 |    3677.1752 |    3677.2579 |    3678.1561 |    3676.3906 |
|           CPI           |     0.7066 |     0.7132 |     0.7133 |     0.7121 |     0.7123 |     0.7130 |     0.7147 |     0.7129 |     0.6871 |     0.6877 |      0.6878 |      0.6874 |      0.6878 |      0.6884 |      0.6879 |      0.6878 |      0.7079 |      0.7090 |      0.7077 |      0.7081 |      0.7090 |      0.7091 |      0.7091 |      0.7082 |      0.7141 |      0.7129 |      0.7149 |      0.7131 |      0.7156 |      0.7139 |      0.7148 |      0.7132 |      0.6902 |      0.6910 |      0.6917 |      0.6915 |      0.6901 |      0.6897 |      0.6910 |      0.6905 |      0.7102 |      0.7088 |      0.7106 |      0.7101 |      0.7105 |      0.7111 |      0.7112 |      0.7112 |      0.7116 |      0.7116 |      0.7121 |      0.7114 |      0.7111 |      0.7114 |      0.7112 |      0.7125 |      0.6886 |      0.6881 |      0.6881 |      0.6881 |      0.6880 |      0.6887 |      0.6885 |      0.6903 |      0.7085 |      0.7092 |      0.7114 |      0.7087 |      0.7096 |      0.7100 |      0.7101 |      0.7097 |      0.7173 |      0.7157 |      0.7183 |      0.7187 |      0.7178 |      0.7182 |      0.7174 |      0.7171 |      0.6892 |      0.6893 |      0.6889 |      0.6894 |      0.6889 |      0.6894 |      0.6886 |      0.6892 |      0.7092 |      0.7107 |      0.7114 |      0.7106 |      0.7112 |      0.7112 |      0.7102 |      0.7107 |      0.7716 |      0.7720 |      0.7706 |      0.7726 |       0.7724 |       0.7710 |       0.7707 |       0.7720 |       0.7116 |       0.7100 |       0.7117 |       0.7111 |       0.7106 |       0.7127 |       0.7112 |       0.7112 |       0.7681 |       0.7690 |       0.7701 |       0.7679 |       0.7709 |       0.7690 |       0.7689 |       0.7683 |       0.7719 |       0.7709 |       0.7712 |       0.7709 |       0.7710 |       0.7720 |       0.7712 |       0.7719 |       0.7132 |       0.7142 |       0.7156 |       0.7155 |       0.7149 |       0.7144 |       0.7154 |       0.7153 |       0.7705 |       0.7704 |       0.7719 |       0.7728 |       0.7722 |       0.7724 |       0.7714 |       0.7732 |
| L3 bandwidth [MBytes/s] |  6101.6251 |  6303.3616 |  6578.4107 |  6309.6385 |  6073.0103 |  6257.3079 |  6557.7440 |  6491.3345 |  6461.9919 |  6933.5128 |   6602.9443 |   6656.1101 |   6677.4526 |   6643.6299 |   6629.4433 |   7045.0980 |   6421.4377 |   6197.8260 |   6208.0380 |   6192.8369 |   6421.5293 |   6191.6278 |   6212.0462 |   6680.7167 |   6150.7646 |   6313.7530 |   6141.8756 |   6269.8241 |   6111.9040 |   6287.5070 |   6224.1031 |   6086.5406 |   6400.3736 |   6844.5390 |   6549.4529 |   6726.3061 |   6430.1191 |   6596.8601 |   6941.8267 |   6565.1833 |   6287.3982 |   6166.3111 |   6285.2780 |   6151.6961 |   6295.5696 |   6187.1025 |   6285.3928 |   6213.7219 |   6388.8554 |   6610.7295 |   6616.8348 |   6338.9610 |   6644.4402 |   6546.0762 |   6635.3553 |   6598.7928 |   6687.1094 |   6697.0118 |   6782.2595 |   6992.3443 |   6746.3421 |   6767.0636 |   6691.9656 |   6934.3086 |   6091.0350 |   6279.9858 |   6053.1823 |   6299.1944 |   6079.7074 |   6078.1982 |   6094.6031 |   6172.9233 |   6032.3375 |   5974.4460 |   6075.0014 |   6094.0111 |   6115.8367 |   6230.7967 |   6118.3211 |   6041.5375 |   6594.7330 |   6938.1110 |   6538.3563 |   6602.8821 |   6531.0420 |   6948.7396 |   6974.7060 |   6661.7463 |   6047.6466 |   6080.0435 |   6199.9031 |   6169.0941 |   6210.4660 |   6224.1534 |   6214.4983 |   6307.3727 |   5796.9353 |   5697.6419 |   5711.2766 |   5794.8747 |    5705.6549 |    5678.6889 |    5717.3566 |    5668.4787 |    6230.2134 |    6553.0556 |    6513.7228 |    6528.6578 |    6532.8972 |    6486.3974 |    6540.6787 |    6494.4489 |    5800.0972 |    5766.2676 |    5758.9117 |    5767.1975 |    5404.6606 |    5380.1282 |    5422.8273 |    5828.9579 |    5655.0951 |    5705.8578 |    5786.4075 |    5742.8632 |    5673.1056 |    5725.2944 |    5864.7492 |    5678.1511 |    6575.6256 |    6518.9907 |    6602.6585 |    6544.3567 |    6534.0225 |    6543.9950 |    6533.3808 |    6184.5511 |    5746.7989 |    5410.7123 |    5769.9090 |    5370.5758 |    5711.3926 |    5751.8789 |    5795.1614 |    5412.8611 |
| L3 data volume [GBytes] |   901.9477 |   903.0108 |   901.2600 |   903.9251 |   904.0726 |   903.3782 |   898.4273 |   903.0822 |   963.3919 |   960.3872 |    960.6987 |    962.4855 |    961.3909 |    960.6649 |    960.6083 |    960.6724 |    912.9981 |    909.8830 |    912.8883 |    912.4730 |    911.7602 |    910.0195 |    911.9768 |    912.3380 |    899.2369 |    900.9549 |    897.9348 |    900.9010 |    894.6122 |    898.9362 |    897.3464 |    900.1507 |    952.7993 |    951.2232 |    951.9754 |    951.2349 |    955.6977 |    957.7796 |    952.7081 |    953.1714 |    907.6972 |    911.9493 |    906.1617 |    907.5068 |    907.6524 |    906.0430 |    904.9451 |    905.2865 |    903.5055 |    904.7226 |    904.5670 |    906.2984 |    907.3747 |    905.2863 |    907.1068 |    903.0982 |    959.4003 |    960.8116 |    961.1059 |    959.6321 |    960.7324 |    958.3576 |    959.4425 |    954.5034 |    912.7471 |    909.2207 |    907.0748 |    911.9967 |    909.5072 |    908.7368 |    908.6182 |    910.1463 |    891.2218 |    894.2449 |    889.6335 |    888.5745 |    891.0175 |    890.8401 |    892.1295 |    892.0221 |    956.7197 |    955.0310 |    959.1481 |    957.8953 |    958.0849 |    957.9894 |    958.6245 |    958.0517 |    903.6490 |    907.5906 |    904.9596 |    908.0777 |    907.5261 |    905.5913 |    907.6474 |    906.2988 |    799.1956 |    798.4168 |    799.8677 |    796.0286 |     798.3284 |     800.1074 |     801.1720 |     798.6694 |     925.9854 |     929.5745 |     927.6121 |     928.2596 |     930.3375 |     925.1036 |     927.8214 |     926.7384 |     804.7496 |     803.2457 |     803.9683 |     805.1261 |     800.4102 |     803.1165 |     803.9054 |     804.8485 |     798.4666 |     800.9301 |     800.2312 |     800.8113 |     801.0096 |     797.5335 |     800.0462 |     800.0271 |     923.0245 |     920.4489 |     917.6051 |     918.6287 |     919.1148 |     920.5248 |     918.5247 |     917.8146 |     803.0065 |     801.3092 |     799.2166 |     797.0284 |     799.1158 |     798.0554 |     800.1872 |     796.7618 |
+-------------------------+------------+------------+------------+------------+------------+------------+------------+------------+------------+------------+-------------+-------------+-------------+-------------+-------------+-------------+-------------+-------------+-------------+-------------+-------------+-------------+-------------+-------------+-------------+-------------+-------------+-------------+-------------+-------------+-------------+-------------+-------------+-------------+-------------+-------------+-------------+-------------+-------------+-------------+-------------+-------------+-------------+-------------+-------------+-------------+-------------+-------------+-------------+-------------+-------------+-------------+-------------+-------------+-------------+-------------+-------------+-------------+-------------+-------------+-------------+-------------+-------------+-------------+-------------+-------------+-------------+-------------+-------------+-------------+-------------+-------------+-------------+-------------+-------------+-------------+-------------+-------------+-------------+-------------+-------------+-------------+-------------+-------------+-------------+-------------+-------------+-------------+-------------+-------------+-------------+-------------+-------------+-------------+-------------+-------------+-------------+-------------+-------------+-------------+--------------+--------------+--------------+--------------+--------------+--------------+--------------+--------------+--------------+--------------+--------------+--------------+--------------+--------------+--------------+--------------+--------------+--------------+--------------+--------------+--------------+--------------+--------------+--------------+--------------+--------------+--------------+--------------+--------------+--------------+--------------+--------------+--------------+--------------+--------------+--------------+--------------+--------------+--------------+--------------+--------------+--------------+--------------+--------------+

+------------------------------+-------------+-----------+-----------+-----------+
|            Metric            |     Sum     |    Min    |    Max    |    Avg    |
+------------------------------+-------------+-----------+-----------+-----------+
|   Runtime (RDTSC) [s] STAT   |  20616.6701 |  136.3604 |  149.8509 |  143.1713 |
|   Runtime unhalted [s] STAT  |  27033.1061 |  184.9109 |  192.8327 |  187.7299 |
|       Clock [MHz] STAT       | 515740.6216 | 3528.6582 | 3678.4991 | 3581.5321 |
|           CPI STAT           |    103.6866 |    0.6871 |    0.7732 |    0.7200 |
| L3 bandwidth [MBytes/s] STAT | 900733.5609 | 5370.5758 | 7045.0980 | 6255.0942 |
| L3 data volume [GBytes] STAT | 128906.2187 |  796.0286 |  963.3919 |  895.1821 |
+------------------------------+-------------+-----------+-----------+-----------+

