INFO: You are running LIKWID in a cpuset with 160 CPUs. Taking given IDs as logical ID in cpuset
--------------------------------------------------------------------------------
CPU name:	AMD EPYC 9A14 96-Core Processor                
CPU type:	AMD K19 (Zen4) architecture
CPU clock:	2.60 GHz
--------------------------------------------------------------------------------
Sys.CPU_THREADS       192
SLURM_CPUS_PER_TASK   160
OMP_NUM_THREADS       160
OMP_PROC_BIND         close
OMP_PLACES            cores
BLAS_NUM_THREADS      1
Threads.nthreads()    1

Successfully read data from: /public/home/halili/jld2file/6-31g/o2-1.0-6-31g.jld2
  name: o2
  ratio: 1.0
  basis: 6-31g
  nα: 8, nβ: 8, ne: 16, norb: 18, nq: 36

  ngs: 4266
  ncs: 22543

Warming up JIT and Hardware...
Warm-up completed.
  Step 001:  residual: 9.5235e-01,  e: -149.45320229675224
  Step 002:  residual: 7.0900e-01,  e: -149.59391697072721
  Step 003:  residual: 3.4390e-01,  e: -149.71881382605250
  Step 004:  residual: 1.3670e-01,  e: -149.74155494323858
  Step 005:  residual: 5.6781e-02,  e: -149.74486722652492
  Step 006:  residual: 3.0719e-02,  e: -149.74550118255169
  Step 007:  residual: 2.2745e-02,  e: -149.74573279555511
  Step 008:  residual: 2.6203e-02,  e: -149.74592799688435
  Step 009:  residual: 3.4719e-02,  e: -149.74623194412729
  Step 010:  residual: 2.6370e-02,  e: -149.74654741412709
  Step 011:  residual: 1.1805e-02,  e: -149.74665437187508
  Step 012:  residual: 4.6480e-03,  e: -149.74667295627026
  Step 013:  residual: 1.7886e-03,  e: -149.74667552118368
  Step 014:  residual: 6.8126e-04,  e: -149.74667587808651
  Step 015:  residual: 2.5621e-04,  e: -149.74667592692666
  Step 016:  residual: 9.5094e-05,  e: -149.74667593407460
  Step 017:  residual: 3.6656e-05,  e: -149.74667593511384
  Step 018:  residual: 1.4803e-05,  e: -149.74667593526746
  Step 019:  residual: 6.2970e-06,  e: -149.74667593529384

Convergence reached!
160.205108 seconds (7.21 M allocations: 69.917 GiB, 0.23% gc time, 1.21% compilation time)
--------------------------------------------------------------------------------
Region hvec_direct_agg, Group 1: L3
+-------------------+------------+------------+------------+------------+------------+------------+------------+------------+------------+------------+-------------+-------------+-------------+-------------+-------------+-------------+-------------+-------------+-------------+-------------+-------------+-------------+-------------+-------------+-------------+-------------+-------------+-------------+-------------+-------------+-------------+-------------+-------------+-------------+-------------+-------------+-------------+-------------+-------------+-------------+-------------+-------------+-------------+-------------+-------------+-------------+-------------+-------------+-------------+-------------+-------------+-------------+-------------+-------------+-------------+-------------+-------------+-------------+-------------+-------------+-------------+-------------+-------------+-------------+-------------+-------------+-------------+-------------+-------------+-------------+-------------+-------------+-------------+-------------+-------------+-------------+-------------+-------------+-------------+-------------+-------------+-------------+-------------+-------------+-------------+-------------+-------------+-------------+-------------+-------------+-------------+-------------+-------------+-------------+-------------+-------------+-------------+-------------+-------------+-------------+--------------+--------------+--------------+--------------+--------------+--------------+--------------+--------------+--------------+--------------+--------------+--------------+--------------+--------------+--------------+--------------+--------------+--------------+--------------+--------------+--------------+--------------+--------------+--------------+--------------+--------------+--------------+--------------+--------------+--------------+--------------+--------------+--------------+--------------+--------------+--------------+--------------+--------------+--------------+--------------+--------------+--------------+--------------+--------------+--------------+--------------+--------------+--------------+--------------+--------------+--------------+--------------+--------------+--------------+--------------+--------------+--------------+--------------+--------------+--------------+
|    Region Info    | HWThread 0 | HWThread 1 | HWThread 2 | HWThread 3 | HWThread 4 | HWThread 5 | HWThread 6 | HWThread 7 | HWThread 8 | HWThread 9 | HWThread 10 | HWThread 11 | HWThread 12 | HWThread 13 | HWThread 14 | HWThread 15 | HWThread 16 | HWThread 17 | HWThread 18 | HWThread 19 | HWThread 20 | HWThread 21 | HWThread 22 | HWThread 23 | HWThread 24 | HWThread 25 | HWThread 26 | HWThread 27 | HWThread 28 | HWThread 29 | HWThread 30 | HWThread 31 | HWThread 32 | HWThread 33 | HWThread 34 | HWThread 35 | HWThread 36 | HWThread 37 | HWThread 38 | HWThread 39 | HWThread 40 | HWThread 41 | HWThread 42 | HWThread 43 | HWThread 44 | HWThread 45 | HWThread 46 | HWThread 47 | HWThread 48 | HWThread 49 | HWThread 50 | HWThread 51 | HWThread 52 | HWThread 53 | HWThread 54 | HWThread 55 | HWThread 56 | HWThread 57 | HWThread 58 | HWThread 59 | HWThread 60 | HWThread 61 | HWThread 62 | HWThread 63 | HWThread 64 | HWThread 65 | HWThread 66 | HWThread 67 | HWThread 68 | HWThread 69 | HWThread 70 | HWThread 71 | HWThread 72 | HWThread 73 | HWThread 74 | HWThread 75 | HWThread 76 | HWThread 77 | HWThread 78 | HWThread 79 | HWThread 80 | HWThread 81 | HWThread 82 | HWThread 83 | HWThread 84 | HWThread 85 | HWThread 86 | HWThread 87 | HWThread 88 | HWThread 89 | HWThread 90 | HWThread 91 | HWThread 92 | HWThread 93 | HWThread 94 | HWThread 95 | HWThread 96 | HWThread 97 | HWThread 98 | HWThread 99 | HWThread 100 | HWThread 101 | HWThread 102 | HWThread 103 | HWThread 104 | HWThread 105 | HWThread 106 | HWThread 107 | HWThread 108 | HWThread 109 | HWThread 110 | HWThread 111 | HWThread 112 | HWThread 113 | HWThread 114 | HWThread 115 | HWThread 116 | HWThread 117 | HWThread 118 | HWThread 119 | HWThread 120 | HWThread 121 | HWThread 122 | HWThread 123 | HWThread 124 | HWThread 125 | HWThread 126 | HWThread 127 | HWThread 128 | HWThread 129 | HWThread 130 | HWThread 131 | HWThread 132 | HWThread 133 | HWThread 134 | HWThread 135 | HWThread 136 | HWThread 137 | HWThread 138 | HWThread 139 | HWThread 140 | HWThread 141 | HWThread 142 | HWThread 143 | HWThread 144 | HWThread 145 | HWThread 146 | HWThread 147 | HWThread 148 | HWThread 149 | HWThread 150 | HWThread 151 | HWThread 152 | HWThread 153 | HWThread 154 | HWThread 155 | HWThread 156 | HWThread 157 | HWThread 158 | HWThread 159 |
+-------------------+------------+------------+------------+------------+------------+------------+------------+------------+------------+------------+-------------+-------------+-------------+-------------+-------------+-------------+-------------+-------------+-------------+-------------+-------------+-------------+-------------+-------------+-------------+-------------+-------------+-------------+-------------+-------------+-------------+-------------+-------------+-------------+-------------+-------------+-------------+-------------+-------------+-------------+-------------+-------------+-------------+-------------+-------------+-------------+-------------+-------------+-------------+-------------+-------------+-------------+-------------+-------------+-------------+-------------+-------------+-------------+-------------+-------------+-------------+-------------+-------------+-------------+-------------+-------------+-------------+-------------+-------------+-------------+-------------+-------------+-------------+-------------+-------------+-------------+-------------+-------------+-------------+-------------+-------------+-------------+-------------+-------------+-------------+-------------+-------------+-------------+-------------+-------------+-------------+-------------+-------------+-------------+-------------+-------------+-------------+-------------+-------------+-------------+--------------+--------------+--------------+--------------+--------------+--------------+--------------+--------------+--------------+--------------+--------------+--------------+--------------+--------------+--------------+--------------+--------------+--------------+--------------+--------------+--------------+--------------+--------------+--------------+--------------+--------------+--------------+--------------+--------------+--------------+--------------+--------------+--------------+--------------+--------------+--------------+--------------+--------------+--------------+--------------+--------------+--------------+--------------+--------------+--------------+--------------+--------------+--------------+--------------+--------------+--------------+--------------+--------------+--------------+--------------+--------------+--------------+--------------+--------------+--------------+
| RDTSC Runtime [s] | 142.372000 | 137.884600 | 136.241900 | 144.207500 | 132.072300 | 130.284900 | 143.885100 | 130.018400 | 135.153700 | 132.180000 |  130.971400 |  143.121600 |  130.758200 |  135.154000 |  131.083800 |  139.236000 |  135.453800 |  135.454100 |  138.063800 |  141.370600 |  134.443300 |  144.318500 |  140.490300 |  134.660800 |  143.457300 |  132.990500 |  133.314400 |  142.140900 |  132.391800 |  142.714700 |  133.219200 |  141.919200 |  138.280400 |  137.121100 |  134.260500 |  142.030100 |  134.043100 |  131.552900 |  133.100200 |  131.553100 |  140.272600 |  143.345100 |  137.297100 |  130.647600 |  132.721500 |  143.009400 |  137.432200 |  142.599300 |  132.613200 |  130.396200 |  144.541000 |  130.109000 |  141.806800 |  130.865100 |  139.802500 |  130.284600 |  141.697500 |  132.285300 |  131.469200 |  130.972700 |  129.486300 |  131.336800 |  132.502100 |  129.544300 |  133.465300 |  132.840400 |  132.721700 |  135.854100 |  141.023800 |  141.024300 |  140.071200 |  139.024800 |  131.786200 |  135.643800 |  143.231800 |  131.227000 |  130.539600 |  142.824200 |  131.914500 |  142.824400 |  140.940600 |  141.476000 |  136.349800 |  140.699900 |  139.444300 |  140.809100 |  141.256400 |  144.652100 |  144.021600 |  136.903400 |  134.551800 |  142.369900 |  136.132200 |  137.581400 |  136.902600 |  134.934900 |  144.981300 |  137.025300 |  139.233400 |  140.272300 |   144.767600 |   139.024500 |   140.807300 |   143.882700 |   137.718600 |   138.605900 |   138.609600 |   137.579600 |   138.065600 |   144.316500 |   138.693700 |   137.718200 |   144.979100 |   133.577000 |   138.780400 |   138.493000 |   131.787900 |   138.491400 |   133.794500 |   133.575600 |   139.441300 |   139.574800 |   141.474800 |   131.336900 |   138.276400 |   139.661400 |   139.662200 |   137.296200 |   139.800700 |   129.693900 |   140.068500 |   140.492600 |   143.671400 |   144.766200 |   145.186400 |   135.151700 |   129.694700 |   136.350100 |   136.459300 |   142.367300 |   132.987600 |   129.904100 |   129.903700 |   134.931800 |   135.850400 |   134.042100 |   129.431600 |   134.170300 |   143.456800 |   133.578700 |   142.141600 |   133.791600 |   134.660400 |   143.670900 |   135.762400 |   136.580100 |   136.672100 |   134.656300 |   136.580200 |   135.639900 |
|     call count    |         19 |         19 |         19 |         19 |         19 |         19 |         19 |         19 |         19 |         19 |          19 |          19 |          19 |          19 |          19 |          19 |          19 |          19 |          19 |          19 |          19 |          19 |          19 |          19 |          19 |          19 |          19 |          19 |          19 |          19 |          19 |          19 |          19 |          19 |          19 |          19 |          19 |          19 |          19 |          19 |          19 |          19 |          19 |          19 |          19 |          19 |          19 |          19 |          19 |          19 |          19 |          19 |          19 |          19 |          19 |          19 |          19 |          19 |          19 |          19 |          19 |          19 |          19 |          19 |          19 |          19 |          19 |          19 |          19 |          19 |          19 |          19 |          19 |          19 |          19 |          19 |          19 |          19 |          19 |          19 |          19 |          19 |          19 |          19 |          19 |          19 |          19 |          19 |          19 |          19 |          19 |          19 |          19 |          19 |          19 |          19 |          19 |          19 |          19 |          19 |           19 |           19 |           19 |           19 |           19 |           19 |           19 |           19 |           19 |           19 |           19 |           19 |           19 |           19 |           19 |           19 |           19 |           19 |           19 |           19 |           19 |           19 |           19 |           19 |           19 |           19 |           19 |           19 |           19 |           19 |           19 |           19 |           19 |           19 |           19 |           19 |           19 |           19 |           19 |           19 |           19 |           19 |           19 |           19 |           19 |           19 |           19 |           19 |           19 |           19 |           19 |           19 |           19 |           19 |           19 |           19 |           19 |           19 |           19 |           19 |
+-------------------+------------+------------+------------+------------+------------+------------+------------+------------+------------+------------+-------------+-------------+-------------+-------------+-------------+-------------+-------------+-------------+-------------+-------------+-------------+-------------+-------------+-------------+-------------+-------------+-------------+-------------+-------------+-------------+-------------+-------------+-------------+-------------+-------------+-------------+-------------+-------------+-------------+-------------+-------------+-------------+-------------+-------------+-------------+-------------+-------------+-------------+-------------+-------------+-------------+-------------+-------------+-------------+-------------+-------------+-------------+-------------+-------------+-------------+-------------+-------------+-------------+-------------+-------------+-------------+-------------+-------------+-------------+-------------+-------------+-------------+-------------+-------------+-------------+-------------+-------------+-------------+-------------+-------------+-------------+-------------+-------------+-------------+-------------+-------------+-------------+-------------+-------------+-------------+-------------+-------------+-------------+-------------+-------------+-------------+-------------+-------------+-------------+-------------+--------------+--------------+--------------+--------------+--------------+--------------+--------------+--------------+--------------+--------------+--------------+--------------+--------------+--------------+--------------+--------------+--------------+--------------+--------------+--------------+--------------+--------------+--------------+--------------+--------------+--------------+--------------+--------------+--------------+--------------+--------------+--------------+--------------+--------------+--------------+--------------+--------------+--------------+--------------+--------------+--------------+--------------+--------------+--------------+--------------+--------------+--------------+--------------+--------------+--------------+--------------+--------------+--------------+--------------+--------------+--------------+--------------+--------------+--------------+--------------+

+-----------------------------+---------+--------------+--------------+--------------+--------------+--------------+--------------+--------------+--------------+--------------+--------------+--------------+--------------+--------------+--------------+--------------+--------------+--------------+--------------+--------------+--------------+--------------+--------------+--------------+--------------+--------------+--------------+--------------+--------------+--------------+--------------+--------------+--------------+--------------+--------------+--------------+--------------+--------------+--------------+--------------+--------------+--------------+--------------+--------------+--------------+--------------+--------------+--------------+--------------+--------------+--------------+--------------+--------------+--------------+--------------+--------------+--------------+--------------+--------------+--------------+--------------+--------------+--------------+--------------+--------------+--------------+--------------+--------------+--------------+--------------+--------------+--------------+--------------+--------------+--------------+--------------+--------------+--------------+--------------+--------------+--------------+--------------+--------------+--------------+--------------+--------------+--------------+--------------+--------------+--------------+--------------+--------------+--------------+--------------+--------------+--------------+--------------+--------------+--------------+--------------+--------------+--------------+--------------+--------------+--------------+--------------+--------------+--------------+--------------+--------------+--------------+--------------+--------------+--------------+--------------+--------------+--------------+--------------+--------------+--------------+--------------+--------------+--------------+--------------+--------------+--------------+--------------+--------------+--------------+--------------+--------------+--------------+--------------+--------------+--------------+--------------+--------------+--------------+--------------+--------------+--------------+--------------+--------------+--------------+--------------+--------------+--------------+--------------+--------------+--------------+--------------+--------------+--------------+--------------+--------------+--------------+--------------+--------------+--------------+--------------+--------------+
|            Event            | Counter |  HWThread 0  |  HWThread 1  |  HWThread 2  |  HWThread 3  |  HWThread 4  |  HWThread 5  |  HWThread 6  |  HWThread 7  |  HWThread 8  |  HWThread 9  |  HWThread 10 |  HWThread 11 |  HWThread 12 |  HWThread 13 |  HWThread 14 |  HWThread 15 |  HWThread 16 |  HWThread 17 |  HWThread 18 |  HWThread 19 |  HWThread 20 |  HWThread 21 |  HWThread 22 |  HWThread 23 |  HWThread 24 |  HWThread 25 |  HWThread 26 |  HWThread 27 |  HWThread 28 |  HWThread 29 |  HWThread 30 |  HWThread 31 |  HWThread 32 |  HWThread 33 |  HWThread 34 |  HWThread 35 |  HWThread 36 |  HWThread 37 |  HWThread 38 |  HWThread 39 |  HWThread 40 |  HWThread 41 |  HWThread 42 |  HWThread 43 |  HWThread 44 |  HWThread 45 |  HWThread 46 |  HWThread 47 |  HWThread 48 |  HWThread 49 |  HWThread 50 |  HWThread 51 |  HWThread 52 |  HWThread 53 |  HWThread 54 |  HWThread 55 |  HWThread 56 |  HWThread 57 |  HWThread 58 |  HWThread 59 |  HWThread 60 |  HWThread 61 |  HWThread 62 |  HWThread 63 |  HWThread 64 |  HWThread 65 |  HWThread 66 |  HWThread 67 |  HWThread 68 |  HWThread 69 |  HWThread 70 |  HWThread 71 |  HWThread 72 |  HWThread 73 |  HWThread 74 |  HWThread 75 |  HWThread 76 |  HWThread 77 |  HWThread 78 |  HWThread 79 |  HWThread 80 |  HWThread 81 |  HWThread 82 |  HWThread 83 |  HWThread 84 |  HWThread 85 |  HWThread 86 |  HWThread 87 |  HWThread 88 |  HWThread 89 |  HWThread 90 |  HWThread 91 |  HWThread 92 |  HWThread 93 |  HWThread 94 |  HWThread 95 |  HWThread 96 |  HWThread 97 |  HWThread 98 |  HWThread 99 | HWThread 100 | HWThread 101 | HWThread 102 | HWThread 103 | HWThread 104 | HWThread 105 | HWThread 106 | HWThread 107 | HWThread 108 | HWThread 109 | HWThread 110 | HWThread 111 | HWThread 112 | HWThread 113 | HWThread 114 | HWThread 115 | HWThread 116 | HWThread 117 | HWThread 118 | HWThread 119 | HWThread 120 | HWThread 121 | HWThread 122 | HWThread 123 | HWThread 124 | HWThread 125 | HWThread 126 | HWThread 127 | HWThread 128 | HWThread 129 | HWThread 130 | HWThread 131 | HWThread 132 | HWThread 133 | HWThread 134 | HWThread 135 | HWThread 136 | HWThread 137 | HWThread 138 | HWThread 139 | HWThread 140 | HWThread 141 | HWThread 142 | HWThread 143 | HWThread 144 | HWThread 145 | HWThread 146 | HWThread 147 | HWThread 148 | HWThread 149 | HWThread 150 | HWThread 151 | HWThread 152 | HWThread 153 | HWThread 154 | HWThread 155 | HWThread 156 | HWThread 157 | HWThread 158 | HWThread 159 |
+-----------------------------+---------+--------------+--------------+--------------+--------------+--------------+--------------+--------------+--------------+--------------+--------------+--------------+--------------+--------------+--------------+--------------+--------------+--------------+--------------+--------------+--------------+--------------+--------------+--------------+--------------+--------------+--------------+--------------+--------------+--------------+--------------+--------------+--------------+--------------+--------------+--------------+--------------+--------------+--------------+--------------+--------------+--------------+--------------+--------------+--------------+--------------+--------------+--------------+--------------+--------------+--------------+--------------+--------------+--------------+--------------+--------------+--------------+--------------+--------------+--------------+--------------+--------------+--------------+--------------+--------------+--------------+--------------+--------------+--------------+--------------+--------------+--------------+--------------+--------------+--------------+--------------+--------------+--------------+--------------+--------------+--------------+--------------+--------------+--------------+--------------+--------------+--------------+--------------+--------------+--------------+--------------+--------------+--------------+--------------+--------------+--------------+--------------+--------------+--------------+--------------+--------------+--------------+--------------+--------------+--------------+--------------+--------------+--------------+--------------+--------------+--------------+--------------+--------------+--------------+--------------+--------------+--------------+--------------+--------------+--------------+--------------+--------------+--------------+--------------+--------------+--------------+--------------+--------------+--------------+--------------+--------------+--------------+--------------+--------------+--------------+--------------+--------------+--------------+--------------+--------------+--------------+--------------+--------------+--------------+--------------+--------------+--------------+--------------+--------------+--------------+--------------+--------------+--------------+--------------+--------------+--------------+--------------+--------------+--------------+--------------+--------------+
|       ACTUAL_CPU_CLOCK      |  FIXC1  | 466153100000 | 462236000000 | 462895000000 | 462729000000 | 462745700000 | 462833700000 | 462894300000 | 462829300000 | 462696800000 | 462813900000 | 462694200000 | 462801600000 | 462790400000 | 462792900000 | 462750400000 | 462994700000 | 462728900000 | 462852300000 | 462688900000 | 462679500000 | 462726400000 | 462726200000 | 462678000000 | 462908800000 | 462891100000 | 462786300000 | 462767900000 | 462844300000 | 462817600000 | 462916900000 | 462755700000 | 462788500000 | 462591200000 | 462618700000 | 462651700000 | 462859100000 | 462673900000 | 462586200000 | 462722300000 | 462597500000 | 462657900000 | 462837700000 | 462665500000 | 462667600000 | 462829800000 | 462673800000 | 462704600000 | 462764100000 | 462847800000 | 462942400000 | 462848900000 | 463184000000 | 463169500000 | 463022800000 | 462857600000 | 462868000000 | 462903200000 | 462955600000 | 462925700000 | 463091200000 | 462840900000 | 462704300000 | 462872600000 | 462970600000 | 462977600000 | 462674600000 | 462827300000 | 463021400000 | 463098500000 | 462705300000 | 462925400000 | 462827400000 | 463070800000 | 463186600000 | 463008100000 | 463017400000 | 462948600000 | 462853200000 | 462979000000 | 462916200000 | 462965000000 | 462826100000 | 462785600000 | 462705100000 | 462720400000 | 462864300000 | 462731200000 | 462873300000 | 463020700000 | 462698900000 | 462733900000 | 462801700000 | 462954800000 | 462818700000 | 462753300000 | 462753000000 | 475764100000 | 475821400000 | 475661800000 | 475672700000 | 475836200000 | 475870100000 | 475782200000 | 475724500000 | 475563900000 | 475605500000 | 475632300000 | 475507000000 | 475563100000 | 475625800000 | 475446100000 | 475530100000 | 475524000000 | 475496000000 | 475389000000 | 475595800000 | 475628600000 | 475527700000 | 475542000000 | 475570800000 | 475688900000 | 475615400000 | 475749200000 | 475728000000 | 475484300000 | 475608200000 | 475564200000 | 475802700000 | 475706100000 | 475832600000 | 475710000000 | 475945900000 | 475657200000 | 475818600000 | 475648600000 | 475675000000 | 475634700000 | 475617400000 | 475580900000 | 475717200000 | 475642200000 | 475574900000 | 475718800000 | 475553500000 | 475690800000 | 475599200000 | 475806100000 | 475652300000 | 475713600000 | 475601800000 | 475530100000 | 475747000000 | 475568300000 | 475776300000 | 475638600000 | 475473400000 | 475554300000 | 475638900000 | 475603900000 | 475622900000 |
|        MAX_CPU_CLOCK        |  FIXC2  | 337108100000 | 336318400000 | 336312000000 | 336344400000 | 336345900000 | 336302700000 | 336341600000 | 336316900000 | 336322300000 | 336237300000 | 336249600000 | 336254700000 | 336286700000 | 336266200000 | 336279600000 | 336307500000 | 336337600000 | 336318600000 | 336317600000 | 336317100000 | 336325200000 | 336290400000 | 336292300000 | 336315500000 | 336361300000 | 336352700000 | 336353800000 | 336386900000 | 336362300000 | 336364700000 | 336350400000 | 336347500000 | 336223900000 | 336214600000 | 336270800000 | 336235600000 | 336158000000 | 336257400000 | 336182200000 | 336215100000 | 336304600000 | 336284800000 | 336260100000 | 336272500000 | 336281100000 | 336247400000 | 336306900000 | 336225900000 | 336379600000 | 336429500000 | 336566400000 | 336377700000 | 336519900000 | 336434800000 | 336438600000 | 336373900000 | 336309400000 | 336323100000 | 336301400000 | 336289900000 | 336271200000 | 336257900000 | 336263300000 | 336317300000 | 336267700000 | 336270500000 | 336260800000 | 336314500000 | 336277100000 | 336262300000 | 336254800000 | 336340900000 | 336401900000 | 336350900000 | 336409100000 | 336454900000 | 336392600000 | 336324600000 | 336400400000 | 336370200000 | 336284600000 | 336247400000 | 336242900000 | 336232100000 | 336219700000 | 336259500000 | 336243700000 | 336270400000 | 336294700000 | 336244800000 | 336283900000 | 336307400000 | 336331800000 | 336318000000 | 336284900000 | 336316100000 | 336391800000 | 336370200000 | 336396900000 | 336410600000 | 336391700000 | 336390500000 | 336382900000 | 336435400000 | 336226700000 | 336377200000 | 336262500000 | 336287800000 | 336308300000 | 336202400000 | 336240300000 | 336228100000 | 336284100000 | 336265900000 | 336261200000 | 336269800000 | 336268500000 | 336281000000 | 336294700000 | 336290800000 | 336300000000 | 336336800000 | 336276500000 | 336286200000 | 336278500000 | 336338700000 | 336288900000 | 336298500000 | 336308700000 | 336289900000 | 336284100000 | 336301400000 | 336324300000 | 336316800000 | 336255500000 | 336337800000 | 336325200000 | 336350700000 | 336285900000 | 336323100000 | 336358500000 | 336324100000 | 336312100000 | 336312900000 | 336270300000 | 336348400000 | 336350600000 | 336370300000 | 336379600000 | 336362300000 | 336320900000 | 336376100000 | 336272900000 | 336324000000 | 336316800000 | 336264500000 | 336291900000 | 336321000000 | 336254700000 | 336282900000 |
|     RETIRED_INSTRUCTIONS    |   PMC0  | 601945800000 | 592355100000 | 594025900000 | 593669500000 | 593968600000 | 594312100000 | 593552500000 | 593386600000 | 632717000000 | 632449600000 | 631731300000 | 631222200000 | 631324900000 | 630677600000 | 631462800000 | 630417900000 | 597719600000 | 598018900000 | 598188600000 | 597703300000 | 597047800000 | 596692400000 | 597109900000 | 597780500000 | 597905700000 | 596958900000 | 596242100000 | 595302800000 | 596655100000 | 596965100000 | 595498100000 | 595826200000 | 629135400000 | 629212600000 | 629638100000 | 629711700000 | 629023600000 | 630062200000 | 630640900000 | 628776900000 | 600481100000 | 599187500000 | 598911600000 | 600829700000 | 600754700000 | 600437000000 | 598656500000 | 600197100000 | 597313500000 | 597875500000 | 597788500000 | 597425800000 | 597573600000 | 598692900000 | 597299000000 | 597749300000 | 630386000000 | 630708300000 | 630572000000 | 629743600000 | 629962700000 | 630148100000 | 630203900000 | 630497500000 | 599108600000 | 598315200000 | 599315000000 | 599254800000 | 600218500000 | 597489200000 | 599282500000 | 598015600000 | 595897100000 | 596837900000 | 595932100000 | 595557100000 | 596385600000 | 596183700000 | 595657100000 | 595158100000 | 630192500000 | 630176200000 | 629683700000 | 630057100000 | 629991900000 | 630911700000 | 629532800000 | 628974000000 | 600750600000 | 598337500000 | 600250000000 | 599455000000 | 600335800000 | 599508900000 | 599690000000 | 599086300000 | 555767400000 | 555931600000 | 555275900000 | 555867300000 | 554892500000 | 555153200000 | 556262800000 | 556046300000 | 614497200000 | 613783700000 | 614346800000 | 613097600000 | 614652700000 | 614482400000 | 612707000000 | 612714500000 | 559218100000 | 559520300000 | 559202900000 | 559275000000 | 558968900000 | 560337900000 | 558877700000 | 557728100000 | 556451000000 | 556385900000 | 557080400000 | 555968000000 | 555120900000 | 555837800000 | 555695300000 | 555146400000 | 612049600000 | 613419600000 | 614129100000 | 612654200000 | 612728400000 | 612497500000 | 613518300000 | 611560400000 | 557873800000 | 557309100000 | 556454300000 | 556880600000 | 556905400000 | 557614600000 | 558024100000 | 556447200000 | 616161200000 | 615692200000 | 616166500000 | 616276500000 | 615420300000 | 614277500000 | 614101000000 | 615561100000 | 615649100000 | 614772500000 | 614877800000 | 614245100000 | 616433400000 | 614834800000 | 615465300000 | 615507400000 |
|     CPU_CLOCKS_UNHALTED     |   PMC1  | 454350300000 | 453121600000 | 454072500000 | 453246400000 | 453852600000 | 453839800000 | 453616200000 | 453656600000 | 453724900000 | 453832200000 | 453877000000 | 453604500000 | 453560500000 | 453516600000 | 453762800000 | 453659500000 | 453528900000 | 453622700000 | 453725100000 | 453595500000 | 453566000000 | 453705200000 | 453507200000 | 453819900000 | 453887100000 | 453881900000 | 453976600000 | 453922300000 | 454096400000 | 454027300000 | 453816900000 | 453756100000 | 453375400000 | 453293300000 | 453103100000 | 453427400000 | 453016100000 | 453009800000 | 453453200000 | 453436000000 | 453794100000 | 454013500000 | 453820500000 | 453973800000 | 454051300000 | 453788700000 | 453778900000 | 453880900000 | 453541200000 | 453668700000 | 453737700000 | 453972000000 | 454042800000 | 453983600000 | 453878400000 | 453458000000 | 453820200000 | 453967000000 | 453794800000 | 454040600000 | 454002000000 | 453822000000 | 453840200000 | 454049000000 | 453859500000 | 453570600000 | 454211400000 | 454427200000 | 454494200000 | 453950000000 | 454217600000 | 453851800000 | 453973900000 | 454070000000 | 453779700000 | 454062600000 | 454050000000 | 453745200000 | 453892500000 | 454084000000 | 453988200000 | 453888500000 | 454205000000 | 453769200000 | 453863500000 | 453934400000 | 453742400000 | 454153300000 | 454210600000 | 453722300000 | 453840400000 | 453950300000 | 454177900000 | 453829900000 | 453802800000 | 453799100000 | 467676300000 | 467865600000 | 467826100000 | 467841600000 | 467854800000 | 468084500000 | 467934500000 | 467797900000 | 466427300000 | 466338300000 | 466465100000 | 466426500000 | 466457300000 | 466529900000 | 466525800000 | 466464700000 | 467306000000 | 467319000000 | 467272200000 | 467488900000 | 467669100000 | 467402800000 | 467495400000 | 467411700000 | 467580100000 | 467477500000 | 467742300000 | 467529100000 | 467570500000 | 467660700000 | 467920700000 | 467829200000 | 466698500000 | 467024100000 | 466571900000 | 466967400000 | 466607600000 | 466944700000 | 466846900000 | 466712100000 | 467017900000 | 467172200000 | 467309900000 | 467314500000 | 467521700000 | 466995100000 | 467170800000 | 467334900000 | 466317400000 | 466237600000 | 466502800000 | 466361500000 | 466528700000 | 465940800000 | 466273200000 | 466126900000 | 466338100000 | 466609000000 | 466311800000 | 466571400000 | 466570800000 | 466316600000 | 466721300000 | 466241400000 |
|       L2_PF_HIT_IN_L3       |   PMC2  |   7608899000 |   7713641000 |   7784540000 |   7843879000 |   7833326000 |   7870383000 |   7820102000 |   7801347000 |   8781407000 |   8686383000 |   8783193000 |   8694549000 |   8750961000 |   8739151000 |   8808983000 |   8652032000 |   7799956000 |   7767192000 |   7936789000 |   7872533000 |   7835088000 |   7807278000 |   7868111000 |   7853434000 |   7899522000 |   7867154000 |   7904562000 |   7782575000 |   7902640000 |   7912059000 |   7852658000 |   7883657000 |   8569886000 |   8582234000 |   8724657000 |   8645639000 |   8658273000 |   8805591000 |   8820122000 |   8674259000 |   8022481000 |   7873162000 |   7968150000 |   8077169000 |   8018472000 |   8078446000 |   7956316000 |   8016456000 |   7853897000 |   7856605000 |   7970292000 |   7804002000 |   7871265000 |   7949151000 |   7916810000 |   7956076000 |   8599918000 |   8598223000 |   8715013000 |   8582841000 |   8685671000 |   8719007000 |   8714824000 |   8723370000 |   7799581000 |   7804632000 |   7881009000 |   7871367000 |   7932130000 |   7836602000 |   7936992000 |   7846852000 |   7777588000 |   7803711000 |   7881715000 |   7846968000 |   7903185000 |   7928843000 |   7890875000 |   7833971000 |   8543746000 |   8564730000 |   8640407000 |   8682961000 |   8686335000 |   8745793000 |   8674462000 |   8582160000 |   7910577000 |   7801650000 |   8019237000 |   7932547000 |   7963172000 |   7973622000 |   8002286000 |   7929511000 |   6553964000 |   6525332000 |   6575320000 |   6657695000 |   6531373000 |   6582857000 |   6651487000 |   6600996000 |   7887718000 |   7884338000 |   7957590000 |   7919949000 |   8048423000 |   7984741000 |   7912971000 |   7835934000 |   6663616000 |   6675911000 |   6724912000 |   6681648000 |   6651493000 |   6758337000 |   6698441000 |   6498331000 |   6629342000 |   6605715000 |   6702761000 |   6621481000 |   6591889000 |   6620543000 |   6611956000 |   6488985000 |   7825262000 |   7895382000 |   8076823000 |   7887609000 |   7964129000 |   7923222000 |   8055953000 |   7827972000 |   6728078000 |   6659487000 |   6647760000 |   6623857000 |   6627526000 |   6753076000 |   6723144000 |   6567489000 |   7994211000 |   7957238000 |   8016088000 |   8055576000 |   7986846000 |   7964670000 |   7947268000 |   7942456000 |   7962813000 |   7889605000 |   7954071000 |   7936844000 |   8103754000 |   7998794000 |   8037654000 |   7959682000 |
|       L2_PF_MISS_IN_L3      |   PMC3  |   3801807000 |   3714202000 |   3649304000 |   3605363000 |   3624552000 |   3577480000 |   3604743000 |   3619849000 |   3991262000 |   4057304000 |   3951253000 |   4003539000 |   3968975000 |   3960509000 |   3915423000 |   4007422000 |   3764910000 |   3788337000 |   3647568000 |   3683818000 |   3710585000 |   3723207000 |   3673282000 |   3689733000 |   3655298000 |   3656396000 |   3605765000 |   3688389000 |   3627153000 |   3599214000 |   3630109000 |   3614111000 |   4089469000 |   4068539000 |   3946760000 |   3993182000 |   3987546000 |   3889263000 |   3871244000 |   3963641000 |   3649849000 |   3728373000 |   3641125000 |   3595018000 |   3634686000 |   3574871000 |   3637525000 |   3615199000 |   3702352000 |   3705728000 |   3599214000 |   3701021000 |   3664630000 |   3630460000 |   3633766000 |   3602868000 |   4080197000 |   4079953000 |   3965024000 |   4044970000 |   3981140000 |   3960001000 |   3950397000 |   3941308000 |   3773864000 |   3770121000 |   3708154000 |   3707627000 |   3676008000 |   3707226000 |   3654797000 |   3704540000 |   3702443000 |   3678869000 |   3605572000 |   3629143000 |   3601356000 |   3570238000 |   3584373000 |   3622707000 |   4109975000 |   4089985000 |   4014739000 |   3985893000 |   3982627000 |   3945340000 |   3969552000 |   4033352000 |   3726083000 |   3774996000 |   3630524000 |   3677193000 |   3663769000 |   3640321000 |   3619263000 |   3666641000 |   3062985000 |   3080760000 |   3034006000 |   2975952000 |   3048253000 |   3006887000 |   2972794000 |   3018740000 |   3758787000 |   3750597000 |   3689710000 |   3694505000 |   3632767000 |   3654015000 |   3683763000 |   3745554000 |   3089444000 |   3081361000 |   3030416000 |   3049296000 |   3074815000 |   3017141000 |   3028915000 |   3175571000 |   3008085000 |   3032406000 |   2956945000 |   2992136000 |   3019014000 |   3005264000 |   3005231000 |   3086985000 |   3743174000 |   3702722000 |   3566469000 |   3674589000 |   3636745000 |   3649828000 |   3560529000 |   3714410000 |   2972938000 |   3021647000 |   3003356000 |   3020615000 |   3033354000 |   2936770000 |   2960601000 |   3075424000 |   3724814000 |   3745265000 |   3690038000 |   3668841000 |   3710807000 |   3699694000 |   3704862000 |   3734673000 |   3729373000 |   3763244000 |   3716397000 |   3722533000 |   3630193000 |   3673401000 |   3646036000 |   3716106000 |
| L2_CACHE_MISS_AFTER_L1_MISS |   PMC4  |   1158056000 |   1158833000 |   1158386000 |   1164131000 |   1161573000 |   1164543000 |   1156201000 |   1157786000 |   1285176000 |   1281467000 |   1278210000 |   1281180000 |   1278055000 |   1278221000 |   1278807000 |   1274656000 |   1171900000 |   1171271000 |   1173362000 |   1172135000 |   1168781000 |   1169512000 |   1168990000 |   1170550000 |   1171693000 |   1169871000 |   1165320000 |   1164591000 |   1167613000 |   1166024000 |   1162089000 |   1167120000 |   1271471000 |   1270632000 |   1272011000 |   1270811000 |   1269530000 |   1278674000 |   1275758000 |   1271016000 |   1181816000 |   1173942000 |   1175951000 |   1186346000 |   1179919000 |   1182733000 |   1171479000 |   1180777000 |   1169242000 |   1174638000 |   1173451000 |   1166327000 |   1165759000 |   1175707000 |   1171172000 |   1173170000 |   1275596000 |   1280157000 |   1276895000 |   1274720000 |   1274649000 |   1277739000 |   1274292000 |   1276209000 |   1169491000 |   1174913000 |   1172678000 |   1179630000 |   1175552000 |   1170085000 |   1174673000 |   1170046000 |   1162529000 |   1166983000 |   1163134000 |   1165604000 |   1166558000 |   1167499000 |   1164936000 |   1161966000 |   1272639000 |   1272652000 |   1270861000 |   1277513000 |   1272443000 |   1279806000 |   1273653000 |   1272766000 |   1178228000 |   1174230000 |   1180833000 |   1177531000 |   1180072000 |   1177126000 |   1178696000 |   1177940000 |    955194200 |    957852700 |    956085200 |    958260700 |    948959100 |    951410900 |    956443000 |    958939400 |   1122122000 |   1128012000 |   1121181000 |   1123403000 |   1125291000 |   1129148000 |   1118651000 |   1118720000 |    968088100 |    970572500 |    967393300 |    966914400 |    965451200 |    972649500 |    965387100 |    962541600 |    957363800 |    961848200 |    959686800 |    956197500 |    952917000 |    956553400 |    953225900 |    951139100 |   1113972000 |   1119105000 |   1123559000 |   1115210000 |   1122551000 |   1120248000 |   1120260000 |   1115696000 |    964580900 |    962782800 |    957185700 |    959880000 |    960352100 |    965467700 |    962096900 |    959761600 |   1133197000 |   1128190000 |   1129162000 |   1135745000 |   1126512000 |   1126248000 |   1124849000 |   1129912000 |   1126871000 |   1123119000 |   1123658000 |   1124721000 |   1132559000 |   1130507000 |   1126123000 |   1133273000 |
+-----------------------------+---------+--------------+--------------+--------------+--------------+--------------+--------------+--------------+--------------+--------------+--------------+--------------+--------------+--------------+--------------+--------------+--------------+--------------+--------------+--------------+--------------+--------------+--------------+--------------+--------------+--------------+--------------+--------------+--------------+--------------+--------------+--------------+--------------+--------------+--------------+--------------+--------------+--------------+--------------+--------------+--------------+--------------+--------------+--------------+--------------+--------------+--------------+--------------+--------------+--------------+--------------+--------------+--------------+--------------+--------------+--------------+--------------+--------------+--------------+--------------+--------------+--------------+--------------+--------------+--------------+--------------+--------------+--------------+--------------+--------------+--------------+--------------+--------------+--------------+--------------+--------------+--------------+--------------+--------------+--------------+--------------+--------------+--------------+--------------+--------------+--------------+--------------+--------------+--------------+--------------+--------------+--------------+--------------+--------------+--------------+--------------+--------------+--------------+--------------+--------------+--------------+--------------+--------------+--------------+--------------+--------------+--------------+--------------+--------------+--------------+--------------+--------------+--------------+--------------+--------------+--------------+--------------+--------------+--------------+--------------+--------------+--------------+--------------+--------------+--------------+--------------+--------------+--------------+--------------+--------------+--------------+--------------+--------------+--------------+--------------+--------------+--------------+--------------+--------------+--------------+--------------+--------------+--------------+--------------+--------------+--------------+--------------+--------------+--------------+--------------+--------------+--------------+--------------+--------------+--------------+--------------+--------------+--------------+--------------+--------------+--------------+

+----------------------------------+---------+----------------+--------------+--------------+--------------+
|               Event              | Counter |       Sum      |      Min     |      Max     |      Avg     |
+----------------------------------+---------+----------------+--------------+--------------+--------------+
|       ACTUAL_CPU_CLOCK STAT      |  FIXC1  | 74875731100000 | 462236000000 | 475945900000 | 467973319375 |
|        MAX_CPU_CLOCK STAT        |  FIXC2  | 53810559300000 | 336158000000 | 337108100000 | 336315995625 |
|     RETIRED_INSTRUCTIONS STAT    |   PMC0  | 95897774700000 | 554892500000 | 632717000000 | 599361091875 |
|     CPU_CLOCKS_UNHALTED STAT     |   PMC1  | 73455052200000 | 453009800000 | 468084500000 | 459094076250 |
|       L2_PF_HIT_IN_L3 STAT       |   PMC2  |  1249185867000 |   6488985000 |   8820122000 | 7.807412e+09 |
|       L2_PF_MISS_IN_L3 STAT      |   PMC3  |   577180020000 |   2936770000 |   4109975000 |   3607375125 |
| L2_CACHE_MISS_AFTER_L1_MISS STAT |   PMC4  |   182446915300 |    948959100 |   1285176000 | 1.140293e+09 |
+----------------------------------+---------+----------------+--------------+--------------+--------------+

+-------------------------+------------+------------+------------+------------+------------+------------+------------+------------+------------+------------+-------------+-------------+-------------+-------------+-------------+-------------+-------------+-------------+-------------+-------------+-------------+-------------+-------------+-------------+-------------+-------------+-------------+-------------+-------------+-------------+-------------+-------------+-------------+-------------+-------------+-------------+-------------+-------------+-------------+-------------+-------------+-------------+-------------+-------------+-------------+-------------+-------------+-------------+-------------+-------------+-------------+-------------+-------------+-------------+-------------+-------------+-------------+-------------+-------------+-------------+-------------+-------------+-------------+-------------+-------------+-------------+-------------+-------------+-------------+-------------+-------------+-------------+-------------+-------------+-------------+-------------+-------------+-------------+-------------+-------------+-------------+-------------+-------------+-------------+-------------+-------------+-------------+-------------+-------------+-------------+-------------+-------------+-------------+-------------+-------------+-------------+-------------+-------------+-------------+-------------+--------------+--------------+--------------+--------------+--------------+--------------+--------------+--------------+--------------+--------------+--------------+--------------+--------------+--------------+--------------+--------------+--------------+--------------+--------------+--------------+--------------+--------------+--------------+--------------+--------------+--------------+--------------+--------------+--------------+--------------+--------------+--------------+--------------+--------------+--------------+--------------+--------------+--------------+--------------+--------------+--------------+--------------+--------------+--------------+--------------+--------------+--------------+--------------+--------------+--------------+--------------+--------------+--------------+--------------+--------------+--------------+--------------+--------------+--------------+--------------+
|          Metric         | HWThread 0 | HWThread 1 | HWThread 2 | HWThread 3 | HWThread 4 | HWThread 5 | HWThread 6 | HWThread 7 | HWThread 8 | HWThread 9 | HWThread 10 | HWThread 11 | HWThread 12 | HWThread 13 | HWThread 14 | HWThread 15 | HWThread 16 | HWThread 17 | HWThread 18 | HWThread 19 | HWThread 20 | HWThread 21 | HWThread 22 | HWThread 23 | HWThread 24 | HWThread 25 | HWThread 26 | HWThread 27 | HWThread 28 | HWThread 29 | HWThread 30 | HWThread 31 | HWThread 32 | HWThread 33 | HWThread 34 | HWThread 35 | HWThread 36 | HWThread 37 | HWThread 38 | HWThread 39 | HWThread 40 | HWThread 41 | HWThread 42 | HWThread 43 | HWThread 44 | HWThread 45 | HWThread 46 | HWThread 47 | HWThread 48 | HWThread 49 | HWThread 50 | HWThread 51 | HWThread 52 | HWThread 53 | HWThread 54 | HWThread 55 | HWThread 56 | HWThread 57 | HWThread 58 | HWThread 59 | HWThread 60 | HWThread 61 | HWThread 62 | HWThread 63 | HWThread 64 | HWThread 65 | HWThread 66 | HWThread 67 | HWThread 68 | HWThread 69 | HWThread 70 | HWThread 71 | HWThread 72 | HWThread 73 | HWThread 74 | HWThread 75 | HWThread 76 | HWThread 77 | HWThread 78 | HWThread 79 | HWThread 80 | HWThread 81 | HWThread 82 | HWThread 83 | HWThread 84 | HWThread 85 | HWThread 86 | HWThread 87 | HWThread 88 | HWThread 89 | HWThread 90 | HWThread 91 | HWThread 92 | HWThread 93 | HWThread 94 | HWThread 95 | HWThread 96 | HWThread 97 | HWThread 98 | HWThread 99 | HWThread 100 | HWThread 101 | HWThread 102 | HWThread 103 | HWThread 104 | HWThread 105 | HWThread 106 | HWThread 107 | HWThread 108 | HWThread 109 | HWThread 110 | HWThread 111 | HWThread 112 | HWThread 113 | HWThread 114 | HWThread 115 | HWThread 116 | HWThread 117 | HWThread 118 | HWThread 119 | HWThread 120 | HWThread 121 | HWThread 122 | HWThread 123 | HWThread 124 | HWThread 125 | HWThread 126 | HWThread 127 | HWThread 128 | HWThread 129 | HWThread 130 | HWThread 131 | HWThread 132 | HWThread 133 | HWThread 134 | HWThread 135 | HWThread 136 | HWThread 137 | HWThread 138 | HWThread 139 | HWThread 140 | HWThread 141 | HWThread 142 | HWThread 143 | HWThread 144 | HWThread 145 | HWThread 146 | HWThread 147 | HWThread 148 | HWThread 149 | HWThread 150 | HWThread 151 | HWThread 152 | HWThread 153 | HWThread 154 | HWThread 155 | HWThread 156 | HWThread 157 | HWThread 158 | HWThread 159 |
+-------------------------+------------+------------+------------+------------+------------+------------+------------+------------+------------+------------+-------------+-------------+-------------+-------------+-------------+-------------+-------------+-------------+-------------+-------------+-------------+-------------+-------------+-------------+-------------+-------------+-------------+-------------+-------------+-------------+-------------+-------------+-------------+-------------+-------------+-------------+-------------+-------------+-------------+-------------+-------------+-------------+-------------+-------------+-------------+-------------+-------------+-------------+-------------+-------------+-------------+-------------+-------------+-------------+-------------+-------------+-------------+-------------+-------------+-------------+-------------+-------------+-------------+-------------+-------------+-------------+-------------+-------------+-------------+-------------+-------------+-------------+-------------+-------------+-------------+-------------+-------------+-------------+-------------+-------------+-------------+-------------+-------------+-------------+-------------+-------------+-------------+-------------+-------------+-------------+-------------+-------------+-------------+-------------+-------------+-------------+-------------+-------------+-------------+-------------+--------------+--------------+--------------+--------------+--------------+--------------+--------------+--------------+--------------+--------------+--------------+--------------+--------------+--------------+--------------+--------------+--------------+--------------+--------------+--------------+--------------+--------------+--------------+--------------+--------------+--------------+--------------+--------------+--------------+--------------+--------------+--------------+--------------+--------------+--------------+--------------+--------------+--------------+--------------+--------------+--------------+--------------+--------------+--------------+--------------+--------------+--------------+--------------+--------------+--------------+--------------+--------------+--------------+--------------+--------------+--------------+--------------+--------------+--------------+--------------+
|   Runtime (RDTSC) [s]   |   142.3720 |   137.8846 |   136.2419 |   144.2075 |   132.0723 |   130.2849 |   143.8851 |   130.0184 |   135.1537 |   132.1800 |    130.9714 |    143.1216 |    130.7582 |    135.1540 |    131.0838 |    139.2360 |    135.4538 |    135.4541 |    138.0638 |    141.3706 |    134.4433 |    144.3185 |    140.4903 |    134.6608 |    143.4573 |    132.9905 |    133.3144 |    142.1409 |    132.3918 |    142.7147 |    133.2192 |    141.9192 |    138.2804 |    137.1211 |    134.2605 |    142.0301 |    134.0431 |    131.5529 |    133.1002 |    131.5531 |    140.2726 |    143.3451 |    137.2971 |    130.6476 |    132.7215 |    143.0094 |    137.4322 |    142.5993 |    132.6132 |    130.3962 |    144.5410 |    130.1090 |    141.8068 |    130.8651 |    139.8025 |    130.2846 |    141.6975 |    132.2853 |    131.4692 |    130.9727 |    129.4863 |    131.3368 |    132.5021 |    129.5443 |    133.4653 |    132.8404 |    132.7217 |    135.8541 |    141.0238 |    141.0243 |    140.0712 |    139.0248 |    131.7862 |    135.6438 |    143.2318 |    131.2270 |    130.5396 |    142.8242 |    131.9145 |    142.8244 |    140.9406 |    141.4760 |    136.3498 |    140.6999 |    139.4443 |    140.8091 |    141.2564 |    144.6521 |    144.0216 |    136.9034 |    134.5518 |    142.3699 |    136.1322 |    137.5814 |    136.9026 |    134.9349 |    144.9813 |    137.0253 |    139.2334 |    140.2723 |     144.7676 |     139.0245 |     140.8073 |     143.8827 |     137.7186 |     138.6059 |     138.6096 |     137.5796 |     138.0656 |     144.3165 |     138.6937 |     137.7182 |     144.9791 |     133.5770 |     138.7804 |     138.4930 |     131.7879 |     138.4914 |     133.7945 |     133.5756 |     139.4413 |     139.5748 |     141.4748 |     131.3369 |     138.2764 |     139.6614 |     139.6622 |     137.2962 |     139.8007 |     129.6939 |     140.0685 |     140.4926 |     143.6714 |     144.7662 |     145.1864 |     135.1517 |     129.6947 |     136.3501 |     136.4593 |     142.3673 |     132.9876 |     129.9041 |     129.9037 |     134.9318 |     135.8504 |     134.0421 |     129.4316 |     134.1703 |     143.4568 |     133.5787 |     142.1416 |     133.7916 |     134.6604 |     143.6709 |     135.7624 |     136.5801 |     136.6721 |     134.6563 |     136.5802 |     135.6399 |
|   Runtime unhalted [s]  |   179.2947 |   177.7881 |   178.0416 |   177.9777 |   177.9842 |   178.0180 |   178.0413 |   178.0163 |   177.9653 |   178.0104 |    177.9643 |    178.0057 |    178.0013 |    178.0023 |    177.9860 |    178.0799 |    177.9777 |    178.0252 |    177.9623 |    177.9587 |    177.9767 |    177.9767 |    177.9581 |    178.0469 |    178.0401 |    177.9998 |    177.9927 |    178.0221 |    178.0118 |    178.0500 |    177.9880 |    178.0006 |    177.9247 |    177.9353 |    177.9480 |    178.0278 |    177.9565 |    177.9228 |    177.9752 |    177.9271 |    177.9504 |    178.0195 |    177.9533 |    177.9541 |    178.0165 |    177.9565 |    177.9683 |    177.9912 |    178.0234 |    178.0598 |    178.0238 |    178.1527 |    178.1472 |    178.0907 |    178.0272 |    178.0312 |    178.0447 |    178.0649 |    178.0534 |    178.1170 |    178.0208 |    177.9682 |    178.0330 |    178.0707 |    178.0733 |    177.9568 |    178.0155 |    178.0902 |    178.1198 |    177.9686 |    178.0533 |    178.0156 |    178.1092 |    178.1537 |    178.0851 |    178.0887 |    178.0622 |    178.0255 |    178.0739 |    178.0497 |    178.0685 |    178.0151 |    177.9995 |    177.9685 |    177.9744 |    178.0298 |    177.9786 |    178.0332 |    178.0899 |    177.9662 |    177.9796 |    178.0057 |    178.0646 |    178.0122 |    177.9871 |    177.9870 |    182.9914 |    183.0134 |    182.9520 |    182.9562 |     183.0191 |     183.0321 |     182.9983 |     182.9761 |     182.9144 |     182.9304 |     182.9407 |     182.8925 |     182.9141 |     182.9382 |     182.8691 |     182.9014 |     182.8990 |     182.8883 |     182.8471 |     182.9266 |     182.9393 |     182.9004 |     182.9059 |     182.9170 |     182.9624 |     182.9342 |     182.9856 |     182.9775 |     182.8838 |     182.9314 |     182.9145 |     183.0062 |     182.9691 |     183.0177 |     182.9706 |     183.0613 |     182.9503 |     183.0123 |     182.9469 |     182.9571 |     182.9416 |     182.9349 |     182.9209 |     182.9733 |     182.9445 |     182.9186 |     182.9739 |     182.9104 |     182.9632 |     182.9279 |     183.0075 |     182.9484 |     182.9719 |     182.9289 |     182.9014 |     182.9848 |     182.9161 |     182.9961 |     182.9431 |     182.8796 |     182.9107 |     182.9432 |     182.9298 |     182.9371 |
|       Clock [MHz]       |  3595.1784 |  3573.3388 |  3578.5013 |  3576.8735 |  3576.9866 |  3578.1264 |  3578.1810 |  3577.9413 |  3576.8596 |  3578.6693 |   3577.6128 |   3578.3890 |   3577.9619 |   3578.1993 |   3577.7282 |   3579.3200 |   3576.9450 |   3578.1010 |   3576.8485 |   3576.7811 |   3577.0576 |   3577.4262 |   3577.0333 |   3578.5708 |   3577.9467 |   3577.2281 |   3577.0742 |   3577.3127 |   3577.3679 |   3578.1100 |   3577.0160 |   3577.3004 |   3577.0898 |   3577.4014 |   3577.0587 |   3579.0369 |   3578.4307 |   3576.6948 |   3578.5474 |   3577.2322 |   3576.7471 |   3578.3478 |   3577.2792 |   3577.1635 |   3578.3261 |   3577.4785 |   3577.0837 |   3578.4055 |   3577.4174 |   3577.6178 |   3575.4404 |   3580.0361 |   3578.4113 |   3578.1828 |   3576.8658 |   3577.6341 |   3578.5924 |   3578.8517 |   3578.8515 |   3580.2534 |   3578.5172 |   3577.6026 |   3578.8464 |   3579.0294 |   3579.6114 |   3577.2389 |   3578.5228 |   3579.4519 |   3580.4461 |   3577.5635 |   3579.3451 |   3577.6713 |   3578.9037 |   3580.3415 |   3578.3426 |   3577.9273 |   3578.0582 |   3578.0442 |   3578.2102 |   3578.0460 |   3579.3341 |   3578.6561 |   3578.3908 |   3577.8833 |   3578.1336 |   3578.8227 |   3577.9617 |   3578.7763 |   3579.6572 |   3577.7002 |   3577.5548 |   3577.8290 |   3578.7529 |   3577.8477 |   3577.6942 |   3577.3600 |   3677.1160 |   3677.7950 |   3676.2696 |   3676.2041 |    3677.6743 |    3677.9494 |    3677.3532 |    3676.3334 |    3677.3735 |    3676.0497 |    3677.5108 |    3676.2654 |    3676.4750 |    3678.1180 |    3676.3139 |    3677.0968 |    3676.4373 |    3676.4198 |    3675.6439 |    3677.1488 |    3677.4166 |    3676.4998 |    3676.4606 |    3676.7259 |    3677.5383 |    3676.5678 |    3678.2615 |    3677.9915 |    3676.1916 |    3676.4914 |    3676.6956 |    3678.4345 |    3677.5762 |    3678.7598 |    3677.8754 |    3679.5099 |    3677.0276 |    3678.3573 |    3677.7134 |    3677.0176 |    3676.8438 |    3676.4313 |    3676.8576 |    3677.5045 |    3676.5378 |    3676.3936 |    3677.6372 |    3676.3505 |    3677.8778 |    3676.3158 |    3677.8910 |    3676.4869 |    3676.8590 |    3676.1840 |    3676.0822 |    3677.1554 |    3676.9023 |    3677.9516 |    3676.9658 |    3676.2604 |    3676.5863 |    3676.9222 |    3677.3766 |    3677.2151 |
|           CPI           |     0.7548 |     0.7649 |     0.7644 |     0.7635 |     0.7641 |     0.7636 |     0.7642 |     0.7645 |     0.7171 |     0.7176 |      0.7185 |      0.7186 |      0.7184 |      0.7191 |      0.7186 |      0.7196 |      0.7588 |      0.7585 |      0.7585 |      0.7589 |      0.7597 |      0.7604 |      0.7595 |      0.7592 |      0.7591 |      0.7603 |      0.7614 |      0.7625 |      0.7611 |      0.7606 |      0.7621 |      0.7616 |      0.7206 |      0.7204 |      0.7196 |      0.7201 |      0.7202 |      0.7190 |      0.7190 |      0.7211 |      0.7557 |      0.7577 |      0.7577 |      0.7556 |      0.7558 |      0.7558 |      0.7580 |      0.7562 |      0.7593 |      0.7588 |      0.7590 |      0.7599 |      0.7598 |      0.7583 |      0.7599 |      0.7586 |      0.7199 |      0.7198 |      0.7197 |      0.7210 |      0.7207 |      0.7202 |      0.7201 |      0.7201 |      0.7576 |      0.7581 |      0.7579 |      0.7583 |      0.7572 |      0.7598 |      0.7579 |      0.7589 |      0.7618 |      0.7608 |      0.7615 |      0.7624 |      0.7613 |      0.7611 |      0.7620 |      0.7630 |      0.7204 |      0.7203 |      0.7213 |      0.7202 |      0.7204 |      0.7195 |      0.7208 |      0.7221 |      0.7561 |      0.7583 |      0.7561 |      0.7573 |      0.7565 |      0.7570 |      0.7567 |      0.7575 |      0.8415 |      0.8416 |      0.8425 |      0.8416 |       0.8431 |       0.8432 |       0.8412 |       0.8413 |       0.7590 |       0.7598 |       0.7593 |       0.7608 |       0.7589 |       0.7592 |       0.7614 |       0.7613 |       0.8356 |       0.8352 |       0.8356 |       0.8359 |       0.8367 |       0.8341 |       0.8365 |       0.8381 |       0.8403 |       0.8402 |       0.8396 |       0.8409 |       0.8423 |       0.8414 |       0.8420 |       0.8427 |       0.7625 |       0.7613 |       0.7597 |       0.7622 |       0.7615 |       0.7624 |       0.7609 |       0.7631 |       0.8371 |       0.8383 |       0.8398 |       0.8392 |       0.8395 |       0.8375 |       0.8372 |       0.8399 |       0.7568 |       0.7573 |       0.7571 |       0.7567 |       0.7581 |       0.7585 |       0.7593 |       0.7572 |       0.7575 |       0.7590 |       0.7584 |       0.7596 |       0.7569 |       0.7584 |       0.7583 |       0.7575 |
| L3 bandwidth [MBytes/s] |  5649.9928 |  5842.1844 |  5915.2340 |  5597.8772 |  6115.1723 |  6195.6066 |  5596.0412 |  6191.8532 |  6656.8809 |  6790.8145 |   6847.3727 |   6251.1400 |   6851.3594 |   6619.0004 |   6836.8908 |   6404.8309 |   6017.9413 |   6013.2192 |   5913.8892 |   5762.3233 |   6052.5519 |   5631.9863 |   5790.1828 |   6042.4258 |   5677.6256 |   6108.5487 |   6085.1747 |   5689.2528 |   6138.0991 |   5685.0977 |   6074.7308 |   5711.3684 |   6447.5722 |   6497.6865 |   6646.6265 |   6267.8013 |   6643.9998 |   6798.0698 |   6715.9624 |   6766.6260 |   5864.7615 |   5703.9308 |   5959.7360 |   6298.9761 |   6188.2734 |   5744.4280 |   5944.6075 |   5750.3483 |   6141.4054 |   6251.4563 |   5642.3385 |   6232.9770 |   5732.4885 |   6238.0295 |   5823.8720 |   6254.4253 |   6303.3258 |   6753.0807 |   6794.3187 |   6793.4920 |   6890.7169 |   6801.0779 |   6732.9411 |   6887.3487 |   6110.5614 |   6142.5487 |   6153.9132 |   6010.5064 |   5801.5467 |   5769.8597 |   5833.1304 |   5856.3079 |   6139.6705 |   5968.3674 |   5652.5642 |   6165.4214 |   6212.2937 |   5675.9367 |   6132.5463 |   5654.4485 |   6323.8488 |   6300.3724 |   6536.6025 |   6343.7677 |   6398.6116 |   6350.0164 |   6305.7723 |   6144.7417 |   5694.6516 |   5960.8166 |   6102.9136 |   5748.3031 |   6020.9769 |   5950.1387 |   5983.9308 |   6058.7875 |   4666.9271 |   4934.0703 |   4856.4950 |   4832.6155 |    4654.5598 |    4852.6261 |    4809.1707 |    4705.4665 |    5933.7818 |    5893.1734 |    5895.5713 |    5925.4631 |    5936.4156 |    5662.1790 |    5867.4954 |    5902.0036 |    4732.7751 |    5139.9721 |    4944.8925 |    4943.6646 |    5192.2262 |    4966.9522 |    5114.8258 |    5096.2331 |    4862.7387 |    4860.4621 |    4803.9731 |    5150.6327 |    4889.3700 |    4849.3790 |    4843.8763 |    4907.1641 |    5805.9374 |    6275.5563 |    5833.4205 |    5775.0665 |    5667.7891 |    5611.6074 |    5614.5168 |    5994.1310 |    5263.1156 |    4996.0409 |    4975.3392 |    4767.0956 |    5111.4454 |    5249.5655 |    5244.9151 |    5028.9937 |    6054.7647 |    6126.1675 |    6346.6606 |    6134.3708 |    5721.2106 |    6128.2163 |    5752.9017 |    6126.3235 |    6092.5086 |    5691.2148 |    6031.3022 |    5990.4940 |    6025.0511 |    6084.9209 |    6002.5394 |    6043.7961 |
| L3 data volume [GBytes] |   804.4008 |   805.5473 |   805.9027 |   807.2559 |   807.6449 |   807.1940 |   805.1869 |   805.0548 |   899.7021 |   897.6099 |    896.8100 |    894.6732 |    895.8714 |    894.5844 |    896.2056 |    891.7830 |    815.1530 |    814.5152 |    816.4940 |    814.6231 |    813.7251 |    812.7998 |    813.4645 |    813.6779 |    814.4968 |    812.3789 |    811.2414 |    808.6755 |    812.6340 |    811.3470 |    809.2708 |    810.5528 |    891.5729 |    890.9699 |    892.3794 |    890.2164 |    890.5823 |    894.3058 |    893.8959 |    890.1706 |    822.6653 |    817.6305 |    818.2545 |    822.9461 |    821.3169 |    821.5072 |    816.9805 |    819.9956 |    814.4314 |    815.1661 |    815.5492 |    810.9664 |    812.9059 |    816.3404 |    814.1919 |    814.8553 |    893.1655 |    893.3333 |    893.2436 |    889.7620 |    892.2534 |    893.2318 |    892.1288 |    892.2168 |    815.5479 |    815.9786 |    816.7578 |    816.5519 |    818.1562 |    813.6904 |    817.0536 |    814.1720 |    809.1238 |    809.5720 |    809.6269 |    809.0698 |    810.9503 |    810.6611 |    808.9718 |    807.5932 |    891.2870 |    891.3515 |    891.2644 |    892.5675 |    892.2499 |    894.1401 |    890.7307 |    888.8498 |    820.1528 |    816.0561 |    821.1580 |    818.3853 |    819.6488 |    818.6284 |    819.2157 |    817.5419 |    676.6172 |    676.0925 |    676.1863 |    677.8821 |     673.8294 |     674.6339 |     677.1663 |     677.0352 |     817.1921 |     816.8286 |     817.1828 |     815.2228 |     819.6148 |     817.1459 |     813.7846 |     812.8133 |     686.1535 |     686.5820 |     686.2542 |     684.6629 |     684.2726 |     687.8802 |     684.3356 |     680.7324 |     678.0666 |     678.3980 |     679.6411 |     676.4681 |     676.0845 |     677.2711 |     676.5064 |     673.7350 |     811.6741 |     813.9014 |     817.0785 |     811.3541 |     814.2992 |     812.3711 |     815.1515 |     810.1170 |     682.5982 |     681.2107 |     678.9313 |     678.6785 |     679.7589 |     681.9401 |     681.3339 |     678.5712 |     822.5422 |     821.1644 |     821.4584 |     823.0504 |     820.7466 |     818.5992 |     817.7267 |     819.6506 |     820.4196 |     817.6620 |     818.8241 |     818.1823 |     823.4564 |     819.3729 |     819.8280 |     819.7799 |
+-------------------------+------------+------------+------------+------------+------------+------------+------------+------------+------------+------------+-------------+-------------+-------------+-------------+-------------+-------------+-------------+-------------+-------------+-------------+-------------+-------------+-------------+-------------+-------------+-------------+-------------+-------------+-------------+-------------+-------------+-------------+-------------+-------------+-------------+-------------+-------------+-------------+-------------+-------------+-------------+-------------+-------------+-------------+-------------+-------------+-------------+-------------+-------------+-------------+-------------+-------------+-------------+-------------+-------------+-------------+-------------+-------------+-------------+-------------+-------------+-------------+-------------+-------------+-------------+-------------+-------------+-------------+-------------+-------------+-------------+-------------+-------------+-------------+-------------+-------------+-------------+-------------+-------------+-------------+-------------+-------------+-------------+-------------+-------------+-------------+-------------+-------------+-------------+-------------+-------------+-------------+-------------+-------------+-------------+-------------+-------------+-------------+-------------+-------------+--------------+--------------+--------------+--------------+--------------+--------------+--------------+--------------+--------------+--------------+--------------+--------------+--------------+--------------+--------------+--------------+--------------+--------------+--------------+--------------+--------------+--------------+--------------+--------------+--------------+--------------+--------------+--------------+--------------+--------------+--------------+--------------+--------------+--------------+--------------+--------------+--------------+--------------+--------------+--------------+--------------+--------------+--------------+--------------+--------------+--------------+--------------+--------------+--------------+--------------+--------------+--------------+--------------+--------------+--------------+--------------+--------------+--------------+--------------+--------------+

+------------------------------+-------------+-----------+-----------+-----------+
|            Metric            |     Sum     |    Min    |    Max    |    Avg    |
+------------------------------+-------------+-----------+-----------+-----------+
|   Runtime (RDTSC) [s] STAT   |  21938.6709 |  129.4316 |  145.1864 |  137.1167 |
|   Runtime unhalted [s] STAT  |  28799.1731 |  177.7881 |  183.0613 |  179.9948 |
|       Clock [MHz] STAT       | 578834.7887 | 3573.3388 | 3679.5099 | 3617.7174 |
|           CPI STAT           |    122.8029 |    0.7171 |    0.8432 |    0.7675 |
| L3 bandwidth [MBytes/s] STAT | 938967.3752 | 4654.5598 | 6890.7169 | 5868.5461 |
| L3 data volume [GBytes] STAT | 128564.0189 |  673.7350 |  899.7021 |  803.5251 |
+------------------------------+-------------+-----------+-----------+-----------+

