INFO: You are running LIKWID in a cpuset with 176 CPUs. Taking given IDs as logical ID in cpuset
--------------------------------------------------------------------------------
CPU name:	AMD EPYC 9A14 96-Core Processor                
CPU type:	AMD K19 (Zen4) architecture
CPU clock:	2.60 GHz
--------------------------------------------------------------------------------
Sys.CPU_THREADS       192
SLURM_CPUS_PER_TASK   176
OMP_NUM_THREADS       176
OMP_PROC_BIND         close
OMP_PLACES            cores
BLAS_NUM_THREADS      1
Threads.nthreads()    1

Successfully read data from: /public/home/halili/jld2file/6-31g/o2-1.0-6-31g.jld2
  name: o2
  ratio: 1.0
  basis: 6-31g
  nα: 8, nβ: 8, ne: 16, norb: 18, nq: 36

  ngs: 4266
  ncs: 22543

Warming up JIT and Hardware...
Warm-up completed.
  Step 001:  residual: 9.5235e-01,  e: -149.45320229675252
  Step 002:  residual: 7.0900e-01,  e: -149.59391697072749
  Step 003:  residual: 3.4390e-01,  e: -149.71881382605270
  Step 004:  residual: 1.3670e-01,  e: -149.74155494323890
  Step 005:  residual: 5.6781e-02,  e: -149.74486722652523
  Step 006:  residual: 3.0719e-02,  e: -149.74550118255203
  Step 007:  residual: 2.2745e-02,  e: -149.74573279555543
  Step 008:  residual: 2.6203e-02,  e: -149.74592799688463
  Step 009:  residual: 3.4719e-02,  e: -149.74623194412757
  Step 010:  residual: 2.6370e-02,  e: -149.74654741412743
  Step 011:  residual: 1.1805e-02,  e: -149.74665437187539
  Step 012:  residual: 4.6480e-03,  e: -149.74667295627057
  Step 013:  residual: 1.7886e-03,  e: -149.74667552118399
  Step 014:  residual: 6.8126e-04,  e: -149.74667587808690
  Step 015:  residual: 2.5621e-04,  e: -149.74667592692697
  Step 016:  residual: 9.5094e-05,  e: -149.74667593407491
  Step 017:  residual: 3.6656e-05,  e: -149.74667593511427
  Step 018:  residual: 1.4803e-05,  e: -149.74667593526775
  Step 019:  residual: 6.2970e-06,  e: -149.74667593529435

Convergence reached!
158.582215 seconds (7.21 M allocations: 69.917 GiB, 0.22% gc time, 1.22% compilation time)
--------------------------------------------------------------------------------
Region hvec_direct_agg, Group 1: L3
+-------------------+------------+------------+------------+------------+------------+------------+------------+------------+------------+------------+-------------+-------------+-------------+-------------+-------------+-------------+-------------+-------------+-------------+-------------+-------------+-------------+-------------+-------------+-------------+-------------+-------------+-------------+-------------+-------------+-------------+-------------+-------------+-------------+-------------+-------------+-------------+-------------+-------------+-------------+-------------+-------------+-------------+-------------+-------------+-------------+-------------+-------------+-------------+-------------+-------------+-------------+-------------+-------------+-------------+-------------+-------------+-------------+-------------+-------------+-------------+-------------+-------------+-------------+-------------+-------------+-------------+-------------+-------------+-------------+-------------+-------------+-------------+-------------+-------------+-------------+-------------+-------------+-------------+-------------+-------------+-------------+-------------+-------------+-------------+-------------+-------------+-------------+-------------+-------------+-------------+-------------+-------------+-------------+-------------+-------------+-------------+-------------+-------------+-------------+--------------+--------------+--------------+--------------+--------------+--------------+--------------+--------------+--------------+--------------+--------------+--------------+--------------+--------------+--------------+--------------+--------------+--------------+--------------+--------------+--------------+--------------+--------------+--------------+--------------+--------------+--------------+--------------+--------------+--------------+--------------+--------------+--------------+--------------+--------------+--------------+--------------+--------------+--------------+--------------+--------------+--------------+--------------+--------------+--------------+--------------+--------------+--------------+--------------+--------------+--------------+--------------+--------------+--------------+--------------+--------------+--------------+--------------+--------------+--------------+--------------+--------------+--------------+--------------+--------------+--------------+--------------+--------------+--------------+--------------+--------------+--------------+--------------+--------------+--------------+--------------+
|    Region Info    | HWThread 0 | HWThread 1 | HWThread 2 | HWThread 3 | HWThread 4 | HWThread 5 | HWThread 6 | HWThread 7 | HWThread 8 | HWThread 9 | HWThread 10 | HWThread 11 | HWThread 12 | HWThread 13 | HWThread 14 | HWThread 15 | HWThread 16 | HWThread 17 | HWThread 18 | HWThread 19 | HWThread 20 | HWThread 21 | HWThread 22 | HWThread 23 | HWThread 24 | HWThread 25 | HWThread 26 | HWThread 27 | HWThread 28 | HWThread 29 | HWThread 30 | HWThread 31 | HWThread 32 | HWThread 33 | HWThread 34 | HWThread 35 | HWThread 36 | HWThread 37 | HWThread 38 | HWThread 39 | HWThread 40 | HWThread 41 | HWThread 42 | HWThread 43 | HWThread 44 | HWThread 45 | HWThread 46 | HWThread 47 | HWThread 48 | HWThread 49 | HWThread 50 | HWThread 51 | HWThread 52 | HWThread 53 | HWThread 54 | HWThread 55 | HWThread 56 | HWThread 57 | HWThread 58 | HWThread 59 | HWThread 60 | HWThread 61 | HWThread 62 | HWThread 63 | HWThread 64 | HWThread 65 | HWThread 66 | HWThread 67 | HWThread 68 | HWThread 69 | HWThread 70 | HWThread 71 | HWThread 72 | HWThread 73 | HWThread 74 | HWThread 75 | HWThread 76 | HWThread 77 | HWThread 78 | HWThread 79 | HWThread 80 | HWThread 81 | HWThread 82 | HWThread 83 | HWThread 84 | HWThread 85 | HWThread 86 | HWThread 87 | HWThread 88 | HWThread 89 | HWThread 90 | HWThread 91 | HWThread 92 | HWThread 93 | HWThread 94 | HWThread 95 | HWThread 96 | HWThread 97 | HWThread 98 | HWThread 99 | HWThread 100 | HWThread 101 | HWThread 102 | HWThread 103 | HWThread 104 | HWThread 105 | HWThread 106 | HWThread 107 | HWThread 108 | HWThread 109 | HWThread 110 | HWThread 111 | HWThread 112 | HWThread 113 | HWThread 114 | HWThread 115 | HWThread 116 | HWThread 117 | HWThread 118 | HWThread 119 | HWThread 120 | HWThread 121 | HWThread 122 | HWThread 123 | HWThread 124 | HWThread 125 | HWThread 126 | HWThread 127 | HWThread 128 | HWThread 129 | HWThread 130 | HWThread 131 | HWThread 132 | HWThread 133 | HWThread 134 | HWThread 135 | HWThread 136 | HWThread 137 | HWThread 138 | HWThread 139 | HWThread 140 | HWThread 141 | HWThread 142 | HWThread 143 | HWThread 144 | HWThread 145 | HWThread 146 | HWThread 147 | HWThread 148 | HWThread 149 | HWThread 150 | HWThread 151 | HWThread 152 | HWThread 153 | HWThread 154 | HWThread 155 | HWThread 156 | HWThread 157 | HWThread 158 | HWThread 159 | HWThread 160 | HWThread 161 | HWThread 162 | HWThread 163 | HWThread 164 | HWThread 165 | HWThread 166 | HWThread 167 | HWThread 168 | HWThread 169 | HWThread 170 | HWThread 171 | HWThread 172 | HWThread 173 | HWThread 174 | HWThread 175 |
+-------------------+------------+------------+------------+------------+------------+------------+------------+------------+------------+------------+-------------+-------------+-------------+-------------+-------------+-------------+-------------+-------------+-------------+-------------+-------------+-------------+-------------+-------------+-------------+-------------+-------------+-------------+-------------+-------------+-------------+-------------+-------------+-------------+-------------+-------------+-------------+-------------+-------------+-------------+-------------+-------------+-------------+-------------+-------------+-------------+-------------+-------------+-------------+-------------+-------------+-------------+-------------+-------------+-------------+-------------+-------------+-------------+-------------+-------------+-------------+-------------+-------------+-------------+-------------+-------------+-------------+-------------+-------------+-------------+-------------+-------------+-------------+-------------+-------------+-------------+-------------+-------------+-------------+-------------+-------------+-------------+-------------+-------------+-------------+-------------+-------------+-------------+-------------+-------------+-------------+-------------+-------------+-------------+-------------+-------------+-------------+-------------+-------------+-------------+--------------+--------------+--------------+--------------+--------------+--------------+--------------+--------------+--------------+--------------+--------------+--------------+--------------+--------------+--------------+--------------+--------------+--------------+--------------+--------------+--------------+--------------+--------------+--------------+--------------+--------------+--------------+--------------+--------------+--------------+--------------+--------------+--------------+--------------+--------------+--------------+--------------+--------------+--------------+--------------+--------------+--------------+--------------+--------------+--------------+--------------+--------------+--------------+--------------+--------------+--------------+--------------+--------------+--------------+--------------+--------------+--------------+--------------+--------------+--------------+--------------+--------------+--------------+--------------+--------------+--------------+--------------+--------------+--------------+--------------+--------------+--------------+--------------+--------------+--------------+--------------+
| RDTSC Runtime [s] | 141.729700 | 138.950900 | 140.201800 | 139.877300 | 141.070000 | 140.848600 | 140.201300 | 137.553100 | 127.152900 | 141.807400 |  140.483200 |  129.569300 |  128.846500 |  128.846900 |  137.018700 |  136.513800 |  127.503400 |  139.060200 |  128.706600 |  140.089400 |  130.208500 |  128.601200 |  128.601100 |  127.707800 |  141.318800 |  143.297000 |  138.672600 |  138.673800 |  143.456000 |  139.438000 |  141.437200 |  143.385500 |  128.423600 |  130.870600 |  128.423500 |  130.580600 |  139.984000 |  129.461100 |  127.921200 |  130.870700 |  138.279300 |  138.847400 |  141.067400 |  138.277700 |  138.564100 |  141.178900 |  143.596900 |  140.960600 |  137.235400 |  139.593200 |  139.270200 |  139.378300 |  139.591600 |  128.297800 |  129.351700 |  139.164100 |  126.855500 |  137.128000 |  137.873800 |  138.070200 |  137.659400 |  134.468000 |  137.986000 |  138.137900 |  131.126100 |  142.422800 |  137.764700 |  134.989400 |  139.162800 |  136.695900 |  141.993500 |  137.443200 |  140.366100 |  142.935500 |  141.607800 |  143.159400 |  143.596600 |  138.455500 |  143.066600 |  143.159300 |  139.767100 |  132.016900 |  136.911600 |  140.667900 |  133.551100 |  137.338300 |  129.024800 |  140.666600 |  137.874000 |  132.398800 |  129.673200 |  129.230400 |  131.820000 |  131.819600 |  127.277600 |  136.807300 |  142.640900 |  142.641600 |  133.890800 |  133.677400 |   133.046400 |   133.047900 |   133.674700 |   133.888600 |   134.467100 |   131.234900 |   134.222700 |   131.363700 |   134.222500 |   133.674100 |   131.364600 |   142.208800 |   132.225400 |   134.107000 |   134.108100 |   127.706400 |   127.919700 |   132.614700 |   128.037100 |   126.930600 |   142.763400 |   135.210500 |   135.333900 |   134.691200 |   134.817600 |   135.210000 |   135.480100 |   135.336600 |   140.365900 |   131.606300 |   141.607200 |   127.501500 |   141.727300 |   129.996100 |   141.246500 |   127.278900 |   134.691300 |   142.210100 |   130.433800 |   132.838700 |   129.780900 |   126.931700 |   130.206600 |   130.343500 |   136.439500 |   136.166900 |   136.364400 |   135.624600 |   136.291000 |   136.168200 |   142.935500 |   135.626400 |   132.133800 |   131.234100 |   133.163300 |   132.615000 |   131.605800 |   142.422700 |   132.015100 |   132.398300 |   130.579100 |   129.024100 |   129.996800 |   130.577700 |   132.837700 |   133.337100 |   128.129600 |   130.799600 |   134.986400 |   129.779800 |   135.823600 |   133.336300 |   135.944300 |   141.992900 |   135.823100 |   135.942700 |
|     call count    |         19 |         19 |         19 |         19 |         19 |         19 |         19 |         19 |         19 |         19 |          19 |          19 |          19 |          19 |          19 |          19 |          19 |          19 |          19 |          19 |          19 |          19 |          19 |          19 |          19 |          19 |          19 |          19 |          19 |          19 |          19 |          19 |          19 |          19 |          19 |          19 |          19 |          19 |          19 |          19 |          19 |          19 |          19 |          19 |          19 |          19 |          19 |          19 |          19 |          19 |          19 |          19 |          19 |          19 |          19 |          19 |          19 |          19 |          19 |          19 |          19 |          19 |          19 |          19 |          19 |          19 |          19 |          19 |          19 |          19 |          19 |          19 |          19 |          19 |          19 |          19 |          19 |          19 |          19 |          19 |          19 |          19 |          19 |          19 |          19 |          19 |          19 |          19 |          19 |          19 |          19 |          19 |          19 |          19 |          19 |          19 |          19 |          19 |          19 |          19 |           19 |           19 |           19 |           19 |           19 |           19 |           19 |           19 |           19 |           19 |           19 |           19 |           19 |           19 |           19 |           19 |           19 |           19 |           19 |           19 |           19 |           19 |           19 |           19 |           19 |           19 |           19 |           19 |           19 |           19 |           19 |           19 |           19 |           19 |           19 |           19 |           19 |           19 |           19 |           19 |           19 |           19 |           19 |           19 |           19 |           19 |           19 |           19 |           19 |           19 |           19 |           19 |           19 |           19 |           19 |           19 |           19 |           19 |           19 |           19 |           19 |           19 |           19 |           19 |           19 |           19 |           19 |           19 |           19 |           19 |           19 |           19 |           19 |           19 |           19 |           19 |
+-------------------+------------+------------+------------+------------+------------+------------+------------+------------+------------+------------+-------------+-------------+-------------+-------------+-------------+-------------+-------------+-------------+-------------+-------------+-------------+-------------+-------------+-------------+-------------+-------------+-------------+-------------+-------------+-------------+-------------+-------------+-------------+-------------+-------------+-------------+-------------+-------------+-------------+-------------+-------------+-------------+-------------+-------------+-------------+-------------+-------------+-------------+-------------+-------------+-------------+-------------+-------------+-------------+-------------+-------------+-------------+-------------+-------------+-------------+-------------+-------------+-------------+-------------+-------------+-------------+-------------+-------------+-------------+-------------+-------------+-------------+-------------+-------------+-------------+-------------+-------------+-------------+-------------+-------------+-------------+-------------+-------------+-------------+-------------+-------------+-------------+-------------+-------------+-------------+-------------+-------------+-------------+-------------+-------------+-------------+-------------+-------------+-------------+-------------+--------------+--------------+--------------+--------------+--------------+--------------+--------------+--------------+--------------+--------------+--------------+--------------+--------------+--------------+--------------+--------------+--------------+--------------+--------------+--------------+--------------+--------------+--------------+--------------+--------------+--------------+--------------+--------------+--------------+--------------+--------------+--------------+--------------+--------------+--------------+--------------+--------------+--------------+--------------+--------------+--------------+--------------+--------------+--------------+--------------+--------------+--------------+--------------+--------------+--------------+--------------+--------------+--------------+--------------+--------------+--------------+--------------+--------------+--------------+--------------+--------------+--------------+--------------+--------------+--------------+--------------+--------------+--------------+--------------+--------------+--------------+--------------+--------------+--------------+--------------+--------------+

+-----------------------------+---------+--------------+--------------+--------------+--------------+--------------+--------------+--------------+--------------+--------------+--------------+--------------+--------------+--------------+--------------+--------------+--------------+--------------+--------------+--------------+--------------+--------------+--------------+--------------+--------------+--------------+--------------+--------------+--------------+--------------+--------------+--------------+--------------+--------------+--------------+--------------+--------------+--------------+--------------+--------------+--------------+--------------+--------------+--------------+--------------+--------------+--------------+--------------+--------------+--------------+--------------+--------------+--------------+--------------+--------------+--------------+--------------+--------------+--------------+--------------+--------------+--------------+--------------+--------------+--------------+--------------+--------------+--------------+--------------+--------------+--------------+--------------+--------------+--------------+--------------+--------------+--------------+--------------+--------------+--------------+--------------+--------------+--------------+--------------+--------------+--------------+--------------+--------------+--------------+--------------+--------------+--------------+--------------+--------------+--------------+--------------+--------------+--------------+--------------+--------------+--------------+--------------+--------------+--------------+--------------+--------------+--------------+--------------+--------------+--------------+--------------+--------------+--------------+--------------+--------------+--------------+--------------+--------------+--------------+--------------+--------------+--------------+--------------+--------------+--------------+--------------+--------------+--------------+--------------+--------------+--------------+--------------+--------------+--------------+--------------+--------------+--------------+--------------+--------------+--------------+--------------+--------------+--------------+--------------+--------------+--------------+--------------+--------------+--------------+--------------+--------------+--------------+--------------+--------------+--------------+--------------+--------------+--------------+--------------+--------------+--------------+--------------+--------------+--------------+--------------+--------------+--------------+--------------+--------------+--------------+--------------+--------------+--------------+--------------+--------------+--------------+--------------+
|            Event            | Counter |  HWThread 0  |  HWThread 1  |  HWThread 2  |  HWThread 3  |  HWThread 4  |  HWThread 5  |  HWThread 6  |  HWThread 7  |  HWThread 8  |  HWThread 9  |  HWThread 10 |  HWThread 11 |  HWThread 12 |  HWThread 13 |  HWThread 14 |  HWThread 15 |  HWThread 16 |  HWThread 17 |  HWThread 18 |  HWThread 19 |  HWThread 20 |  HWThread 21 |  HWThread 22 |  HWThread 23 |  HWThread 24 |  HWThread 25 |  HWThread 26 |  HWThread 27 |  HWThread 28 |  HWThread 29 |  HWThread 30 |  HWThread 31 |  HWThread 32 |  HWThread 33 |  HWThread 34 |  HWThread 35 |  HWThread 36 |  HWThread 37 |  HWThread 38 |  HWThread 39 |  HWThread 40 |  HWThread 41 |  HWThread 42 |  HWThread 43 |  HWThread 44 |  HWThread 45 |  HWThread 46 |  HWThread 47 |  HWThread 48 |  HWThread 49 |  HWThread 50 |  HWThread 51 |  HWThread 52 |  HWThread 53 |  HWThread 54 |  HWThread 55 |  HWThread 56 |  HWThread 57 |  HWThread 58 |  HWThread 59 |  HWThread 60 |  HWThread 61 |  HWThread 62 |  HWThread 63 |  HWThread 64 |  HWThread 65 |  HWThread 66 |  HWThread 67 |  HWThread 68 |  HWThread 69 |  HWThread 70 |  HWThread 71 |  HWThread 72 |  HWThread 73 |  HWThread 74 |  HWThread 75 |  HWThread 76 |  HWThread 77 |  HWThread 78 |  HWThread 79 |  HWThread 80 |  HWThread 81 |  HWThread 82 |  HWThread 83 |  HWThread 84 |  HWThread 85 |  HWThread 86 |  HWThread 87 |  HWThread 88 |  HWThread 89 |  HWThread 90 |  HWThread 91 |  HWThread 92 |  HWThread 93 |  HWThread 94 |  HWThread 95 |  HWThread 96 |  HWThread 97 |  HWThread 98 |  HWThread 99 | HWThread 100 | HWThread 101 | HWThread 102 | HWThread 103 | HWThread 104 | HWThread 105 | HWThread 106 | HWThread 107 | HWThread 108 | HWThread 109 | HWThread 110 | HWThread 111 | HWThread 112 | HWThread 113 | HWThread 114 | HWThread 115 | HWThread 116 | HWThread 117 | HWThread 118 | HWThread 119 | HWThread 120 | HWThread 121 | HWThread 122 | HWThread 123 | HWThread 124 | HWThread 125 | HWThread 126 | HWThread 127 | HWThread 128 | HWThread 129 | HWThread 130 | HWThread 131 | HWThread 132 | HWThread 133 | HWThread 134 | HWThread 135 | HWThread 136 | HWThread 137 | HWThread 138 | HWThread 139 | HWThread 140 | HWThread 141 | HWThread 142 | HWThread 143 | HWThread 144 | HWThread 145 | HWThread 146 | HWThread 147 | HWThread 148 | HWThread 149 | HWThread 150 | HWThread 151 | HWThread 152 | HWThread 153 | HWThread 154 | HWThread 155 | HWThread 156 | HWThread 157 | HWThread 158 | HWThread 159 | HWThread 160 | HWThread 161 | HWThread 162 | HWThread 163 | HWThread 164 | HWThread 165 | HWThread 166 | HWThread 167 | HWThread 168 | HWThread 169 | HWThread 170 | HWThread 171 | HWThread 172 | HWThread 173 | HWThread 174 | HWThread 175 |
+-----------------------------+---------+--------------+--------------+--------------+--------------+--------------+--------------+--------------+--------------+--------------+--------------+--------------+--------------+--------------+--------------+--------------+--------------+--------------+--------------+--------------+--------------+--------------+--------------+--------------+--------------+--------------+--------------+--------------+--------------+--------------+--------------+--------------+--------------+--------------+--------------+--------------+--------------+--------------+--------------+--------------+--------------+--------------+--------------+--------------+--------------+--------------+--------------+--------------+--------------+--------------+--------------+--------------+--------------+--------------+--------------+--------------+--------------+--------------+--------------+--------------+--------------+--------------+--------------+--------------+--------------+--------------+--------------+--------------+--------------+--------------+--------------+--------------+--------------+--------------+--------------+--------------+--------------+--------------+--------------+--------------+--------------+--------------+--------------+--------------+--------------+--------------+--------------+--------------+--------------+--------------+--------------+--------------+--------------+--------------+--------------+--------------+--------------+--------------+--------------+--------------+--------------+--------------+--------------+--------------+--------------+--------------+--------------+--------------+--------------+--------------+--------------+--------------+--------------+--------------+--------------+--------------+--------------+--------------+--------------+--------------+--------------+--------------+--------------+--------------+--------------+--------------+--------------+--------------+--------------+--------------+--------------+--------------+--------------+--------------+--------------+--------------+--------------+--------------+--------------+--------------+--------------+--------------+--------------+--------------+--------------+--------------+--------------+--------------+--------------+--------------+--------------+--------------+--------------+--------------+--------------+--------------+--------------+--------------+--------------+--------------+--------------+--------------+--------------+--------------+--------------+--------------+--------------+--------------+--------------+--------------+--------------+--------------+--------------+--------------+--------------+--------------+--------------+
|       ACTUAL_CPU_CLOCK      |  FIXC1  | 464279200000 | 460386800000 | 460880700000 | 460923400000 | 460796300000 | 460954100000 | 460978300000 | 461121100000 | 461026100000 | 461176500000 | 461343600000 | 461199200000 | 461399300000 | 461331300000 | 461223400000 | 461235000000 | 461149800000 | 461024100000 | 460856200000 | 461030600000 | 460983100000 | 461084700000 | 460941400000 | 460922600000 | 461121100000 | 461048900000 | 461160900000 | 461054500000 | 461020000000 | 460794700000 | 460907400000 | 460959900000 | 461073900000 | 461222100000 | 461210400000 | 461073400000 | 461128000000 | 461206800000 | 461214900000 | 461030900000 | 461005100000 | 460942000000 | 461028900000 | 460973400000 | 461032700000 | 460993300000 | 461076700000 | 460957000000 | 461120300000 | 460929700000 | 461067900000 | 460896100000 | 461020000000 | 461065900000 | 460950000000 | 460969900000 | 461021100000 | 460897200000 | 460971100000 | 461070400000 | 461035300000 | 460912700000 | 460896200000 | 460921700000 | 461172100000 | 460900000000 | 461054700000 | 460966500000 | 460982200000 | 461018100000 | 461145600000 | 461131900000 | 461144200000 | 460982000000 | 461141500000 | 460883800000 | 461011600000 | 461007400000 | 460925900000 | 460892900000 | 460780200000 | 460984300000 | 460735700000 | 460959200000 | 460915100000 | 460824000000 | 460873800000 | 460839500000 | 460853900000 | 460924500000 | 460908200000 | 461078900000 | 460945100000 | 460900900000 | 460744200000 | 460919900000 | 465816700000 | 465879400000 | 465577200000 | 465478200000 | 465629000000 | 465722900000 | 465731600000 | 465663700000 | 466328500000 | 466092100000 | 466045600000 | 466020700000 | 466032300000 | 466001900000 | 466050200000 | 466629000000 | 465447600000 | 465549800000 | 465630800000 | 465694900000 | 465588300000 | 465533700000 | 465569300000 | 465583700000 | 465912700000 | 465989800000 | 465994000000 | 466052800000 | 465922000000 | 466077600000 | 465960900000 | 465938600000 | 466143600000 | 465758700000 | 466037500000 | 465898100000 | 465884000000 | 466088000000 | 465830300000 | 466207700000 | 465907700000 | 466085200000 | 466056600000 | 466022000000 | 465949000000 | 465984100000 | 465969500000 | 466013800000 | 465733900000 | 465969000000 | 465684100000 | 465764000000 | 465792300000 | 465869600000 | 465796600000 | 465561200000 | 465870000000 | 465921400000 | 465837600000 | 465878200000 | 465793600000 | 465957400000 | 466037200000 | 466107600000 | 465786800000 | 465795500000 | 465759200000 | 465725600000 | 465740800000 | 465730600000 | 465729500000 | 465757700000 | 466120800000 | 466150300000 | 466031600000 | 466130600000 | 465870300000 | 465989400000 | 465953800000 | 465889600000 |
|        MAX_CPU_CLOCK        |  FIXC2  | 330409100000 | 329596000000 | 329713500000 | 329628000000 | 329526500000 | 329559200000 | 329592500000 | 329639800000 | 329674000000 | 329648700000 | 329675700000 | 329647800000 | 329672200000 | 329669800000 | 329667900000 | 329675400000 | 329574200000 | 329498900000 | 329595900000 | 329609000000 | 329591700000 | 329547100000 | 329587100000 | 329590800000 | 329618700000 | 329543800000 | 329560000000 | 329641300000 | 329628700000 | 329596000000 | 329577000000 | 329532300000 | 329652500000 | 329636400000 | 329635500000 | 329688700000 | 329624300000 | 329677000000 | 329642100000 | 329611200000 | 329581500000 | 329627700000 | 329647200000 | 329639600000 | 329600900000 | 329653600000 | 329652000000 | 329653000000 | 329647100000 | 329591100000 | 329606700000 | 329585300000 | 329598800000 | 329577300000 | 329644900000 | 329640200000 | 329566600000 | 329563700000 | 329647300000 | 329592000000 | 329547200000 | 329589000000 | 329549500000 | 329557100000 | 329635000000 | 329625300000 | 329711900000 | 329667600000 | 329679200000 | 329668700000 | 329629000000 | 329629900000 | 329601200000 | 329647800000 | 329613200000 | 329582300000 | 329535800000 | 329661600000 | 329605700000 | 329582100000 | 329491700000 | 329486700000 | 329458100000 | 329455000000 | 329473300000 | 329510400000 | 329433700000 | 329528100000 | 329575600000 | 329579300000 | 329604800000 | 329604500000 | 329640000000 | 329606700000 | 329518400000 | 329542800000 | 329694000000 | 329618900000 | 329619900000 | 329580900000 | 329664500000 | 329602900000 | 329649500000 | 329619600000 | 330421700000 | 329843500000 | 329865600000 | 329743900000 | 329937100000 | 329935200000 | 329749400000 | 330804900000 | 329529000000 | 329523500000 | 329544900000 | 329591800000 | 329544600000 | 329582300000 | 329546900000 | 329522200000 | 329592200000 | 329643700000 | 329652700000 | 329606700000 | 329595000000 | 329800400000 | 329688700000 | 329575700000 | 329596300000 | 329547300000 | 329589300000 | 329628000000 | 329573800000 | 329617200000 | 329590500000 | 329636200000 | 329657400000 | 329654100000 | 329644800000 | 329651300000 | 329656400000 | 329644900000 | 329648000000 | 329649100000 | 329611300000 | 329664200000 | 329596600000 | 329650200000 | 329597500000 | 329651300000 | 329615000000 | 329602400000 | 329622100000 | 329559900000 | 329629000000 | 329670700000 | 329620700000 | 329636500000 | 329662500000 | 329658900000 | 329675700000 | 329663800000 | 329684100000 | 329663600000 | 329688300000 | 329718500000 | 329700000000 | 329667500000 | 329669500000 | 329694300000 | 329659500000 | 329668100000 | 329659000000 | 329655100000 | 329640600000 | 329594800000 |
|     RETIRED_INSTRUCTIONS    |   PMC0  | 545478200000 | 534606000000 | 532713600000 | 534659900000 | 535788200000 | 536576700000 | 534344700000 | 535277900000 | 585736000000 | 585924900000 | 586390100000 | 586636300000 | 586933800000 | 586386300000 | 584867900000 | 586152300000 | 536070300000 | 537989000000 | 536708100000 | 536392000000 | 537186300000 | 535972800000 | 536893300000 | 536201300000 | 533186100000 | 533981800000 | 532617200000 | 532935000000 | 531580500000 | 532090900000 | 531159500000 | 532484300000 | 585085300000 | 585449100000 | 585931000000 | 585258200000 | 584587000000 | 585116300000 | 585244300000 | 586307100000 | 535105900000 | 533593000000 | 532599000000 | 535061000000 | 534254500000 | 533369700000 | 534531000000 | 534197200000 | 534706800000 | 534916200000 | 535548200000 | 533689500000 | 534923300000 | 534792000000 | 534110700000 | 533646700000 | 586769900000 | 587446500000 | 587658800000 | 587969900000 | 588054800000 | 587290100000 | 587120800000 | 587688800000 | 535972300000 | 535299500000 | 535099000000 | 536115200000 | 535635800000 | 536724900000 | 536307600000 | 536799300000 | 531537100000 | 531615700000 | 533422000000 | 532575300000 | 532959800000 | 532840300000 | 531697100000 | 532821000000 | 586222500000 | 586112900000 | 585404900000 | 586555900000 | 586123300000 | 585164500000 | 586223700000 | 585466900000 | 534596000000 | 534622200000 | 535054300000 | 534464000000 | 534597600000 | 533605600000 | 533109300000 | 535466800000 | 507441900000 | 506504500000 | 505763700000 | 506171500000 | 506508800000 | 504738200000 | 504848200000 | 505845700000 | 574859700000 | 575866700000 | 575310400000 | 574569600000 | 575100100000 | 574814200000 | 576019500000 | 574597900000 | 513853500000 | 512857400000 | 514679400000 | 514068200000 | 514363800000 | 512434300000 | 513310100000 | 513114800000 | 508071800000 | 507727800000 | 506628200000 | 508302400000 | 507075500000 | 507188300000 | 506425900000 | 507127900000 | 574056000000 | 572968000000 | 574421600000 | 573635200000 | 573757700000 | 573961800000 | 571835200000 | 572873000000 | 509954200000 | 510169700000 | 508047300000 | 509367900000 | 509131600000 | 509293700000 | 507657600000 | 509133600000 | 511351700000 | 512426100000 | 510783800000 | 510937800000 | 510705700000 | 511403900000 | 510866200000 | 509703900000 | 582043600000 | 581451600000 | 581040600000 | 580871200000 | 581932900000 | 580608600000 | 580339000000 | 580912800000 | 513080600000 | 512344300000 | 511286500000 | 512593700000 | 511849500000 | 511452900000 | 511027300000 | 511989400000 | 577570100000 | 577682900000 | 577296900000 | 578230300000 | 576314000000 | 577540400000 | 576681500000 | 576882100000 |
|     CPU_CLOCKS_UNHALTED     |   PMC1  | 451701600000 | 450605400000 | 450578000000 | 451154000000 | 451108200000 | 451036600000 | 451185000000 | 451373600000 | 450400800000 | 450483800000 | 450570400000 | 450410400000 | 450700000000 | 450787300000 | 450749000000 | 450685700000 | 450842100000 | 451144800000 | 451329400000 | 451134200000 | 451377400000 | 451242300000 | 451208200000 | 451017200000 | 451399900000 | 451902600000 | 451858600000 | 451558000000 | 451735700000 | 451443700000 | 451312500000 | 451186600000 | 450376700000 | 450557300000 | 450855800000 | 450532400000 | 450504800000 | 450705700000 | 450814800000 | 450635000000 | 451385200000 | 450969900000 | 451585800000 | 451523100000 | 451604700000 | 451453100000 | 451424700000 | 451448500000 | 451411400000 | 451523200000 | 451514400000 | 451621700000 | 451739400000 | 451598400000 | 451410700000 | 451653600000 | 450426600000 | 450466500000 | 450536900000 | 450394800000 | 450549700000 | 450435600000 | 450415500000 | 450426600000 | 451369700000 | 451396000000 | 451546800000 | 451601200000 | 451379500000 | 451562100000 | 451866500000 | 451536300000 | 451312300000 | 451419400000 | 451640800000 | 451408200000 | 451352900000 | 451758300000 | 451425800000 | 451247200000 | 449885900000 | 450372500000 | 450124400000 | 450604400000 | 450496600000 | 450316300000 | 450258500000 | 450416500000 | 451051800000 | 451190800000 | 451151200000 | 451514300000 | 450930700000 | 451248200000 | 450904800000 | 451334500000 | 456701600000 | 456960300000 | 456621500000 | 456539800000 | 456842200000 | 456751900000 | 456803400000 | 456816500000 | 455790300000 | 455856000000 | 455690700000 | 455832300000 | 455615100000 | 455746300000 | 455689600000 | 455774400000 | 456476000000 | 456500900000 | 456539300000 | 456635400000 | 456626600000 | 456667100000 | 456700500000 | 456840800000 | 456750300000 | 457398400000 | 457118900000 | 457436500000 | 457394500000 | 457179200000 | 457160900000 | 457307000000 | 455514200000 | 455354400000 | 455830800000 | 455641100000 | 455609800000 | 455758800000 | 455524300000 | 455797900000 | 457118200000 | 457322000000 | 457048300000 | 457122100000 | 457271700000 | 457185200000 | 457181300000 | 457347800000 | 456903300000 | 457163900000 | 457004700000 | 457169600000 | 457092900000 | 457012700000 | 457171100000 | 456802800000 | 455670100000 | 455394300000 | 455624300000 | 455597600000 | 455562700000 | 455606500000 | 455840000000 | 455841000000 | 456836600000 | 456910500000 | 456930800000 | 456938300000 | 456904900000 | 456949300000 | 456795000000 | 456903600000 | 455782500000 | 456186300000 | 455843200000 | 456124700000 | 455586800000 | 455988200000 | 455781500000 | 455636000000 |
|       L2_PF_HIT_IN_L3       |   PMC2  |   6949147000 |   6988907000 |   6968593000 |   6973739000 |   7047549000 |   7077873000 |   6896525000 |   6947978000 |   8120895000 |   8093933000 |   8160002000 |   8206551000 |   8194691000 |   8161958000 |   8100823000 |   8172615000 |   6818667000 |   6982927000 |   7000038000 |   6937815000 |   6995075000 |   6890690000 |   6976420000 |   6895839000 |   6790161000 |   6850174000 |   6806774000 |   6854044000 |   6775951000 |   6841380000 |   6917890000 |   6829222000 |   8075877000 |   8053419000 |   8158218000 |   8193650000 |   8117539000 |   8132753000 |   8168813000 |   8252048000 |   6883237000 |   6842155000 |   6809164000 |   6940527000 |   6858820000 |   6836393000 |   6905739000 |   6890871000 |   6848874000 |   6879869000 |   6959001000 |   6862155000 |   6923908000 |   6891779000 |   6889229000 |   6845082000 |   8077656000 |   8113538000 |   8264215000 |   8258095000 |   8280566000 |   8280532000 |   8239284000 |   8229799000 |   6867849000 |   6854033000 |   6861853000 |   6926093000 |   6989209000 |   6999622000 |   6899375000 |   6968638000 |   6691068000 |   6794807000 |   6909192000 |   6875079000 |   6914830000 |   6886492000 |   6829403000 |   6898371000 |   8154555000 |   8100251000 |   8215529000 |   8177926000 |   8217438000 |   8171860000 |   8226579000 |   8168281000 |   6852626000 |   6849387000 |   6989535000 |   6866435000 |   6903573000 |   6833555000 |   6813004000 |   6934503000 |   6047999000 |   5927306000 |   5975084000 |   6023681000 |   6051933000 |   5862224000 |   5877613000 |   5951090000 |   7557253000 |   7655971000 |   7668815000 |   7638224000 |   7699756000 |   7680428000 |   7726543000 |   7576682000 |   6261740000 |   6191728000 |   6379827000 |   6305815000 |   6347721000 |   6201227000 |   6257970000 |   6219892000 |   6145071000 |   6071698000 |   6042347000 |   6127922000 |   6082085000 |   6105629000 |   6033666000 |   6063132000 |   7588651000 |   7583937000 |   7673743000 |   7669787000 |   7661189000 |   7641475000 |   7538423000 |   7558928000 |   6176189000 |   6168889000 |   6058941000 |   6143146000 |   6150040000 |   6124552000 |   6003726000 |   6073689000 |   6185232000 |   6196032000 |   6190536000 |   6129005000 |   6135681000 |   6214752000 |   6123106000 |   6105824000 |   7920670000 |   7910197000 |   7973327000 |   7923824000 |   8043970000 |   7892655000 |   7840901000 |   7878908000 |   6194517000 |   6148166000 |   6095390000 |   6217114000 |   6159228000 |   6179965000 |   6125503000 |   6146390000 |   7735826000 |   7704341000 |   7759509000 |   7827989000 |   7785451000 |   7839588000 |   7764059000 |   7777317000 |
|       L2_PF_MISS_IN_L3      |   PMC3  |   3274684000 |   3222727000 |   3192845000 |   3203521000 |   3168200000 |   3153241000 |   3235370000 |   3226061000 |   3800945000 |   3814215000 |   3747126000 |   3717083000 |   3723254000 |   3740847000 |   3765380000 |   3726578000 |   3350612000 |   3261735000 |   3228929000 |   3256478000 |   3236039000 |   3276391000 |   3237609000 |   3297151000 |   3286033000 |   3251125000 |   3245783000 |   3223403000 |   3265412000 |   3229583000 |   3120504000 |   3231805000 |   3808956000 |   3827634000 |   3739820000 |   3709641000 |   3754887000 |   3738918000 |   3709906000 |   3670952000 |   3268780000 |   3272067000 |   3282638000 |   3218939000 |   3266862000 |   3271763000 |   3229422000 |   3243098000 |   3286907000 |   3272423000 |   3204916000 |   3263911000 |   3229867000 |   3237957000 |   3243831000 |   3271021000 |   3869229000 |   3855435000 |   3728865000 |   3720383000 |   3709323000 |   3701508000 |   3727752000 |   3742346000 |   3312478000 |   3320730000 |   3306615000 |   3275072000 |   3222590000 |   3224361000 |   3284567000 |   3235563000 |   3324805000 |   3256741000 |   3180547000 |   3209894000 |   3162857000 |   3204422000 |   3218452000 |   3185928000 |   3781159000 |   3812289000 |   3702192000 |   3745053000 |   3707528000 |   3730072000 |   3690433000 |   3738765000 |   3300786000 |   3298546000 |   3182951000 |   3261162000 |   3245467000 |   3285937000 |   3280878000 |   3231516000 |   2864624000 |   2937076000 |   2888072000 |   2860395000 |   2847592000 |   2950494000 |   2941172000 |   2910042000 |   3695892000 |   3617931000 |   3595485000 |   3604756000 |   3577955000 |   3578186000 |   3551278000 |   3630048000 |   2897057000 |   2916508000 |   2794632000 |   2836020000 |   2820684000 |   2906900000 |   2870582000 |   2890488000 |   2814649000 |   2860584000 |   2851912000 |   2810483000 |   2837365000 |   2822692000 |   2863531000 |   2849366000 |   3626011000 |   3615895000 |   3555437000 |   3552711000 |   3559207000 |   3563079000 |   3618518000 |   3598278000 |   2853778000 |   2844355000 |   2886417000 |   2835943000 |   2841158000 |   2865807000 |   2923792000 |   2888608000 |   2873878000 |   2868710000 |   2844098000 |   2902422000 |   2883373000 |   2838093000 |   2896977000 |   2898367000 |   3586334000 |   3571967000 |   3518167000 |   3552206000 |   3480117000 |   3558246000 |   3590272000 |   3565265000 |   2916957000 |   2939374000 |   2956394000 |   2885315000 |   2917124000 |   2898653000 |   2923919000 |   2921755000 |   3623180000 |   3638216000 |   3582870000 |   3539576000 |   3549882000 |   3526608000 |   3560795000 |   3558985000 |
| L2_CACHE_MISS_AFTER_L1_MISS |   PMC4  |   1033110000 |   1031665000 |   1044416000 |   1027000000 |   1030535000 |   1034070000 |   1021795000 |   1026726000 |   1189015000 |   1188508000 |   1188011000 |   1194055000 |   1189289000 |   1191898000 |   1182666000 |   1191013000 |   1024180000 |   1035173000 |   1030891000 |   1030844000 |   1032201000 |   1027438000 |   1031440000 |   1029293000 |   1016891000 |   1020133000 |   1011604000 |   1017478000 |   1008502000 |   1017634000 |   1006841000 |   1016354000 |   1182969000 |   1187157000 |   1185783000 |   1189936000 |   1180745000 |   1189375000 |   1185695000 |   1192102000 |   1022919000 |   1019083000 |   1015076000 |   1029237000 |   1020170000 |   1020029000 |   1020766000 |   1023838000 |   1022980000 |   1025289000 |   1025579000 |   1024485000 |   1024259000 |   1024929000 |   1022135000 |   1023724000 |   1193146000 |   1197850000 |   1197322000 |   1200359000 |   1199241000 |   1201274000 |   1196682000 |   1200338000 |   1023342000 |   1027650000 |   1023816000 |   1030340000 |   1027046000 |   1035484000 |   1027002000 |   1033369000 |   1008967000 |   1012872000 |   1017391000 |   1019398000 |   1016130000 |   1020484000 |   1013433000 |   1021874000 |   1191934000 |   1189928000 |   1188697000 |   1193934000 |   1187603000 |   1191581000 |   1191613000 |   1191881000 |   1024136000 |   1024080000 |   1025272000 |   1022769000 |   1021273000 |   1020937000 |   1016784000 |   1027751000 |    893410700 |    887905400 |    887103900 |    893421600 |    890089600 |    882598800 |    882669600 |    889449000 |   1093315000 |   1103091000 |   1095082000 |   1099471000 |   1096998000 |   1098765000 |   1099188000 |   1093957000 |    915786900 |    911302300 |    919116500 |    916988200 |    916910200 |    909633400 |    913734800 |    911302500 |    898108400 |    896746700 |    892749300 |    900115500 |    893077200 |    894374900 |    891930900 |    895962800 |   1091288000 |   1091468000 |   1091727000 |   1094655000 |   1090374000 |   1093406000 |   1089021000 |   1087167000 |    904258600 |    905579700 |    894029600 |    901481500 |    898021500 |    901796500 |    897820800 |    900059700 |    907457200 |    909456900 |    903616600 |    906774500 |    903291100 |    907469500 |    903896200 |    901325900 |   1121686000 |   1119210000 |   1117533000 |   1120002000 |   1121751000 |   1118271000 |   1112056000 |   1116393000 |    914722900 |    914006300 |    904858300 |    914504200 |    906730700 |    911049600 |    907066500 |    909555600 |   1103888000 |   1102609000 |   1104839000 |   1107473000 |   1100315000 |   1106588000 |   1101028000 |   1103389000 |
+-----------------------------+---------+--------------+--------------+--------------+--------------+--------------+--------------+--------------+--------------+--------------+--------------+--------------+--------------+--------------+--------------+--------------+--------------+--------------+--------------+--------------+--------------+--------------+--------------+--------------+--------------+--------------+--------------+--------------+--------------+--------------+--------------+--------------+--------------+--------------+--------------+--------------+--------------+--------------+--------------+--------------+--------------+--------------+--------------+--------------+--------------+--------------+--------------+--------------+--------------+--------------+--------------+--------------+--------------+--------------+--------------+--------------+--------------+--------------+--------------+--------------+--------------+--------------+--------------+--------------+--------------+--------------+--------------+--------------+--------------+--------------+--------------+--------------+--------------+--------------+--------------+--------------+--------------+--------------+--------------+--------------+--------------+--------------+--------------+--------------+--------------+--------------+--------------+--------------+--------------+--------------+--------------+--------------+--------------+--------------+--------------+--------------+--------------+--------------+--------------+--------------+--------------+--------------+--------------+--------------+--------------+--------------+--------------+--------------+--------------+--------------+--------------+--------------+--------------+--------------+--------------+--------------+--------------+--------------+--------------+--------------+--------------+--------------+--------------+--------------+--------------+--------------+--------------+--------------+--------------+--------------+--------------+--------------+--------------+--------------+--------------+--------------+--------------+--------------+--------------+--------------+--------------+--------------+--------------+--------------+--------------+--------------+--------------+--------------+--------------+--------------+--------------+--------------+--------------+--------------+--------------+--------------+--------------+--------------+--------------+--------------+--------------+--------------+--------------+--------------+--------------+--------------+--------------+--------------+--------------+--------------+--------------+--------------+--------------+--------------+--------------+--------------+--------------+

+----------------------------------+---------+----------------+--------------+--------------+--------------+
|               Event              | Counter |       Sum      |      Min     |      Max     |      Avg     |
+----------------------------------+---------+----------------+--------------+--------------+--------------+
|       ACTUAL_CPU_CLOCK STAT      |  FIXC1  | 81530494100000 | 460386800000 | 466629000000 | 463241443750 |
|        MAX_CPU_CLOCK STAT        |  FIXC2  | 58016228600000 | 329433700000 | 330804900000 | 329637662500 |
|     RETIRED_INSTRUCTIONS STAT    |   PMC0  | 95901811900000 | 504738200000 | 588054800000 | 5.448967e+11 |
|     CPU_CLOCKS_UNHALTED STAT     |   PMC1  | 79820297700000 | 449885900000 | 457436500000 | 453524418750 |
|       L2_PF_HIT_IN_L3 STAT       |   PMC2  |  1244526952000 |   5862224000 |   8280566000 | 7.071176e+09 |
|       L2_PF_MISS_IN_L3 STAT      |   PMC3  |   580402522000 |   2794632000 |   3869229000 | 3.297742e+09 |
| L2_CACHE_MISS_AFTER_L1_MISS STAT |   PMC4  |   182233235000 |    882598800 |   1201274000 | 1.035416e+09 |
+----------------------------------+---------+----------------+--------------+--------------+--------------+

+-------------------------+------------+------------+------------+------------+------------+------------+------------+------------+------------+------------+-------------+-------------+-------------+-------------+-------------+-------------+-------------+-------------+-------------+-------------+-------------+-------------+-------------+-------------+-------------+-------------+-------------+-------------+-------------+-------------+-------------+-------------+-------------+-------------+-------------+-------------+-------------+-------------+-------------+-------------+-------------+-------------+-------------+-------------+-------------+-------------+-------------+-------------+-------------+-------------+-------------+-------------+-------------+-------------+-------------+-------------+-------------+-------------+-------------+-------------+-------------+-------------+-------------+-------------+-------------+-------------+-------------+-------------+-------------+-------------+-------------+-------------+-------------+-------------+-------------+-------------+-------------+-------------+-------------+-------------+-------------+-------------+-------------+-------------+-------------+-------------+-------------+-------------+-------------+-------------+-------------+-------------+-------------+-------------+-------------+-------------+-------------+-------------+-------------+-------------+--------------+--------------+--------------+--------------+--------------+--------------+--------------+--------------+--------------+--------------+--------------+--------------+--------------+--------------+--------------+--------------+--------------+--------------+--------------+--------------+--------------+--------------+--------------+--------------+--------------+--------------+--------------+--------------+--------------+--------------+--------------+--------------+--------------+--------------+--------------+--------------+--------------+--------------+--------------+--------------+--------------+--------------+--------------+--------------+--------------+--------------+--------------+--------------+--------------+--------------+--------------+--------------+--------------+--------------+--------------+--------------+--------------+--------------+--------------+--------------+--------------+--------------+--------------+--------------+--------------+--------------+--------------+--------------+--------------+--------------+--------------+--------------+--------------+--------------+--------------+--------------+
|          Metric         | HWThread 0 | HWThread 1 | HWThread 2 | HWThread 3 | HWThread 4 | HWThread 5 | HWThread 6 | HWThread 7 | HWThread 8 | HWThread 9 | HWThread 10 | HWThread 11 | HWThread 12 | HWThread 13 | HWThread 14 | HWThread 15 | HWThread 16 | HWThread 17 | HWThread 18 | HWThread 19 | HWThread 20 | HWThread 21 | HWThread 22 | HWThread 23 | HWThread 24 | HWThread 25 | HWThread 26 | HWThread 27 | HWThread 28 | HWThread 29 | HWThread 30 | HWThread 31 | HWThread 32 | HWThread 33 | HWThread 34 | HWThread 35 | HWThread 36 | HWThread 37 | HWThread 38 | HWThread 39 | HWThread 40 | HWThread 41 | HWThread 42 | HWThread 43 | HWThread 44 | HWThread 45 | HWThread 46 | HWThread 47 | HWThread 48 | HWThread 49 | HWThread 50 | HWThread 51 | HWThread 52 | HWThread 53 | HWThread 54 | HWThread 55 | HWThread 56 | HWThread 57 | HWThread 58 | HWThread 59 | HWThread 60 | HWThread 61 | HWThread 62 | HWThread 63 | HWThread 64 | HWThread 65 | HWThread 66 | HWThread 67 | HWThread 68 | HWThread 69 | HWThread 70 | HWThread 71 | HWThread 72 | HWThread 73 | HWThread 74 | HWThread 75 | HWThread 76 | HWThread 77 | HWThread 78 | HWThread 79 | HWThread 80 | HWThread 81 | HWThread 82 | HWThread 83 | HWThread 84 | HWThread 85 | HWThread 86 | HWThread 87 | HWThread 88 | HWThread 89 | HWThread 90 | HWThread 91 | HWThread 92 | HWThread 93 | HWThread 94 | HWThread 95 | HWThread 96 | HWThread 97 | HWThread 98 | HWThread 99 | HWThread 100 | HWThread 101 | HWThread 102 | HWThread 103 | HWThread 104 | HWThread 105 | HWThread 106 | HWThread 107 | HWThread 108 | HWThread 109 | HWThread 110 | HWThread 111 | HWThread 112 | HWThread 113 | HWThread 114 | HWThread 115 | HWThread 116 | HWThread 117 | HWThread 118 | HWThread 119 | HWThread 120 | HWThread 121 | HWThread 122 | HWThread 123 | HWThread 124 | HWThread 125 | HWThread 126 | HWThread 127 | HWThread 128 | HWThread 129 | HWThread 130 | HWThread 131 | HWThread 132 | HWThread 133 | HWThread 134 | HWThread 135 | HWThread 136 | HWThread 137 | HWThread 138 | HWThread 139 | HWThread 140 | HWThread 141 | HWThread 142 | HWThread 143 | HWThread 144 | HWThread 145 | HWThread 146 | HWThread 147 | HWThread 148 | HWThread 149 | HWThread 150 | HWThread 151 | HWThread 152 | HWThread 153 | HWThread 154 | HWThread 155 | HWThread 156 | HWThread 157 | HWThread 158 | HWThread 159 | HWThread 160 | HWThread 161 | HWThread 162 | HWThread 163 | HWThread 164 | HWThread 165 | HWThread 166 | HWThread 167 | HWThread 168 | HWThread 169 | HWThread 170 | HWThread 171 | HWThread 172 | HWThread 173 | HWThread 174 | HWThread 175 |
+-------------------------+------------+------------+------------+------------+------------+------------+------------+------------+------------+------------+-------------+-------------+-------------+-------------+-------------+-------------+-------------+-------------+-------------+-------------+-------------+-------------+-------------+-------------+-------------+-------------+-------------+-------------+-------------+-------------+-------------+-------------+-------------+-------------+-------------+-------------+-------------+-------------+-------------+-------------+-------------+-------------+-------------+-------------+-------------+-------------+-------------+-------------+-------------+-------------+-------------+-------------+-------------+-------------+-------------+-------------+-------------+-------------+-------------+-------------+-------------+-------------+-------------+-------------+-------------+-------------+-------------+-------------+-------------+-------------+-------------+-------------+-------------+-------------+-------------+-------------+-------------+-------------+-------------+-------------+-------------+-------------+-------------+-------------+-------------+-------------+-------------+-------------+-------------+-------------+-------------+-------------+-------------+-------------+-------------+-------------+-------------+-------------+-------------+-------------+--------------+--------------+--------------+--------------+--------------+--------------+--------------+--------------+--------------+--------------+--------------+--------------+--------------+--------------+--------------+--------------+--------------+--------------+--------------+--------------+--------------+--------------+--------------+--------------+--------------+--------------+--------------+--------------+--------------+--------------+--------------+--------------+--------------+--------------+--------------+--------------+--------------+--------------+--------------+--------------+--------------+--------------+--------------+--------------+--------------+--------------+--------------+--------------+--------------+--------------+--------------+--------------+--------------+--------------+--------------+--------------+--------------+--------------+--------------+--------------+--------------+--------------+--------------+--------------+--------------+--------------+--------------+--------------+--------------+--------------+--------------+--------------+--------------+--------------+--------------+--------------+
|   Runtime (RDTSC) [s]   |   141.7297 |   138.9509 |   140.2018 |   139.8773 |   141.0700 |   140.8486 |   140.2013 |   137.5531 |   127.1529 |   141.8074 |    140.4832 |    129.5693 |    128.8465 |    128.8469 |    137.0187 |    136.5138 |    127.5034 |    139.0602 |    128.7066 |    140.0894 |    130.2085 |    128.6012 |    128.6011 |    127.7078 |    141.3188 |    143.2970 |    138.6726 |    138.6738 |    143.4560 |    139.4380 |    141.4372 |    143.3855 |    128.4236 |    130.8706 |    128.4235 |    130.5806 |    139.9840 |    129.4611 |    127.9212 |    130.8707 |    138.2793 |    138.8474 |    141.0674 |    138.2777 |    138.5641 |    141.1789 |    143.5969 |    140.9606 |    137.2354 |    139.5932 |    139.2702 |    139.3783 |    139.5916 |    128.2978 |    129.3517 |    139.1641 |    126.8555 |    137.1280 |    137.8738 |    138.0702 |    137.6594 |    134.4680 |    137.9860 |    138.1379 |    131.1261 |    142.4228 |    137.7647 |    134.9894 |    139.1628 |    136.6959 |    141.9935 |    137.4432 |    140.3661 |    142.9355 |    141.6078 |    143.1594 |    143.5966 |    138.4555 |    143.0666 |    143.1593 |    139.7671 |    132.0169 |    136.9116 |    140.6679 |    133.5511 |    137.3383 |    129.0248 |    140.6666 |    137.8740 |    132.3988 |    129.6732 |    129.2304 |    131.8200 |    131.8196 |    127.2776 |    136.8073 |    142.6409 |    142.6416 |    133.8908 |    133.6774 |     133.0464 |     133.0479 |     133.6747 |     133.8886 |     134.4671 |     131.2349 |     134.2227 |     131.3637 |     134.2225 |     133.6741 |     131.3646 |     142.2088 |     132.2254 |     134.1070 |     134.1081 |     127.7064 |     127.9197 |     132.6147 |     128.0371 |     126.9306 |     142.7634 |     135.2105 |     135.3339 |     134.6912 |     134.8176 |     135.2100 |     135.4801 |     135.3366 |     140.3659 |     131.6063 |     141.6072 |     127.5015 |     141.7273 |     129.9961 |     141.2465 |     127.2789 |     134.6913 |     142.2101 |     130.4338 |     132.8387 |     129.7809 |     126.9317 |     130.2066 |     130.3435 |     136.4395 |     136.1669 |     136.3644 |     135.6246 |     136.2910 |     136.1682 |     142.9355 |     135.6264 |     132.1338 |     131.2341 |     133.1633 |     132.6150 |     131.6058 |     142.4227 |     132.0151 |     132.3983 |     130.5791 |     129.0241 |     129.9968 |     130.5777 |     132.8377 |     133.3371 |     128.1296 |     130.7996 |     134.9864 |     129.7798 |     135.8236 |     133.3363 |     135.9443 |     141.9929 |     135.8231 |     135.9427 |
|   Runtime unhalted [s]  |   178.5692 |   177.0721 |   177.2621 |   177.2785 |   177.2296 |   177.2903 |   177.2996 |   177.3545 |   177.3180 |   177.3758 |    177.4401 |    177.3846 |    177.4615 |    177.4354 |    177.3939 |    177.3983 |    177.3656 |    177.3172 |    177.2526 |    177.3197 |    177.3014 |    177.3405 |    177.2854 |    177.2782 |    177.3545 |    177.3267 |    177.3698 |    177.3289 |    177.3156 |    177.2290 |    177.2723 |    177.2925 |    177.3364 |    177.3934 |    177.3889 |    177.3362 |    177.3572 |    177.3875 |    177.3906 |    177.3198 |    177.3099 |    177.2856 |    177.3191 |    177.2977 |    177.3205 |    177.3054 |    177.3374 |    177.2914 |    177.3542 |    177.2809 |    177.3341 |    177.2680 |    177.3156 |    177.3333 |    177.2887 |    177.2964 |    177.3161 |    177.2684 |    177.2968 |    177.3350 |    177.3215 |    177.2744 |    177.2680 |    177.2778 |    177.3741 |    177.2695 |    177.3290 |    177.2951 |    177.3011 |    177.3149 |    177.3639 |    177.3587 |    177.3634 |    177.3010 |    177.3624 |    177.2632 |    177.3124 |    177.3108 |    177.2794 |    177.2667 |    177.2234 |    177.3019 |    177.2063 |    177.2922 |    177.2753 |    177.2402 |    177.2594 |    177.2462 |    177.2517 |    177.2789 |    177.2726 |    177.3383 |    177.2868 |    177.2698 |    177.2096 |    177.2771 |    179.1605 |    179.1846 |    179.0684 |    179.0303 |     179.0883 |     179.1244 |     179.1278 |     179.1017 |     179.3574 |     179.2664 |     179.2486 |     179.2390 |     179.2434 |     179.2317 |     179.2503 |     179.4729 |     179.0186 |     179.0579 |     179.0890 |     179.1137 |     179.0727 |     179.0517 |     179.0654 |     179.0709 |     179.1974 |     179.2271 |     179.2287 |     179.2513 |     179.2010 |     179.2609 |     179.2160 |     179.2074 |     179.2862 |     179.1382 |     179.2454 |     179.1918 |     179.1864 |     179.2649 |     179.1657 |     179.3109 |     179.1955 |     179.2638 |     179.2528 |     179.2395 |     179.2114 |     179.2249 |     179.2193 |     179.2363 |     179.1287 |     179.2191 |     179.1095 |     179.1402 |     179.1511 |     179.1809 |     179.1528 |     179.0622 |     179.1810 |     179.2008 |     179.1686 |     179.1842 |     179.1516 |     179.2146 |     179.2453 |     179.2724 |     179.1490 |     179.1524 |     179.1384 |     179.1255 |     179.1313 |     179.1274 |     179.1270 |     179.1378 |     179.2775 |     179.2888 |     179.2432 |     179.2812 |     179.1811 |     179.2269 |     179.2132 |     179.1886 |
|       Clock [MHz]       |  3653.4231 |  3631.7311 |  3634.3315 |  3635.6110 |  3635.7280 |  3636.6122 |  3636.4357 |  3637.0402 |  3635.9137 |  3637.3790 |   3638.3989 |   3637.5679 |   3638.8768 |   3638.3670 |   3637.5370 |   3637.5457 |   3637.9906 |   3637.8301 |   3635.4350 |   3636.6662 |   3636.4824 |   3637.7761 |   3636.2042 |   3636.0150 |   3637.2730 |   3637.5301 |   3638.2349 |   3636.4984 |   3636.3652 |   3634.9487 |   3636.0474 |   3636.9548 |   3636.5278 |   3637.8744 |   3637.7920 |   3636.1246 |   3637.2657 |   3637.3057 |   3637.7547 |   3636.6443 |   3636.7685 |   3635.7610 |   3636.2314 |   3635.8774 |   3636.7721 |   3635.8800 |   3636.5554 |   3635.6003 |   3636.9534 |   3636.0677 |   3636.9858 |   3635.8667 |   3636.6951 |   3637.2945 |   3635.6344 |   3635.8432 |   3637.0591 |   3636.1136 |   3635.7744 |   3637.1677 |   3637.3853 |   3635.9568 |   3636.2624 |   3636.3798 |   3637.4954 |   3635.4562 |   3635.7213 |   3635.5142 |   3635.5101 |   3635.9090 |   3637.3526 |   3637.2346 |   3637.6484 |   3635.8548 |   3637.4946 |   3635.8027 |   3637.3241 |   3635.9030 |   3635.8767 |   3635.8767 |   3635.9850 |   3637.6507 |   3636.0046 |   3637.8026 |   3637.2526 |   3636.1242 |   3637.3638 |   3636.0512 |   3635.6408 |   3636.1569 |   3635.7470 |   3637.0968 |   3635.6498 |   3635.6685 |   3635.4063 |   3636.5233 |   3673.4722 |   3674.8037 |   3672.4089 |   3672.0625 |    3672.3206 |    3673.7476 |    3673.2969 |    3673.0945 |    3669.4092 |    3673.9781 |    3673.3654 |    3674.5248 |    3672.4646 |    3672.2462 |    3674.6961 |    3667.5204 |    3672.3994 |    3673.2670 |    3673.6676 |    3673.6505 |    3673.3356 |    3672.4847 |    3673.1601 |    3673.5490 |    3675.3641 |    3675.3980 |    3675.3308 |    3676.3076 |    3675.4063 |    3674.3439 |    3674.6685 |    3675.7525 |    3677.1398 |    3674.6499 |    3676.3810 |    3674.8498 |    3675.3429 |    3676.4681 |    3674.7331 |    3677.2003 |    3674.5978 |    3676.0345 |    3675.9126 |    3675.5673 |    3674.9347 |    3675.3397 |    3675.1900 |    3675.5271 |    3673.7408 |    3675.0054 |    3673.5118 |    3673.5447 |    3674.3553 |    3674.3653 |    3674.1941 |    3672.4777 |    3674.6939 |    3675.7930 |    3674.3614 |    3674.2169 |    3674.1069 |    3675.2228 |    3675.5623 |    3676.1577 |    3673.4403 |    3673.6415 |    3673.1291 |    3673.0925 |    3672.9372 |    3672.5203 |    3672.7177 |    3673.3022 |    3676.1436 |    3676.0997 |    3675.5516 |    3676.2365 |    3674.2850 |    3675.2678 |    3675.1487 |    3675.1529 |
|           CPI           |     0.8281 |     0.8429 |     0.8458 |     0.8438 |     0.8420 |     0.8406 |     0.8444 |     0.8433 |     0.7689 |     0.7688 |      0.7684 |      0.7678 |      0.7679 |      0.7688 |      0.7707 |      0.7689 |      0.8410 |      0.8386 |      0.8409 |      0.8411 |      0.8403 |      0.8419 |      0.8404 |      0.8411 |      0.8466 |      0.8463 |      0.8484 |      0.8473 |      0.8498 |      0.8484 |      0.8497 |      0.8473 |      0.7698 |      0.7696 |      0.7695 |      0.7698 |      0.7706 |      0.7703 |      0.7703 |      0.7686 |      0.8435 |      0.8452 |      0.8479 |      0.8439 |      0.8453 |      0.8464 |      0.8445 |      0.8451 |      0.8442 |      0.8441 |      0.8431 |      0.8462 |      0.8445 |      0.8444 |      0.8452 |      0.8464 |      0.7676 |      0.7668 |      0.7667 |      0.7660 |      0.7662 |      0.7670 |      0.7672 |      0.7664 |      0.8422 |      0.8433 |      0.8439 |      0.8424 |      0.8427 |      0.8413 |      0.8426 |      0.8412 |      0.8491 |      0.8491 |      0.8467 |      0.8476 |      0.8469 |      0.8478 |      0.8490 |      0.8469 |      0.7674 |      0.7684 |      0.7689 |      0.7682 |      0.7686 |      0.7696 |      0.7681 |      0.7693 |      0.8437 |      0.8439 |      0.8432 |      0.8448 |      0.8435 |      0.8457 |      0.8458 |      0.8429 |      0.9000 |      0.9022 |      0.9028 |      0.9019 |       0.9019 |       0.9049 |       0.9048 |       0.9031 |       0.7929 |       0.7916 |       0.7921 |       0.7933 |       0.7922 |       0.7929 |       0.7911 |       0.7932 |       0.8883 |       0.8901 |       0.8870 |       0.8883 |       0.8878 |       0.8912 |       0.8897 |       0.8903 |       0.8990 |       0.9009 |       0.9023 |       0.8999 |       0.9020 |       0.9014 |       0.9027 |       0.9018 |       0.7935 |       0.7947 |       0.7935 |       0.7943 |       0.7941 |       0.7941 |       0.7966 |       0.7956 |       0.8964 |       0.8964 |       0.8996 |       0.8974 |       0.8981 |       0.8977 |       0.9006 |       0.8983 |       0.8935 |       0.8922 |       0.8947 |       0.8948 |       0.8950 |       0.8936 |       0.8949 |       0.8962 |       0.7829 |       0.7832 |       0.7842 |       0.7843 |       0.7828 |       0.7847 |       0.7855 |       0.7847 |       0.8904 |       0.8918 |       0.8937 |       0.8914 |       0.8927 |       0.8934 |       0.8939 |       0.8924 |       0.7891 |       0.7897 |       0.7896 |       0.7888 |       0.7905 |       0.7895 |       0.7904 |       0.7898 |
| L3 bandwidth [MBytes/s] |  5083.2269 |  5178.6000 |  5115.3028 |  5126.4404 |  5102.1633 |  5118.7713 |  5091.5089 |  5211.4344 |  6599.1001 |  5910.7352 |   5965.7589 |   6479.4060 |   6510.5608 |   6504.3163 |   6094.9901 |   6136.9120 |   5618.5276 |   5191.3448 |   5599.0207 |   5128.2165 |   5536.1375 |   5571.0928 |   5596.4530 |   5623.9800 |   5023.8004 |   4967.1078 |   5106.3174 |   5120.4712 |   4929.6743 |   5089.5036 |   4997.9428 |   4944.3799 |   6512.3492 |   6390.7817 |   6520.3374 |   6417.2360 |   5967.8459 |   6456.8194 |   6536.2309 |   6413.7086 |   5172.1111 |   5131.7599 |   5039.0111 |   5178.5428 |   5148.0472 |   5044.6904 |   4972.1082 |   5065.9521 |   5203.9102 |   5124.6421 |   5142.0027 |   5120.1318 |   5124.9085 |   5564.3866 |   5519.3127 |   5123.0808 |   6629.2907 |   6145.1831 |   6122.8872 |   6108.8169 |   6131.8320 |   6274.5939 |   6105.5321 |   6102.8792 |   5468.2845 |   5033.9864 |   5199.4900 |   5324.9834 |   5168.6663 |   5271.5984 |   5053.0511 |   5232.7396 |   5026.7818 |   4954.1428 |   5019.8952 |   4964.2548 |   4944.4366 |   5136.1591 |   4948.2020 |   4965.0639 |   6011.2106 |   6351.8985 |   6126.6595 |   5967.8323 |   6283.7702 |   6101.6106 |   6502.2538 |   5959.7042 |   5188.5277 |   5400.4178 |   5526.6355 |   5522.1018 |   5423.3047 |   5408.8122 |   5586.8639 |   5236.5720 |   4399.7630 |   4375.6267 |   4660.6386 |   4681.1192 |    4709.1491 |    4663.7360 |    4644.8063 |    4660.8687 |    5876.3329 |    6035.9520 |    5893.1943 |    6013.2050 |    5900.5113 |    5916.4210 |    6030.0003 |    5535.8316 |    4876.3201 |    4781.6330 |    4816.9263 |    5040.9743 |    5045.8231 |    4834.5822 |    5019.6885 |    5053.0580 |    4419.2070 |    4652.4333 |    4628.3195 |    4674.8809 |    4658.1584 |    4649.4530 |    4624.3263 |    4638.3720 |    5610.9126 |    5977.2458 |    5568.4884 |    6182.6550 |    5559.1921 |    6054.5619 |    5548.7504 |    6156.8718 |    4720.3527 |    4463.8511 |    4827.8959 |    4760.3335 |    4876.7580 |    4987.7056 |    4829.4148 |    4842.5186 |    4675.0413 |    4687.9875 |    4664.3262 |    4689.7458 |    4659.3692 |    4681.4170 |    4443.5054 |    4674.2602 |    6116.8010 |    6145.4145 |    6060.0611 |    6078.8451 |    6149.6806 |    5648.1657 |    6080.8700 |    6071.6506 |    4914.0835 |    4961.0806 |    4901.8523 |    4909.5958 |    4809.7588 |    4794.9050 |    4973.2089 |    4882.0703 |    5908.9302 |    6137.2465 |    5865.1218 |    5987.8850 |    5854.4674 |    5621.8175 |    5855.0898 |    5856.4397 |
| L3 data volume [GBytes] |   720.4442 |   719.5711 |   717.1747 |   717.0726 |   719.7622 |   720.9718 |   713.8362 |   716.8490 |   839.0947 |   838.1860 |    838.0889 |    839.5321 |    838.8630 |    838.0610 |    835.1276 |    837.7732 |    716.3814 |    721.9094 |    720.6309 |    718.4088 |    720.8522 |    716.4492 |    719.7100 |    718.2261 |    709.9574 |    711.7716 |    708.1063 |    710.0752 |    707.1914 |    709.6702 |    706.8950 |    708.9524 |    836.3393 |    836.3654 |    837.3645 |    837.9665 |    835.4029 |    835.9069 |    836.1225 |    839.3665 |    715.1959 |    712.5315 |    710.8402 |    716.0770 |    713.3345 |    712.2038 |    713.9793 |    714.0996 |    714.1607 |    715.3652 |    716.1277 |    713.6353 |    715.3942 |    713.8986 |    713.9325 |    712.9489 |    840.9620 |    842.6767 |    844.1857 |    843.4456 |    844.1043 |    843.7321 |    842.4780 |    843.0389 |    717.0348 |    716.9544 |    716.3062 |    718.8163 |    719.2861 |    720.6059 |    717.5004 |    719.2045 |    705.5898 |    708.1229 |    710.8563 |    710.6797 |    710.0043 |    711.1295 |    707.9224 |    710.7951 |    840.1695 |    838.5580 |    838.8108 |    839.4824 |    839.2044 |    837.9848 |    838.9520 |    838.3313 |    715.3631 |    715.0088 |    716.6565 |    713.6234 |    714.9000 |    712.9875 |    711.0826 |    716.4013 |    627.5862 |    624.1464 |    624.0166 |    625.7598 |     626.5353 |     620.5003 |     620.8931 |     624.0372 |     790.1734 |     792.1276 |     791.0004 |     789.9169 |     791.9814 |     790.8723 |     792.1286 |     787.2440 |     644.7734 |     641.2505 |     645.9888 |     643.7647 |     645.4602 |     641.1367 |     642.7064 |     641.3877 |     630.9010 |     629.0578 |     626.3685 |     629.6653 |     628.0017 |     628.6525 |     626.5042 |     627.7415 |     787.5808 |     786.6432 |     788.5380 |     788.2978 |     787.8893 |     787.0694 |     783.7416 |     783.6399 |     635.7904 |     634.8047 |     629.7208 |     632.3565 |     632.9100 |     633.0980 |     628.8217 |     631.1908 |     637.8603 |     638.3487 |     636.0480 |     636.0449 |     635.0301 |     637.4601 |     635.1347 |     633.9531 |     808.2362 |     806.4879 |     806.9777 |     806.1460 |     809.3336 |     804.4270 |     802.7667 |     803.8762 |     641.6766 |     640.0990 |     637.2251 |     641.0837 |     638.9173 |     639.3387 |     637.2153 |     638.5728 |     797.6252 |     796.4906 |     796.6220 |     798.4024 |     795.8815 |     798.2582 |     795.2564 |     796.1402 |
+-------------------------+------------+------------+------------+------------+------------+------------+------------+------------+------------+------------+-------------+-------------+-------------+-------------+-------------+-------------+-------------+-------------+-------------+-------------+-------------+-------------+-------------+-------------+-------------+-------------+-------------+-------------+-------------+-------------+-------------+-------------+-------------+-------------+-------------+-------------+-------------+-------------+-------------+-------------+-------------+-------------+-------------+-------------+-------------+-------------+-------------+-------------+-------------+-------------+-------------+-------------+-------------+-------------+-------------+-------------+-------------+-------------+-------------+-------------+-------------+-------------+-------------+-------------+-------------+-------------+-------------+-------------+-------------+-------------+-------------+-------------+-------------+-------------+-------------+-------------+-------------+-------------+-------------+-------------+-------------+-------------+-------------+-------------+-------------+-------------+-------------+-------------+-------------+-------------+-------------+-------------+-------------+-------------+-------------+-------------+-------------+-------------+-------------+-------------+--------------+--------------+--------------+--------------+--------------+--------------+--------------+--------------+--------------+--------------+--------------+--------------+--------------+--------------+--------------+--------------+--------------+--------------+--------------+--------------+--------------+--------------+--------------+--------------+--------------+--------------+--------------+--------------+--------------+--------------+--------------+--------------+--------------+--------------+--------------+--------------+--------------+--------------+--------------+--------------+--------------+--------------+--------------+--------------+--------------+--------------+--------------+--------------+--------------+--------------+--------------+--------------+--------------+--------------+--------------+--------------+--------------+--------------+--------------+--------------+--------------+--------------+--------------+--------------+--------------+--------------+--------------+--------------+--------------+--------------+--------------+--------------+--------------+--------------+--------------+--------------+

+------------------------------+-------------+-----------+-----------+-----------+
|            Metric            |     Sum     |    Min    |    Max    |    Avg    |
+------------------------------+-------------+-----------+-----------+-----------+
|   Runtime (RDTSC) [s] STAT   |  23825.6283 |  126.8555 |  143.5969 |  135.3729 |
|   Runtime unhalted [s] STAT  |  31357.9256 |  177.0721 |  179.4729 |  178.1700 |
|       Clock [MHz] STAT       | 643066.3671 | 3631.7311 | 3677.2003 | 3653.7862 |
|           CPI STAT           |    146.9360 |    0.7660 |    0.9049 |    0.8349 |
| L3 bandwidth [MBytes/s] STAT | 950233.5457 | 4375.6267 | 6629.2907 | 5399.0542 |
| L3 data volume [GBytes] STAT | 128458.4130 |  620.5003 |  844.1857 |  729.8773 |
+------------------------------+-------------+-----------+-----------+-----------+

