--------------------------------------------------------------------------------
CPU name:	AMD EPYC 9A14 96-Core Processor                
CPU type:	AMD K19 (Zen4) architecture
CPU clock:	2.60 GHz
--------------------------------------------------------------------------------
Sys.CPU_THREADS       192
SLURM_CPUS_PER_TASK   192
OMP_NUM_THREADS       192
OMP_PROC_BIND         close
OMP_PLACES            cores
BLAS_NUM_THREADS      1
Threads.nthreads()    1

Successfully read data from: /public/home/halili/jld2file/6-31g/o2-1.0-6-31g.jld2
  name: o2
  ratio: 1.0
  basis: 6-31g
  nα: 8, nβ: 8, ne: 16, norb: 18, nq: 36

  ngs: 4266
  ncs: 22543

Warming up JIT and Hardware...
Warm-up completed.
  Step 001:  residual: 9.5235e-01,  e: -149.45320229675229
  Step 002:  residual: 7.0900e-01,  e: -149.59391697072724
  Step 003:  residual: 3.4390e-01,  e: -149.71881382605241
  Step 004:  residual: 1.3670e-01,  e: -149.74155494323870
  Step 005:  residual: 5.6781e-02,  e: -149.74486722652500
  Step 006:  residual: 3.0719e-02,  e: -149.74550118255183
  Step 007:  residual: 2.2745e-02,  e: -149.74573279555528
  Step 008:  residual: 2.6203e-02,  e: -149.74592799688438
  Step 009:  residual: 3.4719e-02,  e: -149.74623194412746
  Step 010:  residual: 2.6370e-02,  e: -149.74654741412726
  Step 011:  residual: 1.1805e-02,  e: -149.74665437187525
  Step 012:  residual: 4.6480e-03,  e: -149.74667295627037
  Step 013:  residual: 1.7886e-03,  e: -149.74667552118387
  Step 014:  residual: 6.8126e-04,  e: -149.74667587808668
  Step 015:  residual: 2.5621e-04,  e: -149.74667592692674
  Step 016:  residual: 9.5094e-05,  e: -149.74667593407472
  Step 017:  residual: 3.6656e-05,  e: -149.74667593511401
  Step 018:  residual: 1.4803e-05,  e: -149.74667593526763
  Step 019:  residual: 6.2970e-06,  e: -149.74667593529398

Convergence reached!
160.869726 seconds (7.21 M allocations: 69.917 GiB, 0.29% gc time, 1.23% compilation time)
--------------------------------------------------------------------------------
Region hvec_direct_agg, Group 1: L3
+-------------------+------------+------------+------------+------------+------------+------------+------------+------------+------------+------------+-------------+-------------+-------------+-------------+-------------+-------------+-------------+-------------+-------------+-------------+-------------+-------------+-------------+-------------+-------------+-------------+-------------+-------------+-------------+-------------+-------------+-------------+-------------+-------------+-------------+-------------+-------------+-------------+-------------+-------------+-------------+-------------+-------------+-------------+-------------+-------------+-------------+-------------+-------------+-------------+-------------+-------------+-------------+-------------+-------------+-------------+-------------+-------------+-------------+-------------+-------------+-------------+-------------+-------------+-------------+-------------+-------------+-------------+-------------+-------------+-------------+-------------+-------------+-------------+-------------+-------------+-------------+-------------+-------------+-------------+-------------+-------------+-------------+-------------+-------------+-------------+-------------+-------------+-------------+-------------+-------------+-------------+-------------+-------------+-------------+-------------+-------------+-------------+-------------+-------------+--------------+--------------+--------------+--------------+--------------+--------------+--------------+--------------+--------------+--------------+--------------+--------------+--------------+--------------+--------------+--------------+--------------+--------------+--------------+--------------+--------------+--------------+--------------+--------------+--------------+--------------+--------------+--------------+--------------+--------------+--------------+--------------+--------------+--------------+--------------+--------------+--------------+--------------+--------------+--------------+--------------+--------------+--------------+--------------+--------------+--------------+--------------+--------------+--------------+--------------+--------------+--------------+--------------+--------------+--------------+--------------+--------------+--------------+--------------+--------------+--------------+--------------+--------------+--------------+--------------+--------------+--------------+--------------+--------------+--------------+--------------+--------------+--------------+--------------+--------------+--------------+--------------+--------------+--------------+--------------+--------------+--------------+--------------+--------------+--------------+--------------+--------------+--------------+--------------+--------------+--------------+--------------+
|    Region Info    | HWThread 0 | HWThread 1 | HWThread 2 | HWThread 3 | HWThread 4 | HWThread 5 | HWThread 6 | HWThread 7 | HWThread 8 | HWThread 9 | HWThread 10 | HWThread 11 | HWThread 12 | HWThread 13 | HWThread 14 | HWThread 15 | HWThread 16 | HWThread 17 | HWThread 18 | HWThread 19 | HWThread 20 | HWThread 21 | HWThread 22 | HWThread 23 | HWThread 24 | HWThread 25 | HWThread 26 | HWThread 27 | HWThread 28 | HWThread 29 | HWThread 30 | HWThread 31 | HWThread 32 | HWThread 33 | HWThread 34 | HWThread 35 | HWThread 36 | HWThread 37 | HWThread 38 | HWThread 39 | HWThread 40 | HWThread 41 | HWThread 42 | HWThread 43 | HWThread 44 | HWThread 45 | HWThread 46 | HWThread 47 | HWThread 48 | HWThread 49 | HWThread 50 | HWThread 51 | HWThread 52 | HWThread 53 | HWThread 54 | HWThread 55 | HWThread 56 | HWThread 57 | HWThread 58 | HWThread 59 | HWThread 60 | HWThread 61 | HWThread 62 | HWThread 63 | HWThread 64 | HWThread 65 | HWThread 66 | HWThread 67 | HWThread 68 | HWThread 69 | HWThread 70 | HWThread 71 | HWThread 72 | HWThread 73 | HWThread 74 | HWThread 75 | HWThread 76 | HWThread 77 | HWThread 78 | HWThread 79 | HWThread 80 | HWThread 81 | HWThread 82 | HWThread 83 | HWThread 84 | HWThread 85 | HWThread 86 | HWThread 87 | HWThread 88 | HWThread 89 | HWThread 90 | HWThread 91 | HWThread 92 | HWThread 93 | HWThread 94 | HWThread 95 | HWThread 96 | HWThread 97 | HWThread 98 | HWThread 99 | HWThread 100 | HWThread 101 | HWThread 102 | HWThread 103 | HWThread 104 | HWThread 105 | HWThread 106 | HWThread 107 | HWThread 108 | HWThread 109 | HWThread 110 | HWThread 111 | HWThread 112 | HWThread 113 | HWThread 114 | HWThread 115 | HWThread 116 | HWThread 117 | HWThread 118 | HWThread 119 | HWThread 120 | HWThread 121 | HWThread 122 | HWThread 123 | HWThread 124 | HWThread 125 | HWThread 126 | HWThread 127 | HWThread 128 | HWThread 129 | HWThread 130 | HWThread 131 | HWThread 132 | HWThread 133 | HWThread 134 | HWThread 135 | HWThread 136 | HWThread 137 | HWThread 138 | HWThread 139 | HWThread 140 | HWThread 141 | HWThread 142 | HWThread 143 | HWThread 144 | HWThread 145 | HWThread 146 | HWThread 147 | HWThread 148 | HWThread 149 | HWThread 150 | HWThread 151 | HWThread 152 | HWThread 153 | HWThread 154 | HWThread 155 | HWThread 156 | HWThread 157 | HWThread 158 | HWThread 159 | HWThread 160 | HWThread 161 | HWThread 162 | HWThread 163 | HWThread 164 | HWThread 165 | HWThread 166 | HWThread 167 | HWThread 168 | HWThread 169 | HWThread 170 | HWThread 171 | HWThread 172 | HWThread 173 | HWThread 174 | HWThread 175 | HWThread 176 | HWThread 177 | HWThread 178 | HWThread 179 | HWThread 180 | HWThread 181 | HWThread 182 | HWThread 183 | HWThread 184 | HWThread 185 | HWThread 186 | HWThread 187 | HWThread 188 | HWThread 189 | HWThread 190 | HWThread 191 |
+-------------------+------------+------------+------------+------------+------------+------------+------------+------------+------------+------------+-------------+-------------+-------------+-------------+-------------+-------------+-------------+-------------+-------------+-------------+-------------+-------------+-------------+-------------+-------------+-------------+-------------+-------------+-------------+-------------+-------------+-------------+-------------+-------------+-------------+-------------+-------------+-------------+-------------+-------------+-------------+-------------+-------------+-------------+-------------+-------------+-------------+-------------+-------------+-------------+-------------+-------------+-------------+-------------+-------------+-------------+-------------+-------------+-------------+-------------+-------------+-------------+-------------+-------------+-------------+-------------+-------------+-------------+-------------+-------------+-------------+-------------+-------------+-------------+-------------+-------------+-------------+-------------+-------------+-------------+-------------+-------------+-------------+-------------+-------------+-------------+-------------+-------------+-------------+-------------+-------------+-------------+-------------+-------------+-------------+-------------+-------------+-------------+-------------+-------------+--------------+--------------+--------------+--------------+--------------+--------------+--------------+--------------+--------------+--------------+--------------+--------------+--------------+--------------+--------------+--------------+--------------+--------------+--------------+--------------+--------------+--------------+--------------+--------------+--------------+--------------+--------------+--------------+--------------+--------------+--------------+--------------+--------------+--------------+--------------+--------------+--------------+--------------+--------------+--------------+--------------+--------------+--------------+--------------+--------------+--------------+--------------+--------------+--------------+--------------+--------------+--------------+--------------+--------------+--------------+--------------+--------------+--------------+--------------+--------------+--------------+--------------+--------------+--------------+--------------+--------------+--------------+--------------+--------------+--------------+--------------+--------------+--------------+--------------+--------------+--------------+--------------+--------------+--------------+--------------+--------------+--------------+--------------+--------------+--------------+--------------+--------------+--------------+--------------+--------------+--------------+--------------+
| RDTSC Runtime [s] | 143.274700 | 136.916500 | 135.916000 | 145.408700 | 135.021300 | 135.918000 | 140.364800 | 135.492800 | 145.747600 | 125.692800 |  131.006600 |  131.120700 |  134.429000 |  131.006400 |  142.603700 |  131.812500 |  130.423600 |  132.797800 |  133.029200 |  129.832300 |  130.658400 |  130.073300 |  144.375500 |  132.929900 |  138.193000 |  142.829600 |  138.790400 |  139.812800 |  133.590100 |  139.812100 |  142.827300 |  133.724200 |  130.190200 |  134.799400 |  133.889500 |  128.646000 |  133.891100 |  132.037900 |  132.383200 |  132.381500 |  142.159600 |  142.375900 |  140.936000 |  140.362800 |  141.529000 |  140.480700 |  142.714100 |  141.666500 |  129.004200 |  127.557300 |  145.519600 |  128.247800 |  138.582900 |  126.549600 |  138.584600 |  136.690100 |  137.739500 |  140.752500 |  140.749900 |  130.893100 |  143.018900 |  145.169300 |  135.801500 |  141.285600 |  140.117700 |  144.179600 |  135.246600 |  136.573600 |  132.149200 |  145.962600 |  145.963600 |  145.055300 |  139.249400 |  137.971300 |  136.799900 |  144.944000 |  135.685100 |  134.562500 |  137.028500 |  134.194900 |  140.637500 |  136.332200 |  129.960800 |  145.632500 |  143.725500 |  136.236300 |  143.725100 |  136.428500 |  139.582000 |  141.900200 |  142.015000 |  139.359400 |  139.015700 |  144.715800 |  140.003400 |  141.900800 |  131.262900 |  125.928100 |  132.796000 |  131.263200 |   129.354600 |   143.132200 |   129.356600 |   143.858800 |   136.102000 |   127.785200 |   125.692300 |   139.014500 |   136.103600 |   134.191500 |   126.864600 |   127.911300 |   131.468800 |   142.374100 |   141.662000 |   131.811400 |   145.745000 |   144.049400 |   133.371200 |   144.052200 |   138.191700 |   137.153800 |   137.284100 |   138.191600 |   137.147300 |   145.169200 |   137.361600 |   138.427500 |   144.716100 |   137.965400 |   127.078200 |   143.370700 |   144.486000 |   127.203500 |   127.078000 |   134.797000 |   130.421900 |   137.738900 |   139.577300 |   130.187700 |   131.593500 |   141.054000 |   130.658000 |   142.155200 |   126.551000 |   126.678700 |   128.126600 |   126.864400 |   128.127100 |   140.118200 |   127.914100 |   141.286400 |   128.646600 |   129.134600 |   143.499400 |   139.360700 |   128.441500 |   128.440900 |   132.570400 |   126.141500 |   127.353900 |   125.926300 |   134.000100 |   135.022400 |   135.360000 |   137.514400 |   135.361800 |   127.354300 |   132.150800 |   133.100000 |   143.135700 |   141.051800 |   125.604900 |   137.515600 |   132.572000 |   133.100900 |   126.139900 |   129.558800 |   143.499200 |   129.558500 |   138.790400 |   128.881400 |   129.132400 |   129.678300 |   133.592600 |   127.556900 |   126.353000 |   144.489300 |   131.592700 |   126.355500 |   134.561100 |   133.374700 |
|     call count    |         19 |         19 |         19 |         19 |         19 |         19 |         19 |         19 |         19 |         19 |          19 |          19 |          19 |          19 |          19 |          19 |          19 |          19 |          19 |          19 |          19 |          19 |          19 |          19 |          19 |          19 |          19 |          19 |          19 |          19 |          19 |          19 |          19 |          19 |          19 |          19 |          19 |          19 |          19 |          19 |          19 |          19 |          19 |          19 |          19 |          19 |          19 |          19 |          19 |          19 |          19 |          19 |          19 |          19 |          19 |          19 |          19 |          19 |          19 |          19 |          19 |          19 |          19 |          19 |          19 |          19 |          19 |          19 |          19 |          19 |          19 |          19 |          19 |          19 |          19 |          19 |          19 |          19 |          19 |          19 |          19 |          19 |          19 |          19 |          19 |          19 |          19 |          19 |          19 |          19 |          19 |          19 |          19 |          19 |          19 |          19 |          19 |          19 |          19 |          19 |           19 |           19 |           19 |           19 |           19 |           19 |           19 |           19 |           19 |           19 |           19 |           19 |           19 |           19 |           19 |           19 |           19 |           19 |           19 |           19 |           19 |           19 |           19 |           19 |           19 |           19 |           19 |           19 |           19 |           19 |           19 |           19 |           19 |           19 |           19 |           19 |           19 |           19 |           19 |           19 |           19 |           19 |           19 |           19 |           19 |           19 |           19 |           19 |           19 |           19 |           19 |           19 |           19 |           19 |           19 |           19 |           19 |           19 |           19 |           19 |           19 |           19 |           19 |           19 |           19 |           19 |           19 |           19 |           19 |           19 |           19 |           19 |           19 |           19 |           19 |           19 |           19 |           19 |           19 |           19 |           19 |           19 |           19 |           19 |           19 |           19 |           19 |           19 |           19 |           19 |           19 |           19 |
+-------------------+------------+------------+------------+------------+------------+------------+------------+------------+------------+------------+-------------+-------------+-------------+-------------+-------------+-------------+-------------+-------------+-------------+-------------+-------------+-------------+-------------+-------------+-------------+-------------+-------------+-------------+-------------+-------------+-------------+-------------+-------------+-------------+-------------+-------------+-------------+-------------+-------------+-------------+-------------+-------------+-------------+-------------+-------------+-------------+-------------+-------------+-------------+-------------+-------------+-------------+-------------+-------------+-------------+-------------+-------------+-------------+-------------+-------------+-------------+-------------+-------------+-------------+-------------+-------------+-------------+-------------+-------------+-------------+-------------+-------------+-------------+-------------+-------------+-------------+-------------+-------------+-------------+-------------+-------------+-------------+-------------+-------------+-------------+-------------+-------------+-------------+-------------+-------------+-------------+-------------+-------------+-------------+-------------+-------------+-------------+-------------+-------------+-------------+--------------+--------------+--------------+--------------+--------------+--------------+--------------+--------------+--------------+--------------+--------------+--------------+--------------+--------------+--------------+--------------+--------------+--------------+--------------+--------------+--------------+--------------+--------------+--------------+--------------+--------------+--------------+--------------+--------------+--------------+--------------+--------------+--------------+--------------+--------------+--------------+--------------+--------------+--------------+--------------+--------------+--------------+--------------+--------------+--------------+--------------+--------------+--------------+--------------+--------------+--------------+--------------+--------------+--------------+--------------+--------------+--------------+--------------+--------------+--------------+--------------+--------------+--------------+--------------+--------------+--------------+--------------+--------------+--------------+--------------+--------------+--------------+--------------+--------------+--------------+--------------+--------------+--------------+--------------+--------------+--------------+--------------+--------------+--------------+--------------+--------------+--------------+--------------+--------------+--------------+--------------+--------------+

+-----------------------------+---------+--------------+--------------+--------------+--------------+--------------+--------------+--------------+--------------+--------------+--------------+--------------+--------------+--------------+--------------+--------------+--------------+--------------+--------------+--------------+--------------+--------------+--------------+--------------+--------------+--------------+--------------+--------------+--------------+--------------+--------------+--------------+--------------+--------------+--------------+--------------+--------------+--------------+--------------+--------------+--------------+--------------+--------------+--------------+--------------+--------------+--------------+--------------+--------------+--------------+--------------+--------------+--------------+--------------+--------------+--------------+--------------+--------------+--------------+--------------+--------------+--------------+--------------+--------------+--------------+--------------+--------------+--------------+--------------+--------------+--------------+--------------+--------------+--------------+--------------+--------------+--------------+--------------+--------------+--------------+--------------+--------------+--------------+--------------+--------------+--------------+--------------+--------------+--------------+--------------+--------------+--------------+--------------+--------------+--------------+--------------+--------------+--------------+--------------+--------------+--------------+--------------+--------------+--------------+--------------+--------------+--------------+--------------+--------------+--------------+--------------+--------------+--------------+--------------+--------------+--------------+--------------+--------------+--------------+--------------+--------------+--------------+--------------+--------------+--------------+--------------+--------------+--------------+--------------+--------------+--------------+--------------+--------------+--------------+--------------+--------------+--------------+--------------+--------------+--------------+--------------+--------------+--------------+--------------+--------------+--------------+--------------+--------------+--------------+--------------+--------------+--------------+--------------+--------------+--------------+--------------+--------------+--------------+--------------+--------------+--------------+--------------+--------------+--------------+--------------+--------------+--------------+--------------+--------------+--------------+--------------+--------------+--------------+--------------+--------------+--------------+--------------+--------------+--------------+--------------+--------------+--------------+--------------+--------------+--------------+--------------+--------------+--------------+--------------+--------------+--------------+--------------+--------------+
|            Event            | Counter |  HWThread 0  |  HWThread 1  |  HWThread 2  |  HWThread 3  |  HWThread 4  |  HWThread 5  |  HWThread 6  |  HWThread 7  |  HWThread 8  |  HWThread 9  |  HWThread 10 |  HWThread 11 |  HWThread 12 |  HWThread 13 |  HWThread 14 |  HWThread 15 |  HWThread 16 |  HWThread 17 |  HWThread 18 |  HWThread 19 |  HWThread 20 |  HWThread 21 |  HWThread 22 |  HWThread 23 |  HWThread 24 |  HWThread 25 |  HWThread 26 |  HWThread 27 |  HWThread 28 |  HWThread 29 |  HWThread 30 |  HWThread 31 |  HWThread 32 |  HWThread 33 |  HWThread 34 |  HWThread 35 |  HWThread 36 |  HWThread 37 |  HWThread 38 |  HWThread 39 |  HWThread 40 |  HWThread 41 |  HWThread 42 |  HWThread 43 |  HWThread 44 |  HWThread 45 |  HWThread 46 |  HWThread 47 |  HWThread 48 |  HWThread 49 |  HWThread 50 |  HWThread 51 |  HWThread 52 |  HWThread 53 |  HWThread 54 |  HWThread 55 |  HWThread 56 |  HWThread 57 |  HWThread 58 |  HWThread 59 |  HWThread 60 |  HWThread 61 |  HWThread 62 |  HWThread 63 |  HWThread 64 |  HWThread 65 |  HWThread 66 |  HWThread 67 |  HWThread 68 |  HWThread 69 |  HWThread 70 |  HWThread 71 |  HWThread 72 |  HWThread 73 |  HWThread 74 |  HWThread 75 |  HWThread 76 |  HWThread 77 |  HWThread 78 |  HWThread 79 |  HWThread 80 |  HWThread 81 |  HWThread 82 |  HWThread 83 |  HWThread 84 |  HWThread 85 |  HWThread 86 |  HWThread 87 |  HWThread 88 |  HWThread 89 |  HWThread 90 |  HWThread 91 |  HWThread 92 |  HWThread 93 |  HWThread 94 |  HWThread 95 |  HWThread 96 |  HWThread 97 |  HWThread 98 |  HWThread 99 | HWThread 100 | HWThread 101 | HWThread 102 | HWThread 103 | HWThread 104 | HWThread 105 | HWThread 106 | HWThread 107 | HWThread 108 | HWThread 109 | HWThread 110 | HWThread 111 | HWThread 112 | HWThread 113 | HWThread 114 | HWThread 115 | HWThread 116 | HWThread 117 | HWThread 118 | HWThread 119 | HWThread 120 | HWThread 121 | HWThread 122 | HWThread 123 | HWThread 124 | HWThread 125 | HWThread 126 | HWThread 127 | HWThread 128 | HWThread 129 | HWThread 130 | HWThread 131 | HWThread 132 | HWThread 133 | HWThread 134 | HWThread 135 | HWThread 136 | HWThread 137 | HWThread 138 | HWThread 139 | HWThread 140 | HWThread 141 | HWThread 142 | HWThread 143 | HWThread 144 | HWThread 145 | HWThread 146 | HWThread 147 | HWThread 148 | HWThread 149 | HWThread 150 | HWThread 151 | HWThread 152 | HWThread 153 | HWThread 154 | HWThread 155 | HWThread 156 | HWThread 157 | HWThread 158 | HWThread 159 | HWThread 160 | HWThread 161 | HWThread 162 | HWThread 163 | HWThread 164 | HWThread 165 | HWThread 166 | HWThread 167 | HWThread 168 | HWThread 169 | HWThread 170 | HWThread 171 | HWThread 172 | HWThread 173 | HWThread 174 | HWThread 175 | HWThread 176 | HWThread 177 | HWThread 178 | HWThread 179 | HWThread 180 | HWThread 181 | HWThread 182 | HWThread 183 | HWThread 184 | HWThread 185 | HWThread 186 | HWThread 187 | HWThread 188 | HWThread 189 | HWThread 190 | HWThread 191 |
+-----------------------------+---------+--------------+--------------+--------------+--------------+--------------+--------------+--------------+--------------+--------------+--------------+--------------+--------------+--------------+--------------+--------------+--------------+--------------+--------------+--------------+--------------+--------------+--------------+--------------+--------------+--------------+--------------+--------------+--------------+--------------+--------------+--------------+--------------+--------------+--------------+--------------+--------------+--------------+--------------+--------------+--------------+--------------+--------------+--------------+--------------+--------------+--------------+--------------+--------------+--------------+--------------+--------------+--------------+--------------+--------------+--------------+--------------+--------------+--------------+--------------+--------------+--------------+--------------+--------------+--------------+--------------+--------------+--------------+--------------+--------------+--------------+--------------+--------------+--------------+--------------+--------------+--------------+--------------+--------------+--------------+--------------+--------------+--------------+--------------+--------------+--------------+--------------+--------------+--------------+--------------+--------------+--------------+--------------+--------------+--------------+--------------+--------------+--------------+--------------+--------------+--------------+--------------+--------------+--------------+--------------+--------------+--------------+--------------+--------------+--------------+--------------+--------------+--------------+--------------+--------------+--------------+--------------+--------------+--------------+--------------+--------------+--------------+--------------+--------------+--------------+--------------+--------------+--------------+--------------+--------------+--------------+--------------+--------------+--------------+--------------+--------------+--------------+--------------+--------------+--------------+--------------+--------------+--------------+--------------+--------------+--------------+--------------+--------------+--------------+--------------+--------------+--------------+--------------+--------------+--------------+--------------+--------------+--------------+--------------+--------------+--------------+--------------+--------------+--------------+--------------+--------------+--------------+--------------+--------------+--------------+--------------+--------------+--------------+--------------+--------------+--------------+--------------+--------------+--------------+--------------+--------------+--------------+--------------+--------------+--------------+--------------+--------------+--------------+--------------+--------------+--------------+--------------+--------------+
|       ACTUAL_CPU_CLOCK      |  FIXC1  | 460070300000 | 455977100000 | 456381900000 | 456719100000 | 456479700000 | 456548800000 | 456637600000 | 456536100000 | 456579300000 | 456463200000 | 456434800000 | 456413600000 | 456423200000 | 456690300000 | 456442800000 | 456657000000 | 456616600000 | 456431000000 | 456487400000 | 456422100000 | 456550000000 | 456522300000 | 456374000000 | 456368200000 | 456478600000 | 456344900000 | 456547000000 | 456517000000 | 456561900000 | 456577800000 | 456301700000 | 456524000000 | 456343600000 | 456602300000 | 456301700000 | 456403800000 | 456441800000 | 456781700000 | 456316100000 | 456318000000 | 456523900000 | 456592600000 | 456468100000 | 456427300000 | 456336000000 | 456352300000 | 456365300000 | 456394600000 | 456814100000 | 456659700000 | 456439100000 | 456486800000 | 456406100000 | 456560500000 | 456496500000 | 456579400000 | 456524500000 | 456210000000 | 456548800000 | 456283700000 | 456425800000 | 456240000000 | 456662000000 | 456416500000 | 456350800000 | 456457300000 | 456667600000 | 456285800000 | 456306700000 | 456313800000 | 456375700000 | 456189300000 | 456574200000 | 456556700000 | 456561500000 | 456714700000 | 456455300000 | 456385800000 | 456468200000 | 456476800000 | 456324200000 | 456258800000 | 456310900000 | 456493800000 | 456347300000 | 456255100000 | 456504800000 | 456438900000 | 456456700000 | 456395200000 | 456295400000 | 456470800000 | 456533000000 | 456534400000 | 456703300000 | 456446900000 | 459347200000 | 459182300000 | 459167100000 | 459202800000 | 459148100000 | 459011500000 | 459283100000 | 459206400000 | 459171500000 | 459131400000 | 459178300000 | 459143200000 | 459383600000 | 458953400000 | 459329700000 | 459006200000 | 459237200000 | 459040100000 | 459306700000 | 459059600000 | 459161800000 | 459238300000 | 459098100000 | 459077900000 | 459304900000 | 459201900000 | 459257800000 | 459160800000 | 459042900000 | 459365000000 | 459165900000 | 459214400000 | 459330700000 | 459463100000 | 459249300000 | 459278600000 | 459311100000 | 459272900000 | 459299600000 | 459276300000 | 459256500000 | 459217300000 | 459217200000 | 459100900000 | 459160200000 | 459266000000 | 459126800000 | 459065200000 | 459089200000 | 459020300000 | 459027200000 | 459029200000 | 459120600000 | 459052800000 | 459061000000 | 458956800000 | 459480100000 | 459386800000 | 459512800000 | 459269400000 | 459232300000 | 459226700000 | 459217100000 | 459412800000 | 459112700000 | 459201100000 | 459214500000 | 459001900000 | 459081600000 | 459213700000 | 459029000000 | 459226100000 | 459360900000 | 459173600000 | 459253300000 | 459068000000 | 459115500000 | 459209700000 | 459015200000 | 458946300000 | 459280500000 | 459098100000 | 459019400000 | 459269300000 | 459239900000 | 459054400000 | 459054200000 | 459060400000 | 459180800000 | 459305900000 | 459137400000 | 459296100000 | 459214700000 | 459105200000 | 459245100000 | 459108100000 |
|        MAX_CPU_CLOCK        |  FIXC2  | 327389100000 | 326287700000 | 326207800000 | 326594400000 | 326207700000 | 326325300000 | 326561100000 | 326486700000 | 326068600000 | 326125800000 | 326078900000 | 326060000000 | 326036600000 | 326070500000 | 326099400000 | 326147300000 | 326160600000 | 326163200000 | 326140400000 | 326138200000 | 326106200000 | 326157200000 | 326140300000 | 326158400000 | 326187400000 | 326136100000 | 326168800000 | 326185300000 | 326193600000 | 326119700000 | 326087400000 | 326136200000 | 326048400000 | 326027200000 | 326066600000 | 326077100000 | 326046000000 | 326078100000 | 326061400000 | 326015200000 | 326027000000 | 326061500000 | 326113100000 | 326048500000 | 326087500000 | 326121400000 | 326041000000 | 326045200000 | 326157500000 | 326165000000 | 326130500000 | 326179400000 | 326124800000 | 326127700000 | 326148300000 | 326112000000 | 326036500000 | 326005900000 | 326068700000 | 326015200000 | 326044600000 | 326005000000 | 326080500000 | 326063200000 | 326184000000 | 326016200000 | 326041900000 | 326057900000 | 326047200000 | 326027000000 | 326019100000 | 326038700000 | 326171300000 | 326080700000 | 326206600000 | 326135700000 | 326138700000 | 326129700000 | 326179900000 | 326136200000 | 326001900000 | 326001000000 | 326017400000 | 326006800000 | 325980900000 | 326032400000 | 326027000000 | 325988000000 | 326154100000 | 326155300000 | 326154000000 | 326081800000 | 326109300000 | 326124100000 | 326439900000 | 326113300000 | 326178900000 | 326139900000 | 326161300000 | 326110000000 | 326167100000 | 326157700000 | 326118600000 | 326155300000 | 325982000000 | 325974200000 | 326001000000 | 326024500000 | 326004900000 | 325967700000 | 325991500000 | 325972200000 | 326096900000 | 326079300000 | 326103800000 | 326078900000 | 326141500000 | 326115300000 | 326111600000 | 326127900000 | 326202700000 | 326149300000 | 326309100000 | 326223700000 | 326183400000 | 326434100000 | 326206900000 | 326138000000 | 326110300000 | 326081500000 | 326066200000 | 326110600000 | 326070500000 | 326068000000 | 326071000000 | 326089000000 | 326109200000 | 326138700000 | 326122800000 | 326127200000 | 326159300000 | 326171700000 | 326165200000 | 326124500000 | 326036400000 | 325985200000 | 325985500000 | 325994000000 | 325967000000 | 326097000000 | 326083700000 | 326028000000 | 326118100000 | 326125100000 | 326116700000 | 326168300000 | 326119300000 | 326141400000 | 326166300000 | 326168800000 | 326147600000 | 326171100000 | 326194300000 | 326147700000 | 326178200000 | 326201400000 | 326190500000 | 326205400000 | 326160400000 | 326167000000 | 326177500000 | 326208100000 | 326109000000 | 326208500000 | 326171800000 | 326220100000 | 326031900000 | 326039900000 | 326043900000 | 326086700000 | 326102200000 | 326014800000 | 326033700000 | 326002700000 | 326128600000 | 326229400000 | 326217400000 | 326215000000 | 326185100000 | 326199500000 | 326171300000 | 326229000000 |
|     RETIRED_INSTRUCTIONS    |   PMC0  | 525917500000 | 514805400000 | 516342500000 | 515757800000 | 516754500000 | 514996700000 | 516946500000 | 514913800000 | 566894400000 | 567498500000 | 567102700000 | 566837900000 | 566453600000 | 566559800000 | 565665800000 | 567160200000 | 518065900000 | 517690300000 | 518236800000 | 517447500000 | 518159200000 | 517442000000 | 516964400000 | 516981800000 | 514774300000 | 515043300000 | 515034900000 | 514213100000 | 514786800000 | 515780100000 | 515889800000 | 513809700000 | 563274300000 | 564200700000 | 564016800000 | 563456000000 | 565005500000 | 565086400000 | 563842300000 | 563740700000 | 514964700000 | 515365800000 | 514734200000 | 514440500000 | 514525800000 | 514898500000 | 515848200000 | 515347000000 | 519454400000 | 518565400000 | 517369800000 | 516957100000 | 517234700000 | 517342900000 | 518023800000 | 517363200000 | 568420200000 | 567951300000 | 569106200000 | 569657200000 | 568944600000 | 567725800000 | 569880600000 | 567989000000 | 519318500000 | 520907800000 | 520404100000 | 519329100000 | 518874300000 | 519745200000 | 519513600000 | 518141700000 | 515600400000 | 515762400000 | 514894900000 | 516374400000 | 515126300000 | 515703100000 | 515198700000 | 515105100000 | 567330900000 | 568385300000 | 568086500000 | 568453500000 | 569435100000 | 566796200000 | 567768400000 | 568756400000 | 515525300000 | 515312900000 | 515307800000 | 516586900000 | 516050200000 | 516661500000 | 516279000000 | 514835700000 | 445044100000 | 443291000000 | 444871700000 | 443501200000 | 443924800000 | 443580800000 | 443765700000 | 443600000000 | 513000100000 | 512723200000 | 511736300000 | 513589000000 | 514595500000 | 511784700000 | 513666400000 | 511931900000 | 446794700000 | 447153700000 | 447456500000 | 447737800000 | 447036700000 | 447841200000 | 446215900000 | 446311400000 | 440205700000 | 439621300000 | 434572600000 | 440806000000 | 439750400000 | 440085200000 | 440772400000 | 440492200000 | 508997000000 | 509771100000 | 510433000000 | 509986200000 | 510284600000 | 510411700000 | 510328200000 | 510128600000 | 443637900000 | 442723100000 | 442832600000 | 442078400000 | 442221300000 | 442177400000 | 443193800000 | 441858500000 | 445357000000 | 444692200000 | 444105200000 | 445698900000 | 445978600000 | 444604100000 | 445305500000 | 444466200000 | 513593700000 | 513633100000 | 513797100000 | 512545900000 | 513860200000 | 513847200000 | 512228800000 | 511881000000 | 445531000000 | 445237700000 | 445464900000 | 444002000000 | 444607500000 | 444979100000 | 443555400000 | 444704300000 | 441093100000 | 440190400000 | 440439400000 | 439660400000 | 439253200000 | 439557300000 | 439736600000 | 438766800000 | 513658100000 | 512377600000 | 512433900000 | 512157500000 | 515195200000 | 510935100000 | 511681100000 | 511863300000 | 436627900000 | 437004600000 | 437121200000 | 437928000000 | 436370300000 | 436939600000 | 436959900000 | 437000600000 |
|     CPU_CLOCKS_UNHALTED     |   PMC1  | 442489600000 | 440075400000 | 440172900000 | 440755000000 | 440748600000 | 440247400000 | 440362200000 | 440474700000 | 439655700000 | 439963900000 | 439824400000 | 439764000000 | 439932900000 | 440328300000 | 439743300000 | 440178400000 | 440561300000 | 440608000000 | 440821200000 | 440999900000 | 440700600000 | 440944100000 | 440960600000 | 440793100000 | 440521400000 | 440943400000 | 440454100000 | 440396500000 | 441117800000 | 441394700000 | 440989900000 | 441262400000 | 439865200000 | 439740700000 | 440011300000 | 440261500000 | 440489500000 | 440491800000 | 440242900000 | 439840200000 | 440303800000 | 440932700000 | 439997400000 | 440392000000 | 440640400000 | 440849100000 | 440634000000 | 440764900000 | 440739300000 | 440920400000 | 440993200000 | 440954700000 | 440659700000 | 440821700000 | 440833500000 | 441110000000 | 439891900000 | 439539100000 | 440187400000 | 439828700000 | 439987900000 | 440135100000 | 440450400000 | 439915300000 | 440158900000 | 440917100000 | 441184100000 | 440753800000 | 440622400000 | 441177200000 | 440870700000 | 440465200000 | 440719200000 | 441075800000 | 440866600000 | 441237300000 | 441087400000 | 440921800000 | 441029500000 | 440876100000 | 439749700000 | 439926400000 | 440004900000 | 440444300000 | 440065600000 | 439644600000 | 439690700000 | 440381100000 | 440372000000 | 440795800000 | 440731000000 | 441044500000 | 441482700000 | 441305700000 | 441063700000 | 440920300000 | 445040200000 | 444514600000 | 444950700000 | 445161800000 | 444692200000 | 444798800000 | 445008600000 | 444729300000 | 443136900000 | 443513200000 | 443397400000 | 443830200000 | 443961800000 | 443151800000 | 443851000000 | 443410500000 | 445006000000 | 445214800000 | 445212400000 | 445416700000 | 445350900000 | 445288200000 | 445001900000 | 445334300000 | 445146100000 | 444923500000 | 441155700000 | 445200400000 | 444870600000 | 445085100000 | 445339900000 | 445153200000 | 443723600000 | 443676200000 | 443783300000 | 443893700000 | 443671800000 | 443672500000 | 443892100000 | 443663000000 | 445056700000 | 444926300000 | 445126800000 | 444964100000 | 445050200000 | 445294800000 | 445069900000 | 444864100000 | 444800700000 | 444671700000 | 445031000000 | 445063600000 | 444868600000 | 445148400000 | 445251400000 | 445098000000 | 443719100000 | 443628800000 | 443882200000 | 443779600000 | 443694300000 | 443545300000 | 443564500000 | 443934300000 | 444672500000 | 444951700000 | 444823300000 | 444509200000 | 444535300000 | 444923900000 | 444924500000 | 444765600000 | 445040900000 | 444858300000 | 445246400000 | 445123200000 | 444743500000 | 445254300000 | 444760500000 | 444571200000 | 443097600000 | 443078100000 | 443036400000 | 443129000000 | 443138400000 | 443131400000 | 443290300000 | 443508600000 | 444770700000 | 444876000000 | 445262800000 | 445040100000 | 444833900000 | 444824200000 | 445216000000 | 444920000000 |
|       L2_PF_HIT_IN_L3       |   PMC2  |   6808652000 |   6891966000 |   6988692000 |   6879423000 |   6939059000 |   6848936000 |   6995989000 |   6839897000 |   7986340000 |   8092985000 |   8168836000 |   8111885000 |   8117429000 |   8015383000 |   8082602000 |   8156357000 |   6832319000 |   6844024000 |   6889153000 |   6855758000 |   6934102000 |   6885500000 |   6878055000 |   6855343000 |   6820647000 |   6832275000 |   6886412000 |   6807309000 |   6864673000 |   6899493000 |   6993850000 |   6734410000 |   7898205000 |   7870079000 |   8030434000 |   7974535000 |   8058638000 |   8039597000 |   8037566000 |   7996050000 |   6744250000 |   6750737000 |   6798041000 |   6779439000 |   6821140000 |   6869004000 |   6925871000 |   6808179000 |   6927426000 |   6915065000 |   6913625000 |   6880815000 |   6948878000 |   6916211000 |   6997795000 |   6847412000 |   8057228000 |   8117559000 |   8187626000 |   8320813000 |   8255043000 |   8189495000 |   8258845000 |   8152792000 |   6939621000 |   7005021000 |   6942425000 |   7000940000 |   6936022000 |   6984057000 |   6962625000 |   6887589000 |   6844645000 |   6864660000 |   6889594000 |   6915689000 |   6884865000 |   6947442000 |   6903715000 |   6892561000 |   8105799000 |   8175110000 |   8237866000 |   8163859000 |   8355536000 |   8195211000 |   8235972000 |   8197007000 |   6777570000 |   6747846000 |   6864673000 |   6884900000 |   6805621000 |   6893747000 |   6903851000 |   6750250000 |   5165856000 |   5103506000 |   5246428000 |   5103642000 |   5186950000 |   5180454000 |   5152640000 |   5106017000 |   6711185000 |   6688617000 |   6681804000 |   6803563000 |   6825391000 |   6720127000 |   6787519000 |   6662016000 |   5162162000 |   5221954000 |   5273604000 |   5305448000 |   5267683000 |   5328014000 |   5228912000 |   5182843000 |   4967779000 |   4998931000 |   4933850000 |   5132267000 |   5072527000 |   5076482000 |   5111911000 |   5032193000 |   6530738000 |   6579607000 |   6697141000 |   6647034000 |   6662387000 |   6697885000 |   6695612000 |   6652430000 |   5130564000 |   5099551000 |   5109421000 |   5098555000 |   5107881000 |   5089417000 |   5172308000 |   5048243000 |   5200880000 |   5158565000 |   5132076000 |   5263764000 |   5269473000 |   5176271000 |   5217117000 |   5150446000 |   6693627000 |   6728674000 |   6780284000 |   6760615000 |   6859380000 |   6837490000 |   6773786000 |   6658675000 |   5143356000 |   5147316000 |   5215217000 |   5164044000 |   5181293000 |   5185996000 |   5136325000 |   5134781000 |   5089061000 |   5040866000 |   5084350000 |   5060511000 |   4998685000 |   5021193000 |   5054755000 |   5010279000 |   6817114000 |   6748585000 |   6831953000 |   6757750000 |   6836415000 |   6727747000 |   6750229000 |   6723958000 |   4815051000 |   4851088000 |   4931692000 |   4952555000 |   4813272000 |   4908938000 |   4824289000 |   4879053000 |
|       L2_PF_MISS_IN_L3      |   PMC3  |   3294865000 |   3220720000 |   3138781000 |   3212442000 |   3189526000 |   3214885000 |   3133122000 |   3218893000 |   3818070000 |   3761103000 |   3674044000 |   3710301000 |   3696497000 |   3767095000 |   3704930000 |   3672536000 |   3302594000 |   3300490000 |   3267838000 |   3281015000 |   3214201000 |   3243154000 |   3248307000 |   3273648000 |   3229591000 |   3226317000 |   3159036000 |   3209160000 |   3190891000 |   3168299000 |   3105572000 |   3272057000 |   3810051000 |   3821079000 |   3704007000 |   3735092000 |   3703176000 |   3689224000 |   3695654000 |   3721453000 |   3282510000 |   3284857000 |   3220642000 |   3238632000 |   3226602000 |   3192197000 |   3153117000 |   3247796000 |   3243580000 |   3238209000 |   3226165000 |   3241032000 |   3198309000 |   3208941000 |   3167113000 |   3268739000 |   3812876000 |   3756521000 |   3708574000 |   3611877000 |   3653795000 |   3686538000 |   3650744000 |   3712987000 |   3263301000 |   3243300000 |   3257126000 |   3213651000 |   3257376000 |   3232370000 |   3236509000 |   3289626000 |   3229727000 |   3216647000 |   3170021000 |   3166576000 |   3183692000 |   3144316000 |   3163042000 |   3170687000 |   3743404000 |   3720142000 |   3646916000 |   3705420000 |   3573193000 |   3649173000 |   3622449000 |   3674928000 |   3286239000 |   3316329000 |   3220831000 |   3218311000 |   3282718000 |   3206386000 |   3193282000 |   3291915000 |   2402238000 |   2413078000 |   2330498000 |   2410624000 |   2364208000 |   2357535000 |   2368907000 |   2416803000 |   3227712000 |   3238482000 |   3207687000 |   3158521000 |   3150428000 |   3191431000 |   3147157000 |   3239405000 |   2458874000 |   2431114000 |   2372827000 |   2366062000 |   2387897000 |   2346172000 |   2392381000 |   2442997000 |   2417916000 |   2406008000 |   2369761000 |   2320651000 |   2350630000 |   2344686000 |   2334960000 |   2377597000 |   3274289000 |   3229295000 |   3157545000 |   3185684000 |   3173456000 |   3148162000 |   3137632000 |   3182818000 |   2388948000 |   2397304000 |   2384448000 |   2384524000 |   2385325000 |   2391166000 |   2350274000 |   2423371000 |   2384224000 |   2397417000 |   2402557000 |   2330989000 |   2334365000 |   2383704000 |   2367094000 |   2411416000 |   3250864000 |   3228958000 |   3171211000 |   3182537000 |   3127896000 |   3135804000 |   3155573000 |   3242355000 |   2435439000 |   2429780000 |   2369111000 |   2396848000 |   2394517000 |   2391311000 |   2403929000 |   2424503000 |   2342241000 |   2370905000 |   2335999000 |   2348763000 |   2382224000 |   2371322000 |   2357933000 |   2378043000 |   3139599000 |   3181513000 |   3110709000 |   3150001000 |   3097269000 |   3153305000 |   3155636000 |   3177711000 |   2459973000 |   2439341000 |   2388149000 |   2372995000 |   2455181000 |   2395261000 |   2458592000 |   2428809000 |
| L2_CACHE_MISS_AFTER_L1_MISS |   PMC4  |   1049856000 |   1051890000 |   1051474000 |   1051196000 |   1052843000 |   1046046000 |   1054145000 |   1046666000 |   1222910000 |   1230594000 |   1228249000 |   1229124000 |   1221460000 |   1225458000 |   1219647000 |   1228590000 |   1051005000 |   1056531000 |   1054355000 |   1055861000 |   1053649000 |   1053215000 |   1051144000 |   1054001000 |   1042919000 |   1046205000 |   1042618000 |   1042150000 |   1041874000 |   1047636000 |   1048312000 |   1040631000 |   1211242000 |   1213669000 |   1213491000 |   1216152000 |   1219023000 |   1218040000 |   1216161000 |   1220633000 |   1039837000 |   1044348000 |   1038704000 |   1040121000 |   1042414000 |   1043850000 |   1047197000 |   1047745000 |   1056083000 |   1056223000 |   1053281000 |   1052604000 |   1052824000 |   1054293000 |   1056611000 |   1054390000 |   1229075000 |   1233285000 |   1232016000 |   1243494000 |   1233693000 |   1232486000 |   1235542000 |   1234475000 |   1058378000 |   1067346000 |   1058500000 |   1063917000 |   1058153000 |   1064342000 |   1061957000 |   1060392000 |   1046149000 |   1049055000 |   1042071000 |   1049872000 |   1042047000 |   1053471000 |   1045690000 |   1047750000 |   1225328000 |   1235739000 |   1231238000 |   1234157000 |   1235937000 |   1230523000 |   1231185000 |   1237582000 |   1043583000 |   1043701000 |   1044457000 |   1053447000 |   1044439000 |   1051045000 |   1047950000 |   1044380000 |    775580800 |    767828300 |    778489600 |    770767100 |    771756300 |    774300900 |    771080700 |    770704100 |    975530300 |    974807100 |    968626000 |    978933300 |    978236000 |    975454500 |    972073600 |    972846300 |    778035300 |    784272200 |    783387000 |    788853400 |    782973700 |    786263800 |    781218100 |    783339400 |    757936400 |    760221800 |    753132300 |    767429300 |    762287400 |    761919400 |    765267400 |    764489800 |    957414600 |    961080700 |    967152000 |    964012000 |    967088400 |    969558700 |    965778500 |    970730700 |    771647600 |    769761600 |    768945500 |    769178200 |    768408500 |    767550900 |    774674600 |    768388100 |    780430200 |    779557800 |    773269800 |    783958000 |    781461000 |    778263300 |    777985400 |    781121700 |    974633900 |    977972800 |    976071300 |    977306100 |    979869500 |    983606800 |    972859300 |    971560000 |    779349000 |    780090800 |    781103300 |    779484100 |    777778100 |    778107200 |    773102900 |    776134500 |    761123900 |    761051000 |    760321600 |    760645800 |    755501900 |    759158600 |    759436000 |    759570700 |    977213700 |    976117400 |    973842900 |    972758300 |    976460400 |    972915600 |    973864800 |    973213500 |    745017800 |    748471600 |    750205900 |    752199700 |    743541800 |    750405800 |    747010400 |    751383100 |
+-----------------------------+---------+--------------+--------------+--------------+--------------+--------------+--------------+--------------+--------------+--------------+--------------+--------------+--------------+--------------+--------------+--------------+--------------+--------------+--------------+--------------+--------------+--------------+--------------+--------------+--------------+--------------+--------------+--------------+--------------+--------------+--------------+--------------+--------------+--------------+--------------+--------------+--------------+--------------+--------------+--------------+--------------+--------------+--------------+--------------+--------------+--------------+--------------+--------------+--------------+--------------+--------------+--------------+--------------+--------------+--------------+--------------+--------------+--------------+--------------+--------------+--------------+--------------+--------------+--------------+--------------+--------------+--------------+--------------+--------------+--------------+--------------+--------------+--------------+--------------+--------------+--------------+--------------+--------------+--------------+--------------+--------------+--------------+--------------+--------------+--------------+--------------+--------------+--------------+--------------+--------------+--------------+--------------+--------------+--------------+--------------+--------------+--------------+--------------+--------------+--------------+--------------+--------------+--------------+--------------+--------------+--------------+--------------+--------------+--------------+--------------+--------------+--------------+--------------+--------------+--------------+--------------+--------------+--------------+--------------+--------------+--------------+--------------+--------------+--------------+--------------+--------------+--------------+--------------+--------------+--------------+--------------+--------------+--------------+--------------+--------------+--------------+--------------+--------------+--------------+--------------+--------------+--------------+--------------+--------------+--------------+--------------+--------------+--------------+--------------+--------------+--------------+--------------+--------------+--------------+--------------+--------------+--------------+--------------+--------------+--------------+--------------+--------------+--------------+--------------+--------------+--------------+--------------+--------------+--------------+--------------+--------------+--------------+--------------+--------------+--------------+--------------+--------------+--------------+--------------+--------------+--------------+--------------+--------------+--------------+--------------+--------------+--------------+--------------+--------------+--------------+--------------+--------------+--------------+

+----------------------------------+---------+----------------+--------------+--------------+--------------+
|               Event              | Counter |       Sum      |      Min     |      Max     |      Avg     |
+----------------------------------+---------+----------------+--------------+--------------+--------------+
|       ACTUAL_CPU_CLOCK STAT      |  FIXC1  | 87905370100000 | 455977100000 | 460070300000 | 4.578405e+11 |
|        MAX_CPU_CLOCK STAT        |  FIXC2  | 62616239300000 | 325967000000 | 327389100000 | 3.261262e+11 |
|     RETIRED_INSTRUCTIONS STAT    |   PMC0  | 95914383500000 | 434572600000 | 569880600000 | 4.995541e+11 |
|     CPU_CLOCKS_UNHALTED STAT     |   PMC1  | 84960914600000 | 439539100000 | 445416700000 | 4.425048e+11 |
|       L2_PF_HIT_IN_L3 STAT       |   PMC2  |  1242062325000 |   4813272000 |   8355536000 | 6.469075e+09 |
|       L2_PF_MISS_IN_L3 STAT      |   PMC3  |   579565036000 |   2320651000 |   3821079000 | 3.018568e+09 |
| L2_CACHE_MISS_AFTER_L1_MISS STAT |   PMC4  |   186834958200 |    743541800 |   1243494000 | 9.730987e+08 |
+----------------------------------+---------+----------------+--------------+--------------+--------------+

+-------------------------+------------+------------+------------+------------+------------+------------+------------+------------+------------+------------+-------------+-------------+-------------+-------------+-------------+-------------+-------------+-------------+-------------+-------------+-------------+-------------+-------------+-------------+-------------+-------------+-------------+-------------+-------------+-------------+-------------+-------------+-------------+-------------+-------------+-------------+-------------+-------------+-------------+-------------+-------------+-------------+-------------+-------------+-------------+-------------+-------------+-------------+-------------+-------------+-------------+-------------+-------------+-------------+-------------+-------------+-------------+-------------+-------------+-------------+-------------+-------------+-------------+-------------+-------------+-------------+-------------+-------------+-------------+-------------+-------------+-------------+-------------+-------------+-------------+-------------+-------------+-------------+-------------+-------------+-------------+-------------+-------------+-------------+-------------+-------------+-------------+-------------+-------------+-------------+-------------+-------------+-------------+-------------+-------------+-------------+-------------+-------------+-------------+-------------+--------------+--------------+--------------+--------------+--------------+--------------+--------------+--------------+--------------+--------------+--------------+--------------+--------------+--------------+--------------+--------------+--------------+--------------+--------------+--------------+--------------+--------------+--------------+--------------+--------------+--------------+--------------+--------------+--------------+--------------+--------------+--------------+--------------+--------------+--------------+--------------+--------------+--------------+--------------+--------------+--------------+--------------+--------------+--------------+--------------+--------------+--------------+--------------+--------------+--------------+--------------+--------------+--------------+--------------+--------------+--------------+--------------+--------------+--------------+--------------+--------------+--------------+--------------+--------------+--------------+--------------+--------------+--------------+--------------+--------------+--------------+--------------+--------------+--------------+--------------+--------------+--------------+--------------+--------------+--------------+--------------+--------------+--------------+--------------+--------------+--------------+--------------+--------------+--------------+--------------+--------------+--------------+
|          Metric         | HWThread 0 | HWThread 1 | HWThread 2 | HWThread 3 | HWThread 4 | HWThread 5 | HWThread 6 | HWThread 7 | HWThread 8 | HWThread 9 | HWThread 10 | HWThread 11 | HWThread 12 | HWThread 13 | HWThread 14 | HWThread 15 | HWThread 16 | HWThread 17 | HWThread 18 | HWThread 19 | HWThread 20 | HWThread 21 | HWThread 22 | HWThread 23 | HWThread 24 | HWThread 25 | HWThread 26 | HWThread 27 | HWThread 28 | HWThread 29 | HWThread 30 | HWThread 31 | HWThread 32 | HWThread 33 | HWThread 34 | HWThread 35 | HWThread 36 | HWThread 37 | HWThread 38 | HWThread 39 | HWThread 40 | HWThread 41 | HWThread 42 | HWThread 43 | HWThread 44 | HWThread 45 | HWThread 46 | HWThread 47 | HWThread 48 | HWThread 49 | HWThread 50 | HWThread 51 | HWThread 52 | HWThread 53 | HWThread 54 | HWThread 55 | HWThread 56 | HWThread 57 | HWThread 58 | HWThread 59 | HWThread 60 | HWThread 61 | HWThread 62 | HWThread 63 | HWThread 64 | HWThread 65 | HWThread 66 | HWThread 67 | HWThread 68 | HWThread 69 | HWThread 70 | HWThread 71 | HWThread 72 | HWThread 73 | HWThread 74 | HWThread 75 | HWThread 76 | HWThread 77 | HWThread 78 | HWThread 79 | HWThread 80 | HWThread 81 | HWThread 82 | HWThread 83 | HWThread 84 | HWThread 85 | HWThread 86 | HWThread 87 | HWThread 88 | HWThread 89 | HWThread 90 | HWThread 91 | HWThread 92 | HWThread 93 | HWThread 94 | HWThread 95 | HWThread 96 | HWThread 97 | HWThread 98 | HWThread 99 | HWThread 100 | HWThread 101 | HWThread 102 | HWThread 103 | HWThread 104 | HWThread 105 | HWThread 106 | HWThread 107 | HWThread 108 | HWThread 109 | HWThread 110 | HWThread 111 | HWThread 112 | HWThread 113 | HWThread 114 | HWThread 115 | HWThread 116 | HWThread 117 | HWThread 118 | HWThread 119 | HWThread 120 | HWThread 121 | HWThread 122 | HWThread 123 | HWThread 124 | HWThread 125 | HWThread 126 | HWThread 127 | HWThread 128 | HWThread 129 | HWThread 130 | HWThread 131 | HWThread 132 | HWThread 133 | HWThread 134 | HWThread 135 | HWThread 136 | HWThread 137 | HWThread 138 | HWThread 139 | HWThread 140 | HWThread 141 | HWThread 142 | HWThread 143 | HWThread 144 | HWThread 145 | HWThread 146 | HWThread 147 | HWThread 148 | HWThread 149 | HWThread 150 | HWThread 151 | HWThread 152 | HWThread 153 | HWThread 154 | HWThread 155 | HWThread 156 | HWThread 157 | HWThread 158 | HWThread 159 | HWThread 160 | HWThread 161 | HWThread 162 | HWThread 163 | HWThread 164 | HWThread 165 | HWThread 166 | HWThread 167 | HWThread 168 | HWThread 169 | HWThread 170 | HWThread 171 | HWThread 172 | HWThread 173 | HWThread 174 | HWThread 175 | HWThread 176 | HWThread 177 | HWThread 178 | HWThread 179 | HWThread 180 | HWThread 181 | HWThread 182 | HWThread 183 | HWThread 184 | HWThread 185 | HWThread 186 | HWThread 187 | HWThread 188 | HWThread 189 | HWThread 190 | HWThread 191 |
+-------------------------+------------+------------+------------+------------+------------+------------+------------+------------+------------+------------+-------------+-------------+-------------+-------------+-------------+-------------+-------------+-------------+-------------+-------------+-------------+-------------+-------------+-------------+-------------+-------------+-------------+-------------+-------------+-------------+-------------+-------------+-------------+-------------+-------------+-------------+-------------+-------------+-------------+-------------+-------------+-------------+-------------+-------------+-------------+-------------+-------------+-------------+-------------+-------------+-------------+-------------+-------------+-------------+-------------+-------------+-------------+-------------+-------------+-------------+-------------+-------------+-------------+-------------+-------------+-------------+-------------+-------------+-------------+-------------+-------------+-------------+-------------+-------------+-------------+-------------+-------------+-------------+-------------+-------------+-------------+-------------+-------------+-------------+-------------+-------------+-------------+-------------+-------------+-------------+-------------+-------------+-------------+-------------+-------------+-------------+-------------+-------------+-------------+-------------+--------------+--------------+--------------+--------------+--------------+--------------+--------------+--------------+--------------+--------------+--------------+--------------+--------------+--------------+--------------+--------------+--------------+--------------+--------------+--------------+--------------+--------------+--------------+--------------+--------------+--------------+--------------+--------------+--------------+--------------+--------------+--------------+--------------+--------------+--------------+--------------+--------------+--------------+--------------+--------------+--------------+--------------+--------------+--------------+--------------+--------------+--------------+--------------+--------------+--------------+--------------+--------------+--------------+--------------+--------------+--------------+--------------+--------------+--------------+--------------+--------------+--------------+--------------+--------------+--------------+--------------+--------------+--------------+--------------+--------------+--------------+--------------+--------------+--------------+--------------+--------------+--------------+--------------+--------------+--------------+--------------+--------------+--------------+--------------+--------------+--------------+--------------+--------------+--------------+--------------+--------------+--------------+
|   Runtime (RDTSC) [s]   |   143.2747 |   136.9165 |   135.9160 |   145.4087 |   135.0213 |   135.9180 |   140.3648 |   135.4928 |   145.7476 |   125.6928 |    131.0066 |    131.1207 |    134.4290 |    131.0064 |    142.6037 |    131.8125 |    130.4236 |    132.7978 |    133.0292 |    129.8323 |    130.6584 |    130.0733 |    144.3755 |    132.9299 |    138.1930 |    142.8296 |    138.7904 |    139.8128 |    133.5901 |    139.8121 |    142.8273 |    133.7242 |    130.1902 |    134.7994 |    133.8895 |    128.6460 |    133.8911 |    132.0379 |    132.3832 |    132.3815 |    142.1596 |    142.3759 |    140.9360 |    140.3628 |    141.5290 |    140.4807 |    142.7141 |    141.6665 |    129.0042 |    127.5573 |    145.5196 |    128.2478 |    138.5829 |    126.5496 |    138.5846 |    136.6901 |    137.7395 |    140.7525 |    140.7499 |    130.8931 |    143.0189 |    145.1693 |    135.8015 |    141.2856 |    140.1177 |    144.1796 |    135.2466 |    136.5736 |    132.1492 |    145.9626 |    145.9636 |    145.0553 |    139.2494 |    137.9713 |    136.7999 |    144.9440 |    135.6851 |    134.5625 |    137.0285 |    134.1949 |    140.6375 |    136.3322 |    129.9608 |    145.6325 |    143.7255 |    136.2363 |    143.7251 |    136.4285 |    139.5820 |    141.9002 |    142.0150 |    139.3594 |    139.0157 |    144.7158 |    140.0034 |    141.9008 |    131.2629 |    125.9281 |    132.7960 |    131.2632 |     129.3546 |     143.1322 |     129.3566 |     143.8588 |     136.1020 |     127.7852 |     125.6923 |     139.0145 |     136.1036 |     134.1915 |     126.8646 |     127.9113 |     131.4688 |     142.3741 |     141.6620 |     131.8114 |     145.7450 |     144.0494 |     133.3712 |     144.0522 |     138.1917 |     137.1538 |     137.2841 |     138.1916 |     137.1473 |     145.1692 |     137.3616 |     138.4275 |     144.7161 |     137.9654 |     127.0782 |     143.3707 |     144.4860 |     127.2035 |     127.0780 |     134.7970 |     130.4219 |     137.7389 |     139.5773 |     130.1877 |     131.5935 |     141.0540 |     130.6580 |     142.1552 |     126.5510 |     126.6787 |     128.1266 |     126.8644 |     128.1271 |     140.1182 |     127.9141 |     141.2864 |     128.6466 |     129.1346 |     143.4994 |     139.3607 |     128.4415 |     128.4409 |     132.5704 |     126.1415 |     127.3539 |     125.9263 |     134.0001 |     135.0224 |     135.3600 |     137.5144 |     135.3618 |     127.3543 |     132.1508 |     133.1000 |     143.1357 |     141.0518 |     125.6049 |     137.5156 |     132.5720 |     133.1009 |     126.1399 |     129.5588 |     143.4992 |     129.5585 |     138.7904 |     128.8814 |     129.1324 |     129.6783 |     133.5926 |     127.5569 |     126.3530 |     144.4893 |     131.5927 |     126.3555 |     134.5611 |     133.3747 |
|   Runtime unhalted [s]  |   176.9503 |   175.3760 |   175.5317 |   175.6614 |   175.5693 |   175.5959 |   175.6301 |   175.5910 |   175.6077 |   175.5630 |    175.5521 |    175.5439 |    175.5476 |    175.6503 |    175.5552 |    175.6375 |    175.6220 |    175.5506 |    175.5723 |    175.5472 |    175.5964 |    175.5857 |    175.5287 |    175.5265 |    175.5689 |    175.5175 |    175.5952 |    175.5837 |    175.6010 |    175.6071 |    175.5009 |    175.5864 |    175.5170 |    175.6165 |    175.5009 |    175.5402 |    175.5548 |    175.6855 |    175.5064 |    175.5072 |    175.5863 |    175.6128 |    175.5649 |    175.5492 |    175.5141 |    175.5203 |    175.5253 |    175.5366 |    175.6980 |    175.6386 |    175.5537 |    175.5721 |    175.5410 |    175.6004 |    175.5758 |    175.6077 |    175.5866 |    175.4656 |    175.5959 |    175.4940 |    175.5486 |    175.4772 |    175.6395 |    175.5450 |    175.5198 |    175.5607 |    175.6416 |    175.4948 |    175.5028 |    175.5055 |    175.5293 |    175.4577 |    175.6057 |    175.5990 |    175.6008 |    175.6597 |    175.5600 |    175.5332 |    175.5649 |    175.5682 |    175.5095 |    175.4844 |    175.5044 |    175.5748 |    175.5184 |    175.4830 |    175.5790 |    175.5537 |    175.5605 |    175.5368 |    175.4985 |    175.5659 |    175.5898 |    175.5904 |    175.6553 |    175.5567 |    176.6722 |    176.6088 |    176.6030 |    176.6167 |     176.5957 |     176.5431 |     176.6476 |     176.6181 |     176.6047 |     176.5892 |     176.6073 |     176.5938 |     176.6862 |     176.5208 |     176.6655 |     176.5411 |     176.6299 |     176.5541 |     176.6567 |     176.5616 |     176.6009 |     176.6303 |     176.5764 |     176.5687 |     176.6560 |     176.6163 |     176.6378 |     176.6005 |     176.5552 |     176.6791 |     176.6025 |     176.6212 |     176.6659 |     176.7168 |     176.6346 |     176.6458 |     176.6583 |     176.6437 |     176.6539 |     176.6450 |     176.6373 |     176.6223 |     176.6222 |     176.5775 |     176.6003 |     176.6410 |     176.5875 |     176.5638 |     176.5730 |     176.5465 |     176.5492 |     176.5499 |     176.5851 |     176.5590 |     176.5622 |     176.5221 |     176.7233 |     176.6875 |     176.7359 |     176.6423 |     176.6280 |     176.6259 |     176.6222 |     176.6975 |     176.5820 |     176.6160 |     176.6212 |     176.5394 |     176.5701 |     176.6209 |     176.5498 |     176.6257 |     176.6775 |     176.6055 |     176.6361 |     176.5648 |     176.5831 |     176.6193 |     176.5445 |     176.5180 |     176.6466 |     176.5764 |     176.5462 |     176.6423 |     176.6310 |     176.5596 |     176.5595 |     176.5619 |     176.6082 |     176.6563 |     176.5915 |     176.6526 |     176.6213 |     176.5792 |     176.6330 |     176.5803 |
|       Clock [MHz]       |  3653.6989 |  3633.4158 |  3637.5322 |  3635.9108 |  3638.3128 |  3637.5522 |  3635.6326 |  3635.6528 |  3640.6591 |  3639.0950 |   3639.3919 |   3639.4338 |   3639.7716 |   3641.5230 |   3639.2269 |   3640.4000 |   3639.9295 |   3638.4210 |   3639.1250 |   3638.6289 |   3640.0057 |   3639.2157 |   3638.2221 |   3637.9739 |   3638.5305 |   3638.0369 |   3639.2832 |   3638.8600 |   3639.1253 |   3640.0767 |   3638.2358 |   3639.4636 |   3639.0051 |   3641.3048 |   3638.4679 |   3639.1648 |   3639.8150 |   3642.1669 |   3638.6407 |   3639.1715 |   3640.6818 |   3640.8444 |   3639.2757 |   3639.6714 |   3638.5082 |   3638.2599 |   3639.2607 |   3639.4475 |   3641.5385 |   3640.2240 |   3638.8504 |   3638.6851 |   3638.6509 |   3639.8495 |   3639.1094 |   3640.1754 |   3640.5805 |   3638.4140 |   3640.4148 |   3638.8980 |   3639.7030 |   3638.6633 |   3641.1856 |   3639.4212 |   3637.5497 |   3640.2713 |   3641.6614 |   3638.4382 |   3638.7243 |   3639.0063 |   3639.5882 |   3637.8829 |   3639.4721 |   3640.3438 |   3638.9771 |   3640.9895 |   3638.8880 |   3638.4344 |   3638.5312 |   3639.0873 |   3639.3694 |   3638.8579 |   3639.0903 |   3640.6674 |   3639.7881 |   3638.4779 |   3640.5295 |   3640.4394 |   3638.7274 |   3638.2237 |   3637.4427 |   3639.6466 |   3639.8356 |   3639.6816 |   3637.5057 |   3639.1045 |   3661.4911 |   3660.6144 |   3660.2530 |   3661.1134 |    3660.0365 |    3659.0530 |    3661.6571 |    3660.6336 |    3662.3014 |    3662.0692 |    3662.1422 |    3661.5983 |    3663.7357 |    3660.7224 |    3663.4564 |    3661.0930 |    3661.5348 |    3660.1608 |    3662.0114 |    3660.3208 |    3660.4330 |    3661.3370 |    3660.2607 |    3659.9168 |    3660.8868 |    3660.6651 |    3659.3178 |    3659.5027 |    3659.0150 |    3658.7704 |    3659.7318 |    3660.8916 |    3662.1298 |    3663.5089 |    3661.9760 |    3661.7110 |    3662.4205 |    3662.1440 |    3662.3232 |    3661.9353 |    3661.5506 |    3660.9069 |    3661.0845 |    3660.1080 |    3660.2205 |    3660.9247 |    3659.8880 |    3659.8537 |    3661.0340 |    3661.0595 |    3661.1111 |    3661.0316 |    3662.0639 |    3660.0634 |    3660.2781 |    3660.0725 |    3663.2333 |    3662.4108 |    3663.5097 |    3660.9899 |    3661.2442 |    3660.9515 |    3660.5955 |    3662.1274 |    3659.9731 |    3660.4141 |    3660.2605 |    3659.0887 |    3659.3818 |    3660.1745 |    3658.8246 |    3660.2284 |    3661.8080 |    3660.2409 |    3660.7583 |    3658.9380 |    3660.4286 |    3660.0629 |    3658.9244 |    3657.8335 |    3662.6101 |    3661.0657 |    3660.3932 |    3661.9053 |    3661.4968 |    3660.9990 |    3660.7852 |    3661.1828 |    3660.7292 |    3660.5952 |    3659.3869 |    3660.6786 |    3660.3654 |    3659.3310 |    3660.7626 |    3659.0232 |
|           CPI           |     0.8414 |     0.8548 |     0.8525 |     0.8546 |     0.8529 |     0.8549 |     0.8519 |     0.8554 |     0.7756 |     0.7753 |      0.7756 |      0.7758 |      0.7766 |      0.7772 |      0.7774 |      0.7761 |      0.8504 |      0.8511 |      0.8506 |      0.8523 |      0.8505 |      0.8522 |      0.8530 |      0.8526 |      0.8558 |      0.8561 |      0.8552 |      0.8564 |      0.8569 |      0.8558 |      0.8548 |      0.8588 |      0.7809 |      0.7794 |      0.7801 |      0.7814 |      0.7796 |      0.7795 |      0.7808 |      0.7802 |      0.8550 |      0.8556 |      0.8548 |      0.8561 |      0.8564 |      0.8562 |      0.8542 |      0.8553 |      0.8485 |      0.8503 |      0.8524 |      0.8530 |      0.8520 |      0.8521 |      0.8510 |      0.8526 |      0.7739 |      0.7739 |      0.7735 |      0.7721 |      0.7733 |      0.7753 |      0.7729 |      0.7745 |      0.8476 |      0.8464 |      0.8478 |      0.8487 |      0.8492 |      0.8488 |      0.8486 |      0.8501 |      0.8548 |      0.8552 |      0.8562 |      0.8545 |      0.8563 |      0.8550 |      0.8560 |      0.8559 |      0.7751 |      0.7740 |      0.7745 |      0.7748 |      0.7728 |      0.7757 |      0.7744 |      0.7743 |      0.8542 |      0.8554 |      0.8553 |      0.8538 |      0.8555 |      0.8541 |      0.8543 |      0.8564 |      1.0000 |      1.0028 |      1.0002 |      1.0037 |       1.0017 |       1.0027 |       1.0028 |       1.0025 |       0.8638 |       0.8650 |       0.8665 |       0.8642 |       0.8627 |       0.8659 |       0.8641 |       0.8662 |       0.9960 |       0.9957 |       0.9950 |       0.9948 |       0.9962 |       0.9943 |       0.9973 |       0.9978 |       1.0112 |       1.0121 |       1.0151 |       1.0100 |       1.0116 |       1.0114 |       1.0104 |       1.0106 |       0.8718 |       0.8703 |       0.8694 |       0.8704 |       0.8695 |       0.8692 |       0.8698 |       0.8697 |       1.0032 |       1.0050 |       1.0052 |       1.0065 |       1.0064 |       1.0071 |       1.0042 |       1.0068 |       0.9988 |       1.0000 |       1.0021 |       0.9986 |       0.9975 |       1.0012 |       0.9999 |       1.0014 |       0.8639 |       0.8637 |       0.8639 |       0.8658 |       0.8635 |       0.8632 |       0.8659 |       0.8673 |       0.9981 |       0.9994 |       0.9986 |       1.0011 |       0.9998 |       0.9999 |       1.0031 |       1.0001 |       1.0090 |       1.0106 |       1.0109 |       1.0124 |       1.0125 |       1.0130 |       1.0114 |       1.0132 |       0.8626 |       0.8647 |       0.8646 |       0.8652 |       0.8601 |       0.8673 |       0.8663 |       0.8665 |       1.0186 |       1.0180 |       1.0186 |       1.0162 |       1.0194 |       1.0180 |       1.0189 |       1.0181 |
| L3 bandwidth [MBytes/s] |  4982.1488 |  5218.7491 |  5263.9322 |  4904.4927 |  5299.9889 |  5231.3269 |  5099.0589 |  5245.6602 |  5720.4954 |  6662.4313 |   6385.5734 |   6370.3431 |   6205.9876 |   6354.7117 |   5837.5726 |   6339.9064 |   5489.0277 |   5398.1834 |   5393.7492 |   5517.3372 |   5487.0175 |   5501.8179 |   4954.8600 |   5384.1272 |   5137.4675 |   4975.9084 |   5113.0065 |   5062.1375 |   5316.5319 |   5088.1676 |   4995.2283 |   5287.1079 |   6351.0761 |   6126.9481 |   6189.1907 |   6430.4359 |   6204.8453 |   6275.4641 |   6260.3139 |   6254.9579 |   4982.1624 |   4980.5921 |   5021.2349 |   5042.1072 |   5015.0145 |   5059.2235 |   4989.5269 |   5016.2747 |   5569.8473 |   5624.2003 |   4922.7495 |   5576.4299 |   5172.3604 |   5653.7870 |   5182.2296 |   5230.1858 |   6086.4709 |   5959.9038 |   5969.4950 |   6442.4769 |   5881.1946 |   5779.0815 |   6194.9859 |   5934.1947 |   5143.6985 |   5022.9206 |   5327.4187 |   5285.2419 |   5449.1383 |   4946.2617 |   4937.5997 |   4958.1563 |   5111.0694 |   5162.9808 |   5193.7750 |   4915.3933 |   5240.6540 |   5300.8428 |   5190.1364 |   5299.0380 |   5949.8355 |   6164.2328 |   6459.0652 |   5758.4667 |   5862.1374 |   6142.2253 |   5828.7299 |   6149.8081 |   5092.8708 |   5009.8877 |   5015.7906 |   5123.6308 |   5125.3045 |   4931.5651 |   5094.7714 |   5000.2458 |   4068.1349 |   4210.3580 |   4026.8276 |   4039.5337 |    4117.8784 |    3716.7496 |    4102.8303 |    3689.6286 |    5132.3518 |    5460.1158 |    5528.7356 |    5037.0653 |    5150.9256 |    5192.3468 |    5502.1809 |    5440.9040 |    4088.7310 |    3792.7528 |    3808.4197 |    4107.8636 |    3705.5641 |    3758.9104 |    4032.0602 |    3736.0587 |    3771.5175 |    3810.1044 |    3755.9453 |    3807.0493 |    3819.7503 |    3607.6357 |    3826.2284 |    3779.2628 |    4759.6381 |    4996.0272 |    5450.1687 |    4819.6090 |    4785.1530 |    5441.6645 |    5438.6868 |    5130.5492 |    4068.5975 |    3841.0606 |    3788.7259 |    4056.7923 |    4018.0049 |    3742.4006 |    4064.2320 |    3709.7492 |    4230.6595 |    4211.2411 |    4149.8469 |    4226.8556 |    4188.4905 |    3808.5506 |    4183.9060 |    3779.2099 |    5432.1217 |    5419.7613 |    4873.6388 |    5015.1106 |    5464.7237 |    5459.6445 |    5263.1807 |    5516.3904 |    4200.2735 |    4247.4047 |    3995.4269 |    3953.3001 |    3949.6870 |    3888.6583 |    3930.6129 |    4188.8400 |    3967.5527 |    3929.8318 |    3657.8081 |    3706.9705 |    4145.7801 |    3793.8031 |    3945.1463 |    3917.8182 |    5547.5810 |    5387.4981 |    4868.7123 |    5374.8121 |    5030.9621 |    5389.8695 |    5392.1611 |    5367.0697 |    3842.1490 |    4033.4128 |    4087.6196 |    3577.9534 |    3896.6270 |    4079.7172 |    3819.1799 |    3867.2378 |
| L3 data volume [GBytes] |   713.8159 |   714.5329 |   715.4526 |   713.1559 |   715.6114 |   711.0315 |   715.7284 |   710.7492 |   833.7485 |   837.4196 |    836.5523 |    835.2838 |    834.2647 |    832.5079 |    832.4595 |    835.6789 |    715.8988 |    716.8669 |    717.5261 |    716.3286 |    716.9249 |    715.6396 |    715.3604 |    715.7115 |    709.9620 |    710.7070 |    709.6362 |    707.7516 |    710.2360 |    711.3874 |    713.4550 |    707.0143 |    826.8479 |    825.9089 |    828.6676 |    827.2499 |    830.7736 |    828.5991 |    828.7604 |    828.0407 |    708.2622 |    709.1163 |    707.6728 |    707.7243 |    709.7700 |    710.7233 |    712.0758 |    710.6381 |    718.5337 |    717.4078 |    716.3565 |    715.1649 |    716.8007 |    715.4845 |    718.1772 |    714.9146 |    838.3475 |    838.8714 |    840.2058 |    843.2758 |    841.1220 |    838.9452 |    841.2884 |    838.4163 |    720.7232 |    724.2027 |    720.5153 |    721.8245 |    720.0993 |    721.9692 |    720.7098 |    719.2068 |    711.7133 |    712.3432 |    710.5079 |    712.4568 |    711.0787 |    713.2947 |    711.1966 |    711.1039 |    836.7700 |    840.3834 |    839.4253 |    838.6199 |    842.5386 |    836.7940 |    837.7348 |    839.0091 |    710.8731 |    710.9041 |    712.3175 |    714.0261 |    712.4978 |    713.6754 |    713.2853 |    709.5389 |    533.9952 |    530.2024 |    534.7466 |    530.2421 |     532.6665 |     531.9866 |     530.7282 |     530.7855 |     698.5233 |     697.7220 |     694.9195 |     700.2251 |     701.0595 |     696.7688 |     698.0320 |     695.9531 |     537.5406 |     539.9898 |     539.5084 |     541.4633 |     540.0674 |     541.4688 |     537.7607 |     538.1875 |     521.1924 |     522.5703 |     515.6316 |     526.1022 |     523.8684 |     523.7176 |     525.5769 |     523.1539 |     688.7963 |     689.2789 |     692.5976 |     690.9907 |     691.3876 |     692.1988 |     691.1374 |     691.5826 |     530.6342 |     529.0635 |     528.8201 |     528.1445 |     528.7433 |     527.8806 |     531.0244 |     527.3601 |     535.3942 |     533.4745 |     531.7058 |     536.2375 |     536.6591 |     533.6473 |     535.1806 |     533.9510 |     698.8240 |     699.8787 |     699.3642 |     698.9093 |     701.8973 |     701.2417 |     697.7420 |     695.8458 |     534.9212 |     534.8600 |     535.3876 |     533.7841 |     534.6296 |     534.7465 |     532.0548 |     533.4668 |     524.3153 |     523.0606 |     523.5629 |     522.8749 |     520.7303 |     521.7071 |     523.0159 |     521.4651 |     699.7713 |     697.9978 |     698.6563 |     696.3526 |     698.2492 |     694.6539 |     696.3027 |     695.9925 |     513.2827 |     514.4896 |     516.4830 |     516.9760 |     512.7677 |     515.4947 |     513.9130 |     515.7917 |
+-------------------------+------------+------------+------------+------------+------------+------------+------------+------------+------------+------------+-------------+-------------+-------------+-------------+-------------+-------------+-------------+-------------+-------------+-------------+-------------+-------------+-------------+-------------+-------------+-------------+-------------+-------------+-------------+-------------+-------------+-------------+-------------+-------------+-------------+-------------+-------------+-------------+-------------+-------------+-------------+-------------+-------------+-------------+-------------+-------------+-------------+-------------+-------------+-------------+-------------+-------------+-------------+-------------+-------------+-------------+-------------+-------------+-------------+-------------+-------------+-------------+-------------+-------------+-------------+-------------+-------------+-------------+-------------+-------------+-------------+-------------+-------------+-------------+-------------+-------------+-------------+-------------+-------------+-------------+-------------+-------------+-------------+-------------+-------------+-------------+-------------+-------------+-------------+-------------+-------------+-------------+-------------+-------------+-------------+-------------+-------------+-------------+-------------+-------------+--------------+--------------+--------------+--------------+--------------+--------------+--------------+--------------+--------------+--------------+--------------+--------------+--------------+--------------+--------------+--------------+--------------+--------------+--------------+--------------+--------------+--------------+--------------+--------------+--------------+--------------+--------------+--------------+--------------+--------------+--------------+--------------+--------------+--------------+--------------+--------------+--------------+--------------+--------------+--------------+--------------+--------------+--------------+--------------+--------------+--------------+--------------+--------------+--------------+--------------+--------------+--------------+--------------+--------------+--------------+--------------+--------------+--------------+--------------+--------------+--------------+--------------+--------------+--------------+--------------+--------------+--------------+--------------+--------------+--------------+--------------+--------------+--------------+--------------+--------------+--------------+--------------+--------------+--------------+--------------+--------------+--------------+--------------+--------------+--------------+--------------+--------------+--------------+--------------+--------------+--------------+--------------+

+------------------------------+-------------+-----------+-----------+-----------+
|            Metric            |     Sum     |    Min    |    Max    |    Avg    |
+------------------------------+-------------+-----------+-----------+-----------+
|   Runtime (RDTSC) [s] STAT   |  26064.1773 |  125.6049 |  145.9636 |  135.7509 |
|   Runtime unhalted [s] STAT  |  33809.8019 |  175.3760 |  176.9503 |  176.0927 |
|       Clock [MHz] STAT       | 700813.4662 | 3633.4158 | 3663.7357 | 3650.0701 |
|           CPI STAT           |    171.5147 |    0.7721 |    1.0194 |    0.8933 |
| L3 bandwidth [MBytes/s] STAT | 947736.1984 | 3577.9534 | 6662.4313 | 4936.1260 |
| L3 data volume [GBytes] STAT | 128541.5889 |  512.7677 |  843.2758 |  669.4874 |
+------------------------------+-------------+-----------+-----------+-----------+

