INFO: You are running LIKWID in a cpuset with 48 CPUs. Taking given IDs as logical ID in cpuset
--------------------------------------------------------------------------------
CPU name:	AMD EPYC 9A14 96-Core Processor                
CPU type:	AMD K19 (Zen4) architecture
CPU clock:	2.60 GHz
--------------------------------------------------------------------------------
Sys.CPU_THREADS       192
SLURM_CPUS_PER_TASK   48
OMP_NUM_THREADS       48
OMP_PROC_BIND         close
OMP_PLACES            cores
BLAS_NUM_THREADS      1
Threads.nthreads()    1

Successfully read data from: /public/home/halili/jld2file/6-31g/o2-1.0-6-31g.jld2
  name: o2
  ratio: 1.0
  basis: 6-31g
  nα: 8, nβ: 8, ne: 16, norb: 18, nq: 36

  ngs: 4266
  ncs: 22543

Warming up JIT and Hardware...
Warm-up completed.
  Step 001:  residual: 9.5235e-01,  e: -149.45320229675207
  Step 002:  residual: 7.0900e-01,  e: -149.59391697072707
  Step 003:  residual: 3.4390e-01,  e: -149.71881382605216
  Step 004:  residual: 1.3670e-01,  e: -149.74155494323807
  Step 005:  residual: 5.6781e-02,  e: -149.74486722652424
  Step 006:  residual: 3.0719e-02,  e: -149.74550118255078
  Step 007:  residual: 2.2745e-02,  e: -149.74573279555398
  Step 008:  residual: 2.6203e-02,  e: -149.74592799688278
  Step 009:  residual: 3.4719e-02,  e: -149.74623194412487
  Step 010:  residual: 2.6370e-02,  e: -149.74654741412348
  Step 011:  residual: 1.1805e-02,  e: -149.74665437187090
  Step 012:  residual: 4.6480e-03,  e: -149.74667295626597
  Step 013:  residual: 1.7886e-03,  e: -149.74667552117950
  Step 014:  residual: 6.8126e-04,  e: -149.74667587808224
  Step 015:  residual: 2.5621e-04,  e: -149.74667592692245
  Step 016:  residual: 9.5094e-05,  e: -149.74667593407045
  Step 017:  residual: 3.6656e-05,  e: -149.74667593510975
  Step 018:  residual: 1.4803e-05,  e: -149.74667593526320
  Step 019:  residual: 6.2970e-06,  e: -149.74667593528966

Convergence reached!
335.614388 seconds (7.21 M allocations: 69.917 GiB, 0.14% gc time, 0.58% compilation time)
--------------------------------------------------------------------------------
Region hvec_direct_agg, Group 1: L3
+-------------------+------------+------------+------------+------------+------------+------------+------------+------------+------------+------------+-------------+-------------+-------------+-------------+-------------+-------------+-------------+-------------+-------------+-------------+-------------+-------------+-------------+-------------+-------------+-------------+-------------+-------------+-------------+-------------+-------------+-------------+-------------+-------------+-------------+-------------+-------------+-------------+-------------+-------------+-------------+-------------+-------------+-------------+-------------+-------------+-------------+-------------+
|    Region Info    | HWThread 0 | HWThread 1 | HWThread 2 | HWThread 3 | HWThread 4 | HWThread 5 | HWThread 6 | HWThread 7 | HWThread 8 | HWThread 9 | HWThread 10 | HWThread 11 | HWThread 12 | HWThread 13 | HWThread 14 | HWThread 15 | HWThread 16 | HWThread 17 | HWThread 18 | HWThread 19 | HWThread 20 | HWThread 21 | HWThread 22 | HWThread 23 | HWThread 24 | HWThread 25 | HWThread 26 | HWThread 27 | HWThread 28 | HWThread 29 | HWThread 30 | HWThread 31 | HWThread 32 | HWThread 33 | HWThread 34 | HWThread 35 | HWThread 36 | HWThread 37 | HWThread 38 | HWThread 39 | HWThread 40 | HWThread 41 | HWThread 42 | HWThread 43 | HWThread 44 | HWThread 45 | HWThread 46 | HWThread 47 |
+-------------------+------------+------------+------------+------------+------------+------------+------------+------------+------------+------------+-------------+-------------+-------------+-------------+-------------+-------------+-------------+-------------+-------------+-------------+-------------+-------------+-------------+-------------+-------------+-------------+-------------+-------------+-------------+-------------+-------------+-------------+-------------+-------------+-------------+-------------+-------------+-------------+-------------+-------------+-------------+-------------+-------------+-------------+-------------+-------------+-------------+-------------+
| RDTSC Runtime [s] | 313.855400 | 311.903000 | 311.818700 | 313.335500 | 313.633000 | 313.279300 | 313.857500 | 312.841500 | 313.632100 | 312.255500 |  310.880300 |  312.642700 |  311.075700 |  313.565000 |  310.729600 |  313.335100 |  311.817000 |  312.554900 |  312.554600 |  312.199400 |  312.487200 |  311.301100 |  311.388300 |  310.658500 |  310.879900 |  312.928900 |  313.424300 |  311.011400 |  313.127800 |  311.076300 |  313.192400 |  310.710500 |  312.771600 |  313.942400 |  311.674200 |  311.619400 |  312.927900 |  312.255000 |  312.998800 |  312.344800 |  313.943100 |  311.388900 |  312.047500 |  311.474900 |  312.047500 |  311.301400 |  311.991100 |  310.729500 |
|     call count    |         19 |         19 |         19 |         19 |         19 |         19 |         19 |         19 |         19 |         19 |          19 |          19 |          19 |          19 |          19 |          19 |          19 |          19 |          19 |          19 |          19 |          19 |          19 |          19 |          19 |          19 |          19 |          19 |          19 |          19 |          19 |          19 |          19 |          19 |          19 |          19 |          19 |          19 |          19 |          19 |          19 |          19 |          19 |          19 |          19 |          19 |          19 |          19 |
+-------------------+------------+------------+------------+------------+------------+------------+------------+------------+------------+------------+-------------+-------------+-------------+-------------+-------------+-------------+-------------+-------------+-------------+-------------+-------------+-------------+-------------+-------------+-------------+-------------+-------------+-------------+-------------+-------------+-------------+-------------+-------------+-------------+-------------+-------------+-------------+-------------+-------------+-------------+-------------+-------------+-------------+-------------+-------------+-------------+-------------+-------------+

+-----------------------------+---------+---------------+---------------+---------------+---------------+---------------+---------------+---------------+---------------+---------------+---------------+---------------+---------------+---------------+---------------+---------------+---------------+---------------+---------------+---------------+---------------+---------------+---------------+---------------+---------------+---------------+---------------+---------------+---------------+---------------+---------------+---------------+---------------+---------------+---------------+---------------+---------------+---------------+---------------+---------------+---------------+---------------+---------------+---------------+---------------+---------------+---------------+---------------+---------------+
|            Event            | Counter |   HWThread 0  |   HWThread 1  |   HWThread 2  |   HWThread 3  |   HWThread 4  |   HWThread 5  |   HWThread 6  |   HWThread 7  |   HWThread 8  |   HWThread 9  |  HWThread 10  |  HWThread 11  |  HWThread 12  |  HWThread 13  |  HWThread 14  |  HWThread 15  |  HWThread 16  |  HWThread 17  |  HWThread 18  |  HWThread 19  |  HWThread 20  |  HWThread 21  |  HWThread 22  |  HWThread 23  |  HWThread 24  |  HWThread 25  |  HWThread 26  |  HWThread 27  |  HWThread 28  |  HWThread 29  |  HWThread 30  |  HWThread 31  |  HWThread 32  |  HWThread 33  |  HWThread 34  |  HWThread 35  |  HWThread 36  |  HWThread 37  |  HWThread 38  |  HWThread 39  |  HWThread 40  |  HWThread 41  |  HWThread 42  |  HWThread 43  |  HWThread 44  |  HWThread 45  |  HWThread 46  |  HWThread 47  |
+-----------------------------+---------+---------------+---------------+---------------+---------------+---------------+---------------+---------------+---------------+---------------+---------------+---------------+---------------+---------------+---------------+---------------+---------------+---------------+---------------+---------------+---------------+---------------+---------------+---------------+---------------+---------------+---------------+---------------+---------------+---------------+---------------+---------------+---------------+---------------+---------------+---------------+---------------+---------------+---------------+---------------+---------------+---------------+---------------+---------------+---------------+---------------+---------------+---------------+---------------+
|       ACTUAL_CPU_CLOCK      |  FIXC1  | 1149275000000 | 1145626000000 | 1146276000000 | 1146295000000 | 1146341000000 | 1146324000000 | 1146444000000 | 1146466000000 | 1146197000000 | 1146204000000 | 1146112000000 | 1146164000000 | 1146130000000 | 1146184000000 | 1146181000000 | 1146305000000 | 1146151000000 | 1146137000000 | 1146163000000 | 1146200000000 | 1146156000000 | 1146203000000 | 1146336000000 | 1146531000000 | 1146219000000 | 1146217000000 | 1146161000000 | 1146071000000 | 1146093000000 | 1146369000000 | 1146177000000 | 1146498000000 | 1146196000000 | 1146334000000 | 1146450000000 | 1146250000000 | 1146298000000 | 1146498000000 | 1146108000000 | 1146307000000 | 1146356000000 | 1146167000000 | 1146222000000 | 1146070000000 | 1146252000000 | 1146200000000 | 1146090000000 | 1146170000000 |
|        MAX_CPU_CLOCK        |  FIXC2  |  807911800000 |  807647800000 |  807654400000 |  807713000000 |  807662500000 |  807670900000 |  807672600000 |  807671300000 |  807661800000 |  807658900000 |  807653300000 |  807635200000 |  807619700000 |  807644600000 |  807681800000 |  807640900000 |  807655300000 |  807650300000 |  807632700000 |  807679300000 |  807688400000 |  807657700000 |  807660900000 |  807639500000 |  807595000000 |  807600800000 |  807619600000 |  807631500000 |  807634600000 |  807584000000 |  807582200000 |  807586000000 |  807721100000 |  807682500000 |  807673900000 |  807716800000 |  807670800000 |  807676800000 |  807657800000 |  807712900000 |  807646900000 |  807616500000 |  807630200000 |  807647100000 |  807599700000 |  807619800000 |  807664400000 |  807621700000 |
|     RETIRED_INSTRUCTIONS    |   PMC0  | 1993786000000 | 1984809000000 | 1985968000000 | 1987365000000 | 1986771000000 | 1986683000000 | 1987023000000 | 1985149000000 | 2002776000000 | 2004230000000 | 2002796000000 | 2002670000000 | 2001447000000 | 2002548000000 | 2002997000000 | 2002925000000 | 1997495000000 | 1997766000000 | 1998550000000 | 1998612000000 | 1996777000000 | 1996483000000 | 1998103000000 | 1998450000000 | 1991879000000 | 1991597000000 | 1990929000000 | 1990620000000 | 1989869000000 | 1991936000000 | 1991134000000 | 1992107000000 | 2007897000000 | 2008863000000 | 2008533000000 | 2008666000000 | 2006717000000 | 2008309000000 | 2006789000000 | 2008177000000 | 2000764000000 | 1999575000000 | 1998513000000 | 1999313000000 | 1999385000000 | 1998158000000 | 1998914000000 | 1997234000000 |
|     CPU_CLOCKS_UNHALTED     |   PMC1  | 1142674000000 | 1140842000000 | 1141423000000 | 1141574000000 | 1141486000000 | 1141407000000 | 1141490000000 | 1141383000000 | 1141575000000 | 1141767000000 | 1141573000000 | 1141646000000 | 1141756000000 | 1141750000000 | 1141645000000 | 1141849000000 | 1141343000000 | 1141352000000 | 1141541000000 | 1141511000000 | 1141426000000 | 1141100000000 | 1141610000000 | 1141708000000 | 1141437000000 | 1141535000000 | 1141407000000 | 1141292000000 | 1141297000000 | 1141566000000 | 1141457000000 | 1141640000000 | 1141615000000 | 1141599000000 | 1141907000000 | 1141727000000 | 1141769000000 | 1141875000000 | 1141439000000 | 1141720000000 | 1141577000000 | 1141422000000 | 1141530000000 | 1141393000000 | 1141556000000 | 1141198000000 | 1141374000000 | 1141506000000 |
|       L2_PF_HIT_IN_L3       |   PMC2  |   26816910000 |   27152700000 |   27415010000 |   27471250000 |   27473560000 |   27554140000 |   27644720000 |   27403080000 |   27211420000 |   27624110000 |   27799210000 |   27747910000 |   27656200000 |   27787210000 |   27974220000 |   27843270000 |   27110300000 |   27413800000 |   27725310000 |   27682580000 |   27639940000 |   27617280000 |   27948470000 |   27750390000 |   27033350000 |   27066170000 |   27412070000 |   27370070000 |   27446630000 |   27512480000 |   27605780000 |   27532110000 |   27641850000 |   27760390000 |   27968270000 |   28076510000 |   27902980000 |   28081290000 |   28077370000 |   28182150000 |   27374120000 |   27381230000 |   27557150000 |   27665570000 |   27784720000 |   27764920000 |   27923460000 |   27932290000 |
|       L2_PF_MISS_IN_L3      |   PMC3  |   11119750000 |   10804820000 |   10563210000 |   10526690000 |   10537740000 |   10441280000 |   10367280000 |   10508820000 |   11292460000 |   10923220000 |   10725410000 |   10750740000 |   10822010000 |   10699360000 |   10546980000 |   10639250000 |   11216970000 |   10917370000 |   10641980000 |   10672480000 |   10689880000 |   10680290000 |   10412170000 |   10562020000 |   11069810000 |   11010470000 |   10702130000 |   10722450000 |   10665160000 |   10606150000 |   10493860000 |   10543930000 |   11054380000 |   10942000000 |   10719200000 |   10636880000 |   10750550000 |   10601660000 |   10596600000 |   10501310000 |   11044610000 |   10987260000 |   10789040000 |   10708690000 |   10628700000 |   10581580000 |   10478870000 |   10394690000 |
| L2_CACHE_MISS_AFTER_L1_MISS |   PMC4  |    3693966000 |    3704585000 |    3695369000 |    3714973000 |    3701815000 |    3707838000 |    3700131000 |    3698062000 |    3756355000 |    3777882000 |    3759146000 |    3772590000 |    3755648000 |    3771760000 |    3760376000 |    3768277000 |    3743873000 |    3753959000 |    3750446000 |    3759152000 |    3739784000 |    3752535000 |    3743528000 |    3751703000 |    3720720000 |    3725508000 |    3714973000 |    3722660000 |    3709171000 |    3728828000 |    3712472000 |    3713046000 |    3777049000 |    3794037000 |    3781565000 |    3792630000 |    3766526000 |    3797476000 |    3775631000 |    3787818000 |    3755620000 |    3766521000 |    3751082000 |    3769255000 |    3757377000 |    3760470000 |    3758384000 |    3726464000 |
+-----------------------------+---------+---------------+---------------+---------------+---------------+---------------+---------------+---------------+---------------+---------------+---------------+---------------+---------------+---------------+---------------+---------------+---------------+---------------+---------------+---------------+---------------+---------------+---------------+---------------+---------------+---------------+---------------+---------------+---------------+---------------+---------------+---------------+---------------+---------------+---------------+---------------+---------------+---------------+---------------+---------------+---------------+---------------+---------------+---------------+---------------+---------------+---------------+---------------+---------------+

+----------------------------------+---------+----------------+---------------+---------------+--------------+
|               Event              | Counter |       Sum      |      Min      |      Max      |      Avg     |
+----------------------------------+---------+----------------+---------------+---------------+--------------+
|       ACTUAL_CPU_CLOCK STAT      |  FIXC1  | 55022174000000 | 1145626000000 | 1149275000000 | 1.146295e+12 |
|        MAX_CPU_CLOCK STAT        |  FIXC2  | 38767457200000 |  807582200000 |  807911800000 | 8.076554e+11 |
|     RETIRED_INSTRUCTIONS STAT    |   PMC0  | 95888057000000 | 1984809000000 | 2008863000000 | 1.997668e+12 |
|     CPU_CLOCKS_UNHALTED STAT     |   PMC1  | 54794269000000 | 1140842000000 | 1142674000000 | 1.141547e+12 |
|       L2_PF_HIT_IN_L3 STAT       |   PMC2  |  1325515920000 |   26816910000 |   28182150000 |  27614915000 |
|       L2_PF_MISS_IN_L3 STAT      |   PMC3  |   514292160000 |   10367280000 |   11292460000 |  10714420000 |
| L2_CACHE_MISS_AFTER_L1_MISS STAT |   PMC4  |   179799036000 |    3693966000 |    3797476000 |   3745813250 |
+----------------------------------+---------+----------------+---------------+---------------+--------------+

+-------------------------+------------+------------+------------+------------+------------+------------+------------+------------+------------+------------+-------------+-------------+-------------+-------------+-------------+-------------+-------------+-------------+-------------+-------------+-------------+-------------+-------------+-------------+-------------+-------------+-------------+-------------+-------------+-------------+-------------+-------------+-------------+-------------+-------------+-------------+-------------+-------------+-------------+-------------+-------------+-------------+-------------+-------------+-------------+-------------+-------------+-------------+
|          Metric         | HWThread 0 | HWThread 1 | HWThread 2 | HWThread 3 | HWThread 4 | HWThread 5 | HWThread 6 | HWThread 7 | HWThread 8 | HWThread 9 | HWThread 10 | HWThread 11 | HWThread 12 | HWThread 13 | HWThread 14 | HWThread 15 | HWThread 16 | HWThread 17 | HWThread 18 | HWThread 19 | HWThread 20 | HWThread 21 | HWThread 22 | HWThread 23 | HWThread 24 | HWThread 25 | HWThread 26 | HWThread 27 | HWThread 28 | HWThread 29 | HWThread 30 | HWThread 31 | HWThread 32 | HWThread 33 | HWThread 34 | HWThread 35 | HWThread 36 | HWThread 37 | HWThread 38 | HWThread 39 | HWThread 40 | HWThread 41 | HWThread 42 | HWThread 43 | HWThread 44 | HWThread 45 | HWThread 46 | HWThread 47 |
+-------------------------+------------+------------+------------+------------+------------+------------+------------+------------+------------+------------+-------------+-------------+-------------+-------------+-------------+-------------+-------------+-------------+-------------+-------------+-------------+-------------+-------------+-------------+-------------+-------------+-------------+-------------+-------------+-------------+-------------+-------------+-------------+-------------+-------------+-------------+-------------+-------------+-------------+-------------+-------------+-------------+-------------+-------------+-------------+-------------+-------------+-------------+
|   Runtime (RDTSC) [s]   |   313.8554 |   311.9030 |   311.8187 |   313.3355 |   313.6330 |   313.2793 |   313.8575 |   312.8415 |   313.6321 |   312.2555 |    310.8803 |    312.6427 |    311.0757 |    313.5650 |    310.7296 |    313.3351 |    311.8170 |    312.5549 |    312.5546 |    312.1994 |    312.4872 |    311.3011 |    311.3883 |    310.6585 |    310.8799 |    312.9289 |    313.4243 |    311.0114 |    313.1278 |    311.0763 |    313.1924 |    310.7105 |    312.7716 |    313.9424 |    311.6742 |    311.6194 |    312.9279 |    312.2550 |    312.9988 |    312.3448 |    313.9431 |    311.3889 |    312.0475 |    311.4749 |    312.0475 |    311.3014 |    311.9911 |    310.7295 |
|   Runtime unhalted [s]  |   442.0296 |   440.6261 |   440.8761 |   440.8834 |   440.9011 |   440.8946 |   440.9407 |   440.9492 |   440.8457 |   440.8484 |    440.8130 |    440.8330 |    440.8199 |    440.8407 |    440.8396 |    440.8873 |    440.8280 |    440.8226 |    440.8326 |    440.8469 |    440.8299 |    440.8480 |    440.8992 |    440.9742 |    440.8542 |    440.8534 |    440.8319 |    440.7973 |    440.8057 |    440.9119 |    440.8380 |    440.9615 |    440.8453 |    440.8984 |    440.9430 |    440.8661 |    440.8846 |    440.9615 |    440.8115 |    440.8880 |    440.9069 |    440.8342 |    440.8553 |    440.7969 |    440.8669 |    440.8469 |    440.8046 |    440.8353 |
|       Clock [MHz]       |  3698.5599 |  3688.0219 |  3690.0842 |  3689.8777 |  3690.2565 |  3690.1634 |  3690.5419 |  3690.6187 |  3689.7961 |  3689.8319 |   3689.5613 |   3689.8114 |   3689.7728 |   3689.8328 |   3689.6532 |   3690.2393 |   3689.6777 |   3689.6555 |   3689.8196 |   3689.7258 |   3689.5426 |   3689.8342 |   3690.2477 |   3690.9732 |   3690.1721 |   3690.1392 |   3689.8730 |   3689.5289 |   3689.5856 |   3690.7053 |   3690.0954 |   3691.1115 |   3689.5220 |   3690.1426 |   3690.5553 |   3689.7155 |   3690.0801 |   3690.6965 |   3689.5279 |   3689.9168 |   3690.3760 |   3689.9065 |   3690.0210 |   3689.4544 |   3690.2569 |   3689.9977 |   3689.4398 |   3689.8924 |
|           CPI           |     0.5731 |     0.5748 |     0.5747 |     0.5744 |     0.5745 |     0.5745 |     0.5745 |     0.5750 |     0.5700 |     0.5697 |      0.5700 |      0.5701 |      0.5705 |      0.5701 |      0.5700 |      0.5701 |      0.5714 |      0.5713 |      0.5712 |      0.5712 |      0.5716 |      0.5716 |      0.5713 |      0.5713 |      0.5730 |      0.5732 |      0.5733 |      0.5733 |      0.5736 |      0.5731 |      0.5733 |      0.5731 |      0.5686 |      0.5683 |      0.5685 |      0.5684 |      0.5690 |      0.5686 |      0.5688 |      0.5685 |      0.5706 |      0.5708 |      0.5712 |      0.5709 |      0.5710 |      0.5711 |      0.5710 |      0.5715 |
| L3 bandwidth [MBytes/s] |  8489.1325 |  8548.7306 |  8553.3988 |  8520.0254 |  8511.9849 |  8519.5814 |  8505.6957 |  8512.4178 |  8623.6550 |  8674.9907 |   8704.8328 |   8653.1986 |   8689.0969 |   8625.1116 |   8708.6034 |   8629.9014 |   8635.0428 |   8617.5205 |   8624.2055 |   8633.2952 |   8616.2078 |   8645.0280 |   8653.7187 |   8665.7961 |   8610.1685 |   8549.3461 |   8541.3514 |   8604.7377 |   8547.7607 |   8609.5833 |   8544.1893 |   8607.6959 |   8690.9740 |   8663.2813 |   8720.7033 |   8729.8329 |   8675.7479 |   8706.8174 |   8679.8239 |   8702.4397 |   8597.6038 |   8660.0412 |   8634.0234 |   8659.3975 |   8649.1031 |   8656.7104 |   8648.5983 |   8661.6186 |
| L3 data volume [GBytes] |  2664.3601 |  2666.3747 |  2667.1097 |  2669.6264 |  2669.6394 |  2669.0085 |  2669.5764 |  2663.0376 |  2704.6550 |  2708.8136 |   2706.1610 |   2705.3594 |   2702.9669 |   2704.5331 |   2706.0209 |   2704.0510 |   2692.5532 |   2693.4483 |   2695.5351 |   2695.3096 |   2692.4547 |   2691.2067 |   2694.6668 |   2692.1032 |   2676.7283 |   2675.3375 |   2677.0671 |   2676.1715 |   2676.5415 |   2678.2373 |   2675.9752 |   2674.5015 |   2718.2899 |   2719.7713 |   2718.0182 |   2720.3853 |   2714.8836 |   2718.7473 |   2716.7745 |   2718.1618 |   2699.1584 |   2696.6407 |   2694.2254 |   2697.1850 |   2698.9310 |   2694.8461 |   2698.2857 |   2691.4204 |
+-------------------------+------------+------------+------------+------------+------------+------------+------------+------------+------------+------------+-------------+-------------+-------------+-------------+-------------+-------------+-------------+-------------+-------------+-------------+-------------+-------------+-------------+-------------+-------------+-------------+-------------+-------------+-------------+-------------+-------------+-------------+-------------+-------------+-------------+-------------+-------------+-------------+-------------+-------------+-------------+-------------+-------------+-------------+-------------+-------------+-------------+-------------+

+------------------------------+-------------+-----------+-----------+-----------+
|            Metric            |     Sum     |    Min    |    Max    |    Avg    |
+------------------------------+-------------+-----------+-----------+-----------+
|   Runtime (RDTSC) [s] STAT   |  14989.4104 |  310.6585 |  313.9431 |  312.2794 |
|   Runtime unhalted [s] STAT  |  21162.4091 |  440.6261 |  442.0296 |  440.8835 |
|       Clock [MHz] STAT       | 177126.8117 | 3688.0219 | 3698.5599 | 3690.1419 |
|           CPI STAT           |     27.4296 |    0.5683 |    0.5750 |    0.5715 |
| L3 bandwidth [MBytes/s] STAT | 413912.7217 | 8489.1325 | 8729.8329 | 8623.1817 |
| L3 data volume [GBytes] STAT | 129254.8558 | 2663.0376 | 2720.3853 | 2692.8095 |
+------------------------------+-------------+-----------+-----------+-----------+

