INFO: You are running LIKWID in a cpuset with 64 CPUs. Taking given IDs as logical ID in cpuset
--------------------------------------------------------------------------------
CPU name:	AMD EPYC 9A14 96-Core Processor                
CPU type:	AMD K19 (Zen4) architecture
CPU clock:	2.60 GHz
--------------------------------------------------------------------------------
Sys.CPU_THREADS       192
SLURM_CPUS_PER_TASK   64
OMP_NUM_THREADS       64
OMP_PROC_BIND         close
OMP_PLACES            cores
BLAS_NUM_THREADS      1
Threads.nthreads()    1

Successfully read data from: /public/home/halili/jld2file/6-31g/o2-1.0-6-31g.jld2
  name: o2
  ratio: 1.0
  basis: 6-31g
  nα: 8, nβ: 8, ne: 16, norb: 18, nq: 36

  ngs: 4266
  ncs: 22543

Warming up JIT and Hardware...
Warm-up completed.
  Step 001:  residual: 9.5235e-01,  e: -149.45320229675207
  Step 002:  residual: 7.0900e-01,  e: -149.59391697072704
  Step 003:  residual: 3.4390e-01,  e: -149.71881382605218
  Step 004:  residual: 1.3670e-01,  e: -149.74155494323807
  Step 005:  residual: 5.6781e-02,  e: -149.74486722652438
  Step 006:  residual: 3.0719e-02,  e: -149.74550118255092
  Step 007:  residual: 2.2745e-02,  e: -149.74573279555426
  Step 008:  residual: 2.6203e-02,  e: -149.74592799688321
  Step 009:  residual: 3.4719e-02,  e: -149.74623194412564
  Step 010:  residual: 2.6370e-02,  e: -149.74654741412471
  Step 011:  residual: 1.1805e-02,  e: -149.74665437187241
  Step 012:  residual: 4.6480e-03,  e: -149.74667295626756
  Step 013:  residual: 1.7886e-03,  e: -149.74667552118095
  Step 014:  residual: 6.8126e-04,  e: -149.74667587808383
  Step 015:  residual: 2.5621e-04,  e: -149.74667592692393
  Step 016:  residual: 9.5094e-05,  e: -149.74667593407187
  Step 017:  residual: 3.6656e-05,  e: -149.74667593511117
  Step 018:  residual: 1.4803e-05,  e: -149.74667593526470
  Step 019:  residual: 6.2970e-06,  e: -149.74667593529108

Convergence reached!
262.449494 seconds (7.21 M allocations: 69.917 GiB, 0.17% gc time, 0.75% compilation time)
--------------------------------------------------------------------------------
Region hvec_direct_agg, Group 1: L3
+-------------------+------------+------------+------------+------------+------------+------------+------------+------------+------------+------------+-------------+-------------+-------------+-------------+-------------+-------------+-------------+-------------+-------------+-------------+-------------+-------------+-------------+-------------+-------------+-------------+-------------+-------------+-------------+-------------+-------------+-------------+-------------+-------------+-------------+-------------+-------------+-------------+-------------+-------------+-------------+-------------+-------------+-------------+-------------+-------------+-------------+-------------+-------------+-------------+-------------+-------------+-------------+-------------+-------------+-------------+-------------+-------------+-------------+-------------+-------------+-------------+-------------+-------------+
|    Region Info    | HWThread 0 | HWThread 1 | HWThread 2 | HWThread 3 | HWThread 4 | HWThread 5 | HWThread 6 | HWThread 7 | HWThread 8 | HWThread 9 | HWThread 10 | HWThread 11 | HWThread 12 | HWThread 13 | HWThread 14 | HWThread 15 | HWThread 16 | HWThread 17 | HWThread 18 | HWThread 19 | HWThread 20 | HWThread 21 | HWThread 22 | HWThread 23 | HWThread 24 | HWThread 25 | HWThread 26 | HWThread 27 | HWThread 28 | HWThread 29 | HWThread 30 | HWThread 31 | HWThread 32 | HWThread 33 | HWThread 34 | HWThread 35 | HWThread 36 | HWThread 37 | HWThread 38 | HWThread 39 | HWThread 40 | HWThread 41 | HWThread 42 | HWThread 43 | HWThread 44 | HWThread 45 | HWThread 46 | HWThread 47 | HWThread 48 | HWThread 49 | HWThread 50 | HWThread 51 | HWThread 52 | HWThread 53 | HWThread 54 | HWThread 55 | HWThread 56 | HWThread 57 | HWThread 58 | HWThread 59 | HWThread 60 | HWThread 61 | HWThread 62 | HWThread 63 |
+-------------------+------------+------------+------------+------------+------------+------------+------------+------------+------------+------------+-------------+-------------+-------------+-------------+-------------+-------------+-------------+-------------+-------------+-------------+-------------+-------------+-------------+-------------+-------------+-------------+-------------+-------------+-------------+-------------+-------------+-------------+-------------+-------------+-------------+-------------+-------------+-------------+-------------+-------------+-------------+-------------+-------------+-------------+-------------+-------------+-------------+-------------+-------------+-------------+-------------+-------------+-------------+-------------+-------------+-------------+-------------+-------------+-------------+-------------+-------------+-------------+-------------+-------------+
| RDTSC Runtime [s] | 242.668500 | 241.791100 | 243.109600 | 240.395500 | 242.308400 | 242.577300 | 238.222900 | 243.109200 | 238.777700 | 240.306900 |  239.393100 |  238.544200 |  239.709000 |  239.305000 |  242.487500 |  240.736000 |  239.537400 |  241.262400 |  240.048300 |  240.823100 |  241.649200 |  241.557000 |  238.863100 |  238.862400 |  242.846800 |  241.042400 |  240.567600 |  239.964200 |  241.122800 |  239.793400 |  242.667800 |  239.305600 |  238.951600 |  240.134300 |  238.631300 |  241.341100 |  239.007500 |  241.420100 |  238.631200 |  239.007800 |  243.024900 |  243.197500 |  241.340300 |  238.290100 |  242.306400 |  240.988100 |  239.537500 |  239.879000 |  242.139500 |  238.377000 |  242.757500 |  240.479100 |  241.967900 |  239.216700 |  241.557600 |  240.219500 |  240.822900 |  240.654800 |  242.935000 |  242.218300 |  241.879700 |  242.053600 |  240.907800 |  238.457800 |
|     call count    |         19 |         19 |         19 |         19 |         19 |         19 |         19 |         19 |         19 |         19 |          19 |          19 |          19 |          19 |          19 |          19 |          19 |          19 |          19 |          19 |          19 |          19 |          19 |          19 |          19 |          19 |          19 |          19 |          19 |          19 |          19 |          19 |          19 |          19 |          19 |          19 |          19 |          19 |          19 |          19 |          19 |          19 |          19 |          19 |          19 |          19 |          19 |          19 |          19 |          19 |          19 |          19 |          19 |          19 |          19 |          19 |          19 |          19 |          19 |          19 |          19 |          19 |          19 |          19 |
+-------------------+------------+------------+------------+------------+------------+------------+------------+------------+------------+------------+-------------+-------------+-------------+-------------+-------------+-------------+-------------+-------------+-------------+-------------+-------------+-------------+-------------+-------------+-------------+-------------+-------------+-------------+-------------+-------------+-------------+-------------+-------------+-------------+-------------+-------------+-------------+-------------+-------------+-------------+-------------+-------------+-------------+-------------+-------------+-------------+-------------+-------------+-------------+-------------+-------------+-------------+-------------+-------------+-------------+-------------+-------------+-------------+-------------+-------------+-------------+-------------+-------------+-------------+

+-----------------------------+---------+---------------+---------------+---------------+---------------+---------------+---------------+---------------+---------------+---------------+---------------+---------------+---------------+---------------+---------------+---------------+---------------+---------------+---------------+---------------+---------------+---------------+---------------+---------------+---------------+---------------+---------------+---------------+---------------+---------------+---------------+---------------+---------------+---------------+---------------+---------------+---------------+---------------+---------------+---------------+---------------+---------------+---------------+---------------+---------------+---------------+---------------+---------------+---------------+---------------+---------------+---------------+---------------+---------------+---------------+---------------+---------------+---------------+---------------+---------------+---------------+---------------+---------------+---------------+---------------+
|            Event            | Counter |   HWThread 0  |   HWThread 1  |   HWThread 2  |   HWThread 3  |   HWThread 4  |   HWThread 5  |   HWThread 6  |   HWThread 7  |   HWThread 8  |   HWThread 9  |  HWThread 10  |  HWThread 11  |  HWThread 12  |  HWThread 13  |  HWThread 14  |  HWThread 15  |  HWThread 16  |  HWThread 17  |  HWThread 18  |  HWThread 19  |  HWThread 20  |  HWThread 21  |  HWThread 22  |  HWThread 23  |  HWThread 24  |  HWThread 25  |  HWThread 26  |  HWThread 27  |  HWThread 28  |  HWThread 29  |  HWThread 30  |  HWThread 31  |  HWThread 32  |  HWThread 33  |  HWThread 34  |  HWThread 35  |  HWThread 36  |  HWThread 37  |  HWThread 38  |  HWThread 39  |  HWThread 40  |  HWThread 41  |  HWThread 42  |  HWThread 43  |  HWThread 44  |  HWThread 45  |  HWThread 46  |  HWThread 47  |  HWThread 48  |  HWThread 49  |  HWThread 50  |  HWThread 51  |  HWThread 52  |  HWThread 53  |  HWThread 54  |  HWThread 55  |  HWThread 56  |  HWThread 57  |  HWThread 58  |  HWThread 59  |  HWThread 60  |  HWThread 61  |  HWThread 62  |  HWThread 63  |
+-----------------------------+---------+---------------+---------------+---------------+---------------+---------------+---------------+---------------+---------------+---------------+---------------+---------------+---------------+---------------+---------------+---------------+---------------+---------------+---------------+---------------+---------------+---------------+---------------+---------------+---------------+---------------+---------------+---------------+---------------+---------------+---------------+---------------+---------------+---------------+---------------+---------------+---------------+---------------+---------------+---------------+---------------+---------------+---------------+---------------+---------------+---------------+---------------+---------------+---------------+---------------+---------------+---------------+---------------+---------------+---------------+---------------+---------------+---------------+---------------+---------------+---------------+---------------+---------------+---------------+---------------+
|       ACTUAL_CPU_CLOCK      |  FIXC1  |  881181100000 |  877390200000 |  877985500000 |  878237400000 |  878074800000 |  877994900000 |  878315000000 |  878195600000 |  878109100000 |  878036100000 |  878070400000 |  877947700000 |  878035800000 |  878057000000 |  878121700000 |  878088800000 |  878279600000 |  878274900000 |  878219000000 |  878217200000 |  878012600000 |  878072700000 |  878194900000 |  878064900000 |  878290100000 |  877913000000 |  878127400000 |  878168400000 |  878291700000 |  878308800000 |  878106200000 |  878131200000 |  878059800000 |  878182700000 |  878028700000 |  878210500000 |  877944400000 |  878076100000 |  878075700000 |  878299300000 |  878215500000 |  878134300000 |  878184100000 |  877935500000 |  878135200000 |  878016300000 |  878049700000 |  878145900000 |  878129100000 |  878310200000 |  878120500000 |  878273600000 |  878307600000 |  878207900000 |  878096500000 |  878353600000 |  877860300000 |  878107400000 |  878107200000 |  878037600000 |  877987300000 |  878054900000 |  878050200000 |  877999700000 |
|        MAX_CPU_CLOCK        |  FIXC2  |  619602700000 |  619154300000 |  619178400000 |  619219600000 |  619257000000 |  619215400000 |  619183200000 |  619219700000 |  619178000000 |  619173400000 |  619211900000 |  619168800000 |  619260900000 |  619351600000 |  619197800000 |  619168200000 |  619207800000 |  619187500000 |  619170800000 |  619210200000 |  619190800000 |  619228800000 |  619174800000 |  619245500000 |  619254700000 |  619214400000 |  619206800000 |  619177700000 |  619238200000 |  619253700000 |  619261100000 |  619211700000 |  619232500000 |  619220100000 |  619227600000 |  619220700000 |  619198000000 |  619243700000 |  619221800000 |  619239900000 |  619225200000 |  619200600000 |  619173100000 |  619175100000 |  619196600000 |  619211500000 |  619178700000 |  619194800000 |  619184900000 |  619184900000 |  619210200000 |  619162800000 |  619203400000 |  619213000000 |  619182000000 |  619215000000 |  619176400000 |  619141100000 |  619146400000 |  619124500000 |  619142600000 |  619162900000 |  619168700000 |  619099600000 |
|     RETIRED_INSTRUCTIONS    |   PMC0  | 1490201000000 | 1480394000000 | 1479999000000 | 1482631000000 | 1481335000000 | 1480182000000 | 1481378000000 | 1480987000000 | 1505455000000 | 1504159000000 | 1503956000000 | 1505566000000 | 1504640000000 | 1505159000000 | 1504391000000 | 1505572000000 | 1498489000000 | 1498615000000 | 1499208000000 | 1498756000000 | 1497575000000 | 1497134000000 | 1498206000000 | 1499537000000 | 1486557000000 | 1485728000000 | 1486369000000 | 1486532000000 | 1486104000000 | 1486554000000 | 1486388000000 | 1484562000000 | 1499952000000 | 1500473000000 | 1499160000000 | 1500474000000 | 1500265000000 | 1500130000000 | 1499970000000 | 1501115000000 | 1499531000000 | 1499644000000 | 1500203000000 | 1498673000000 | 1499531000000 | 1498752000000 | 1497884000000 | 1499446000000 | 1507427000000 | 1508263000000 | 1508394000000 | 1508737000000 | 1508917000000 | 1507857000000 | 1507259000000 | 1508883000000 | 1506216000000 | 1508134000000 | 1506525000000 | 1507204000000 | 1506692000000 | 1506645000000 | 1507797000000 | 1506740000000 |
|     CPU_CLOCKS_UNHALTED     |   PMC1  |  875478800000 |  873597300000 |  874109700000 |  874359900000 |  874153600000 |  874045500000 |  874429100000 |  874339100000 |  874390200000 |  874228800000 |  874332200000 |  874328700000 |  874290900000 |  874279600000 |  874409200000 |  874409700000 |  874306400000 |  874314000000 |  874228100000 |  874313800000 |  874113100000 |  874182000000 |  874245100000 |  874217700000 |  874471100000 |  874039200000 |  874220500000 |  874116700000 |  874387200000 |  874452400000 |  874321900000 |  874245700000 |  874399800000 |  874244200000 |  874234600000 |  874427700000 |  874158100000 |  874325300000 |  874294500000 |  874549100000 |  874277500000 |  874231900000 |  874238700000 |  874034100000 |  874174000000 |  874151300000 |  874112500000 |  874209900000 |  874399000000 |  874633800000 |  874499800000 |  874515800000 |  874660600000 |  874601400000 |  874359700000 |  874711000000 |  874225300000 |  874415700000 |  874388700000 |  874363700000 |  874238300000 |  874394000000 |  874352100000 |  874265600000 |
|       L2_PF_HIT_IN_L3       |   PMC2  |   19610620000 |   19847740000 |   19804500000 |   20150280000 |   20076390000 |   20064060000 |   20142440000 |   20100830000 |   20331690000 |   20339060000 |   20628630000 |   20751420000 |   20759530000 |   20768860000 |   20745470000 |   20849970000 |   20165690000 |   20194390000 |   20441250000 |   20427470000 |   20510440000 |   20504810000 |   20580640000 |   20725500000 |   19736540000 |   19898310000 |   20154400000 |   20096360000 |   20135990000 |   20195360000 |   20249940000 |   19910700000 |   20221470000 |   20306990000 |   20493710000 |   20448250000 |   20659090000 |   20686710000 |   20661240000 |   20637650000 |   20193320000 |   20396880000 |   20649490000 |   20627170000 |   20603120000 |   20656650000 |   20550060000 |   20650770000 |   20423830000 |   20575160000 |   20848300000 |   20777180000 |   20972920000 |   20869850000 |   20871830000 |   20988680000 |   20344170000 |   20492310000 |   20660010000 |   20749000000 |   20803840000 |   20815640000 |   20988920000 |   20801550000 |
|       L2_PF_MISS_IN_L3      |   PMC3  |    8563041000 |    8340302000 |    8334031000 |    8077942000 |    8133581000 |    8102455000 |    8030460000 |    8071050000 |    8654034000 |    8597699000 |    8337503000 |    8260991000 |    8245183000 |    8217445000 |    8222529000 |    8143289000 |    8567671000 |    8535040000 |    8310823000 |    8315337000 |    8242209000 |    8212844000 |    8155147000 |    8063029000 |    8595419000 |    8430194000 |    8198281000 |    8244503000 |    8213238000 |    8147996000 |    8103777000 |    8351244000 |    8593797000 |    8516874000 |    8313137000 |    8361294000 |    8209729000 |    8158306000 |    8162783000 |    8183679000 |    8578262000 |    8388636000 |    8165560000 |    8157646000 |    8210844000 |    8124365000 |    8178940000 |    8118765000 |    8640868000 |    8496580000 |    8262387000 |    8301759000 |    8154812000 |    8210629000 |    8177946000 |    8091671000 |    8695666000 |    8565854000 |    8371984000 |    8302861000 |    8256354000 |    8232602000 |    8098563000 |    8227843000 |
| L2_CACHE_MISS_AFTER_L1_MISS |   PMC4  |    2778280000 |    2787657000 |    2768150000 |    2792529000 |    2776891000 |    2781169000 |    2772799000 |    2782177000 |    2855707000 |    2859894000 |    2852545000 |    2869979000 |    2855345000 |    2876755000 |    2853951000 |    2867660000 |    2834215000 |    2843681000 |    2837000000 |    2849267000 |    2834333000 |    2844544000 |    2837780000 |    2851327000 |    2785639000 |    2797207000 |    2791490000 |    2800351000 |    2788466000 |    2801652000 |    2792266000 |    2786473000 |    2832515000 |    2848000000 |    2829685000 |    2844701000 |    2838621000 |    2845599000 |    2835809000 |    2844663000 |    2841514000 |    2851188000 |    2849088000 |    2852234000 |    2845720000 |    2852982000 |    2836638000 |    2851099000 |    2861340000 |    2872698000 |    2870539000 |    2874573000 |    2867444000 |    2873182000 |    2861802000 |    2873977000 |    2858564000 |    2871371000 |    2854757000 |    2872175000 |    2858609000 |    2869283000 |    2863298000 |    2868450000 |
+-----------------------------+---------+---------------+---------------+---------------+---------------+---------------+---------------+---------------+---------------+---------------+---------------+---------------+---------------+---------------+---------------+---------------+---------------+---------------+---------------+---------------+---------------+---------------+---------------+---------------+---------------+---------------+---------------+---------------+---------------+---------------+---------------+---------------+---------------+---------------+---------------+---------------+---------------+---------------+---------------+---------------+---------------+---------------+---------------+---------------+---------------+---------------+---------------+---------------+---------------+---------------+---------------+---------------+---------------+---------------+---------------+---------------+---------------+---------------+---------------+---------------+---------------+---------------+---------------+---------------+---------------+

+----------------------------------+---------+----------------+---------------+---------------+---------------+
|               Event              | Counter |       Sum      |      Min      |      Max      |      Avg      |
+----------------------------------+---------+----------------+---------------+---------------+---------------+
|       ACTUAL_CPU_CLOCK STAT      |  FIXC1  | 56202211000000 |  877390200000 |  881181100000 |  878159546875 |
|        MAX_CPU_CLOCK STAT        |  FIXC2  | 39629253700000 |  619099600000 |  619602700000 |  6.192071e+11 |
|     RETIRED_INSTRUCTIONS STAT    |   PMC0  | 95889212000000 | 1479999000000 | 1508917000000 | 1498268937500 |
|     CPU_CLOCKS_UNHALTED STAT     |   PMC1  | 55956444900000 |  873597300000 |  875478800000 |  8.743195e+11 |
|       L2_PF_HIT_IN_L3 STAT       |   PMC2  |  1309325040000 |   19610620000 |   20988920000 |   20458203750 |
|       L2_PF_MISS_IN_L3 STAT      |   PMC3  |   530529283000 |    8030460000 |    8695666000 |  8.289520e+09 |
| L2_CACHE_MISS_AFTER_L1_MISS STAT |   PMC4  |   181579297000 |    2768150000 |    2876755000 |  2.837177e+09 |
+----------------------------------+---------+----------------+---------------+---------------+---------------+

+-------------------------+------------+------------+------------+------------+------------+------------+------------+------------+------------+------------+-------------+-------------+-------------+-------------+-------------+-------------+-------------+-------------+-------------+-------------+-------------+-------------+-------------+-------------+-------------+-------------+-------------+-------------+-------------+-------------+-------------+-------------+-------------+-------------+-------------+-------------+-------------+-------------+-------------+-------------+-------------+-------------+-------------+-------------+-------------+-------------+-------------+-------------+-------------+-------------+-------------+-------------+-------------+-------------+-------------+-------------+-------------+-------------+-------------+-------------+-------------+-------------+-------------+-------------+
|          Metric         | HWThread 0 | HWThread 1 | HWThread 2 | HWThread 3 | HWThread 4 | HWThread 5 | HWThread 6 | HWThread 7 | HWThread 8 | HWThread 9 | HWThread 10 | HWThread 11 | HWThread 12 | HWThread 13 | HWThread 14 | HWThread 15 | HWThread 16 | HWThread 17 | HWThread 18 | HWThread 19 | HWThread 20 | HWThread 21 | HWThread 22 | HWThread 23 | HWThread 24 | HWThread 25 | HWThread 26 | HWThread 27 | HWThread 28 | HWThread 29 | HWThread 30 | HWThread 31 | HWThread 32 | HWThread 33 | HWThread 34 | HWThread 35 | HWThread 36 | HWThread 37 | HWThread 38 | HWThread 39 | HWThread 40 | HWThread 41 | HWThread 42 | HWThread 43 | HWThread 44 | HWThread 45 | HWThread 46 | HWThread 47 | HWThread 48 | HWThread 49 | HWThread 50 | HWThread 51 | HWThread 52 | HWThread 53 | HWThread 54 | HWThread 55 | HWThread 56 | HWThread 57 | HWThread 58 | HWThread 59 | HWThread 60 | HWThread 61 | HWThread 62 | HWThread 63 |
+-------------------------+------------+------------+------------+------------+------------+------------+------------+------------+------------+------------+-------------+-------------+-------------+-------------+-------------+-------------+-------------+-------------+-------------+-------------+-------------+-------------+-------------+-------------+-------------+-------------+-------------+-------------+-------------+-------------+-------------+-------------+-------------+-------------+-------------+-------------+-------------+-------------+-------------+-------------+-------------+-------------+-------------+-------------+-------------+-------------+-------------+-------------+-------------+-------------+-------------+-------------+-------------+-------------+-------------+-------------+-------------+-------------+-------------+-------------+-------------+-------------+-------------+-------------+
|   Runtime (RDTSC) [s]   |   242.6685 |   241.7911 |   243.1096 |   240.3955 |   242.3084 |   242.5773 |   238.2229 |   243.1092 |   238.7777 |   240.3069 |    239.3931 |    238.5442 |    239.7090 |    239.3050 |    242.4875 |    240.7360 |    239.5374 |    241.2624 |    240.0483 |    240.8231 |    241.6492 |    241.5570 |    238.8631 |    238.8624 |    242.8468 |    241.0424 |    240.5676 |    239.9642 |    241.1228 |    239.7934 |    242.6678 |    239.3056 |    238.9516 |    240.1343 |    238.6313 |    241.3411 |    239.0075 |    241.4201 |    238.6312 |    239.0078 |    243.0249 |    243.1975 |    241.3403 |    238.2901 |    242.3064 |    240.9881 |    239.5375 |    239.8790 |    242.1395 |    238.3770 |    242.7575 |    240.4791 |    241.9679 |    239.2167 |    241.5576 |    240.2195 |    240.8229 |    240.6548 |    242.9350 |    242.2183 |    241.8797 |    242.0536 |    240.9078 |    238.4578 |
|   Runtime unhalted [s]  |   338.9172 |   337.4591 |   337.6881 |   337.7850 |   337.7225 |   337.6917 |   337.8148 |   337.7689 |   337.7356 |   337.7076 |    337.7208 |    337.6736 |    337.7075 |    337.7156 |    337.7405 |    337.7278 |    337.8012 |    337.7994 |    337.7779 |    337.7772 |    337.6985 |    337.7216 |    337.7686 |    337.7186 |    337.8053 |    337.6602 |    337.7427 |    337.7585 |    337.8059 |    337.8125 |    337.7345 |    337.7441 |    337.7167 |    337.7640 |    337.7047 |    337.7746 |    337.6723 |    337.7230 |    337.7228 |    337.8088 |    337.7766 |    337.7453 |    337.7645 |    337.6689 |    337.7457 |    337.7000 |    337.7128 |    337.7498 |    337.7433 |    337.8130 |    337.7400 |    337.7989 |    337.8120 |    337.7736 |    337.7308 |    337.8297 |    337.6400 |    337.7350 |    337.7349 |    337.7081 |    337.6888 |    337.7148 |    337.7130 |    337.6936 |
|       Clock [MHz]       |  3697.6300 |  3684.3889 |  3686.7452 |  3687.5576 |  3686.6522 |  3686.5644 |  3688.1002 |  3687.3815 |  3687.2666 |  3686.9874 |   3686.9022 |   3686.6436 |   3686.4652 |   3686.0144 |   3687.2016 |   3687.2397 |   3687.8050 |   3687.9062 |   3687.7709 |   3687.5287 |   3686.7852 |   3686.8113 |   3687.6459 |   3686.6791 |   3687.5698 |   3686.2264 |   3687.1719 |   3687.5174 |   3687.6748 |   3687.6543 |   3686.7596 |   3687.1587 |   3686.7351 |   3687.3249 |   3686.6336 |   3687.4381 |   3686.4559 |   3686.7368 |   3686.8655 |   3687.6966 |   3687.4323 |   3687.2378 |   3687.6107 |   3686.5549 |   3687.2654 |   3686.6774 |   3687.0130 |   3687.3211 |   3687.3095 |   3688.0699 |   3687.1227 |   3688.0479 |   3687.9488 |   3687.4730 |   3687.1899 |   3688.0729 |   3686.2314 |   3687.4792 |   3687.4468 |   3687.2849 |   3686.9659 |   3687.1289 |   3687.0746 |   3687.2741 |
|           CPI           |     0.5875 |     0.5901 |     0.5906 |     0.5897 |     0.5901 |     0.5905 |     0.5903 |     0.5904 |     0.5808 |     0.5812 |      0.5814 |      0.5807 |      0.5811 |      0.5809 |      0.5812 |      0.5808 |      0.5835 |      0.5834 |      0.5831 |      0.5834 |      0.5837 |      0.5839 |      0.5835 |      0.5830 |      0.5883 |      0.5883 |      0.5882 |      0.5880 |      0.5884 |      0.5882 |      0.5882 |      0.5889 |      0.5830 |      0.5826 |      0.5831 |      0.5828 |      0.5827 |      0.5828 |      0.5829 |      0.5826 |      0.5830 |      0.5830 |      0.5827 |      0.5832 |      0.5830 |      0.5833 |      0.5836 |      0.5830 |      0.5801 |      0.5799 |      0.5798 |      0.5796 |      0.5797 |      0.5800 |      0.5801 |      0.5797 |      0.5804 |      0.5798 |      0.5804 |      0.5801 |      0.5802 |      0.5804 |      0.5799 |      0.5802 |
| L3 bandwidth [MBytes/s] |  8163.0876 |  8198.9980 |  8136.3615 |  8258.5908 |  8184.4425 |  8165.0335 |  8313.7462 |  8148.8469 |  8534.5138 |  8468.2787 |   8506.4916 |   8553.8569 |   8506.3294 |   8521.4928 |   8398.8032 |   8470.2696 |   8434.2773 |   8375.4414 |   8422.0579 |   8395.7591 |   8365.7088 |   8362.3355 |   8459.6921 |   8477.4782 |   8200.7516 |   8264.2950 |   8285.5170 |   8305.5626 |   8264.7200 |   8312.4911 |   8214.2868 |   8303.6030 |   8476.4364 |   8441.1069 |   8484.7966 |   8394.2258 |   8490.4288 |   8401.1205 |   8491.0492 |   8479.3195 |   8325.2298 |   8325.5340 |   8396.8771 |   8497.0849 |   8362.2215 |   8401.1443 |   8433.7560 |   8436.4224 |   8438.3854 |   8576.5155 |   8431.4531 |   8503.9605 |   8462.6567 |   8548.8777 |   8454.8819 |   8513.3679 |   8477.1739 |   8491.3754 |   8400.4037 |   8435.1112 |   8445.5347 |   8439.1292 |   8488.1020 |   8561.1037 |
| L3 data volume [GBytes] |  1980.9242 |  1982.4447 |  1978.0276 |  1985.3281 |  1983.1592 |  1980.6518 |  1980.5247 |  1981.0596 |  2037.8516 |  2034.9858 |   2036.3954 |   2040.4730 |   2039.0437 |   2039.2358 |   2036.6048 |   2039.0988 |   2020.3249 |   2020.6791 |   2021.7007 |   2021.8927 |   2021.5668 |   2019.9807 |   2020.7083 |   2024.9508 |   1991.5263 |   1992.0455 |   1993.2269 |   1993.0377 |   1992.8124 |   1993.2805 |   1993.3429 |   1987.0987 |   2025.4580 |   2026.9993 |   2024.7380 |   2025.8717 |   2029.2762 |   2028.1994 |   2026.2292 |   2026.6235 |   2023.2381 |   2024.7491 |   2026.5048 |   2024.7712 |   2026.2198 |   2024.5758 |   2020.2008 |   2023.7206 |   2043.2664 |   2044.4440 |   2046.7985 |   2045.0248 |   2047.6913 |   2045.0343 |   2042.3410 |   2045.0770 |   2041.4976 |   2043.4902 |   2040.7521 |   2043.1383 |   2042.8034 |   2042.7216 |   2044.8500 |   2041.4620 |
+-------------------------+------------+------------+------------+------------+------------+------------+------------+------------+------------+------------+-------------+-------------+-------------+-------------+-------------+-------------+-------------+-------------+-------------+-------------+-------------+-------------+-------------+-------------+-------------+-------------+-------------+-------------+-------------+-------------+-------------+-------------+-------------+-------------+-------------+-------------+-------------+-------------+-------------+-------------+-------------+-------------+-------------+-------------+-------------+-------------+-------------+-------------+-------------+-------------+-------------+-------------+-------------+-------------+-------------+-------------+-------------+-------------+-------------+-------------+-------------+-------------+-------------+-------------+

+------------------------------+-------------+-----------+-----------+-----------+
|            Metric            |     Sum     |    Min    |    Max    |    Avg    |
+------------------------------+-------------+-----------+-----------+-----------+
|   Runtime (RDTSC) [s] STAT   |  15405.6888 |  238.2229 |  243.1975 |  240.7139 |
|   Runtime unhalted [s] STAT  |  21616.3230 |  337.4591 |  338.9172 |  337.7550 |
|       Clock [MHz] STAT       | 235987.5254 | 3684.3889 | 3697.6300 | 3687.3051 |
|           CPI STAT           |     37.3489 |    0.5796 |    0.5906 |    0.5836 |
| L3 bandwidth [MBytes/s] STAT | 537477.9066 | 8136.3615 | 8576.5155 | 8398.0923 |
| L3 data volume [GBytes] STAT | 129371.7517 | 1978.0276 | 2047.6913 | 2021.4336 |
+------------------------------+-------------+-----------+-----------+-----------+

