INFO: You are running LIKWID in a cpuset with 96 CPUs. Taking given IDs as logical ID in cpuset
--------------------------------------------------------------------------------
CPU name:	AMD EPYC 9A14 96-Core Processor                
CPU type:	AMD K19 (Zen4) architecture
CPU clock:	2.60 GHz
--------------------------------------------------------------------------------
Sys.CPU_THREADS       192
SLURM_CPUS_PER_TASK   96
OMP_NUM_THREADS       96
OMP_PROC_BIND         close
OMP_PLACES            cores
BLAS_NUM_THREADS      1
Threads.nthreads()    1

Successfully read data from: /public/home/halili/jld2file/6-31g/o2-1.0-6-31g.jld2
  name: o2
  ratio: 1.0
  basis: 6-31g
  nα: 8, nβ: 8, ne: 16, norb: 18, nq: 36

  ngs: 4266
  ncs: 22543

Warming up JIT and Hardware...
Warm-up completed.
  Step 001:  residual: 9.5235e-01,  e: -149.45320229675201
  Step 002:  residual: 7.0900e-01,  e: -149.59391697072698
  Step 003:  residual: 3.4390e-01,  e: -149.71881382605210
  Step 004:  residual: 1.3670e-01,  e: -149.74155494323821
  Step 005:  residual: 5.6781e-02,  e: -149.74486722652452
  Step 006:  residual: 3.0719e-02,  e: -149.74550118255121
  Step 007:  residual: 2.2745e-02,  e: -149.74573279555463
  Step 008:  residual: 2.6203e-02,  e: -149.74592799688372
  Step 009:  residual: 3.4719e-02,  e: -149.74623194412644
  Step 010:  residual: 2.6370e-02,  e: -149.74654741412604
  Step 011:  residual: 1.1805e-02,  e: -149.74665437187386
  Step 012:  residual: 4.6480e-03,  e: -149.74667295626904
  Step 013:  residual: 1.7886e-03,  e: -149.74667552118248
  Step 014:  residual: 6.8126e-04,  e: -149.74667587808531
  Step 015:  residual: 2.5621e-04,  e: -149.74667592692543
  Step 016:  residual: 9.5094e-05,  e: -149.74667593407338
  Step 017:  residual: 3.6656e-05,  e: -149.74667593511271
  Step 018:  residual: 1.4803e-05,  e: -149.74667593526630
  Step 019:  residual: 6.2970e-06,  e: -149.74667593529270

Convergence reached!
197.443192 seconds (7.21 M allocations: 69.917 GiB, 0.19% gc time, 0.98% compilation time)
--------------------------------------------------------------------------------
Region hvec_direct_agg, Group 1: L3
+-------------------+------------+------------+------------+------------+------------+------------+------------+------------+------------+------------+-------------+-------------+-------------+-------------+-------------+-------------+-------------+-------------+-------------+-------------+-------------+-------------+-------------+-------------+-------------+-------------+-------------+-------------+-------------+-------------+-------------+-------------+-------------+-------------+-------------+-------------+-------------+-------------+-------------+-------------+-------------+-------------+-------------+-------------+-------------+-------------+-------------+-------------+-------------+-------------+-------------+-------------+-------------+-------------+-------------+-------------+-------------+-------------+-------------+-------------+-------------+-------------+-------------+-------------+-------------+-------------+-------------+-------------+-------------+-------------+-------------+-------------+-------------+-------------+-------------+-------------+-------------+-------------+-------------+-------------+-------------+-------------+-------------+-------------+-------------+-------------+-------------+-------------+-------------+-------------+-------------+-------------+-------------+-------------+-------------+-------------+
|    Region Info    | HWThread 0 | HWThread 1 | HWThread 2 | HWThread 3 | HWThread 4 | HWThread 5 | HWThread 6 | HWThread 7 | HWThread 8 | HWThread 9 | HWThread 10 | HWThread 11 | HWThread 12 | HWThread 13 | HWThread 14 | HWThread 15 | HWThread 16 | HWThread 17 | HWThread 18 | HWThread 19 | HWThread 20 | HWThread 21 | HWThread 22 | HWThread 23 | HWThread 24 | HWThread 25 | HWThread 26 | HWThread 27 | HWThread 28 | HWThread 29 | HWThread 30 | HWThread 31 | HWThread 32 | HWThread 33 | HWThread 34 | HWThread 35 | HWThread 36 | HWThread 37 | HWThread 38 | HWThread 39 | HWThread 40 | HWThread 41 | HWThread 42 | HWThread 43 | HWThread 44 | HWThread 45 | HWThread 46 | HWThread 47 | HWThread 48 | HWThread 49 | HWThread 50 | HWThread 51 | HWThread 52 | HWThread 53 | HWThread 54 | HWThread 55 | HWThread 56 | HWThread 57 | HWThread 58 | HWThread 59 | HWThread 60 | HWThread 61 | HWThread 62 | HWThread 63 | HWThread 64 | HWThread 65 | HWThread 66 | HWThread 67 | HWThread 68 | HWThread 69 | HWThread 70 | HWThread 71 | HWThread 72 | HWThread 73 | HWThread 74 | HWThread 75 | HWThread 76 | HWThread 77 | HWThread 78 | HWThread 79 | HWThread 80 | HWThread 81 | HWThread 82 | HWThread 83 | HWThread 84 | HWThread 85 | HWThread 86 | HWThread 87 | HWThread 88 | HWThread 89 | HWThread 90 | HWThread 91 | HWThread 92 | HWThread 93 | HWThread 94 | HWThread 95 |
+-------------------+------------+------------+------------+------------+------------+------------+------------+------------+------------+------------+-------------+-------------+-------------+-------------+-------------+-------------+-------------+-------------+-------------+-------------+-------------+-------------+-------------+-------------+-------------+-------------+-------------+-------------+-------------+-------------+-------------+-------------+-------------+-------------+-------------+-------------+-------------+-------------+-------------+-------------+-------------+-------------+-------------+-------------+-------------+-------------+-------------+-------------+-------------+-------------+-------------+-------------+-------------+-------------+-------------+-------------+-------------+-------------+-------------+-------------+-------------+-------------+-------------+-------------+-------------+-------------+-------------+-------------+-------------+-------------+-------------+-------------+-------------+-------------+-------------+-------------+-------------+-------------+-------------+-------------+-------------+-------------+-------------+-------------+-------------+-------------+-------------+-------------+-------------+-------------+-------------+-------------+-------------+-------------+-------------+-------------+
| RDTSC Runtime [s] | 179.102600 | 176.338400 | 177.029900 | 178.181600 | 177.030900 | 177.030300 | 177.219300 | 178.181900 | 178.036000 | 176.949500 |  174.466700 |  177.576900 |  179.540500 |  177.577300 |  173.586200 |  177.709400 |  175.150400 |  176.493400 |  176.491900 |  176.492600 |  179.985000 |  176.628800 |  176.572100 |  175.850400 |  179.928500 |  173.840800 |  179.024600 |  179.843700 |  178.521400 |  178.730700 |  179.843900 |  173.840700 |  180.098900 |  173.645600 |  173.645300 |  177.854200 |  177.496900 |  177.853800 |  178.597200 |  177.854500 |  177.709800 |  177.217900 |  178.306200 |  180.098600 |  178.035700 |  178.597200 |  178.730800 |  179.621700 |  174.336300 |  174.181000 |  175.431800 |  174.612100 |  175.070100 |  174.336000 |  179.316600 |  178.442700 |  175.993400 |  176.072100 |  176.072000 |  179.102300 |  175.850300 |  174.467100 |  179.102000 |  178.943800 |  175.302400 |  175.301500 |  175.507200 |  174.688000 |  175.507800 |  173.720900 |  175.507700 |  179.236500 |  175.927500 |  179.774700 |  178.306100 |  176.874700 |  174.030600 |  174.763800 |  174.917600 |  178.801400 |  175.696700 |  176.206600 |  177.362500 |  176.415700 |  177.363000 |  179.698200 |  176.797300 |  174.030800 |  179.399600 |  175.227200 |  174.840800 |  173.840800 |  179.398300 |  174.259400 |  175.696800 |  174.917100 |
|     call count    |         19 |         19 |         19 |         19 |         19 |         19 |         19 |         19 |         19 |         19 |          19 |          19 |          19 |          19 |          19 |          19 |          19 |          19 |          19 |          19 |          19 |          19 |          19 |          19 |          19 |          19 |          19 |          19 |          19 |          19 |          19 |          19 |          19 |          19 |          19 |          19 |          19 |          19 |          19 |          19 |          19 |          19 |          19 |          19 |          19 |          19 |          19 |          19 |          19 |          19 |          19 |          19 |          19 |          19 |          19 |          19 |          19 |          19 |          19 |          19 |          19 |          19 |          19 |          19 |          19 |          19 |          19 |          19 |          19 |          19 |          19 |          19 |          19 |          19 |          19 |          19 |          19 |          19 |          19 |          19 |          19 |          19 |          19 |          19 |          19 |          19 |          19 |          19 |          19 |          19 |          19 |          19 |          19 |          19 |          19 |          19 |
+-------------------+------------+------------+------------+------------+------------+------------+------------+------------+------------+------------+-------------+-------------+-------------+-------------+-------------+-------------+-------------+-------------+-------------+-------------+-------------+-------------+-------------+-------------+-------------+-------------+-------------+-------------+-------------+-------------+-------------+-------------+-------------+-------------+-------------+-------------+-------------+-------------+-------------+-------------+-------------+-------------+-------------+-------------+-------------+-------------+-------------+-------------+-------------+-------------+-------------+-------------+-------------+-------------+-------------+-------------+-------------+-------------+-------------+-------------+-------------+-------------+-------------+-------------+-------------+-------------+-------------+-------------+-------------+-------------+-------------+-------------+-------------+-------------+-------------+-------------+-------------+-------------+-------------+-------------+-------------+-------------+-------------+-------------+-------------+-------------+-------------+-------------+-------------+-------------+-------------+-------------+-------------+-------------+-------------+-------------+

+-----------------------------+---------+--------------+--------------+--------------+--------------+--------------+--------------+--------------+--------------+---------------+---------------+---------------+---------------+---------------+---------------+---------------+---------------+--------------+--------------+--------------+--------------+--------------+--------------+--------------+---------------+--------------+--------------+--------------+--------------+--------------+--------------+--------------+--------------+---------------+---------------+---------------+---------------+---------------+---------------+---------------+---------------+--------------+--------------+--------------+--------------+--------------+--------------+--------------+--------------+--------------+--------------+--------------+--------------+--------------+--------------+--------------+--------------+---------------+---------------+---------------+---------------+---------------+---------------+---------------+---------------+--------------+--------------+--------------+---------------+--------------+--------------+--------------+--------------+--------------+--------------+--------------+--------------+--------------+--------------+--------------+--------------+---------------+---------------+---------------+---------------+---------------+---------------+---------------+---------------+--------------+--------------+--------------+--------------+--------------+---------------+--------------+--------------+
|            Event            | Counter |  HWThread 0  |  HWThread 1  |  HWThread 2  |  HWThread 3  |  HWThread 4  |  HWThread 5  |  HWThread 6  |  HWThread 7  |   HWThread 8  |   HWThread 9  |  HWThread 10  |  HWThread 11  |  HWThread 12  |  HWThread 13  |  HWThread 14  |  HWThread 15  |  HWThread 16 |  HWThread 17 |  HWThread 18 |  HWThread 19 |  HWThread 20 |  HWThread 21 |  HWThread 22 |  HWThread 23  |  HWThread 24 |  HWThread 25 |  HWThread 26 |  HWThread 27 |  HWThread 28 |  HWThread 29 |  HWThread 30 |  HWThread 31 |  HWThread 32  |  HWThread 33  |  HWThread 34  |  HWThread 35  |  HWThread 36  |  HWThread 37  |  HWThread 38  |  HWThread 39  |  HWThread 40 |  HWThread 41 |  HWThread 42 |  HWThread 43 |  HWThread 44 |  HWThread 45 |  HWThread 46 |  HWThread 47 |  HWThread 48 |  HWThread 49 |  HWThread 50 |  HWThread 51 |  HWThread 52 |  HWThread 53 |  HWThread 54 |  HWThread 55 |  HWThread 56  |  HWThread 57  |  HWThread 58  |  HWThread 59  |  HWThread 60  |  HWThread 61  |  HWThread 62  |  HWThread 63  |  HWThread 64 |  HWThread 65 |  HWThread 66 |  HWThread 67  |  HWThread 68 |  HWThread 69 |  HWThread 70 |  HWThread 71 |  HWThread 72 |  HWThread 73 |  HWThread 74 |  HWThread 75 |  HWThread 76 |  HWThread 77 |  HWThread 78 |  HWThread 79 |  HWThread 80  |  HWThread 81  |  HWThread 82  |  HWThread 83  |  HWThread 84  |  HWThread 85  |  HWThread 86  |  HWThread 87  |  HWThread 88 |  HWThread 89 |  HWThread 90 |  HWThread 91 |  HWThread 92 |  HWThread 93  |  HWThread 94 |  HWThread 95 |
+-----------------------------+---------+--------------+--------------+--------------+--------------+--------------+--------------+--------------+--------------+---------------+---------------+---------------+---------------+---------------+---------------+---------------+---------------+--------------+--------------+--------------+--------------+--------------+--------------+--------------+---------------+--------------+--------------+--------------+--------------+--------------+--------------+--------------+--------------+---------------+---------------+---------------+---------------+---------------+---------------+---------------+---------------+--------------+--------------+--------------+--------------+--------------+--------------+--------------+--------------+--------------+--------------+--------------+--------------+--------------+--------------+--------------+--------------+---------------+---------------+---------------+---------------+---------------+---------------+---------------+---------------+--------------+--------------+--------------+---------------+--------------+--------------+--------------+--------------+--------------+--------------+--------------+--------------+--------------+--------------+--------------+--------------+---------------+---------------+---------------+---------------+---------------+---------------+---------------+---------------+--------------+--------------+--------------+--------------+--------------+---------------+--------------+--------------+
|       ACTUAL_CPU_CLOCK      |  FIXC1  | 597843300000 | 594202300000 | 594791100000 | 594795100000 | 594711900000 | 594931500000 | 594993200000 | 595081000000 |  594660000000 |  594620800000 |  594816300000 |  594867600000 |  594806200000 |  594627600000 |  594772200000 |  594525100000 | 594931800000 | 594935200000 | 594774500000 | 594667800000 | 594868000000 | 594679000000 | 594723000000 |  594931200000 | 594649400000 | 594740100000 | 594895700000 | 594654900000 | 594820000000 | 595053500000 | 594665800000 | 594736500000 |  594898100000 |  594715500000 |  594716900000 |  594815600000 |  594938700000 |  594837100000 |  594778500000 |  594748700000 | 594915200000 | 594789200000 | 594903900000 | 594749700000 | 594676700000 | 594701500000 | 594902100000 | 594738900000 | 594682900000 | 594835000000 | 594946100000 | 594964000000 | 594915600000 | 594813100000 | 594870200000 | 594822500000 |  594774000000 |  595042400000 |  594822700000 |  594869800000 |  594693200000 |  594717700000 |  594852100000 |  594957200000 | 594713900000 | 594880500000 | 594801500000 |  594851800000 | 594741000000 | 594724700000 | 594977700000 | 594823600000 | 595005900000 | 594768200000 | 594616700000 | 594804400000 | 594801800000 | 594692300000 | 594826700000 | 594796300000 |  594854200000 |  594671100000 |  594772900000 |  594887800000 |  594815000000 |  594770500000 |  594869800000 |  594941000000 | 594656800000 | 594790700000 | 594869400000 | 594841100000 | 594876900000 |  594930600000 | 594867700000 | 594811500000 |
|        MAX_CPU_CLOCK        |  FIXC2  | 451564100000 | 451183700000 | 451195100000 | 451150300000 | 451186000000 | 451145700000 | 451163100000 | 451195100000 |  451114200000 |  451138300000 |  451164400000 |  451160700000 |  451120000000 |  451136500000 |  451114400000 |  451135200000 | 451224800000 | 451224000000 | 451237400000 | 451217700000 | 451204400000 | 451177500000 | 451221200000 |  451222500000 | 451168100000 | 451227600000 | 451167600000 | 451167900000 | 451185900000 | 451189000000 | 451200900000 | 451167000000 |  451245300000 |  451251400000 |  451257500000 |  451265200000 |  451243900000 |  451253600000 |  451246800000 |  451237800000 | 451185600000 | 451192200000 | 451190300000 | 451217200000 | 451198100000 | 451114200000 | 451225700000 | 451169800000 | 451197200000 | 451186700000 | 451205900000 | 451210700000 | 451210500000 | 451183400000 | 451215800000 | 451197200000 |  451145700000 |  451206900000 |  451193900000 |  451178900000 |  451208800000 |  451270500000 |  451191400000 |  451183600000 | 451153500000 | 451258900000 | 451217800000 |  451150000000 | 451183400000 | 451194100000 | 451196400000 | 451193800000 | 451192000000 | 451173700000 | 451203300000 | 451170000000 | 451154400000 | 451159000000 | 451194300000 | 451159000000 |  451206400000 |  451180700000 |  451249400000 |  451171300000 |  451210100000 |  451189700000 |  451204700000 |  451220600000 | 451233600000 | 451153400000 | 451188600000 | 451179900000 | 451179700000 |  451224300000 | 451181700000 | 451157300000 |
|     RETIRED_INSTRUCTIONS    |   PMC0  | 997830400000 | 991936200000 | 991868300000 | 992212900000 | 991983200000 | 992658400000 | 992655800000 | 992006000000 | 1006619000000 | 1005324000000 | 1005385000000 | 1005215000000 | 1005541000000 | 1004545000000 | 1004439000000 | 1004212000000 | 999199100000 | 999897100000 | 999078900000 | 998524000000 | 999180600000 | 999100300000 | 997602500000 | 1000121000000 | 996460100000 | 994956300000 | 996986600000 | 996656100000 | 995387700000 | 997752600000 | 995401700000 | 995720100000 | 1002884000000 | 1002684000000 | 1001429000000 | 1000981000000 | 1003715000000 | 1002063000000 | 1001103000000 | 1001886000000 | 999828100000 | 999571900000 | 999866700000 | 999911300000 | 997812600000 | 998886100000 | 999035200000 | 999525200000 | 993539800000 | 994863500000 | 994970500000 | 994677600000 | 993028900000 | 994290700000 | 992188700000 | 992950600000 | 1001269000000 | 1004191000000 | 1003073000000 | 1003579000000 | 1002510000000 | 1002565000000 | 1003622000000 | 1001991000000 | 999254400000 | 999650900000 | 999911000000 | 1000119000000 | 998173600000 | 999933900000 | 999902500000 | 999156200000 | 994045900000 | 994152900000 | 992934600000 | 994185500000 | 993635200000 | 994436000000 | 993419800000 | 993423200000 | 1003215000000 | 1001586000000 | 1001947000000 | 1003519000000 | 1002535000000 | 1002012000000 | 1002245000000 | 1003399000000 | 998918700000 | 999800200000 | 998995700000 | 999037000000 | 999537600000 | 1000155000000 | 998171900000 | 998725600000 |
|     CPU_CLOCKS_UNHALTED     |   PMC1  | 591027700000 | 591366000000 | 591775600000 | 591742300000 | 591764300000 | 591912900000 | 591978000000 | 592028900000 |  591898100000 |  591981800000 |  592093600000 |  592185500000 |  592127700000 |  591949500000 |  592086400000 |  591851600000 | 592022800000 | 592087400000 | 591953800000 | 591820500000 | 591986600000 | 591814200000 | 591810000000 |  592125800000 | 591797400000 | 591920900000 | 592059800000 | 591775000000 | 591932100000 | 592193100000 | 591833400000 | 591846400000 |  592177800000 |  591967000000 |  591995900000 |  592036200000 |  592236500000 |  592009800000 |  592146400000 |  592129200000 | 592032700000 | 591918100000 | 592046400000 | 591831300000 | 591942400000 | 591896500000 | 592098700000 | 591913800000 | 591848200000 | 592039500000 | 592086900000 | 592111700000 | 592066400000 | 591980500000 | 592019900000 | 591930700000 |  592038500000 |  592338700000 |  592160500000 |  592192900000 |  592030300000 |  592023700000 |  592183700000 |  592216300000 | 591790800000 | 591965300000 | 591980600000 |  592055800000 | 591839600000 | 591942300000 | 592164900000 | 592008600000 | 592072700000 | 591835600000 | 591738700000 | 591975400000 | 591944300000 | 591808500000 | 591932500000 | 591993600000 |  592084900000 |  591952100000 |  592007500000 |  592103600000 |  592026300000 |  592007600000 |  592108600000 |  592199200000 | 591803300000 | 591931200000 | 592025000000 | 592014800000 | 592039400000 |  592116600000 | 591973200000 | 591938700000 |
|       L2_PF_HIT_IN_L3       |   PMC2  |  12853420000 |  13107900000 |  13214120000 |  13218180000 |  13292800000 |  13241920000 |  13306080000 |  13208130000 |   13518010000 |   13477080000 |   13545430000 |   13571790000 |   13670570000 |   13627810000 |   13600860000 |   13672750000 |  13175600000 |  13173280000 |  13359500000 |  13383760000 |  13376430000 |  13435080000 |  13317180000 |   13480640000 |  13181160000 |  13068880000 |  13303210000 |  13343740000 |  13254630000 |  13406500000 |  13351940000 |  13323640000 |   13321210000 |   13371810000 |   13429900000 |   13396930000 |   13675490000 |   13509570000 |   13471560000 |   13513830000 |  13224610000 |  13232920000 |  13401110000 |  13464380000 |  13319300000 |  13373310000 |  13429500000 |  13481100000 |  13060000000 |  13195770000 |  13292700000 |  13310330000 |  13169550000 |  13336760000 |  13143390000 |  13178410000 |   13285060000 |   13352440000 |   13442050000 |   13520470000 |   13537990000 |   13559750000 |   13658690000 |   13407850000 |  13195050000 |  13251040000 |  13455490000 |   13436420000 |  13351940000 |  13489900000 |  13451210000 |  13445280000 |  13051360000 |  13249280000 |  13217450000 |  13302220000 |  13319180000 |  13425870000 |  13355910000 |  13333090000 |   13282550000 |   13287610000 |   13417340000 |   13532970000 |   13524310000 |   13403650000 |   13500050000 |   13574950000 |  13142150000 |  13280670000 |  13373670000 |  13362430000 |  13410500000 |   13505010000 |  13368080000 |  13371160000 |
|       L2_PF_MISS_IN_L3      |   PMC3  |   5979918000 |   5817337000 |   5677603000 |   5680160000 |   5621608000 |   5647364000 |   5590213000 |   5653588000 |    5860724000 |    5859833000 |    5782965000 |    5738941000 |    5678298000 |    5687895000 |    5696109000 |    5643827000 |   5939814000 |   5946802000 |   5767207000 |   5723889000 |   5747675000 |   5691007000 |   5754858000 |    5651515000 |   5859108000 |   5904541000 |   5725033000 |   5696627000 |   5739599000 |   5639182000 |   5644857000 |   5670049000 |    5921633000 |    5876280000 |    5792861000 |    5791683000 |    5613485000 |    5710945000 |    5724381000 |    5702654000 |   5906552000 |   5895361000 |   5733416000 |   5684570000 |   5775191000 |   5735161000 |   5678412000 |   5650433000 |   5876516000 |   5773207000 |   5665429000 |   5639866000 |   5731275000 |   5618800000 |   5731114000 |   5707859000 |    5941986000 |    5899109000 |    5803748000 |    5731171000 |    5722703000 |    5701902000 |    5610461000 |    5777106000 |   5929119000 |   5886871000 |   5692409000 |    5702867000 |   5750923000 |   5664504000 |   5673685000 |   5667156000 |   5869959000 |   5705174000 |   5704001000 |   5639451000 |   5615831000 |   5542546000 |   5569784000 |   5584459000 |    5966451000 |    5918256000 |    5810722000 |    5723644000 |    5729106000 |    5815448000 |    5718117000 |    5666427000 |   5980005000 |   5855644000 |   5744785000 |   5746249000 |   5714273000 |    5646795000 |   5714132000 |   5713893000 |
| L2_CACHE_MISS_AFTER_L1_MISS |   PMC4  |   1909123000 |   1924886000 |   1913536000 |   1919297000 |   1917074000 |   1926954000 |   1915199000 |   1915625000 |    1969149000 |    1965195000 |    1957950000 |    1967962000 |    1958756000 |    1964347000 |    1955694000 |    1963207000 |   1938090000 |   1942896000 |   1940312000 |   1943471000 |   1939750000 |   1948774000 |   1934869000 |    1943639000 |   1930110000 |   1927824000 |   1930420000 |   1935989000 |   1927219000 |   1936154000 |   1926195000 |   1928998000 |    1955317000 |    1961492000 |    1950571000 |    1951099000 |    1960127000 |    1953800000 |    1946891000 |    1951764000 |   1939514000 |   1945221000 |   1944463000 |   1948631000 |   1932345000 |   1943929000 |   1939086000 |   1946193000 |   1920722000 |   1930784000 |   1925037000 |   1924507000 |   1911617000 |   1926974000 |   1911855000 |   1918819000 |    1949229000 |    1963286000 |    1954963000 |    1964135000 |    1959727000 |    1960420000 |    1956003000 |    1948926000 |   1940662000 |   1947347000 |   1949203000 |    1957666000 |   1936550000 |   1949997000 |   1941836000 |   1943215000 |   1917509000 |   1924184000 |   1916937000 |   1925500000 |   1918969000 |   1927548000 |   1918458000 |   1922479000 |    1956966000 |    1949076000 |    1951452000 |    1959807000 |    1952992000 |    1956103000 |    1956071000 |    1961246000 |   1940062000 |   1941566000 |   1939614000 |   1943970000 |   1943943000 |    1947275000 |   1933739000 |   1943842000 |
+-----------------------------+---------+--------------+--------------+--------------+--------------+--------------+--------------+--------------+--------------+---------------+---------------+---------------+---------------+---------------+---------------+---------------+---------------+--------------+--------------+--------------+--------------+--------------+--------------+--------------+---------------+--------------+--------------+--------------+--------------+--------------+--------------+--------------+--------------+---------------+---------------+---------------+---------------+---------------+---------------+---------------+---------------+--------------+--------------+--------------+--------------+--------------+--------------+--------------+--------------+--------------+--------------+--------------+--------------+--------------+--------------+--------------+--------------+---------------+---------------+---------------+---------------+---------------+---------------+---------------+---------------+--------------+--------------+--------------+---------------+--------------+--------------+--------------+--------------+--------------+--------------+--------------+--------------+--------------+--------------+--------------+--------------+---------------+---------------+---------------+---------------+---------------+---------------+---------------+---------------+--------------+--------------+--------------+--------------+--------------+---------------+--------------+--------------+

+----------------------------------+---------+----------------+--------------+---------------+--------------+
|               Event              | Counter |       Sum      |      Min     |      Max      |      Avg     |
+----------------------------------+---------+----------------+--------------+---------------+--------------+
|       ACTUAL_CPU_CLOCK STAT      |  FIXC1  | 57104230400000 | 594202300000 |  597843300000 | 5.948357e+11 |
|        MAX_CPU_CLOCK STAT        |  FIXC2  | 43314837000000 | 451114200000 |  451564100000 | 451196218750 |
|     RETIRED_INSTRUCTIONS STAT    |   PMC0  | 95891082600000 | 991868300000 | 1006619000000 | 998865443750 |
|     CPU_CLOCKS_UNHALTED STAT     |   PMC1  | 56829777400000 | 591027700000 |  592338700000 | 5.919768e+11 |
|       L2_PF_HIT_IN_L3 STAT       |   PMC2  |  1282797550000 |  12853420000 |   13675490000 | 1.336247e+10 |
|       L2_PF_MISS_IN_L3 STAT      |   PMC3  |   551506102000 |   5542546000 |    5980005000 | 5.744855e+09 |
| L2_CACHE_MISS_AFTER_L1_MISS STAT |   PMC4  |   186331895000 |   1909123000 |    1969149000 | 1.940957e+09 |
+----------------------------------+---------+----------------+--------------+---------------+--------------+

+-------------------------+------------+------------+------------+------------+------------+------------+------------+------------+------------+------------+-------------+-------------+-------------+-------------+-------------+-------------+-------------+-------------+-------------+-------------+-------------+-------------+-------------+-------------+-------------+-------------+-------------+-------------+-------------+-------------+-------------+-------------+-------------+-------------+-------------+-------------+-------------+-------------+-------------+-------------+-------------+-------------+-------------+-------------+-------------+-------------+-------------+-------------+-------------+-------------+-------------+-------------+-------------+-------------+-------------+-------------+-------------+-------------+-------------+-------------+-------------+-------------+-------------+-------------+-------------+-------------+-------------+-------------+-------------+-------------+-------------+-------------+-------------+-------------+-------------+-------------+-------------+-------------+-------------+-------------+-------------+-------------+-------------+-------------+-------------+-------------+-------------+-------------+-------------+-------------+-------------+-------------+-------------+-------------+-------------+-------------+
|          Metric         | HWThread 0 | HWThread 1 | HWThread 2 | HWThread 3 | HWThread 4 | HWThread 5 | HWThread 6 | HWThread 7 | HWThread 8 | HWThread 9 | HWThread 10 | HWThread 11 | HWThread 12 | HWThread 13 | HWThread 14 | HWThread 15 | HWThread 16 | HWThread 17 | HWThread 18 | HWThread 19 | HWThread 20 | HWThread 21 | HWThread 22 | HWThread 23 | HWThread 24 | HWThread 25 | HWThread 26 | HWThread 27 | HWThread 28 | HWThread 29 | HWThread 30 | HWThread 31 | HWThread 32 | HWThread 33 | HWThread 34 | HWThread 35 | HWThread 36 | HWThread 37 | HWThread 38 | HWThread 39 | HWThread 40 | HWThread 41 | HWThread 42 | HWThread 43 | HWThread 44 | HWThread 45 | HWThread 46 | HWThread 47 | HWThread 48 | HWThread 49 | HWThread 50 | HWThread 51 | HWThread 52 | HWThread 53 | HWThread 54 | HWThread 55 | HWThread 56 | HWThread 57 | HWThread 58 | HWThread 59 | HWThread 60 | HWThread 61 | HWThread 62 | HWThread 63 | HWThread 64 | HWThread 65 | HWThread 66 | HWThread 67 | HWThread 68 | HWThread 69 | HWThread 70 | HWThread 71 | HWThread 72 | HWThread 73 | HWThread 74 | HWThread 75 | HWThread 76 | HWThread 77 | HWThread 78 | HWThread 79 | HWThread 80 | HWThread 81 | HWThread 82 | HWThread 83 | HWThread 84 | HWThread 85 | HWThread 86 | HWThread 87 | HWThread 88 | HWThread 89 | HWThread 90 | HWThread 91 | HWThread 92 | HWThread 93 | HWThread 94 | HWThread 95 |
+-------------------------+------------+------------+------------+------------+------------+------------+------------+------------+------------+------------+-------------+-------------+-------------+-------------+-------------+-------------+-------------+-------------+-------------+-------------+-------------+-------------+-------------+-------------+-------------+-------------+-------------+-------------+-------------+-------------+-------------+-------------+-------------+-------------+-------------+-------------+-------------+-------------+-------------+-------------+-------------+-------------+-------------+-------------+-------------+-------------+-------------+-------------+-------------+-------------+-------------+-------------+-------------+-------------+-------------+-------------+-------------+-------------+-------------+-------------+-------------+-------------+-------------+-------------+-------------+-------------+-------------+-------------+-------------+-------------+-------------+-------------+-------------+-------------+-------------+-------------+-------------+-------------+-------------+-------------+-------------+-------------+-------------+-------------+-------------+-------------+-------------+-------------+-------------+-------------+-------------+-------------+-------------+-------------+-------------+-------------+
|   Runtime (RDTSC) [s]   |   179.1026 |   176.3384 |   177.0299 |   178.1816 |   177.0309 |   177.0303 |   177.2193 |   178.1819 |   178.0360 |   176.9495 |    174.4667 |    177.5769 |    179.5405 |    177.5773 |    173.5862 |    177.7094 |    175.1504 |    176.4934 |    176.4919 |    176.4926 |    179.9850 |    176.6288 |    176.5721 |    175.8504 |    179.9285 |    173.8408 |    179.0246 |    179.8437 |    178.5214 |    178.7307 |    179.8439 |    173.8407 |    180.0989 |    173.6456 |    173.6453 |    177.8542 |    177.4969 |    177.8538 |    178.5972 |    177.8545 |    177.7098 |    177.2179 |    178.3062 |    180.0986 |    178.0357 |    178.5972 |    178.7308 |    179.6217 |    174.3363 |    174.1810 |    175.4318 |    174.6121 |    175.0701 |    174.3360 |    179.3166 |    178.4427 |    175.9934 |    176.0721 |    176.0720 |    179.1023 |    175.8503 |    174.4671 |    179.1020 |    178.9438 |    175.3024 |    175.3015 |    175.5072 |    174.6880 |    175.5078 |    173.7209 |    175.5077 |    179.2365 |    175.9275 |    179.7747 |    178.3061 |    176.8747 |    174.0306 |    174.7638 |    174.9176 |    178.8014 |    175.6967 |    176.2066 |    177.3625 |    176.4157 |    177.3630 |    179.6982 |    176.7973 |    174.0308 |    179.3996 |    175.2272 |    174.8408 |    173.8408 |    179.3983 |    174.2594 |    175.6968 |    174.9171 |
|   Runtime unhalted [s]  |   229.9402 |   228.5398 |   228.7663 |   228.7678 |   228.7358 |   228.8203 |   228.8440 |   228.8778 |   228.7158 |   228.7008 |    228.7760 |    228.7957 |    228.7721 |    228.7034 |    228.7590 |    228.6640 |    228.8204 |    228.8217 |    228.7599 |    228.7188 |    228.7958 |    228.7232 |    228.7401 |    228.8202 |    228.7118 |    228.7467 |    228.8065 |    228.7139 |    228.7774 |    228.8672 |    228.7181 |    228.7453 |    228.8074 |    228.7372 |    228.7377 |    228.7757 |    228.8230 |    228.7840 |    228.7614 |    228.7500 |    228.8140 |    228.7655 |    228.8097 |    228.7503 |    228.7223 |    228.7318 |    228.8090 |    228.7462 |    228.7247 |    228.7832 |    228.8259 |    228.8328 |    228.8142 |    228.7747 |    228.7967 |    228.7783 |    228.7597 |    228.8629 |    228.7784 |    228.7965 |    228.7286 |    228.7380 |    228.7897 |    228.8302 |    228.7366 |    228.8007 |    228.7703 |    228.7896 |    228.7470 |    228.7407 |    228.8380 |    228.7788 |    228.8489 |    228.7575 |    228.6992 |    228.7714 |    228.7704 |    228.7283 |    228.7800 |    228.7683 |    228.7905 |    228.7201 |    228.7593 |    228.8035 |    228.7755 |    228.7583 |    228.7965 |    228.8239 |    228.7146 |    228.7661 |    228.7964 |    228.7855 |    228.7993 |    228.8199 |    228.7957 |    228.7741 |
|       Clock [MHz]       |  3442.2343 |  3424.1549 |  3427.4613 |  3427.8247 |  3427.0740 |  3428.6457 |  3428.8691 |  3429.1318 |  3427.3203 |  3426.9113 |   3427.8397 |   3428.1635 |   3428.1189 |   3426.9642 |   3427.9655 |   3426.3833 |   3428.0464 |   3428.0721 |   3427.0443 |   3426.5791 |   3427.8338 |   3426.9490 |   3426.8706 |   3428.0604 |   3426.8498 |   3426.9206 |   3428.2730 |   3426.8830 |   3427.6977 |   3429.0197 |   3426.6952 |   3427.3601 |   3427.6965 |   3426.5981 |   3426.5598 |   3427.0700 |   3427.9411 |   3427.2820 |   3426.9960 |   3426.8926 |   3428.2486 |   3427.4724 |   3428.1478 |   3427.0549 |   3426.7793 |   3427.5595 |   3427.8684 |   3427.3527 |   3426.8218 |   3427.7781 |   3428.2724 |   3428.3391 |   3428.0617 |   3427.6769 |   3427.7598 |   3427.6263 |   3427.7380 |   3428.8197 |   3427.6525 |   3428.0379 |   3426.7931 |   3426.4657 |   3427.8409 |   3428.5058 |   3427.3324 |   3427.4918 |   3427.3488 |   3428.1537 |   3427.2615 |   3427.0863 |   3428.5267 |   3427.6584 |   3428.7226 |   3427.4919 |   3426.3940 |   3427.7286 |   3427.8321 |   3427.1662 |   3427.6725 |   3427.7655 |   3427.7390 |   3426.8792 |   3426.9440 |   3428.1993 |   3427.4851 |   3427.3836 |   3427.8419 |   3428.1313 |   3426.3950 |   3427.7758 |   3427.9619 |   3427.8649 |   3428.0727 |   3428.0433 |   3428.0045 |   3427.8660 |
|           CPI           |     0.5923 |     0.5962 |     0.5966 |     0.5964 |     0.5965 |     0.5963 |     0.5964 |     0.5968 |     0.5880 |     0.5888 |      0.5889 |      0.5891 |      0.5889 |      0.5893 |      0.5895 |      0.5894 |      0.5925 |      0.5921 |      0.5925 |      0.5927 |      0.5925 |      0.5923 |      0.5932 |      0.5921 |      0.5939 |      0.5949 |      0.5938 |      0.5938 |      0.5947 |      0.5935 |      0.5946 |      0.5944 |      0.5905 |      0.5904 |      0.5912 |      0.5915 |      0.5900 |      0.5908 |      0.5915 |      0.5910 |      0.5921 |      0.5922 |      0.5921 |      0.5919 |      0.5932 |      0.5926 |      0.5927 |      0.5922 |      0.5957 |      0.5951 |      0.5951 |      0.5953 |      0.5962 |      0.5954 |      0.5967 |      0.5961 |      0.5913 |      0.5899 |      0.5903 |      0.5901 |      0.5905 |      0.5905 |      0.5900 |      0.5910 |      0.5922 |      0.5922 |      0.5920 |      0.5920 |      0.5929 |      0.5920 |      0.5922 |      0.5925 |      0.5956 |      0.5953 |      0.5959 |      0.5954 |      0.5957 |      0.5951 |      0.5959 |      0.5959 |      0.5902 |      0.5910 |      0.5909 |      0.5900 |      0.5905 |      0.5908 |      0.5908 |      0.5902 |      0.5924 |      0.5920 |      0.5926 |      0.5926 |      0.5923 |      0.5920 |      0.5931 |      0.5927 |
| L3 bandwidth [MBytes/s] |  7412.0504 |  7567.3130 |  7521.5349 |  7477.3645 |  7530.9725 |  7525.4871 |  7515.7474 |  7462.8790 |  7674.0913 |  7704.6554 |   7808.5164 |   7668.9950 |   7595.4335 |   7669.4675 |   7835.7060 |   7663.6699 |   7692.9556 |   7637.8527 |   7639.3830 |   7633.5874 |   7489.9948 |   7636.3034 |   7614.1250 |   7670.4450 |   7459.0973 |   7694.8546 |   7492.5705 |   7464.7418 |   7500.3483 |   7513.1889 |   7445.7432 |   7702.7530 |   7532.9846 |   7817.1474 |   7803.8003 |   7607.0262 |   7661.7819 |   7619.4951 |   7576.4975 |   7617.2819 |   7588.3450 |   7610.4283 |   7565.9472 |   7497.2553 |   7558.6947 |   7544.0914 |   7536.5179 |   7510.0863 |   7656.8290 |   7679.2802 |   7618.4741 |   7651.1364 |   7608.3597 |   7666.1285 |   7418.8724 |   7461.9227 |   7700.7524 |   7711.3264 |   7706.2151 |   7581.1961 |   7723.0854 |   7784.9211 |   7584.5599 |   7558.6215 |   7690.4206 |   7697.9177 |   7693.2145 |   7729.2372 |   7672.1515 |   7775.0096 |   7682.1176 |   7518.3440 |   7580.8784 |   7432.8191 |   7479.5917 |   7550.5369 |   7669.0807 |   7652.2809 |   7626.5952 |   7459.4594 |   7724.5724 |   7683.6866 |   7642.4774 |   7696.8827 |   7652.1603 |   7541.6051 |   7664.9996 |   7797.2857 |   7513.8511 |   7698.4870 |   7708.2490 |   7750.5944 |   7516.2241 |   7749.0289 |   7655.3521 |   7694.2122 |
| L3 data volume [GBytes] |  1327.5175 |  1334.4079 |  1331.5366 |  1332.3288 |  1333.2148 |  1332.2392 |  1331.9355 |  1329.7500 |  1366.2645 |  1363.3349 |   1362.3261 |   1361.8364 |   1363.6879 |   1361.9233 |   1360.1704 |   1361.9062 |   1347.4243 |   1348.0306 |   1348.2892 |   1347.2717 |   1348.0867 |   1348.7911 |   1344.4420 |   1348.8508 |   1342.1042 |   1337.6797 |   1341.3544 |   1342.4868 |   1338.9727 |   1342.8375 |   1339.0715 |   1339.0520 |   1356.6822 |   1357.4132 |   1355.0932 |   1352.9416 |   1359.9425 |   1355.1562 |   1353.1412 |   1354.7679 |   1348.5233 |   1348.7041 |   1349.0553 |   1350.2452 |   1345.7175 |   1347.3536 |   1347.0079 |   1348.9745 |   1334.8632 |   1337.5847 |   1336.5226 |   1335.9810 |   1331.9963 |   1336.4822 |   1330.3270 |   1331.5256 |   1355.2816 |   1357.7494 |   1356.8487 |   1357.8097 |   1358.1069 |   1358.2126 |   1358.4099 |   1352.5684 |   1348.1492 |   1349.4565 |   1350.2145 |   1350.2050 |   1346.5224 |   1350.6817 |   1348.2708 |   1347.5617 |   1333.6850 |   1336.2328 |   1333.6568 |   1335.4989 |   1334.6547 |   1337.3417 |   1334.0257 |   1333.7618 |   1357.1819 |   1353.9163 |   1355.4889 |   1357.8509 |   1357.2101 |   1355.2129 |   1355.1512 |   1356.9679 |   1347.9819 |   1348.9843 |   1347.7164 |   1347.3695 |   1348.3978 |   1350.3411 |   1345.0209 |   1345.8493 |
+-------------------------+------------+------------+------------+------------+------------+------------+------------+------------+------------+------------+-------------+-------------+-------------+-------------+-------------+-------------+-------------+-------------+-------------+-------------+-------------+-------------+-------------+-------------+-------------+-------------+-------------+-------------+-------------+-------------+-------------+-------------+-------------+-------------+-------------+-------------+-------------+-------------+-------------+-------------+-------------+-------------+-------------+-------------+-------------+-------------+-------------+-------------+-------------+-------------+-------------+-------------+-------------+-------------+-------------+-------------+-------------+-------------+-------------+-------------+-------------+-------------+-------------+-------------+-------------+-------------+-------------+-------------+-------------+-------------+-------------+-------------+-------------+-------------+-------------+-------------+-------------+-------------+-------------+-------------+-------------+-------------+-------------+-------------+-------------+-------------+-------------+-------------+-------------+-------------+-------------+-------------+-------------+-------------+-------------+-------------+

+------------------------------+-------------+-----------+-----------+-----------+
|            Metric            |     Sum     |    Min    |    Max    |    Avg    |
+------------------------------+-------------+-----------+-----------+-----------+
|   Runtime (RDTSC) [s] STAT   |  16978.8094 |  173.5862 |  180.0989 |  176.8626 |
|   Runtime unhalted [s] STAT  |  21963.2104 |  228.5398 |  229.9402 |  228.7834 |
|       Clock [MHz] STAT       | 329060.1472 | 3424.1549 | 3442.2343 | 3427.7099 |
|           CPI STAT           |     56.8949 |    0.5880 |    0.5968 |    0.5927 |
| L3 bandwidth [MBytes/s] STAT | 731280.2138 | 7412.0504 | 7835.7060 | 7617.5022 |
| L3 data volume [GBytes] STAT | 129320.6749 | 1327.5175 | 1366.2645 | 1347.0904 |
+------------------------------+-------------+-----------+-----------+-----------+

