INFO: You are running LIKWID in a cpuset with 32 CPUs. Taking given IDs as logical ID in cpuset
--------------------------------------------------------------------------------
CPU name:	AMD EPYC 9A14 96-Core Processor                
CPU type:	AMD K19 (Zen4) architecture
CPU clock:	2.60 GHz
--------------------------------------------------------------------------------
Sys.CPU_THREADS       192
SLURM_CPUS_PER_TASK   32
OMP_NUM_THREADS       32
OMP_PROC_BIND         close
OMP_PLACES            cores
BLAS_NUM_THREADS      1
Threads.nthreads()    1

Successfully read data from: /public/home/halili/jld2file/6-31g/hcn-1.0-6-31g.jld2
  name: hcn
  ratio: 1.0
  basis: 6-31g
  nα: 7, nβ: 7, ne: 14, norb: 20, nq: 40

  ngs: 13755
  ncs: 72681

Warming up JIT and Hardware...
Warm-up completed.
  Step 001:  residual: 7.7049e-01,  e: -92.82763179936551
  Step 002:  residual: 3.7087e-01,  e: -93.01183870091405
  Step 003:  residual: 1.4548e-01,  e: -93.04687547021022
  Step 004:  residual: 5.7932e-02,  e: -93.05170251010375
  Step 005:  residual: 2.8328e-02,  e: -93.05243615719462
  Step 006:  residual: 1.3340e-02,  e: -93.05261925959118
  Step 007:  residual: 5.6500e-03,  e: -93.05265620776076
  Step 008:  residual: 2.2421e-03,  e: -93.05266215767637
  Step 009:  residual: 8.8227e-04,  e: -93.05266309075161
  Step 010:  residual: 3.8870e-04,  e: -93.05266324625430
  Step 011:  residual: 1.8353e-04,  e: -93.05266327684475
  Step 012:  residual: 8.8481e-05,  e: -93.05266328403714
  Step 013:  residual: 3.8778e-05,  e: -93.05266328559621
  Step 014:  residual: 1.6948e-05,  e: -93.05266328585435
  Step 015:  residual: 6.9143e-06,  e: -93.05266328590342

Convergence reached!
7590.515249 seconds (7.21 M allocations: 347.495 GiB, 0.01% gc time, 0.03% compilation time)
--------------------------------------------------------------------------------
Region hvec_direct_agg, Group 1: MEM
+-------------------+-------------+-------------+-------------+-------------+-------------+-------------+-------------+-------------+-------------+-------------+-------------+-------------+-------------+-------------+-------------+-------------+-------------+-------------+-------------+-------------+-------------+-------------+-------------+-------------+-------------+-------------+-------------+-------------+-------------+-------------+-------------+-------------+
|    Region Info    |  HWThread 0 |  HWThread 1 |  HWThread 2 |  HWThread 3 |  HWThread 4 |  HWThread 5 |  HWThread 6 |  HWThread 7 |  HWThread 8 |  HWThread 9 | HWThread 10 | HWThread 11 | HWThread 12 | HWThread 13 | HWThread 14 | HWThread 15 | HWThread 16 | HWThread 17 | HWThread 18 | HWThread 19 | HWThread 20 | HWThread 21 | HWThread 22 | HWThread 23 | HWThread 24 | HWThread 25 | HWThread 26 | HWThread 27 | HWThread 28 | HWThread 29 | HWThread 30 | HWThread 31 |
+-------------------+-------------+-------------+-------------+-------------+-------------+-------------+-------------+-------------+-------------+-------------+-------------+-------------+-------------+-------------+-------------+-------------+-------------+-------------+-------------+-------------+-------------+-------------+-------------+-------------+-------------+-------------+-------------+-------------+-------------+-------------+-------------+-------------+
| RDTSC Runtime [s] | 7461.783000 | 7457.860000 | 7460.871000 | 7455.486000 | 7455.486000 | 7458.093000 | 7458.954000 | 7458.324000 | 7457.392000 | 7461.094000 | 7460.253000 | 7460.870000 | 7459.799000 | 7456.110000 | 7459.191000 | 7461.094000 | 7460.253000 | 7460.487000 | 7456.559000 | 7456.559000 | 7459.191000 | 7455.720000 | 7459.415000 | 7456.334000 | 7456.559000 | 7458.324000 | 7460.021000 | 7457.859000 | 7455.304000 | 7456.559000 | 7455.137000 | 7457.625000 |
|     call count    |          15 |          15 |          15 |          15 |          15 |          15 |          15 |          15 |          15 |          15 |          15 |          15 |          15 |          15 |          15 |          15 |          15 |          15 |          15 |          15 |          15 |          15 |          15 |          15 |          15 |          15 |          15 |          15 |          15 |          15 |          15 |          15 |
+-------------------+-------------+-------------+-------------+-------------+-------------+-------------+-------------+-------------+-------------+-------------+-------------+-------------+-------------+-------------+-------------+-------------+-------------+-------------+-------------+-------------+-------------+-------------+-------------+-------------+-------------+-------------+-------------+-------------+-------------+-------------+-------------+-------------+

+----------------------+---------+----------------+----------------+----------------+----------------+----------------+----------------+----------------+----------------+----------------+----------------+----------------+----------------+----------------+----------------+----------------+----------------+----------------+----------------+----------------+----------------+----------------+----------------+----------------+----------------+----------------+----------------+----------------+----------------+----------------+----------------+----------------+----------------+
|         Event        | Counter |   HWThread 0   |   HWThread 1   |   HWThread 2   |   HWThread 3   |   HWThread 4   |   HWThread 5   |   HWThread 6   |   HWThread 7   |   HWThread 8   |   HWThread 9   |   HWThread 10  |   HWThread 11  |   HWThread 12  |   HWThread 13  |   HWThread 14  |   HWThread 15  |   HWThread 16  |   HWThread 17  |   HWThread 18  |   HWThread 19  |   HWThread 20  |   HWThread 21  |   HWThread 22  |   HWThread 23  |   HWThread 24  |   HWThread 25  |   HWThread 26  |   HWThread 27  |   HWThread 28  |   HWThread 29  |   HWThread 30  |   HWThread 31  |
+----------------------+---------+----------------+----------------+----------------+----------------+----------------+----------------+----------------+----------------+----------------+----------------+----------------+----------------+----------------+----------------+----------------+----------------+----------------+----------------+----------------+----------------+----------------+----------------+----------------+----------------+----------------+----------------+----------------+----------------+----------------+----------------+----------------+----------------+
|   ACTUAL_CPU_CLOCK   |  FIXC1  | 27580010000000 | 27577250000000 | 27576980000000 | 27576890000000 | 27577150000000 | 27576560000000 | 27577650000000 | 27577400000000 | 27577330000000 | 27577890000000 | 27577180000000 | 27577300000000 | 27578030000000 | 27577780000000 | 27578290000000 | 27577670000000 | 27577620000000 | 27577480000000 | 27577410000000 | 27577140000000 | 27577810000000 | 27577910000000 | 27577870000000 | 27578470000000 | 27578390000000 | 27577260000000 | 27577900000000 | 27578000000000 | 27577400000000 | 27577350000000 | 27577530000000 | 27578020000000 |
|     MAX_CPU_CLOCK    |  FIXC2  | 19381030000000 | 19380590000000 | 19380110000000 | 19380160000000 | 19380210000000 | 19379690000000 | 19380700000000 | 19380340000000 | 19380290000000 | 19380690000000 | 19380290000000 | 19380390000000 | 19380900000000 | 19380750000000 | 19380970000000 | 19380650000000 | 19380620000000 | 19380410000000 | 19380460000000 | 19380270000000 | 19380750000000 | 19380710000000 | 19380720000000 | 19381100000000 | 19381030000000 | 19380260000000 | 19380810000000 | 19380930000000 | 19380450000000 | 19380480000000 | 19380420000000 | 19380790000000 |
| RETIRED_INSTRUCTIONS |   PMC0  | 29522850000000 | 29524650000000 | 29511960000000 | 29498560000000 | 29521570000000 | 29461070000000 | 29470560000000 | 29450570000000 | 30863400000000 | 30827950000000 | 30824050000000 | 30787700000000 | 30822460000000 | 30770500000000 | 30783060000000 | 30762810000000 | 30987620000000 | 30939010000000 | 30946030000000 | 30894620000000 | 30948500000000 | 30876120000000 | 30898340000000 | 30866680000000 | 30383630000000 | 30364670000000 | 30341990000000 | 30309220000000 | 30341630000000 | 30275810000000 | 30279560000000 | 30264660000000 |
|  CPU_CLOCKS_UNHALTED |   PMC1  | 27423310000000 | 27448100000000 | 27451290000000 | 27449140000000 | 27449280000000 | 27447070000000 | 27451510000000 | 27450870000000 | 27451320000000 | 27453630000000 | 27453350000000 | 27452250000000 | 27452690000000 | 27453470000000 | 27456440000000 | 27454250000000 | 27446390000000 | 27447990000000 | 27447050000000 | 27447470000000 | 27447850000000 | 27448530000000 | 27448650000000 | 27448840000000 | 27454810000000 | 27455860000000 | 27457950000000 | 27454680000000 | 27455890000000 | 27457030000000 | 27457500000000 | 27455890000000 |
|      CAS_CMD_RD      |  UMC0C0 |  1277920000000 |              0 |              0 |              0 |              0 |              0 |              0 |              0 |              0 |              0 |              0 |              0 |              0 |              0 |              0 |              0 |              0 |              0 |              0 |              0 |              0 |              0 |              0 |              0 |              0 |              0 |              0 |              0 |              0 |              0 |              0 |              0 |
|      CAS_CMD_WR      |  UMC0C1 |     1624545000 |              0 |              0 |              0 |              0 |              0 |              0 |              0 |              0 |              0 |              0 |              0 |              0 |              0 |              0 |              0 |              0 |              0 |              0 |              0 |              0 |              0 |              0 |              0 |              0 |              0 |              0 |              0 |              0 |              0 |              0 |              0 |
|      CAS_CMD_RD      |  UMC1C0 |  1278831000000 |              0 |              0 |              0 |              0 |              0 |              0 |              0 |              0 |              0 |              0 |              0 |              0 |              0 |              0 |              0 |              0 |              0 |              0 |              0 |              0 |              0 |              0 |              0 |              0 |              0 |              0 |              0 |              0 |              0 |              0 |              0 |
|      CAS_CMD_WR      |  UMC1C1 |     1707994000 |              0 |              0 |              0 |              0 |              0 |              0 |              0 |              0 |              0 |              0 |              0 |              0 |              0 |              0 |              0 |              0 |              0 |              0 |              0 |              0 |              0 |              0 |              0 |              0 |              0 |              0 |              0 |              0 |              0 |              0 |              0 |
|      CAS_CMD_RD      |  UMC2C0 |  1278356000000 |              0 |              0 |              0 |              0 |              0 |              0 |              0 |              0 |              0 |              0 |              0 |              0 |              0 |              0 |              0 |              0 |              0 |              0 |              0 |              0 |              0 |              0 |              0 |              0 |              0 |              0 |              0 |              0 |              0 |              0 |              0 |
|      CAS_CMD_WR      |  UMC2C1 |     1646205000 |              0 |              0 |              0 |              0 |              0 |              0 |              0 |              0 |              0 |              0 |              0 |              0 |              0 |              0 |              0 |              0 |              0 |              0 |              0 |              0 |              0 |              0 |              0 |              0 |              0 |              0 |              0 |              0 |              0 |              0 |              0 |
|      CAS_CMD_RD      |  UMC3C0 |  1278477000000 |              0 |              0 |              0 |              0 |              0 |              0 |              0 |              0 |              0 |              0 |              0 |              0 |              0 |              0 |              0 |              0 |              0 |              0 |              0 |              0 |              0 |              0 |              0 |              0 |              0 |              0 |              0 |              0 |              0 |              0 |              0 |
|      CAS_CMD_WR      |  UMC3C1 |     1673957000 |              0 |              0 |              0 |              0 |              0 |              0 |              0 |              0 |              0 |              0 |              0 |              0 |              0 |              0 |              0 |              0 |              0 |              0 |              0 |              0 |              0 |              0 |              0 |              0 |              0 |              0 |              0 |              0 |              0 |              0 |              0 |
|      CAS_CMD_RD      |  UMC4C0 |  1277895000000 |              0 |              0 |              0 |              0 |              0 |              0 |              0 |              0 |              0 |              0 |              0 |              0 |              0 |              0 |              0 |              0 |              0 |              0 |              0 |              0 |              0 |              0 |              0 |              0 |              0 |              0 |              0 |              0 |              0 |              0 |              0 |
|      CAS_CMD_WR      |  UMC4C1 |     1720461000 |              0 |              0 |              0 |              0 |              0 |              0 |              0 |              0 |              0 |              0 |              0 |              0 |              0 |              0 |              0 |              0 |              0 |              0 |              0 |              0 |              0 |              0 |              0 |              0 |              0 |              0 |              0 |              0 |              0 |              0 |              0 |
|      CAS_CMD_RD      |  UMC5C0 |  1277540000000 |              0 |              0 |              0 |              0 |              0 |              0 |              0 |              0 |              0 |              0 |              0 |              0 |              0 |              0 |              0 |              0 |              0 |              0 |              0 |              0 |              0 |              0 |              0 |              0 |              0 |              0 |              0 |              0 |              0 |              0 |              0 |
|      CAS_CMD_WR      |  UMC5C1 |     1667429000 |              0 |              0 |              0 |              0 |              0 |              0 |              0 |              0 |              0 |              0 |              0 |              0 |              0 |              0 |              0 |              0 |              0 |              0 |              0 |              0 |              0 |              0 |              0 |              0 |              0 |              0 |              0 |              0 |              0 |              0 |              0 |
|      CAS_CMD_RD      |  UMC6C0 |  1278846000000 |              0 |              0 |              0 |              0 |              0 |              0 |              0 |              0 |              0 |              0 |              0 |              0 |              0 |              0 |              0 |              0 |              0 |              0 |              0 |              0 |              0 |              0 |              0 |              0 |              0 |              0 |              0 |              0 |              0 |              0 |              0 |
|      CAS_CMD_WR      |  UMC6C1 |     1627036000 |              0 |              0 |              0 |              0 |              0 |              0 |              0 |              0 |              0 |              0 |              0 |              0 |              0 |              0 |              0 |              0 |              0 |              0 |              0 |              0 |              0 |              0 |              0 |              0 |              0 |              0 |              0 |              0 |              0 |              0 |              0 |
|      CAS_CMD_RD      |  UMC7C0 |  1277785000000 |              0 |              0 |              0 |              0 |              0 |              0 |              0 |              0 |              0 |              0 |              0 |              0 |              0 |              0 |              0 |              0 |              0 |              0 |              0 |              0 |              0 |              0 |              0 |              0 |              0 |              0 |              0 |              0 |              0 |              0 |              0 |
|      CAS_CMD_WR      |  UMC7C1 |     1665256000 |              0 |              0 |              0 |              0 |              0 |              0 |              0 |              0 |              0 |              0 |              0 |              0 |              0 |              0 |              0 |              0 |              0 |              0 |              0 |              0 |              0 |              0 |              0 |              0 |              0 |              0 |              0 |              0 |              0 |              0 |              0 |
|      CAS_CMD_RD      |  UMC8C0 |  1277947000000 |              0 |              0 |              0 |              0 |              0 |              0 |              0 |              0 |              0 |              0 |              0 |              0 |              0 |              0 |              0 |              0 |              0 |              0 |              0 |              0 |              0 |              0 |              0 |              0 |              0 |              0 |              0 |              0 |              0 |              0 |              0 |
|      CAS_CMD_WR      |  UMC8C1 |     1651399000 |              0 |              0 |              0 |              0 |              0 |              0 |              0 |              0 |              0 |              0 |              0 |              0 |              0 |              0 |              0 |              0 |              0 |              0 |              0 |              0 |              0 |              0 |              0 |              0 |              0 |              0 |              0 |              0 |              0 |              0 |              0 |
|      CAS_CMD_RD      |  UMC9C0 |  1278131000000 |              0 |              0 |              0 |              0 |              0 |              0 |              0 |              0 |              0 |              0 |              0 |              0 |              0 |              0 |              0 |              0 |              0 |              0 |              0 |              0 |              0 |              0 |              0 |              0 |              0 |              0 |              0 |              0 |              0 |              0 |              0 |
|      CAS_CMD_WR      |  UMC9C1 |     1628890000 |              0 |              0 |              0 |              0 |              0 |              0 |              0 |              0 |              0 |              0 |              0 |              0 |              0 |              0 |              0 |              0 |              0 |              0 |              0 |              0 |              0 |              0 |              0 |              0 |              0 |              0 |              0 |              0 |              0 |              0 |              0 |
|      CAS_CMD_RD      | UMC10C0 |  1278621000000 |              0 |              0 |              0 |              0 |              0 |              0 |              0 |              0 |              0 |              0 |              0 |              0 |              0 |              0 |              0 |              0 |              0 |              0 |              0 |              0 |              0 |              0 |              0 |              0 |              0 |              0 |              0 |              0 |              0 |              0 |              0 |
|      CAS_CMD_WR      | UMC10C1 |     1738842000 |              0 |              0 |              0 |              0 |              0 |              0 |              0 |              0 |              0 |              0 |              0 |              0 |              0 |              0 |              0 |              0 |              0 |              0 |              0 |              0 |              0 |              0 |              0 |              0 |              0 |              0 |              0 |              0 |              0 |              0 |              0 |
|      CAS_CMD_RD      | UMC11C0 |  1278443000000 |              0 |              0 |              0 |              0 |              0 |              0 |              0 |              0 |              0 |              0 |              0 |              0 |              0 |              0 |              0 |              0 |              0 |              0 |              0 |              0 |              0 |              0 |              0 |              0 |              0 |              0 |              0 |              0 |              0 |              0 |              0 |
|      CAS_CMD_WR      | UMC11C1 |     1672999000 |              0 |              0 |              0 |              0 |              0 |              0 |              0 |              0 |              0 |              0 |              0 |              0 |              0 |              0 |              0 |              0 |              0 |              0 |              0 |              0 |              0 |              0 |              0 |              0 |              0 |              0 |              0 |              0 |              0 |              0 |              0 |
+----------------------+---------+----------------+----------------+----------------+----------------+----------------+----------------+----------------+----------------+----------------+----------------+----------------+----------------+----------------+----------------+----------------+----------------+----------------+----------------+----------------+----------------+----------------+----------------+----------------+----------------+----------------+----------------+----------------+----------------+----------------+----------------+----------------+----------------+

+---------------------------+---------+-----------------+----------------+----------------+----------------+
|           Event           | Counter |       Sum       |       Min      |       Max      |       Avg      |
+---------------------------+---------+-----------------+----------------+----------------+----------------+
|   ACTUAL_CPU_CLOCK STAT   |  FIXC1  | 882484920000000 | 27576560000000 | 27580010000000 | 27577653750000 |
|     MAX_CPU_CLOCK STAT    |  FIXC2  | 620177970000000 | 19379690000000 | 19381100000000 | 19380561562500 |
| RETIRED_INSTRUCTIONS STAT |   PMC0  | 972321810000000 | 29450570000000 | 30987620000000 | 30385056562500 |
|  CPU_CLOCKS_UNHALTED STAT |   PMC1  | 878430350000000 | 27423310000000 | 27457950000000 | 27450948437500 |
|      CAS_CMD_RD STAT      |  UMC0C0 |   1277920000000 |              0 |  1277920000000 |    39935000000 |
|      CAS_CMD_WR STAT      |  UMC0C1 |      1624545000 |              0 |     1624545000 |   5.076703e+07 |
|      CAS_CMD_RD STAT      |  UMC1C0 |   1278831000000 |              0 |  1278831000000 |    39963468750 |
|      CAS_CMD_WR STAT      |  UMC1C1 |      1707994000 |              0 |     1707994000 |   5.337481e+07 |
|      CAS_CMD_RD STAT      |  UMC2C0 |   1278356000000 |              0 |  1278356000000 |    39948625000 |
|      CAS_CMD_WR STAT      |  UMC2C1 |      1646205000 |              0 |     1646205000 |   5.144391e+07 |
|      CAS_CMD_RD STAT      |  UMC3C0 |   1278477000000 |              0 |  1278477000000 |    39952406250 |
|      CAS_CMD_WR STAT      |  UMC3C1 |      1673957000 |              0 |     1673957000 |   5.231116e+07 |
|      CAS_CMD_RD STAT      |  UMC4C0 |   1277895000000 |              0 |  1277895000000 |    39934218750 |
|      CAS_CMD_WR STAT      |  UMC4C1 |      1720461000 |              0 |     1720461000 |   5.376441e+07 |
|      CAS_CMD_RD STAT      |  UMC5C0 |   1277540000000 |              0 |  1277540000000 |    39923125000 |
|      CAS_CMD_WR STAT      |  UMC5C1 |      1667429000 |              0 |     1667429000 |   5.210716e+07 |
|      CAS_CMD_RD STAT      |  UMC6C0 |   1278846000000 |              0 |  1278846000000 |    39963937500 |
|      CAS_CMD_WR STAT      |  UMC6C1 |      1627036000 |              0 |     1627036000 |       50844875 |
|      CAS_CMD_RD STAT      |  UMC7C0 |   1277785000000 |              0 |  1277785000000 |    39930781250 |
|      CAS_CMD_WR STAT      |  UMC7C1 |      1665256000 |              0 |     1665256000 |       52039250 |
|      CAS_CMD_RD STAT      |  UMC8C0 |   1277947000000 |              0 |  1277947000000 |    39935843750 |
|      CAS_CMD_WR STAT      |  UMC8C1 |      1651399000 |              0 |     1651399000 |   5.160622e+07 |
|      CAS_CMD_RD STAT      |  UMC9C0 |   1278131000000 |              0 |  1278131000000 |    39941593750 |
|      CAS_CMD_WR STAT      |  UMC9C1 |      1628890000 |              0 |     1628890000 |   5.090281e+07 |
|      CAS_CMD_RD STAT      | UMC10C0 |   1278621000000 |              0 |  1278621000000 |    39956906250 |
|      CAS_CMD_WR STAT      | UMC10C1 |      1738842000 |              0 |     1738842000 |   5.433881e+07 |
|      CAS_CMD_RD STAT      | UMC11C0 |   1278443000000 |              0 |  1278443000000 |    39951343750 |
|      CAS_CMD_WR STAT      | UMC11C1 |      1672999000 |              0 |     1672999000 |   5.228122e+07 |
+---------------------------+---------+-----------------+----------------+----------------+----------------+

+-----------------------------------+-------------+------------+------------+------------+------------+------------+------------+------------+------------+------------+-------------+-------------+-------------+-------------+-------------+-------------+-------------+-------------+-------------+-------------+-------------+-------------+-------------+-------------+-------------+-------------+-------------+-------------+-------------+-------------+-------------+-------------+
|               Metric              |  HWThread 0 | HWThread 1 | HWThread 2 | HWThread 3 | HWThread 4 | HWThread 5 | HWThread 6 | HWThread 7 | HWThread 8 | HWThread 9 | HWThread 10 | HWThread 11 | HWThread 12 | HWThread 13 | HWThread 14 | HWThread 15 | HWThread 16 | HWThread 17 | HWThread 18 | HWThread 19 | HWThread 20 | HWThread 21 | HWThread 22 | HWThread 23 | HWThread 24 | HWThread 25 | HWThread 26 | HWThread 27 | HWThread 28 | HWThread 29 | HWThread 30 | HWThread 31 |
+-----------------------------------+-------------+------------+------------+------------+------------+------------+------------+------------+------------+------------+-------------+-------------+-------------+-------------+-------------+-------------+-------------+-------------+-------------+-------------+-------------+-------------+-------------+-------------+-------------+-------------+-------------+-------------+-------------+-------------+-------------+-------------+
|        Runtime (RDTSC) [s]        |   7461.7830 |  7457.8600 |  7460.8710 |  7455.4860 |  7455.4860 |  7458.0930 |  7458.9540 |  7458.3240 |  7457.3920 |  7461.0940 |   7460.2530 |   7460.8700 |   7459.7990 |   7456.1100 |   7459.1910 |   7461.0940 |   7460.2530 |   7460.4870 |   7456.5590 |   7456.5590 |   7459.1910 |   7455.7200 |   7459.4150 |   7456.3340 |   7456.5590 |   7458.3240 |   7460.0210 |   7457.8590 |   7455.3040 |   7456.5590 |   7455.1370 |   7457.6250 |
|        Runtime unhalted [s]       |  10607.7148 | 10606.6533 | 10606.5494 | 10606.5148 | 10606.6148 | 10606.3879 | 10606.8071 | 10606.7110 | 10606.6841 | 10606.8994 |  10606.6264 |  10606.6725 |  10606.9533 |  10606.8571 |  10607.0533 |  10606.8148 |  10606.7956 |  10606.7417 |  10606.7148 |  10606.6110 |  10606.8687 |  10606.9071 |  10606.8917 |  10607.1225 |  10607.0917 |  10606.6571 |  10606.9033 |  10606.9417 |  10606.7110 |  10606.6917 |  10606.7610 |  10606.9494 |
|            Clock [MHz]            |   3699.9014 |  3699.6151 |  3699.6705 |  3699.6489 |  3699.6742 |  3699.6944 |  3699.6478 |  3699.6830 |  3699.6831 |  3699.6819 |   3699.6630 |   3699.6600 |   3699.6606 |   3699.6557 |   3699.6821 |   3699.6600 |   3699.6590 |   3699.6803 |   3699.6614 |   3699.6614 |   3699.6597 |   3699.6808 |   3699.6735 |   3699.6814 |   3699.6841 |   3699.6795 |   3699.6603 |   3699.6508 |   3699.6620 |   3699.6495 |   3699.6851 |   3699.6802 |
|                CPI                |      0.9289 |     0.9297 |     0.9302 |     0.9305 |     0.9298 |     0.9316 |     0.9315 |     0.9321 |     0.8894 |     0.8905 |      0.8906 |      0.8917 |      0.8907 |      0.8922 |      0.8919 |      0.8924 |      0.8857 |      0.8872 |      0.8869 |      0.8884 |      0.8869 |      0.8890 |      0.8884 |      0.8893 |      0.9036 |      0.9042 |      0.9049 |      0.9058 |      0.9049 |      0.9069 |      0.9068 |      0.9072 |
|  Memory read bandwidth [MBytes/s] | 131561.4094 |          0 |          0 |          0 |          0 |          0 |          0 |          0 |          0 |          0 |           0 |           0 |           0 |           0 |           0 |           0 |           0 |           0 |           0 |           0 |           0 |           0 |           0 |           0 |           0 |           0 |           0 |           0 |           0 |           0 |           0 |           0 |
|  Memory read data volume [GBytes] | 981682.6880 |          0 |          0 |          0 |          0 |          0 |          0 |          0 |          0 |          0 |           0 |           0 |           0 |           0 |           0 |           0 |           0 |           0 |           0 |           0 |           0 |           0 |           0 |           0 |           0 |           0 |           0 |           0 |           0 |           0 |           0 |           0 |
| Memory write bandwidth [MBytes/s] |    171.7553 |          0 |          0 |          0 |          0 |          0 |          0 |          0 |          0 |          0 |           0 |           0 |           0 |           0 |           0 |           0 |           0 |           0 |           0 |           0 |           0 |           0 |           0 |           0 |           0 |           0 |           0 |           0 |           0 |           0 |           0 |           0 |
| Memory write data volume [GBytes] |   1281.6008 |          0 |          0 |          0 |          0 |          0 |          0 |          0 |          0 |          0 |           0 |           0 |           0 |           0 |           0 |           0 |           0 |           0 |           0 |           0 |           0 |           0 |           0 |           0 |           0 |           0 |           0 |           0 |           0 |           0 |           0 |           0 |
|    Memory bandwidth [MBytes/s]    | 131733.1647 |          0 |          0 |          0 |          0 |          0 |          0 |          0 |          0 |          0 |           0 |           0 |           0 |           0 |           0 |           0 |           0 |           0 |           0 |           0 |           0 |           0 |           0 |           0 |           0 |           0 |           0 |           0 |           0 |           0 |           0 |           0 |
|    Memory data volume [GBytes]    | 982964.2888 |          0 |          0 |          0 |          0 |          0 |          0 |          0 |          0 |          0 |           0 |           0 |           0 |           0 |           0 |           0 |           0 |           0 |           0 |           0 |           0 |           0 |           0 |           0 |           0 |           0 |           0 |           0 |           0 |           0 |           0 |           0 |
+-----------------------------------+-------------+------------+------------+------------+------------+------------+------------+------------+------------+------------+-------------+-------------+-------------+-------------+-------------+-------------+-------------+-------------+-------------+-------------+-------------+-------------+-------------+-------------+-------------+-------------+-------------+-------------+-------------+-------------+-------------+-------------+

+----------------------------------------+-------------+------------+-------------+------------+
|                 Metric                 |     Sum     |     Min    |     Max     |     Avg    |
+----------------------------------------+-------------+------------+-------------+------------+
|        Runtime (RDTSC) [s] STAT        | 238664.5660 |  7455.1370 |   7461.7830 |  7458.2677 |
|        Runtime unhalted [s] STAT       | 339417.8740 | 10606.3879 |  10607.7148 | 10606.8086 |
|            Clock [MHz] STAT            | 118389.5907 |  3699.6151 |   3699.9014 |  3699.6747 |
|                CPI STAT                |     28.9198 |     0.8857 |      0.9321 |     0.9037 |
|  Memory read bandwidth [MBytes/s] STAT | 131561.4094 |          0 | 131561.4094 |  4111.2940 |
|  Memory read data volume [GBytes] STAT | 981682.6880 |          0 | 981682.6880 | 30677.5840 |
| Memory write bandwidth [MBytes/s] STAT |    171.7553 |          0 |    171.7553 |     5.3674 |
| Memory write data volume [GBytes] STAT |   1281.6008 |          0 |   1281.6008 |    40.0500 |
|    Memory bandwidth [MBytes/s] STAT    | 131733.1647 |          0 | 131733.1647 |  4116.6614 |
|    Memory data volume [GBytes] STAT    | 982964.2888 |          0 | 982964.2888 | 30717.6340 |
+----------------------------------------+-------------+------------+-------------+------------+

