INFO: You are running LIKWID in a cpuset with 48 CPUs. Taking given IDs as logical ID in cpuset
--------------------------------------------------------------------------------
CPU name:	AMD EPYC 9A14 96-Core Processor                
CPU type:	AMD K19 (Zen4) architecture
CPU clock:	2.60 GHz
--------------------------------------------------------------------------------
Sys.CPU_THREADS       192
SLURM_CPUS_PER_TASK   48
OMP_NUM_THREADS       48
OMP_PROC_BIND         close
OMP_PLACES            cores
BLAS_NUM_THREADS      1
Threads.nthreads()    1

Successfully read data from: /public/home/halili/jld2file/6-31g/hcn-1.0-6-31g.jld2
  name: hcn
  ratio: 1.0
  basis: 6-31g
  nα: 7, nβ: 7, ne: 14, norb: 20, nq: 40

  ngs: 13755
  ncs: 72681

Warming up JIT and Hardware...
Warm-up completed.
  Step 001:  residual: 7.7049e-01,  e: -92.82763179936497
  Step 002:  residual: 3.7087e-01,  e: -93.01183870091350
  Step 003:  residual: 1.4548e-01,  e: -93.04687547020968
  Step 004:  residual: 5.7932e-02,  e: -93.05170251010323
  Step 005:  residual: 2.8328e-02,  e: -93.05243615719409
  Step 006:  residual: 1.3340e-02,  e: -93.05261925959070
  Step 007:  residual: 5.6500e-03,  e: -93.05265620776032
  Step 008:  residual: 2.2421e-03,  e: -93.05266215767590
  Step 009:  residual: 8.8227e-04,  e: -93.05266309075110
  Step 010:  residual: 3.8870e-04,  e: -93.05266324625387
  Step 011:  residual: 1.8353e-04,  e: -93.05266327684424
  Step 012:  residual: 8.8481e-05,  e: -93.05266328403664
  Step 013:  residual: 3.8778e-05,  e: -93.05266328559573
  Step 014:  residual: 1.6948e-05,  e: -93.05266328585392
  Step 015:  residual: 6.9143e-06,  e: -93.05266328590298

Convergence reached!
5199.559025 seconds (7.21 M allocations: 347.495 GiB, 0.01% gc time, 0.04% compilation time)
--------------------------------------------------------------------------------
Region hvec_direct_agg, Group 1: MEM
+-------------------+-------------+-------------+-------------+-------------+-------------+-------------+-------------+-------------+-------------+-------------+-------------+-------------+-------------+-------------+-------------+-------------+-------------+-------------+-------------+-------------+-------------+-------------+-------------+-------------+-------------+-------------+-------------+-------------+-------------+-------------+-------------+-------------+-------------+-------------+-------------+-------------+-------------+-------------+-------------+-------------+-------------+-------------+-------------+-------------+-------------+-------------+-------------+-------------+
|    Region Info    |  HWThread 0 |  HWThread 1 |  HWThread 2 |  HWThread 3 |  HWThread 4 |  HWThread 5 |  HWThread 6 |  HWThread 7 |  HWThread 8 |  HWThread 9 | HWThread 10 | HWThread 11 | HWThread 12 | HWThread 13 | HWThread 14 | HWThread 15 | HWThread 16 | HWThread 17 | HWThread 18 | HWThread 19 | HWThread 20 | HWThread 21 | HWThread 22 | HWThread 23 | HWThread 24 | HWThread 25 | HWThread 26 | HWThread 27 | HWThread 28 | HWThread 29 | HWThread 30 | HWThread 31 | HWThread 32 | HWThread 33 | HWThread 34 | HWThread 35 | HWThread 36 | HWThread 37 | HWThread 38 | HWThread 39 | HWThread 40 | HWThread 41 | HWThread 42 | HWThread 43 | HWThread 44 | HWThread 45 | HWThread 46 | HWThread 47 |
+-------------------+-------------+-------------+-------------+-------------+-------------+-------------+-------------+-------------+-------------+-------------+-------------+-------------+-------------+-------------+-------------+-------------+-------------+-------------+-------------+-------------+-------------+-------------+-------------+-------------+-------------+-------------+-------------+-------------+-------------+-------------+-------------+-------------+-------------+-------------+-------------+-------------+-------------+-------------+-------------+-------------+-------------+-------------+-------------+-------------+-------------+-------------+-------------+-------------+
| RDTSC Runtime [s] | 5053.070000 | 5050.736000 | 5048.578000 | 5046.304000 | 5051.758000 | 5048.578000 | 5046.304000 | 5046.629000 | 5045.280000 | 5048.252000 | 5049.270000 | 5049.270000 | 5049.270000 | 5045.776000 | 5049.458000 | 5045.280000 | 5051.183000 | 5048.577000 | 5047.417000 | 5050.865000 | 5046.989000 | 5051.566000 | 5051.941000 | 5047.417000 | 5050.108000 | 5050.108000 | 5050.108000 | 5047.785000 | 5045.953000 | 5050.108000 | 5049.270000 | 5045.776000 | 5051.566000 | 5045.776000 | 5047.603000 | 5047.603000 | 5045.148000 | 5046.629000 | 5045.776000 | 5045.281000 | 5047.955000 | 5045.280000 | 5051.183000 | 5051.942000 | 5050.736000 | 5049.936000 | 5051.757000 | 5046.629000 |
|     call count    |          15 |          15 |          15 |          15 |          15 |          15 |          15 |          15 |          15 |          15 |          15 |          15 |          15 |          15 |          15 |          15 |          15 |          15 |          15 |          15 |          15 |          15 |          15 |          15 |          15 |          15 |          15 |          15 |          15 |          15 |          15 |          15 |          15 |          15 |          15 |          15 |          15 |          15 |          15 |          15 |          15 |          15 |          15 |          15 |          15 |          15 |          15 |          15 |
+-------------------+-------------+-------------+-------------+-------------+-------------+-------------+-------------+-------------+-------------+-------------+-------------+-------------+-------------+-------------+-------------+-------------+-------------+-------------+-------------+-------------+-------------+-------------+-------------+-------------+-------------+-------------+-------------+-------------+-------------+-------------+-------------+-------------+-------------+-------------+-------------+-------------+-------------+-------------+-------------+-------------+-------------+-------------+-------------+-------------+-------------+-------------+-------------+-------------+

+----------------------+---------+----------------+----------------+----------------+----------------+----------------+----------------+----------------+----------------+----------------+----------------+----------------+----------------+----------------+----------------+----------------+----------------+----------------+----------------+----------------+----------------+----------------+----------------+----------------+----------------+----------------+----------------+----------------+----------------+----------------+----------------+----------------+----------------+----------------+----------------+----------------+----------------+----------------+----------------+----------------+----------------+----------------+----------------+----------------+----------------+----------------+----------------+----------------+----------------+
|         Event        | Counter |   HWThread 0   |   HWThread 1   |   HWThread 2   |   HWThread 3   |   HWThread 4   |   HWThread 5   |   HWThread 6   |   HWThread 7   |   HWThread 8   |   HWThread 9   |   HWThread 10  |   HWThread 11  |   HWThread 12  |   HWThread 13  |   HWThread 14  |   HWThread 15  |   HWThread 16  |   HWThread 17  |   HWThread 18  |   HWThread 19  |   HWThread 20  |   HWThread 21  |   HWThread 22  |   HWThread 23  |   HWThread 24  |   HWThread 25  |   HWThread 26  |   HWThread 27  |   HWThread 28  |   HWThread 29  |   HWThread 30  |   HWThread 31  |   HWThread 32  |   HWThread 33  |   HWThread 34  |   HWThread 35  |   HWThread 36  |   HWThread 37  |   HWThread 38  |   HWThread 39  |   HWThread 40  |   HWThread 41  |   HWThread 42  |   HWThread 43  |   HWThread 44  |   HWThread 45  |   HWThread 46  |   HWThread 47  |
+----------------------+---------+----------------+----------------+----------------+----------------+----------------+----------------+----------------+----------------+----------------+----------------+----------------+----------------+----------------+----------------+----------------+----------------+----------------+----------------+----------------+----------------+----------------+----------------+----------------+----------------+----------------+----------------+----------------+----------------+----------------+----------------+----------------+----------------+----------------+----------------+----------------+----------------+----------------+----------------+----------------+----------------+----------------+----------------+----------------+----------------+----------------+----------------+----------------+----------------+
|   ACTUAL_CPU_CLOCK   |  FIXC1  | 18664080000000 | 18660680000000 | 18661090000000 | 18660950000000 | 18660330000000 | 18660450000000 | 18661690000000 | 18661260000000 | 18660110000000 | 18661160000000 | 18660620000000 | 18661000000000 | 18660110000000 | 18660820000000 | 18660860000000 | 18660580000000 | 18661470000000 | 18660990000000 | 18660390000000 | 18660900000000 | 18660820000000 | 18660200000000 | 18660430000000 | 18660610000000 | 18660590000000 | 18660190000000 | 18660950000000 | 18660300000000 | 18660920000000 | 18661050000000 | 18661070000000 | 18660750000000 | 18660560000000 | 18660620000000 | 18661340000000 | 18661190000000 | 18660790000000 | 18660680000000 | 18660090000000 | 18661340000000 | 18660840000000 | 18660400000000 | 18660100000000 | 18660160000000 | 18659610000000 | 18660390000000 | 18661340000000 | 18661740000000 |
|     MAX_CPU_CLOCK    |  FIXC2  | 13115750000000 | 13114950000000 | 13114830000000 | 13114760000000 | 13114460000000 | 13114540000000 | 13115410000000 | 13114960000000 | 13114200000000 | 13114780000000 | 13114540000000 | 13114850000000 | 13114180000000 | 13114550000000 | 13114800000000 | 13114480000000 | 13115130000000 | 13114650000000 | 13114390000000 | 13114570000000 | 13114660000000 | 13114250000000 | 13114310000000 | 13114520000000 | 13114610000000 | 13114220000000 | 13114910000000 | 13114360000000 | 13114660000000 | 13114820000000 | 13114780000000 | 13114710000000 | 13114580000000 | 13114580000000 | 13115000000000 | 13115020000000 | 13114640000000 | 13114530000000 | 13114260000000 | 13115000000000 | 13114670000000 | 13114450000000 | 13114330000000 | 13114280000000 | 13113930000000 | 13114310000000 | 13114980000000 | 13115260000000 |
| RETIRED_INSTRUCTIONS |   PMC0  | 19776170000000 | 19771210000000 | 19772400000000 | 19731690000000 | 19753000000000 | 19724680000000 | 19747090000000 | 19713600000000 | 20577580000000 | 20551620000000 | 20585280000000 | 20547410000000 | 20571500000000 | 20487140000000 | 20543310000000 | 20511260000000 | 20429510000000 | 20389340000000 | 20399980000000 | 20376060000000 | 20381300000000 | 20342530000000 | 20355480000000 | 20351750000000 | 20089510000000 | 20049450000000 | 20073750000000 | 20038990000000 | 20072540000000 | 20036350000000 | 20044350000000 | 19978860000000 | 20545910000000 | 20511980000000 | 20521470000000 | 20496040000000 | 20511050000000 | 20480850000000 | 20488440000000 | 20456220000000 | 20377920000000 | 20326100000000 | 20344440000000 | 20310630000000 | 20322650000000 | 20293230000000 | 20301490000000 | 20259430000000 |
|  CPU_CLOCKS_UNHALTED |   PMC1  | 18556620000000 | 18573870000000 | 18574130000000 | 18573290000000 | 18575660000000 | 18573940000000 | 18575740000000 | 18575460000000 | 18576560000000 | 18578070000000 | 18577270000000 | 18579740000000 | 18576610000000 | 18577880000000 | 18578520000000 | 18577640000000 | 18574730000000 | 18574280000000 | 18574690000000 | 18574610000000 | 18574450000000 | 18574190000000 | 18573650000000 | 18575670000000 | 18576000000000 | 18574990000000 | 18575270000000 | 18575610000000 | 18573720000000 | 18575190000000 | 18576640000000 | 18577340000000 | 18578310000000 | 18574910000000 | 18577260000000 | 18577480000000 | 18576670000000 | 18577230000000 | 18576840000000 | 18578370000000 | 18575820000000 | 18577100000000 | 18574850000000 | 18573030000000 | 18574550000000 | 18574540000000 | 18574500000000 | 18576960000000 |
|      CAS_CMD_RD      |  UMC0C0 |  1243355000000 |              0 |              0 |              0 |              0 |              0 |              0 |              0 |              0 |              0 |              0 |              0 |              0 |              0 |              0 |              0 |              0 |              0 |              0 |              0 |              0 |              0 |              0 |              0 |              0 |              0 |              0 |              0 |              0 |              0 |              0 |              0 |              0 |              0 |              0 |              0 |              0 |              0 |              0 |              0 |              0 |              0 |              0 |              0 |              0 |              0 |              0 |              0 |
|      CAS_CMD_WR      |  UMC0C1 |     1354981000 |              0 |              0 |              0 |              0 |              0 |              0 |              0 |              0 |              0 |              0 |              0 |              0 |              0 |              0 |              0 |              0 |              0 |              0 |              0 |              0 |              0 |              0 |              0 |              0 |              0 |              0 |              0 |              0 |              0 |              0 |              0 |              0 |              0 |              0 |              0 |              0 |              0 |              0 |              0 |              0 |              0 |              0 |              0 |              0 |              0 |              0 |              0 |
|      CAS_CMD_RD      |  UMC1C0 |  1243847000000 |              0 |              0 |              0 |              0 |              0 |              0 |              0 |              0 |              0 |              0 |              0 |              0 |              0 |              0 |              0 |              0 |              0 |              0 |              0 |              0 |              0 |              0 |              0 |              0 |              0 |              0 |              0 |              0 |              0 |              0 |              0 |              0 |              0 |              0 |              0 |              0 |              0 |              0 |              0 |              0 |              0 |              0 |              0 |              0 |              0 |              0 |              0 |
|      CAS_CMD_WR      |  UMC1C1 |     1365959000 |              0 |              0 |              0 |              0 |              0 |              0 |              0 |              0 |              0 |              0 |              0 |              0 |              0 |              0 |              0 |              0 |              0 |              0 |              0 |              0 |              0 |              0 |              0 |              0 |              0 |              0 |              0 |              0 |              0 |              0 |              0 |              0 |              0 |              0 |              0 |              0 |              0 |              0 |              0 |              0 |              0 |              0 |              0 |              0 |              0 |              0 |              0 |
|      CAS_CMD_RD      |  UMC2C0 |  1244518000000 |              0 |              0 |              0 |              0 |              0 |              0 |              0 |              0 |              0 |              0 |              0 |              0 |              0 |              0 |              0 |              0 |              0 |              0 |              0 |              0 |              0 |              0 |              0 |              0 |              0 |              0 |              0 |              0 |              0 |              0 |              0 |              0 |              0 |              0 |              0 |              0 |              0 |              0 |              0 |              0 |              0 |              0 |              0 |              0 |              0 |              0 |              0 |
|      CAS_CMD_WR      |  UMC2C1 |     1417187000 |              0 |              0 |              0 |              0 |              0 |              0 |              0 |              0 |              0 |              0 |              0 |              0 |              0 |              0 |              0 |              0 |              0 |              0 |              0 |              0 |              0 |              0 |              0 |              0 |              0 |              0 |              0 |              0 |              0 |              0 |              0 |              0 |              0 |              0 |              0 |              0 |              0 |              0 |              0 |              0 |              0 |              0 |              0 |              0 |              0 |              0 |              0 |
|      CAS_CMD_RD      |  UMC3C0 |  1243006000000 |              0 |              0 |              0 |              0 |              0 |              0 |              0 |              0 |              0 |              0 |              0 |              0 |              0 |              0 |              0 |              0 |              0 |              0 |              0 |              0 |              0 |              0 |              0 |              0 |              0 |              0 |              0 |              0 |              0 |              0 |              0 |              0 |              0 |              0 |              0 |              0 |              0 |              0 |              0 |              0 |              0 |              0 |              0 |              0 |              0 |              0 |              0 |
|      CAS_CMD_WR      |  UMC3C1 |     1323533000 |              0 |              0 |              0 |              0 |              0 |              0 |              0 |              0 |              0 |              0 |              0 |              0 |              0 |              0 |              0 |              0 |              0 |              0 |              0 |              0 |              0 |              0 |              0 |              0 |              0 |              0 |              0 |              0 |              0 |              0 |              0 |              0 |              0 |              0 |              0 |              0 |              0 |              0 |              0 |              0 |              0 |              0 |              0 |              0 |              0 |              0 |              0 |
|      CAS_CMD_RD      |  UMC4C0 |  1243804000000 |              0 |              0 |              0 |              0 |              0 |              0 |              0 |              0 |              0 |              0 |              0 |              0 |              0 |              0 |              0 |              0 |              0 |              0 |              0 |              0 |              0 |              0 |              0 |              0 |              0 |              0 |              0 |              0 |              0 |              0 |              0 |              0 |              0 |              0 |              0 |              0 |              0 |              0 |              0 |              0 |              0 |              0 |              0 |              0 |              0 |              0 |              0 |
|      CAS_CMD_WR      |  UMC4C1 |     1320803000 |              0 |              0 |              0 |              0 |              0 |              0 |              0 |              0 |              0 |              0 |              0 |              0 |              0 |              0 |              0 |              0 |              0 |              0 |              0 |              0 |              0 |              0 |              0 |              0 |              0 |              0 |              0 |              0 |              0 |              0 |              0 |              0 |              0 |              0 |              0 |              0 |              0 |              0 |              0 |              0 |              0 |              0 |              0 |              0 |              0 |              0 |              0 |
|      CAS_CMD_RD      |  UMC5C0 |  1243644000000 |              0 |              0 |              0 |              0 |              0 |              0 |              0 |              0 |              0 |              0 |              0 |              0 |              0 |              0 |              0 |              0 |              0 |              0 |              0 |              0 |              0 |              0 |              0 |              0 |              0 |              0 |              0 |              0 |              0 |              0 |              0 |              0 |              0 |              0 |              0 |              0 |              0 |              0 |              0 |              0 |              0 |              0 |              0 |              0 |              0 |              0 |              0 |
|      CAS_CMD_WR      |  UMC5C1 |     1324002000 |              0 |              0 |              0 |              0 |              0 |              0 |              0 |              0 |              0 |              0 |              0 |              0 |              0 |              0 |              0 |              0 |              0 |              0 |              0 |              0 |              0 |              0 |              0 |              0 |              0 |              0 |              0 |              0 |              0 |              0 |              0 |              0 |              0 |              0 |              0 |              0 |              0 |              0 |              0 |              0 |              0 |              0 |              0 |              0 |              0 |              0 |              0 |
|      CAS_CMD_RD      |  UMC6C0 |  1242863000000 |              0 |              0 |              0 |              0 |              0 |              0 |              0 |              0 |              0 |              0 |              0 |              0 |              0 |              0 |              0 |              0 |              0 |              0 |              0 |              0 |              0 |              0 |              0 |              0 |              0 |              0 |              0 |              0 |              0 |              0 |              0 |              0 |              0 |              0 |              0 |              0 |              0 |              0 |              0 |              0 |              0 |              0 |              0 |              0 |              0 |              0 |              0 |
|      CAS_CMD_WR      |  UMC6C1 |     1362099000 |              0 |              0 |              0 |              0 |              0 |              0 |              0 |              0 |              0 |              0 |              0 |              0 |              0 |              0 |              0 |              0 |              0 |              0 |              0 |              0 |              0 |              0 |              0 |              0 |              0 |              0 |              0 |              0 |              0 |              0 |              0 |              0 |              0 |              0 |              0 |              0 |              0 |              0 |              0 |              0 |              0 |              0 |              0 |              0 |              0 |              0 |              0 |
|      CAS_CMD_RD      |  UMC7C0 |  1244419000000 |              0 |              0 |              0 |              0 |              0 |              0 |              0 |              0 |              0 |              0 |              0 |              0 |              0 |              0 |              0 |              0 |              0 |              0 |              0 |              0 |              0 |              0 |              0 |              0 |              0 |              0 |              0 |              0 |              0 |              0 |              0 |              0 |              0 |              0 |              0 |              0 |              0 |              0 |              0 |              0 |              0 |              0 |              0 |              0 |              0 |              0 |              0 |
|      CAS_CMD_WR      |  UMC7C1 |     1350878000 |              0 |              0 |              0 |              0 |              0 |              0 |              0 |              0 |              0 |              0 |              0 |              0 |              0 |              0 |              0 |              0 |              0 |              0 |              0 |              0 |              0 |              0 |              0 |              0 |              0 |              0 |              0 |              0 |              0 |              0 |              0 |              0 |              0 |              0 |              0 |              0 |              0 |              0 |              0 |              0 |              0 |              0 |              0 |              0 |              0 |              0 |              0 |
|      CAS_CMD_RD      |  UMC8C0 |  1243670000000 |              0 |              0 |              0 |              0 |              0 |              0 |              0 |              0 |              0 |              0 |              0 |              0 |              0 |              0 |              0 |              0 |              0 |              0 |              0 |              0 |              0 |              0 |              0 |              0 |              0 |              0 |              0 |              0 |              0 |              0 |              0 |              0 |              0 |              0 |              0 |              0 |              0 |              0 |              0 |              0 |              0 |              0 |              0 |              0 |              0 |              0 |              0 |
|      CAS_CMD_WR      |  UMC8C1 |     1389251000 |              0 |              0 |              0 |              0 |              0 |              0 |              0 |              0 |              0 |              0 |              0 |              0 |              0 |              0 |              0 |              0 |              0 |              0 |              0 |              0 |              0 |              0 |              0 |              0 |              0 |              0 |              0 |              0 |              0 |              0 |              0 |              0 |              0 |              0 |              0 |              0 |              0 |              0 |              0 |              0 |              0 |              0 |              0 |              0 |              0 |              0 |              0 |
|      CAS_CMD_RD      |  UMC9C0 |  1243257000000 |              0 |              0 |              0 |              0 |              0 |              0 |              0 |              0 |              0 |              0 |              0 |              0 |              0 |              0 |              0 |              0 |              0 |              0 |              0 |              0 |              0 |              0 |              0 |              0 |              0 |              0 |              0 |              0 |              0 |              0 |              0 |              0 |              0 |              0 |              0 |              0 |              0 |              0 |              0 |              0 |              0 |              0 |              0 |              0 |              0 |              0 |              0 |
|      CAS_CMD_WR      |  UMC9C1 |     1303984000 |              0 |              0 |              0 |              0 |              0 |              0 |              0 |              0 |              0 |              0 |              0 |              0 |              0 |              0 |              0 |              0 |              0 |              0 |              0 |              0 |              0 |              0 |              0 |              0 |              0 |              0 |              0 |              0 |              0 |              0 |              0 |              0 |              0 |              0 |              0 |              0 |              0 |              0 |              0 |              0 |              0 |              0 |              0 |              0 |              0 |              0 |              0 |
|      CAS_CMD_RD      | UMC10C0 |  1244232000000 |              0 |              0 |              0 |              0 |              0 |              0 |              0 |              0 |              0 |              0 |              0 |              0 |              0 |              0 |              0 |              0 |              0 |              0 |              0 |              0 |              0 |              0 |              0 |              0 |              0 |              0 |              0 |              0 |              0 |              0 |              0 |              0 |              0 |              0 |              0 |              0 |              0 |              0 |              0 |              0 |              0 |              0 |              0 |              0 |              0 |              0 |              0 |
|      CAS_CMD_WR      | UMC10C1 |     1333256000 |              0 |              0 |              0 |              0 |              0 |              0 |              0 |              0 |              0 |              0 |              0 |              0 |              0 |              0 |              0 |              0 |              0 |              0 |              0 |              0 |              0 |              0 |              0 |              0 |              0 |              0 |              0 |              0 |              0 |              0 |              0 |              0 |              0 |              0 |              0 |              0 |              0 |              0 |              0 |              0 |              0 |              0 |              0 |              0 |              0 |              0 |              0 |
|      CAS_CMD_RD      | UMC11C0 |  1243454000000 |              0 |              0 |              0 |              0 |              0 |              0 |              0 |              0 |              0 |              0 |              0 |              0 |              0 |              0 |              0 |              0 |              0 |              0 |              0 |              0 |              0 |              0 |              0 |              0 |              0 |              0 |              0 |              0 |              0 |              0 |              0 |              0 |              0 |              0 |              0 |              0 |              0 |              0 |              0 |              0 |              0 |              0 |              0 |              0 |              0 |              0 |              0 |
|      CAS_CMD_WR      | UMC11C1 |     1363931000 |              0 |              0 |              0 |              0 |              0 |              0 |              0 |              0 |              0 |              0 |              0 |              0 |              0 |              0 |              0 |              0 |              0 |              0 |              0 |              0 |              0 |              0 |              0 |              0 |              0 |              0 |              0 |              0 |              0 |              0 |              0 |              0 |              0 |              0 |              0 |              0 |              0 |              0 |              0 |              0 |              0 |              0 |              0 |              0 |              0 |              0 |              0 |
+----------------------+---------+----------------+----------------+----------------+----------------+----------------+----------------+----------------+----------------+----------------+----------------+----------------+----------------+----------------+----------------+----------------+----------------+----------------+----------------+----------------+----------------+----------------+----------------+----------------+----------------+----------------+----------------+----------------+----------------+----------------+----------------+----------------+----------------+----------------+----------------+----------------+----------------+----------------+----------------+----------------+----------------+----------------+----------------+----------------+----------------+----------------+----------------+----------------+----------------+

+---------------------------+---------+-----------------+----------------+----------------+----------------+
|           Event           | Counter |       Sum       |       Min      |       Max      |       Avg      |
+---------------------------+---------+-----------------+----------------+----------------+----------------+
|   ACTUAL_CPU_CLOCK STAT   |  FIXC1  | 895718610000000 | 18659610000000 | 18664080000000 | 18660804375000 |
|     MAX_CPU_CLOCK STAT    |  FIXC2  | 629503410000000 | 13113930000000 | 13115750000000 | 13114654375000 |
| RETIRED_INSTRUCTIONS STAT |   PMC0  | 972322540000000 | 19713600000000 | 20585280000000 |       nil      |
|  CPU_CLOCKS_UNHALTED STAT |   PMC1  | 891620450000000 | 18556620000000 | 18579740000000 |       nil      |
|      CAS_CMD_RD STAT      |  UMC0C0 |   1243355000000 |              0 |  1243355000000 |   2.590323e+10 |
|      CAS_CMD_WR STAT      |  UMC0C1 |      1354981000 |              0 |     1354981000 |   2.822877e+07 |
|      CAS_CMD_RD STAT      |  UMC1C0 |   1243847000000 |              0 |  1243847000000 |   2.591348e+10 |
|      CAS_CMD_WR STAT      |  UMC1C1 |      1365959000 |              0 |     1365959000 |   2.845748e+07 |
|      CAS_CMD_RD STAT      |  UMC2C0 |   1244518000000 |              0 |  1244518000000 |   2.592746e+10 |
|      CAS_CMD_WR STAT      |  UMC2C1 |      1417187000 |              0 |     1417187000 |   2.952473e+07 |
|      CAS_CMD_RD STAT      |  UMC3C0 |   1243006000000 |              0 |  1243006000000 |   2.589596e+10 |
|      CAS_CMD_WR STAT      |  UMC3C1 |      1323533000 |              0 |     1323533000 |   2.757360e+07 |
|      CAS_CMD_RD STAT      |  UMC4C0 |   1243804000000 |              0 |  1243804000000 |   2.591258e+10 |
|      CAS_CMD_WR STAT      |  UMC4C1 |      1320803000 |              0 |     1320803000 |   2.751673e+07 |
|      CAS_CMD_RD STAT      |  UMC5C0 |   1243644000000 |              0 |  1243644000000 |    25909250000 |
|      CAS_CMD_WR STAT      |  UMC5C1 |      1324002000 |              0 |     1324002000 |       27583375 |
|      CAS_CMD_RD STAT      |  UMC6C0 |   1242863000000 |              0 |  1242863000000 |   2.589298e+10 |
|      CAS_CMD_WR STAT      |  UMC6C1 |      1362099000 |              0 |     1362099000 |   2.837706e+07 |
|      CAS_CMD_RD STAT      |  UMC7C0 |   1244419000000 |              0 |  1244419000000 |   2.592540e+10 |
|      CAS_CMD_WR STAT      |  UMC7C1 |      1350878000 |              0 |     1350878000 |   2.814329e+07 |
|      CAS_CMD_RD STAT      |  UMC8C0 |   1243670000000 |              0 |  1243670000000 |   2.590979e+10 |
|      CAS_CMD_WR STAT      |  UMC8C1 |      1389251000 |              0 |     1389251000 |   2.894273e+07 |
|      CAS_CMD_RD STAT      |  UMC9C0 |   1243257000000 |              0 |  1243257000000 |    25901187500 |
|      CAS_CMD_WR STAT      |  UMC9C1 |      1303984000 |              0 |     1303984000 |   2.716633e+07 |
|      CAS_CMD_RD STAT      | UMC10C0 |   1244232000000 |              0 |  1244232000000 |    25921500000 |
|      CAS_CMD_WR STAT      | UMC10C1 |      1333256000 |              0 |     1333256000 |   2.777617e+07 |
|      CAS_CMD_RD STAT      | UMC11C0 |   1243454000000 |              0 |  1243454000000 |   2.590529e+10 |
|      CAS_CMD_WR STAT      | UMC11C1 |      1363931000 |              0 |     1363931000 |   2.841523e+07 |
+---------------------------+---------+-----------------+----------------+----------------+----------------+

+-----------------------------------+-------------+------------+------------+------------+------------+------------+------------+------------+------------+------------+-------------+-------------+-------------+-------------+-------------+-------------+-------------+-------------+-------------+-------------+-------------+-------------+-------------+-------------+-------------+-------------+-------------+-------------+-------------+-------------+-------------+-------------+-------------+-------------+-------------+-------------+-------------+-------------+-------------+-------------+-------------+-------------+-------------+-------------+-------------+-------------+-------------+-------------+
|               Metric              |  HWThread 0 | HWThread 1 | HWThread 2 | HWThread 3 | HWThread 4 | HWThread 5 | HWThread 6 | HWThread 7 | HWThread 8 | HWThread 9 | HWThread 10 | HWThread 11 | HWThread 12 | HWThread 13 | HWThread 14 | HWThread 15 | HWThread 16 | HWThread 17 | HWThread 18 | HWThread 19 | HWThread 20 | HWThread 21 | HWThread 22 | HWThread 23 | HWThread 24 | HWThread 25 | HWThread 26 | HWThread 27 | HWThread 28 | HWThread 29 | HWThread 30 | HWThread 31 | HWThread 32 | HWThread 33 | HWThread 34 | HWThread 35 | HWThread 36 | HWThread 37 | HWThread 38 | HWThread 39 | HWThread 40 | HWThread 41 | HWThread 42 | HWThread 43 | HWThread 44 | HWThread 45 | HWThread 46 | HWThread 47 |
+-----------------------------------+-------------+------------+------------+------------+------------+------------+------------+------------+------------+------------+-------------+-------------+-------------+-------------+-------------+-------------+-------------+-------------+-------------+-------------+-------------+-------------+-------------+-------------+-------------+-------------+-------------+-------------+-------------+-------------+-------------+-------------+-------------+-------------+-------------+-------------+-------------+-------------+-------------+-------------+-------------+-------------+-------------+-------------+-------------+-------------+-------------+-------------+
|        Runtime (RDTSC) [s]        |   5053.0700 |  5050.7360 |  5048.5780 |  5046.3040 |  5051.7580 |  5048.5780 |  5046.3040 |  5046.6290 |  5045.2800 |  5048.2520 |   5049.2700 |   5049.2700 |   5049.2700 |   5045.7760 |   5049.4580 |   5045.2800 |   5051.1830 |   5048.5770 |   5047.4170 |   5050.8650 |   5046.9890 |   5051.5660 |   5051.9410 |   5047.4170 |   5050.1080 |   5050.1080 |   5050.1080 |   5047.7850 |   5045.9530 |   5050.1080 |   5049.2700 |   5045.7760 |   5051.5660 |   5045.7760 |   5047.6030 |   5047.6030 |   5045.1480 |   5046.6290 |   5045.7760 |   5045.2810 |   5047.9550 |   5045.2800 |   5051.1830 |   5051.9420 |   5050.7360 |   5049.9360 |   5051.7570 |   5046.6290 |
|        Runtime unhalted [s]       |   7178.5072 |  7177.1995 |  7177.3572 |  7177.3034 |  7177.0649 |  7177.1111 |  7177.5880 |  7177.4226 |  7176.9803 |  7177.3842 |   7177.1765 |   7177.3226 |   7176.9803 |   7177.2534 |   7177.2688 |   7177.1611 |   7177.5034 |   7177.3188 |   7177.0880 |   7177.2842 |   7177.2534 |   7177.0149 |   7177.1034 |   7177.1726 |   7177.1649 |   7177.0111 |   7177.3034 |   7177.0534 |   7177.2919 |   7177.3419 |   7177.3495 |   7177.2265 |   7177.1534 |   7177.1765 |   7177.4534 |   7177.3957 |   7177.2419 |   7177.1995 |   7176.9726 |   7177.4534 |   7177.2611 |   7177.0919 |   7176.9765 |   7176.9995 |   7176.7880 |   7177.0880 |   7177.4534 |   7177.6072 |
|            Clock [MHz]            |   3699.8652 |  3699.4169 |  3699.5320 |  3699.5240 |  3699.4857 |  3699.4869 |  3699.4873 |  3699.5290 |  3699.5154 |  3699.5600 |   3699.5206 |   3699.5085 |   3699.5211 |   3699.5574 |   3699.4949 |   3699.5296 |   3699.5227 |   3699.5629 |   3699.5173 |   3699.5677 |   3699.5264 |   3699.5192 |   3699.5478 |   3699.5243 |   3699.4949 |   3699.5256 |   3699.4817 |   3699.5080 |   3699.5462 |   3699.5269 |   3699.5421 |   3699.4984 |   3699.4974 |   3699.5093 |   3699.5336 |   3699.4982 |   3699.5261 |   3699.5353 |   3699.4945 |   3699.5336 |   3699.5276 |   3699.5024 |   3699.4768 |   3699.5028 |   3699.4925 |   3699.5399 |   3699.5392 |   3699.5395 |
|                CPI                |      0.9383 |     0.9394 |     0.9394 |     0.9413 |     0.9404 |     0.9417 |     0.9407 |     0.9423 |     0.9028 |     0.9040 |      0.9025 |      0.9042 |      0.9030 |      0.9068 |      0.9044 |      0.9057 |      0.9092 |      0.9110 |      0.9105 |      0.9116 |      0.9113 |      0.9131 |      0.9125 |      0.9127 |      0.9247 |      0.9265 |      0.9254 |      0.9270 |      0.9253 |      0.9271 |      0.9268 |      0.9298 |      0.9042 |      0.9056 |      0.9053 |      0.9064 |      0.9057 |      0.9071 |      0.9067 |      0.9082 |      0.9116 |      0.9140 |      0.9130 |      0.9144 |      0.9140 |      0.9153 |      0.9149 |      0.9170 |
|  Memory read bandwidth [MBytes/s] | 189021.8058 |          0 |          0 |          0 |          0 |          0 |          0 |          0 |          0 |          0 |           0 |           0 |           0 |           0 |           0 |           0 |           0 |           0 |           0 |           0 |           0 |           0 |           0 |           0 |           0 |           0 |           0 |           0 |           0 |           0 |           0 |           0 |           0 |           0 |           0 |           0 |           0 |           0 |           0 |           0 |           0 |           0 |           0 |           0 |           0 |           0 |           0 |           0 |
|  Memory read data volume [GBytes] | 955140.4160 |          0 |          0 |          0 |          0 |          0 |          0 |          0 |          0 |          0 |           0 |           0 |           0 |           0 |           0 |           0 |           0 |           0 |           0 |           0 |           0 |           0 |           0 |           0 |           0 |           0 |           0 |           0 |           0 |           0 |           0 |           0 |           0 |           0 |           0 |           0 |           0 |           0 |           0 |           0 |           0 |           0 |           0 |           0 |           0 |           0 |           0 |           0 |
| Memory write bandwidth [MBytes/s] |    205.3071 |          0 |          0 |          0 |          0 |          0 |          0 |          0 |          0 |          0 |           0 |           0 |           0 |           0 |           0 |           0 |           0 |           0 |           0 |           0 |           0 |           0 |           0 |           0 |           0 |           0 |           0 |           0 |           0 |           0 |           0 |           0 |           0 |           0 |           0 |           0 |           0 |           0 |           0 |           0 |           0 |           0 |           0 |           0 |           0 |           0 |           0 |           0 |
| Memory write data volume [GBytes] |   1037.4313 |          0 |          0 |          0 |          0 |          0 |          0 |          0 |          0 |          0 |           0 |           0 |           0 |           0 |           0 |           0 |           0 |           0 |           0 |           0 |           0 |           0 |           0 |           0 |           0 |           0 |           0 |           0 |           0 |           0 |           0 |           0 |           0 |           0 |           0 |           0 |           0 |           0 |           0 |           0 |           0 |           0 |           0 |           0 |           0 |           0 |           0 |           0 |
|    Memory bandwidth [MBytes/s]    | 189227.1129 |          0 |          0 |          0 |          0 |          0 |          0 |          0 |          0 |          0 |           0 |           0 |           0 |           0 |           0 |           0 |           0 |           0 |           0 |           0 |           0 |           0 |           0 |           0 |           0 |           0 |           0 |           0 |           0 |           0 |           0 |           0 |           0 |           0 |           0 |           0 |           0 |           0 |           0 |           0 |           0 |           0 |           0 |           0 |           0 |           0 |           0 |           0 |
|    Memory data volume [GBytes]    | 956177.8473 |          0 |          0 |          0 |          0 |          0 |          0 |          0 |          0 |          0 |           0 |           0 |           0 |           0 |           0 |           0 |           0 |           0 |           0 |           0 |           0 |           0 |           0 |           0 |           0 |           0 |           0 |           0 |           0 |           0 |           0 |           0 |           0 |           0 |           0 |           0 |           0 |           0 |           0 |           0 |           0 |           0 |           0 |           0 |           0 |           0 |           0 |           0 |
+-----------------------------------+-------------+------------+------------+------------+------------+------------+------------+------------+------------+------------+-------------+-------------+-------------+-------------+-------------+-------------+-------------+-------------+-------------+-------------+-------------+-------------+-------------+-------------+-------------+-------------+-------------+-------------+-------------+-------------+-------------+-------------+-------------+-------------+-------------+-------------+-------------+-------------+-------------+-------------+-------------+-------------+-------------+-------------+-------------+-------------+-------------+-------------+

+----------------------------------------+-------------+-----------+-------------+------------+
|                 Metric                 |     Sum     |    Min    |     Max     |     Avg    |
+----------------------------------------+-------------+-----------+-------------+------------+
|        Runtime (RDTSC) [s] STAT        | 242329.7840 | 5045.1480 |   5053.0700 |  5048.5372 |
|        Runtime unhalted [s] STAT       | 344507.8744 | 7176.7880 |   7178.5072 |  7177.2474 |
|            Clock [MHz] STAT            | 177577.1953 | 3699.4169 |   3699.8652 |  3699.5249 |
|                CPI STAT                |     44.0248 |    0.9025 |      0.9423 |     0.9172 |
|  Memory read bandwidth [MBytes/s] STAT | 189021.8058 |         0 | 189021.8058 |  3937.9543 |
|  Memory read data volume [GBytes] STAT | 955140.4160 |         0 | 955140.4160 | 19898.7587 |
| Memory write bandwidth [MBytes/s] STAT |    205.3071 |         0 |    205.3071 |     4.2772 |
| Memory write data volume [GBytes] STAT |   1037.4313 |         0 |   1037.4313 |    21.6132 |
|    Memory bandwidth [MBytes/s] STAT    | 189227.1129 |         0 | 189227.1129 |  3942.2315 |
|    Memory data volume [GBytes] STAT    | 956177.8473 |         0 | 956177.8473 | 19920.3718 |
+----------------------------------------+-------------+-----------+-------------+------------+

