INFO: You are running LIKWID in a cpuset with 96 CPUs. Taking given IDs as logical ID in cpuset
--------------------------------------------------------------------------------
CPU name:	AMD EPYC 9A14 96-Core Processor                
CPU type:	AMD K19 (Zen4) architecture
CPU clock:	2.60 GHz
--------------------------------------------------------------------------------
Sys.CPU_THREADS       192
SLURM_CPUS_PER_TASK   96
OMP_NUM_THREADS       96
OMP_PROC_BIND         close
OMP_PLACES            cores
BLAS_NUM_THREADS      1
Threads.nthreads()    1

Successfully read data from: /public/home/halili/jld2file/6-31g/hcn-1.0-6-31g.jld2
  name: hcn
  ratio: 1.0
  basis: 6-31g
  nα: 7, nβ: 7, ne: 14, norb: 20, nq: 40

  ngs: 13755
  ncs: 72681

Warming up JIT and Hardware...
Warm-up completed.
  Step 001:  residual: 7.7049e-01,  e: -92.82763179936516
  Step 002:  residual: 3.7087e-01,  e: -93.01183870091370
  Step 003:  residual: 1.4548e-01,  e: -93.04687547020987
  Step 004:  residual: 5.7932e-02,  e: -93.05170251010355
  Step 005:  residual: 2.8328e-02,  e: -93.05243615719458
  Step 006:  residual: 1.3340e-02,  e: -93.05261925959128
  Step 007:  residual: 5.6500e-03,  e: -93.05265620776098
  Step 008:  residual: 2.2421e-03,  e: -93.05266215767661
  Step 009:  residual: 8.8227e-04,  e: -93.05266309075182
  Step 010:  residual: 3.8870e-04,  e: -93.05266324625454
  Step 011:  residual: 1.8353e-04,  e: -93.05266327684497
  Step 012:  residual: 8.8481e-05,  e: -93.05266328403734
  Step 013:  residual: 3.8778e-05,  e: -93.05266328559640
  Step 014:  residual: 1.6948e-05,  e: -93.05266328585456
  Step 015:  residual: 6.9143e-06,  e: -93.05266328590366

Convergence reached!
3450.498262 seconds (7.21 M allocations: 347.495 GiB, 0.02% gc time, 0.06% compilation time)
--------------------------------------------------------------------------------
Region hvec_direct_agg, Group 1: MEM
+-------------------+-------------+-------------+-------------+-------------+-------------+-------------+-------------+-------------+-------------+-------------+-------------+-------------+-------------+-------------+-------------+-------------+-------------+-------------+-------------+-------------+-------------+-------------+-------------+-------------+-------------+-------------+-------------+-------------+-------------+-------------+-------------+-------------+-------------+-------------+-------------+-------------+-------------+-------------+-------------+-------------+-------------+-------------+-------------+-------------+-------------+-------------+-------------+-------------+-------------+-------------+-------------+-------------+-------------+-------------+-------------+-------------+-------------+-------------+-------------+-------------+-------------+-------------+-------------+-------------+-------------+-------------+-------------+-------------+-------------+-------------+-------------+-------------+-------------+-------------+-------------+-------------+-------------+-------------+-------------+-------------+-------------+-------------+-------------+-------------+-------------+-------------+-------------+-------------+-------------+-------------+-------------+-------------+-------------+-------------+-------------+-------------+
|    Region Info    |  HWThread 0 |  HWThread 1 |  HWThread 2 |  HWThread 3 |  HWThread 4 |  HWThread 5 |  HWThread 6 |  HWThread 7 |  HWThread 8 |  HWThread 9 | HWThread 10 | HWThread 11 | HWThread 12 | HWThread 13 | HWThread 14 | HWThread 15 | HWThread 16 | HWThread 17 | HWThread 18 | HWThread 19 | HWThread 20 | HWThread 21 | HWThread 22 | HWThread 23 | HWThread 24 | HWThread 25 | HWThread 26 | HWThread 27 | HWThread 28 | HWThread 29 | HWThread 30 | HWThread 31 | HWThread 32 | HWThread 33 | HWThread 34 | HWThread 35 | HWThread 36 | HWThread 37 | HWThread 38 | HWThread 39 | HWThread 40 | HWThread 41 | HWThread 42 | HWThread 43 | HWThread 44 | HWThread 45 | HWThread 46 | HWThread 47 | HWThread 48 | HWThread 49 | HWThread 50 | HWThread 51 | HWThread 52 | HWThread 53 | HWThread 54 | HWThread 55 | HWThread 56 | HWThread 57 | HWThread 58 | HWThread 59 | HWThread 60 | HWThread 61 | HWThread 62 | HWThread 63 | HWThread 64 | HWThread 65 | HWThread 66 | HWThread 67 | HWThread 68 | HWThread 69 | HWThread 70 | HWThread 71 | HWThread 72 | HWThread 73 | HWThread 74 | HWThread 75 | HWThread 76 | HWThread 77 | HWThread 78 | HWThread 79 | HWThread 80 | HWThread 81 | HWThread 82 | HWThread 83 | HWThread 84 | HWThread 85 | HWThread 86 | HWThread 87 | HWThread 88 | HWThread 89 | HWThread 90 | HWThread 91 | HWThread 92 | HWThread 93 | HWThread 94 | HWThread 95 |
+-------------------+-------------+-------------+-------------+-------------+-------------+-------------+-------------+-------------+-------------+-------------+-------------+-------------+-------------+-------------+-------------+-------------+-------------+-------------+-------------+-------------+-------------+-------------+-------------+-------------+-------------+-------------+-------------+-------------+-------------+-------------+-------------+-------------+-------------+-------------+-------------+-------------+-------------+-------------+-------------+-------------+-------------+-------------+-------------+-------------+-------------+-------------+-------------+-------------+-------------+-------------+-------------+-------------+-------------+-------------+-------------+-------------+-------------+-------------+-------------+-------------+-------------+-------------+-------------+-------------+-------------+-------------+-------------+-------------+-------------+-------------+-------------+-------------+-------------+-------------+-------------+-------------+-------------+-------------+-------------+-------------+-------------+-------------+-------------+-------------+-------------+-------------+-------------+-------------+-------------+-------------+-------------+-------------+-------------+-------------+-------------+-------------+
| RDTSC Runtime [s] | 3356.021000 | 3350.274000 | 3351.242000 | 3351.070000 | 3350.616000 | 3349.824000 | 3342.090000 | 3350.616000 | 3340.541000 | 3353.901000 | 3347.422000 | 3341.569000 | 3344.140000 | 3354.736000 | 3341.221000 | 3344.477000 | 3354.573000 | 3352.198000 | 3347.076000 | 3345.875000 | 3342.260000 | 3351.687000 | 3350.904000 | 3353.562000 | 3354.072000 | 3347.939000 | 3352.029000 | 3349.486000 | 3348.280000 | 3345.002000 | 3354.406000 | 3343.962000 | 3351.864000 | 3345.176000 | 3347.594000 | 3340.712000 | 3342.766000 | 3353.388000 | 3343.110000 | 3354.242000 | 3350.449000 | 3355.083000 | 3349.998000 | 3352.873000 | 3348.453000 | 3351.070000 | 3353.734000 | 3349.824000 | 3343.672000 | 3344.305000 | 3341.745000 | 3341.053000 | 3352.540000 | 3343.672000 | 3346.046000 | 3345.524000 | 3348.112000 | 3351.518000 | 3353.226000 | 3346.393000 | 3355.597000 | 3346.905000 | 3348.794000 | 3342.588000 | 3340.370000 | 3352.368000 | 3352.708000 | 3340.882000 | 3344.831000 | 3355.429000 | 3342.943000 | 3341.396000 | 3348.971000 | 3343.109000 | 3346.741000 | 3347.249000 | 3349.658000 | 3343.283000 | 3343.283000 | 3345.350000 | 3346.569000 | 3349.310000 | 3340.138000 | 3355.252000 | 3345.698000 | 3348.621000 | 3340.243000 | 3346.221000 | 3342.423000 | 3344.655000 | 3354.911000 | 3353.047000 | 3355.598000 | 3341.569000 | 3347.765000 | 3349.140000 |
|     call count    |          15 |          15 |          15 |          15 |          15 |          15 |          15 |          15 |          15 |          15 |          15 |          15 |          15 |          15 |          15 |          15 |          15 |          15 |          15 |          15 |          15 |          15 |          15 |          15 |          15 |          15 |          15 |          15 |          15 |          15 |          15 |          15 |          15 |          15 |          15 |          15 |          15 |          15 |          15 |          15 |          15 |          15 |          15 |          15 |          15 |          15 |          15 |          15 |          15 |          15 |          15 |          15 |          15 |          15 |          15 |          15 |          15 |          15 |          15 |          15 |          15 |          15 |          15 |          15 |          15 |          15 |          15 |          15 |          15 |          15 |          15 |          15 |          15 |          15 |          15 |          15 |          15 |          15 |          15 |          15 |          15 |          15 |          15 |          15 |          15 |          15 |          15 |          15 |          15 |          15 |          15 |          15 |          15 |          15 |          15 |          15 |
+-------------------+-------------+-------------+-------------+-------------+-------------+-------------+-------------+-------------+-------------+-------------+-------------+-------------+-------------+-------------+-------------+-------------+-------------+-------------+-------------+-------------+-------------+-------------+-------------+-------------+-------------+-------------+-------------+-------------+-------------+-------------+-------------+-------------+-------------+-------------+-------------+-------------+-------------+-------------+-------------+-------------+-------------+-------------+-------------+-------------+-------------+-------------+-------------+-------------+-------------+-------------+-------------+-------------+-------------+-------------+-------------+-------------+-------------+-------------+-------------+-------------+-------------+-------------+-------------+-------------+-------------+-------------+-------------+-------------+-------------+-------------+-------------+-------------+-------------+-------------+-------------+-------------+-------------+-------------+-------------+-------------+-------------+-------------+-------------+-------------+-------------+-------------+-------------+-------------+-------------+-------------+-------------+-------------+-------------+-------------+-------------+-------------+

+----------------------+---------+----------------+----------------+----------------+----------------+----------------+----------------+----------------+----------------+----------------+----------------+----------------+----------------+----------------+----------------+----------------+----------------+----------------+----------------+----------------+----------------+----------------+----------------+----------------+----------------+----------------+----------------+----------------+----------------+----------------+----------------+----------------+----------------+----------------+----------------+----------------+----------------+----------------+----------------+----------------+----------------+----------------+----------------+----------------+----------------+----------------+----------------+----------------+----------------+----------------+----------------+----------------+----------------+----------------+----------------+----------------+----------------+----------------+----------------+----------------+----------------+----------------+----------------+----------------+----------------+----------------+----------------+----------------+----------------+----------------+----------------+----------------+----------------+----------------+----------------+----------------+----------------+----------------+----------------+----------------+----------------+----------------+----------------+----------------+----------------+----------------+----------------+----------------+----------------+----------------+----------------+----------------+----------------+----------------+----------------+----------------+----------------+
|         Event        | Counter |   HWThread 0   |   HWThread 1   |   HWThread 2   |   HWThread 3   |   HWThread 4   |   HWThread 5   |   HWThread 6   |   HWThread 7   |   HWThread 8   |   HWThread 9   |   HWThread 10  |   HWThread 11  |   HWThread 12  |   HWThread 13  |   HWThread 14  |   HWThread 15  |   HWThread 16  |   HWThread 17  |   HWThread 18  |   HWThread 19  |   HWThread 20  |   HWThread 21  |   HWThread 22  |   HWThread 23  |   HWThread 24  |   HWThread 25  |   HWThread 26  |   HWThread 27  |   HWThread 28  |   HWThread 29  |   HWThread 30  |   HWThread 31  |   HWThread 32  |   HWThread 33  |   HWThread 34  |   HWThread 35  |   HWThread 36  |   HWThread 37  |   HWThread 38  |   HWThread 39  |   HWThread 40  |   HWThread 41  |   HWThread 42  |   HWThread 43  |   HWThread 44  |   HWThread 45  |   HWThread 46  |   HWThread 47  |   HWThread 48  |   HWThread 49  |   HWThread 50  |   HWThread 51  |   HWThread 52  |   HWThread 53  |   HWThread 54  |   HWThread 55  |   HWThread 56  |   HWThread 57  |   HWThread 58  |   HWThread 59  |   HWThread 60  |   HWThread 61  |   HWThread 62  |   HWThread 63  |   HWThread 64  |   HWThread 65  |   HWThread 66  |   HWThread 67  |   HWThread 68  |   HWThread 69  |   HWThread 70  |   HWThread 71  |   HWThread 72  |   HWThread 73  |   HWThread 74  |   HWThread 75  |   HWThread 76  |   HWThread 77  |   HWThread 78  |   HWThread 79  |   HWThread 80  |   HWThread 81  |   HWThread 82  |   HWThread 83  |   HWThread 84  |   HWThread 85  |   HWThread 86  |   HWThread 87  |   HWThread 88  |   HWThread 89  |   HWThread 90  |   HWThread 91  |   HWThread 92  |   HWThread 93  |   HWThread 94  |   HWThread 95  |
+----------------------+---------+----------------+----------------+----------------+----------------+----------------+----------------+----------------+----------------+----------------+----------------+----------------+----------------+----------------+----------------+----------------+----------------+----------------+----------------+----------------+----------------+----------------+----------------+----------------+----------------+----------------+----------------+----------------+----------------+----------------+----------------+----------------+----------------+----------------+----------------+----------------+----------------+----------------+----------------+----------------+----------------+----------------+----------------+----------------+----------------+----------------+----------------+----------------+----------------+----------------+----------------+----------------+----------------+----------------+----------------+----------------+----------------+----------------+----------------+----------------+----------------+----------------+----------------+----------------+----------------+----------------+----------------+----------------+----------------+----------------+----------------+----------------+----------------+----------------+----------------+----------------+----------------+----------------+----------------+----------------+----------------+----------------+----------------+----------------+----------------+----------------+----------------+----------------+----------------+----------------+----------------+----------------+----------------+----------------+----------------+----------------+----------------+
|   ACTUAL_CPU_CLOCK   |  FIXC1  | 12313100000000 | 12309840000000 | 12312200000000 | 12310020000000 | 12310950000000 | 12310430000000 | 12311730000000 | 12311940000000 | 12311110000000 | 12310950000000 | 12310390000000 | 12310010000000 | 12310910000000 | 12310770000000 | 12310680000000 | 12311330000000 | 12310460000000 | 12310540000000 | 12311760000000 | 12311500000000 | 12309900000000 | 12311790000000 | 12310320000000 | 12311280000000 | 12311090000000 | 12311140000000 | 12311380000000 | 12311780000000 | 12310840000000 | 12311950000000 | 12310840000000 | 12311650000000 | 12309940000000 | 12310140000000 | 12311600000000 | 12310980000000 | 12311090000000 | 12309830000000 | 12309810000000 | 12310680000000 | 12310710000000 | 12310740000000 | 12309890000000 | 12309190000000 | 12310360000000 | 12310980000000 | 12310540000000 | 12309920000000 | 12310170000000 | 12310910000000 | 12310960000000 | 12311280000000 | 12310210000000 | 12310300000000 | 12311710000000 | 12311380000000 | 12310100000000 | 12310810000000 | 12309740000000 | 12310690000000 | 12311060000000 | 12309790000000 | 12310650000000 | 12310350000000 | 12310850000000 | 12311390000000 | 12311130000000 | 12311400000000 | 12310980000000 | 12311500000000 | 12311260000000 | 12311240000000 | 12310940000000 | 12311000000000 | 12311500000000 | 12310400000000 | 12310180000000 | 12310240000000 | 12311150000000 | 12310480000000 | 12310250000000 | 12311220000000 | 12311150000000 | 12311440000000 | 12309600000000 | 12311830000000 | 12310630000000 | 12311220000000 | 12309590000000 | 12309730000000 | 12310870000000 | 12311080000000 | 12310870000000 | 12309910000000 | 12310930000000 | 12310310000000 |
|     MAX_CPU_CLOCK    |  FIXC2  |  8682334000000 |  8681088000000 |  8682443000000 |  8681053000000 |  8681667000000 |  8681162000000 |  8682094000000 |  8682208000000 |  8681549000000 |  8681593000000 |  8681143000000 |  8680943000000 |  8681436000000 |  8681326000000 |  8681302000000 |  8681763000000 |  8681116000000 |  8681207000000 |  8682013000000 |  8681866000000 |  8680720000000 |  8682039000000 |  8681004000000 |  8681736000000 |  8681596000000 |  8681586000000 |  8681764000000 |  8682072000000 |  8681432000000 |  8682080000000 |  8681432000000 |  8681977000000 |  8680758000000 |  8680851000000 |  8681946000000 |  8681493000000 |  8681603000000 |  8680655000000 |  8680671000000 |  8681293000000 |  8681334000000 |  8681369000000 |  8680738000000 |  8680215000000 |  8681091000000 |  8681427000000 |  8681214000000 |  8680869000000 |  8680924000000 |  8681520000000 |  8681488000000 |  8681702000000 |  8681025000000 |  8681105000000 |  8682054000000 |  8681795000000 |  8680864000000 |  8681486000000 |  8680633000000 |  8681298000000 |  8681632000000 |  8680633000000 |  8681278000000 |  8681034000000 |  8681410000000 |  8681793000000 |  8681714000000 |  8681921000000 |  8681525000000 |  8681857000000 |  8681658000000 |  8681673000000 |  8681471000000 |  8681663000000 |  8681836000000 |  8681086000000 |  8680972000000 |  8681101000000 |  8681663000000 |  8681130000000 |  8680960000000 |  8681635000000 |  8681587000000 |  8681818000000 |  8680468000000 |  8682102000000 |  8681341000000 |  8681608000000 |  8680504000000 |  8680748000000 |  8681466000000 |  8681580000000 |  8681488000000 |  8680764000000 |  8681478000000 |  8680968000000 |
| RETIRED_INSTRUCTIONS |   PMC0  |  9833387000000 |  9857074000000 |  9897477000000 |  9834888000000 |  9862212000000 |  9828477000000 |  9852412000000 |  9812503000000 | 10466030000000 | 10465530000000 | 10467420000000 | 10390480000000 | 10467940000000 | 10408400000000 | 10393570000000 | 10384740000000 | 10102080000000 | 10062190000000 | 10087290000000 | 10022870000000 | 10082730000000 | 10021340000000 | 10052220000000 | 10026450000000 |  9944042000000 |  9889122000000 |  9944362000000 |  9843758000000 |  9928993000000 |  9867497000000 |  9911664000000 |  9864906000000 | 10462280000000 | 10451570000000 | 10478980000000 | 10399800000000 | 10441790000000 | 10390910000000 | 10431030000000 | 10388660000000 | 10123380000000 | 10044610000000 | 10105460000000 | 10040070000000 | 10084440000000 |  9995732000000 | 10058810000000 |  9975884000000 |  9969983000000 |  9904440000000 |  9938493000000 |  9897257000000 |  9923629000000 |  9909599000000 |  9903952000000 |  9836513000000 | 10497100000000 | 10442640000000 | 10489210000000 | 10430500000000 | 10491230000000 | 10422310000000 | 10410880000000 | 10354440000000 | 10117200000000 | 10078390000000 | 10115020000000 | 10032850000000 | 10088000000000 | 10028270000000 | 10074970000000 | 10053290000000 |  9847395000000 |  9827154000000 |  9848642000000 |  9807064000000 |  9881690000000 |  9784319000000 |  9842217000000 |  9778917000000 | 10538350000000 | 10489350000000 | 10513940000000 | 10451750000000 | 10494000000000 | 10430780000000 | 10496410000000 | 10427640000000 | 10153050000000 | 10093950000000 | 10106840000000 | 10083800000000 | 10107940000000 | 10074560000000 | 10064040000000 | 10024650000000 |
|  CPU_CLOCKS_UNHALTED |   PMC1  | 12196390000000 | 12255040000000 | 12256970000000 | 12253160000000 | 12255650000000 | 12255350000000 | 12256720000000 | 12255840000000 | 12255610000000 | 12256970000000 | 12255790000000 | 12255960000000 | 12256580000000 | 12256900000000 | 12256700000000 | 12256950000000 | 12255360000000 | 12254000000000 | 12256790000000 | 12256400000000 | 12254620000000 | 12257000000000 | 12253610000000 | 12255790000000 | 12255240000000 | 12254800000000 | 12254980000000 | 12256790000000 | 12254840000000 | 12255080000000 | 12255570000000 | 12256280000000 | 12255790000000 | 12254070000000 | 12255780000000 | 12256410000000 | 12255660000000 | 12255170000000 | 12255230000000 | 12256780000000 | 12255720000000 | 12255350000000 | 12253630000000 | 12252160000000 | 12255300000000 | 12254990000000 | 12253780000000 | 12254960000000 | 12255240000000 | 12255790000000 | 12256220000000 | 12256190000000 | 12255430000000 | 12256100000000 | 12256200000000 | 12256750000000 | 12253630000000 | 12257540000000 | 12255930000000 | 12257420000000 | 12257690000000 | 12256180000000 | 12257840000000 | 12256880000000 | 12254910000000 | 12254850000000 | 12256500000000 | 12256890000000 | 12254640000000 | 12256170000000 | 12256330000000 | 12255590000000 | 12256110000000 | 12256430000000 | 12256420000000 | 12255470000000 | 12255850000000 | 12255660000000 | 12256920000000 | 12255800000000 | 12255780000000 | 12256800000000 | 12257640000000 | 12257070000000 | 12256100000000 | 12258760000000 | 12256220000000 | 12257720000000 | 12254020000000 | 12254610000000 | 12256240000000 | 12255270000000 | 12256140000000 | 12255000000000 | 12255920000000 | 12255660000000 |
|      CAS_CMD_RD      |  UMC0C0 |  1396929000000 |              0 |              0 |              0 |              0 |              0 |              0 |              0 |              0 |              0 |              0 |              0 |              0 |              0 |              0 |              0 |              0 |              0 |              0 |              0 |              0 |              0 |              0 |              0 |              0 |              0 |              0 |              0 |              0 |              0 |              0 |              0 |              0 |              0 |              0 |              0 |              0 |              0 |              0 |              0 |              0 |              0 |              0 |              0 |              0 |              0 |              0 |              0 |              0 |              0 |              0 |              0 |              0 |              0 |              0 |              0 |              0 |              0 |              0 |              0 |              0 |              0 |              0 |              0 |              0 |              0 |              0 |              0 |              0 |              0 |              0 |              0 |              0 |              0 |              0 |              0 |              0 |              0 |              0 |              0 |              0 |              0 |              0 |              0 |              0 |              0 |              0 |              0 |              0 |              0 |              0 |              0 |              0 |              0 |              0 |              0 |
|      CAS_CMD_WR      |  UMC0C1 |     1564320000 |              0 |              0 |              0 |              0 |              0 |              0 |              0 |              0 |              0 |              0 |              0 |              0 |              0 |              0 |              0 |              0 |              0 |              0 |              0 |              0 |              0 |              0 |              0 |              0 |              0 |              0 |              0 |              0 |              0 |              0 |              0 |              0 |              0 |              0 |              0 |              0 |              0 |              0 |              0 |              0 |              0 |              0 |              0 |              0 |              0 |              0 |              0 |              0 |              0 |              0 |              0 |              0 |              0 |              0 |              0 |              0 |              0 |              0 |              0 |              0 |              0 |              0 |              0 |              0 |              0 |              0 |              0 |              0 |              0 |              0 |              0 |              0 |              0 |              0 |              0 |              0 |              0 |              0 |              0 |              0 |              0 |              0 |              0 |              0 |              0 |              0 |              0 |              0 |              0 |              0 |              0 |              0 |              0 |              0 |              0 |
|      CAS_CMD_RD      |  UMC1C0 |  1397474000000 |              0 |              0 |              0 |              0 |              0 |              0 |              0 |              0 |              0 |              0 |              0 |              0 |              0 |              0 |              0 |              0 |              0 |              0 |              0 |              0 |              0 |              0 |              0 |              0 |              0 |              0 |              0 |              0 |              0 |              0 |              0 |              0 |              0 |              0 |              0 |              0 |              0 |              0 |              0 |              0 |              0 |              0 |              0 |              0 |              0 |              0 |              0 |              0 |              0 |              0 |              0 |              0 |              0 |              0 |              0 |              0 |              0 |              0 |              0 |              0 |              0 |              0 |              0 |              0 |              0 |              0 |              0 |              0 |              0 |              0 |              0 |              0 |              0 |              0 |              0 |              0 |              0 |              0 |              0 |              0 |              0 |              0 |              0 |              0 |              0 |              0 |              0 |              0 |              0 |              0 |              0 |              0 |              0 |              0 |              0 |
|      CAS_CMD_WR      |  UMC1C1 |     1627922000 |              0 |              0 |              0 |              0 |              0 |              0 |              0 |              0 |              0 |              0 |              0 |              0 |              0 |              0 |              0 |              0 |              0 |              0 |              0 |              0 |              0 |              0 |              0 |              0 |              0 |              0 |              0 |              0 |              0 |              0 |              0 |              0 |              0 |              0 |              0 |              0 |              0 |              0 |              0 |              0 |              0 |              0 |              0 |              0 |              0 |              0 |              0 |              0 |              0 |              0 |              0 |              0 |              0 |              0 |              0 |              0 |              0 |              0 |              0 |              0 |              0 |              0 |              0 |              0 |              0 |              0 |              0 |              0 |              0 |              0 |              0 |              0 |              0 |              0 |              0 |              0 |              0 |              0 |              0 |              0 |              0 |              0 |              0 |              0 |              0 |              0 |              0 |              0 |              0 |              0 |              0 |              0 |              0 |              0 |              0 |
|      CAS_CMD_RD      |  UMC2C0 |  1397574000000 |              0 |              0 |              0 |              0 |              0 |              0 |              0 |              0 |              0 |              0 |              0 |              0 |              0 |              0 |              0 |              0 |              0 |              0 |              0 |              0 |              0 |              0 |              0 |              0 |              0 |              0 |              0 |              0 |              0 |              0 |              0 |              0 |              0 |              0 |              0 |              0 |              0 |              0 |              0 |              0 |              0 |              0 |              0 |              0 |              0 |              0 |              0 |              0 |              0 |              0 |              0 |              0 |              0 |              0 |              0 |              0 |              0 |              0 |              0 |              0 |              0 |              0 |              0 |              0 |              0 |              0 |              0 |              0 |              0 |              0 |              0 |              0 |              0 |              0 |              0 |              0 |              0 |              0 |              0 |              0 |              0 |              0 |              0 |              0 |              0 |              0 |              0 |              0 |              0 |              0 |              0 |              0 |              0 |              0 |              0 |
|      CAS_CMD_WR      |  UMC2C1 |     1624865000 |              0 |              0 |              0 |              0 |              0 |              0 |              0 |              0 |              0 |              0 |              0 |              0 |              0 |              0 |              0 |              0 |              0 |              0 |              0 |              0 |              0 |              0 |              0 |              0 |              0 |              0 |              0 |              0 |              0 |              0 |              0 |              0 |              0 |              0 |              0 |              0 |              0 |              0 |              0 |              0 |              0 |              0 |              0 |              0 |              0 |              0 |              0 |              0 |              0 |              0 |              0 |              0 |              0 |              0 |              0 |              0 |              0 |              0 |              0 |              0 |              0 |              0 |              0 |              0 |              0 |              0 |              0 |              0 |              0 |              0 |              0 |              0 |              0 |              0 |              0 |              0 |              0 |              0 |              0 |              0 |              0 |              0 |              0 |              0 |              0 |              0 |              0 |              0 |              0 |              0 |              0 |              0 |              0 |              0 |              0 |
|      CAS_CMD_RD      |  UMC3C0 |  1396535000000 |              0 |              0 |              0 |              0 |              0 |              0 |              0 |              0 |              0 |              0 |              0 |              0 |              0 |              0 |              0 |              0 |              0 |              0 |              0 |              0 |              0 |              0 |              0 |              0 |              0 |              0 |              0 |              0 |              0 |              0 |              0 |              0 |              0 |              0 |              0 |              0 |              0 |              0 |              0 |              0 |              0 |              0 |              0 |              0 |              0 |              0 |              0 |              0 |              0 |              0 |              0 |              0 |              0 |              0 |              0 |              0 |              0 |              0 |              0 |              0 |              0 |              0 |              0 |              0 |              0 |              0 |              0 |              0 |              0 |              0 |              0 |              0 |              0 |              0 |              0 |              0 |              0 |              0 |              0 |              0 |              0 |              0 |              0 |              0 |              0 |              0 |              0 |              0 |              0 |              0 |              0 |              0 |              0 |              0 |              0 |
|      CAS_CMD_WR      |  UMC3C1 |     1577791000 |              0 |              0 |              0 |              0 |              0 |              0 |              0 |              0 |              0 |              0 |              0 |              0 |              0 |              0 |              0 |              0 |              0 |              0 |              0 |              0 |              0 |              0 |              0 |              0 |              0 |              0 |              0 |              0 |              0 |              0 |              0 |              0 |              0 |              0 |              0 |              0 |              0 |              0 |              0 |              0 |              0 |              0 |              0 |              0 |              0 |              0 |              0 |              0 |              0 |              0 |              0 |              0 |              0 |              0 |              0 |              0 |              0 |              0 |              0 |              0 |              0 |              0 |              0 |              0 |              0 |              0 |              0 |              0 |              0 |              0 |              0 |              0 |              0 |              0 |              0 |              0 |              0 |              0 |              0 |              0 |              0 |              0 |              0 |              0 |              0 |              0 |              0 |              0 |              0 |              0 |              0 |              0 |              0 |              0 |              0 |
|      CAS_CMD_RD      |  UMC4C0 |  1397190000000 |              0 |              0 |              0 |              0 |              0 |              0 |              0 |              0 |              0 |              0 |              0 |              0 |              0 |              0 |              0 |              0 |              0 |              0 |              0 |              0 |              0 |              0 |              0 |              0 |              0 |              0 |              0 |              0 |              0 |              0 |              0 |              0 |              0 |              0 |              0 |              0 |              0 |              0 |              0 |              0 |              0 |              0 |              0 |              0 |              0 |              0 |              0 |              0 |              0 |              0 |              0 |              0 |              0 |              0 |              0 |              0 |              0 |              0 |              0 |              0 |              0 |              0 |              0 |              0 |              0 |              0 |              0 |              0 |              0 |              0 |              0 |              0 |              0 |              0 |              0 |              0 |              0 |              0 |              0 |              0 |              0 |              0 |              0 |              0 |              0 |              0 |              0 |              0 |              0 |              0 |              0 |              0 |              0 |              0 |              0 |
|      CAS_CMD_WR      |  UMC4C1 |     1595842000 |              0 |              0 |              0 |              0 |              0 |              0 |              0 |              0 |              0 |              0 |              0 |              0 |              0 |              0 |              0 |              0 |              0 |              0 |              0 |              0 |              0 |              0 |              0 |              0 |              0 |              0 |              0 |              0 |              0 |              0 |              0 |              0 |              0 |              0 |              0 |              0 |              0 |              0 |              0 |              0 |              0 |              0 |              0 |              0 |              0 |              0 |              0 |              0 |              0 |              0 |              0 |              0 |              0 |              0 |              0 |              0 |              0 |              0 |              0 |              0 |              0 |              0 |              0 |              0 |              0 |              0 |              0 |              0 |              0 |              0 |              0 |              0 |              0 |              0 |              0 |              0 |              0 |              0 |              0 |              0 |              0 |              0 |              0 |              0 |              0 |              0 |              0 |              0 |              0 |              0 |              0 |              0 |              0 |              0 |              0 |
|      CAS_CMD_RD      |  UMC5C0 |  1397050000000 |              0 |              0 |              0 |              0 |              0 |              0 |              0 |              0 |              0 |              0 |              0 |              0 |              0 |              0 |              0 |              0 |              0 |              0 |              0 |              0 |              0 |              0 |              0 |              0 |              0 |              0 |              0 |              0 |              0 |              0 |              0 |              0 |              0 |              0 |              0 |              0 |              0 |              0 |              0 |              0 |              0 |              0 |              0 |              0 |              0 |              0 |              0 |              0 |              0 |              0 |              0 |              0 |              0 |              0 |              0 |              0 |              0 |              0 |              0 |              0 |              0 |              0 |              0 |              0 |              0 |              0 |              0 |              0 |              0 |              0 |              0 |              0 |              0 |              0 |              0 |              0 |              0 |              0 |              0 |              0 |              0 |              0 |              0 |              0 |              0 |              0 |              0 |              0 |              0 |              0 |              0 |              0 |              0 |              0 |              0 |
|      CAS_CMD_WR      |  UMC5C1 |     1553490000 |              0 |              0 |              0 |              0 |              0 |              0 |              0 |              0 |              0 |              0 |              0 |              0 |              0 |              0 |              0 |              0 |              0 |              0 |              0 |              0 |              0 |              0 |              0 |              0 |              0 |              0 |              0 |              0 |              0 |              0 |              0 |              0 |              0 |              0 |              0 |              0 |              0 |              0 |              0 |              0 |              0 |              0 |              0 |              0 |              0 |              0 |              0 |              0 |              0 |              0 |              0 |              0 |              0 |              0 |              0 |              0 |              0 |              0 |              0 |              0 |              0 |              0 |              0 |              0 |              0 |              0 |              0 |              0 |              0 |              0 |              0 |              0 |              0 |              0 |              0 |              0 |              0 |              0 |              0 |              0 |              0 |              0 |              0 |              0 |              0 |              0 |              0 |              0 |              0 |              0 |              0 |              0 |              0 |              0 |              0 |
|      CAS_CMD_RD      |  UMC6C0 |  1396918000000 |              0 |              0 |              0 |              0 |              0 |              0 |              0 |              0 |              0 |              0 |              0 |              0 |              0 |              0 |              0 |              0 |              0 |              0 |              0 |              0 |              0 |              0 |              0 |              0 |              0 |              0 |              0 |              0 |              0 |              0 |              0 |              0 |              0 |              0 |              0 |              0 |              0 |              0 |              0 |              0 |              0 |              0 |              0 |              0 |              0 |              0 |              0 |              0 |              0 |              0 |              0 |              0 |              0 |              0 |              0 |              0 |              0 |              0 |              0 |              0 |              0 |              0 |              0 |              0 |              0 |              0 |              0 |              0 |              0 |              0 |              0 |              0 |              0 |              0 |              0 |              0 |              0 |              0 |              0 |              0 |              0 |              0 |              0 |              0 |              0 |              0 |              0 |              0 |              0 |              0 |              0 |              0 |              0 |              0 |              0 |
|      CAS_CMD_WR      |  UMC6C1 |     1614108000 |              0 |              0 |              0 |              0 |              0 |              0 |              0 |              0 |              0 |              0 |              0 |              0 |              0 |              0 |              0 |              0 |              0 |              0 |              0 |              0 |              0 |              0 |              0 |              0 |              0 |              0 |              0 |              0 |              0 |              0 |              0 |              0 |              0 |              0 |              0 |              0 |              0 |              0 |              0 |              0 |              0 |              0 |              0 |              0 |              0 |              0 |              0 |              0 |              0 |              0 |              0 |              0 |              0 |              0 |              0 |              0 |              0 |              0 |              0 |              0 |              0 |              0 |              0 |              0 |              0 |              0 |              0 |              0 |              0 |              0 |              0 |              0 |              0 |              0 |              0 |              0 |              0 |              0 |              0 |              0 |              0 |              0 |              0 |              0 |              0 |              0 |              0 |              0 |              0 |              0 |              0 |              0 |              0 |              0 |              0 |
|      CAS_CMD_RD      |  UMC7C0 |  1397617000000 |              0 |              0 |              0 |              0 |              0 |              0 |              0 |              0 |              0 |              0 |              0 |              0 |              0 |              0 |              0 |              0 |              0 |              0 |              0 |              0 |              0 |              0 |              0 |              0 |              0 |              0 |              0 |              0 |              0 |              0 |              0 |              0 |              0 |              0 |              0 |              0 |              0 |              0 |              0 |              0 |              0 |              0 |              0 |              0 |              0 |              0 |              0 |              0 |              0 |              0 |              0 |              0 |              0 |              0 |              0 |              0 |              0 |              0 |              0 |              0 |              0 |              0 |              0 |              0 |              0 |              0 |              0 |              0 |              0 |              0 |              0 |              0 |              0 |              0 |              0 |              0 |              0 |              0 |              0 |              0 |              0 |              0 |              0 |              0 |              0 |              0 |              0 |              0 |              0 |              0 |              0 |              0 |              0 |              0 |              0 |
|      CAS_CMD_WR      |  UMC7C1 |     1582042000 |              0 |              0 |              0 |              0 |              0 |              0 |              0 |              0 |              0 |              0 |              0 |              0 |              0 |              0 |              0 |              0 |              0 |              0 |              0 |              0 |              0 |              0 |              0 |              0 |              0 |              0 |              0 |              0 |              0 |              0 |              0 |              0 |              0 |              0 |              0 |              0 |              0 |              0 |              0 |              0 |              0 |              0 |              0 |              0 |              0 |              0 |              0 |              0 |              0 |              0 |              0 |              0 |              0 |              0 |              0 |              0 |              0 |              0 |              0 |              0 |              0 |              0 |              0 |              0 |              0 |              0 |              0 |              0 |              0 |              0 |              0 |              0 |              0 |              0 |              0 |              0 |              0 |              0 |              0 |              0 |              0 |              0 |              0 |              0 |              0 |              0 |              0 |              0 |              0 |              0 |              0 |              0 |              0 |              0 |              0 |
|      CAS_CMD_RD      |  UMC8C0 |  1397392000000 |              0 |              0 |              0 |              0 |              0 |              0 |              0 |              0 |              0 |              0 |              0 |              0 |              0 |              0 |              0 |              0 |              0 |              0 |              0 |              0 |              0 |              0 |              0 |              0 |              0 |              0 |              0 |              0 |              0 |              0 |              0 |              0 |              0 |              0 |              0 |              0 |              0 |              0 |              0 |              0 |              0 |              0 |              0 |              0 |              0 |              0 |              0 |              0 |              0 |              0 |              0 |              0 |              0 |              0 |              0 |              0 |              0 |              0 |              0 |              0 |              0 |              0 |              0 |              0 |              0 |              0 |              0 |              0 |              0 |              0 |              0 |              0 |              0 |              0 |              0 |              0 |              0 |              0 |              0 |              0 |              0 |              0 |              0 |              0 |              0 |              0 |              0 |              0 |              0 |              0 |              0 |              0 |              0 |              0 |              0 |
|      CAS_CMD_WR      |  UMC8C1 |     1633680000 |              0 |              0 |              0 |              0 |              0 |              0 |              0 |              0 |              0 |              0 |              0 |              0 |              0 |              0 |              0 |              0 |              0 |              0 |              0 |              0 |              0 |              0 |              0 |              0 |              0 |              0 |              0 |              0 |              0 |              0 |              0 |              0 |              0 |              0 |              0 |              0 |              0 |              0 |              0 |              0 |              0 |              0 |              0 |              0 |              0 |              0 |              0 |              0 |              0 |              0 |              0 |              0 |              0 |              0 |              0 |              0 |              0 |              0 |              0 |              0 |              0 |              0 |              0 |              0 |              0 |              0 |              0 |              0 |              0 |              0 |              0 |              0 |              0 |              0 |              0 |              0 |              0 |              0 |              0 |              0 |              0 |              0 |              0 |              0 |              0 |              0 |              0 |              0 |              0 |              0 |              0 |              0 |              0 |              0 |              0 |
|      CAS_CMD_RD      |  UMC9C0 |  1396916000000 |              0 |              0 |              0 |              0 |              0 |              0 |              0 |              0 |              0 |              0 |              0 |              0 |              0 |              0 |              0 |              0 |              0 |              0 |              0 |              0 |              0 |              0 |              0 |              0 |              0 |              0 |              0 |              0 |              0 |              0 |              0 |              0 |              0 |              0 |              0 |              0 |              0 |              0 |              0 |              0 |              0 |              0 |              0 |              0 |              0 |              0 |              0 |              0 |              0 |              0 |              0 |              0 |              0 |              0 |              0 |              0 |              0 |              0 |              0 |              0 |              0 |              0 |              0 |              0 |              0 |              0 |              0 |              0 |              0 |              0 |              0 |              0 |              0 |              0 |              0 |              0 |              0 |              0 |              0 |              0 |              0 |              0 |              0 |              0 |              0 |              0 |              0 |              0 |              0 |              0 |              0 |              0 |              0 |              0 |              0 |
|      CAS_CMD_WR      |  UMC9C1 |     1634647000 |              0 |              0 |              0 |              0 |              0 |              0 |              0 |              0 |              0 |              0 |              0 |              0 |              0 |              0 |              0 |              0 |              0 |              0 |              0 |              0 |              0 |              0 |              0 |              0 |              0 |              0 |              0 |              0 |              0 |              0 |              0 |              0 |              0 |              0 |              0 |              0 |              0 |              0 |              0 |              0 |              0 |              0 |              0 |              0 |              0 |              0 |              0 |              0 |              0 |              0 |              0 |              0 |              0 |              0 |              0 |              0 |              0 |              0 |              0 |              0 |              0 |              0 |              0 |              0 |              0 |              0 |              0 |              0 |              0 |              0 |              0 |              0 |              0 |              0 |              0 |              0 |              0 |              0 |              0 |              0 |              0 |              0 |              0 |              0 |              0 |              0 |              0 |              0 |              0 |              0 |              0 |              0 |              0 |              0 |              0 |
|      CAS_CMD_RD      | UMC10C0 |  1397534000000 |              0 |              0 |              0 |              0 |              0 |              0 |              0 |              0 |              0 |              0 |              0 |              0 |              0 |              0 |              0 |              0 |              0 |              0 |              0 |              0 |              0 |              0 |              0 |              0 |              0 |              0 |              0 |              0 |              0 |              0 |              0 |              0 |              0 |              0 |              0 |              0 |              0 |              0 |              0 |              0 |              0 |              0 |              0 |              0 |              0 |              0 |              0 |              0 |              0 |              0 |              0 |              0 |              0 |              0 |              0 |              0 |              0 |              0 |              0 |              0 |              0 |              0 |              0 |              0 |              0 |              0 |              0 |              0 |              0 |              0 |              0 |              0 |              0 |              0 |              0 |              0 |              0 |              0 |              0 |              0 |              0 |              0 |              0 |              0 |              0 |              0 |              0 |              0 |              0 |              0 |              0 |              0 |              0 |              0 |              0 |
|      CAS_CMD_WR      | UMC10C1 |     1605993000 |              0 |              0 |              0 |              0 |              0 |              0 |              0 |              0 |              0 |              0 |              0 |              0 |              0 |              0 |              0 |              0 |              0 |              0 |              0 |              0 |              0 |              0 |              0 |              0 |              0 |              0 |              0 |              0 |              0 |              0 |              0 |              0 |              0 |              0 |              0 |              0 |              0 |              0 |              0 |              0 |              0 |              0 |              0 |              0 |              0 |              0 |              0 |              0 |              0 |              0 |              0 |              0 |              0 |              0 |              0 |              0 |              0 |              0 |              0 |              0 |              0 |              0 |              0 |              0 |              0 |              0 |              0 |              0 |              0 |              0 |              0 |              0 |              0 |              0 |              0 |              0 |              0 |              0 |              0 |              0 |              0 |              0 |              0 |              0 |              0 |              0 |              0 |              0 |              0 |              0 |              0 |              0 |              0 |              0 |              0 |
|      CAS_CMD_RD      | UMC11C0 |  1397407000000 |              0 |              0 |              0 |              0 |              0 |              0 |              0 |              0 |              0 |              0 |              0 |              0 |              0 |              0 |              0 |              0 |              0 |              0 |              0 |              0 |              0 |              0 |              0 |              0 |              0 |              0 |              0 |              0 |              0 |              0 |              0 |              0 |              0 |              0 |              0 |              0 |              0 |              0 |              0 |              0 |              0 |              0 |              0 |              0 |              0 |              0 |              0 |              0 |              0 |              0 |              0 |              0 |              0 |              0 |              0 |              0 |              0 |              0 |              0 |              0 |              0 |              0 |              0 |              0 |              0 |              0 |              0 |              0 |              0 |              0 |              0 |              0 |              0 |              0 |              0 |              0 |              0 |              0 |              0 |              0 |              0 |              0 |              0 |              0 |              0 |              0 |              0 |              0 |              0 |              0 |              0 |              0 |              0 |              0 |              0 |
|      CAS_CMD_WR      | UMC11C1 |     1641444000 |              0 |              0 |              0 |              0 |              0 |              0 |              0 |              0 |              0 |              0 |              0 |              0 |              0 |              0 |              0 |              0 |              0 |              0 |              0 |              0 |              0 |              0 |              0 |              0 |              0 |              0 |              0 |              0 |              0 |              0 |              0 |              0 |              0 |              0 |              0 |              0 |              0 |              0 |              0 |              0 |              0 |              0 |              0 |              0 |              0 |              0 |              0 |              0 |              0 |              0 |              0 |              0 |              0 |              0 |              0 |              0 |              0 |              0 |              0 |              0 |              0 |              0 |              0 |              0 |              0 |              0 |              0 |              0 |              0 |              0 |              0 |              0 |              0 |              0 |              0 |              0 |              0 |              0 |              0 |              0 |              0 |              0 |              0 |              0 |              0 |              0 |              0 |              0 |              0 |              0 |              0 |              0 |              0 |              0 |              0 |
+----------------------+---------+----------------+----------------+----------------+----------------+----------------+----------------+----------------+----------------+----------------+----------------+----------------+----------------+----------------+----------------+----------------+----------------+----------------+----------------+----------------+----------------+----------------+----------------+----------------+----------------+----------------+----------------+----------------+----------------+----------------+----------------+----------------+----------------+----------------+----------------+----------------+----------------+----------------+----------------+----------------+----------------+----------------+----------------+----------------+----------------+----------------+----------------+----------------+----------------+----------------+----------------+----------------+----------------+----------------+----------------+----------------+----------------+----------------+----------------+----------------+----------------+----------------+----------------+----------------+----------------+----------------+----------------+----------------+----------------+----------------+----------------+----------------+----------------+----------------+----------------+----------------+----------------+----------------+----------------+----------------+----------------+----------------+----------------+----------------+----------------+----------------+----------------+----------------+----------------+----------------+----------------+----------------+----------------+----------------+----------------+----------------+----------------+

+---------------------------+---------+------------------+----------------+----------------+--------------+
|           Event           | Counter |        Sum       |       Min      |       Max      |      Avg     |
+---------------------------+---------+------------------+----------------+----------------+--------------+
|   ACTUAL_CPU_CLOCK STAT   |  FIXC1  | 1181837360000000 | 12309190000000 | 12313100000000 |      nil     |
|     MAX_CPU_CLOCK STAT    |  FIXC2  |  833413730000000 |  8680215000000 |  8682443000000 | 8.681393e+12 |
| RETIRED_INSTRUCTIONS STAT |   PMC0  |  972326074000000 |  9778917000000 | 10538350000000 |      nil     |
|  CPU_CLOCKS_UNHALTED STAT |   PMC1  | 1176499030000000 | 12196390000000 | 12258760000000 |      nil     |
|      CAS_CMD_RD STAT      |  UMC0C0 |    1396929000000 |              0 |  1396929000000 |  14551343750 |
|      CAS_CMD_WR STAT      |  UMC0C1 |       1564320000 |              0 |     1564320000 |     16295000 |
|      CAS_CMD_RD STAT      |  UMC1C0 |    1397474000000 |              0 |  1397474000000 | 1.455702e+10 |
|      CAS_CMD_WR STAT      |  UMC1C1 |       1627922000 |              0 |     1627922000 | 1.695752e+07 |
|      CAS_CMD_RD STAT      |  UMC2C0 |    1397574000000 |              0 |  1397574000000 |  14558062500 |
|      CAS_CMD_WR STAT      |  UMC2C1 |       1624865000 |              0 |     1624865000 | 1.692568e+07 |
|      CAS_CMD_RD STAT      |  UMC3C0 |    1396535000000 |              0 |  1396535000000 | 1.454724e+10 |
|      CAS_CMD_WR STAT      |  UMC3C1 |       1577791000 |              0 |     1577791000 | 1.643532e+07 |
|      CAS_CMD_RD STAT      |  UMC4C0 |    1397190000000 |              0 |  1397190000000 |  14554062500 |
|      CAS_CMD_WR STAT      |  UMC4C1 |       1595842000 |              0 |     1595842000 | 1.662335e+07 |
|      CAS_CMD_RD STAT      |  UMC5C0 |    1397050000000 |              0 |  1397050000000 | 1.455260e+10 |
|      CAS_CMD_WR STAT      |  UMC5C1 |       1553490000 |              0 |     1553490000 | 1.618219e+07 |
|      CAS_CMD_RD STAT      |  UMC6C0 |    1396918000000 |              0 |  1396918000000 | 1.455123e+10 |
|      CAS_CMD_WR STAT      |  UMC6C1 |       1614108000 |              0 |     1614108000 |     16813625 |
|      CAS_CMD_RD STAT      |  UMC7C0 |    1397617000000 |              0 |  1397617000000 | 1.455851e+10 |
|      CAS_CMD_WR STAT      |  UMC7C1 |       1582042000 |              0 |     1582042000 | 1.647960e+07 |
|      CAS_CMD_RD STAT      |  UMC8C0 |    1397392000000 |              0 |  1397392000000 | 1.455617e+10 |
|      CAS_CMD_WR STAT      |  UMC8C1 |       1633680000 |              0 |     1633680000 |     17017500 |
|      CAS_CMD_RD STAT      |  UMC9C0 |    1396916000000 |              0 |  1396916000000 | 1.455121e+10 |
|      CAS_CMD_WR STAT      |  UMC9C1 |       1634647000 |              0 |     1634647000 | 1.702757e+07 |
|      CAS_CMD_RD STAT      | UMC10C0 |    1397534000000 |              0 |  1397534000000 | 1.455765e+10 |
|      CAS_CMD_WR STAT      | UMC10C1 |       1605993000 |              0 |     1605993000 | 1.672909e+07 |
|      CAS_CMD_RD STAT      | UMC11C0 |    1397407000000 |              0 |  1397407000000 | 1.455632e+10 |
|      CAS_CMD_WR STAT      | UMC11C1 |       1641444000 |              0 |     1641444000 |     17098375 |
+---------------------------+---------+------------------+----------------+----------------+--------------+

+-----------------------------------+--------------+------------+------------+------------+------------+------------+------------+------------+------------+------------+-------------+-------------+-------------+-------------+-------------+-------------+-------------+-------------+-------------+-------------+-------------+-------------+-------------+-------------+-------------+-------------+-------------+-------------+-------------+-------------+-------------+-------------+-------------+-------------+-------------+-------------+-------------+-------------+-------------+-------------+-------------+-------------+-------------+-------------+-------------+-------------+-------------+-------------+-------------+-------------+-------------+-------------+-------------+-------------+-------------+-------------+-------------+-------------+-------------+-------------+-------------+-------------+-------------+-------------+-------------+-------------+-------------+-------------+-------------+-------------+-------------+-------------+-------------+-------------+-------------+-------------+-------------+-------------+-------------+-------------+-------------+-------------+-------------+-------------+-------------+-------------+-------------+-------------+-------------+-------------+-------------+-------------+-------------+-------------+-------------+-------------+
|               Metric              |  HWThread 0  | HWThread 1 | HWThread 2 | HWThread 3 | HWThread 4 | HWThread 5 | HWThread 6 | HWThread 7 | HWThread 8 | HWThread 9 | HWThread 10 | HWThread 11 | HWThread 12 | HWThread 13 | HWThread 14 | HWThread 15 | HWThread 16 | HWThread 17 | HWThread 18 | HWThread 19 | HWThread 20 | HWThread 21 | HWThread 22 | HWThread 23 | HWThread 24 | HWThread 25 | HWThread 26 | HWThread 27 | HWThread 28 | HWThread 29 | HWThread 30 | HWThread 31 | HWThread 32 | HWThread 33 | HWThread 34 | HWThread 35 | HWThread 36 | HWThread 37 | HWThread 38 | HWThread 39 | HWThread 40 | HWThread 41 | HWThread 42 | HWThread 43 | HWThread 44 | HWThread 45 | HWThread 46 | HWThread 47 | HWThread 48 | HWThread 49 | HWThread 50 | HWThread 51 | HWThread 52 | HWThread 53 | HWThread 54 | HWThread 55 | HWThread 56 | HWThread 57 | HWThread 58 | HWThread 59 | HWThread 60 | HWThread 61 | HWThread 62 | HWThread 63 | HWThread 64 | HWThread 65 | HWThread 66 | HWThread 67 | HWThread 68 | HWThread 69 | HWThread 70 | HWThread 71 | HWThread 72 | HWThread 73 | HWThread 74 | HWThread 75 | HWThread 76 | HWThread 77 | HWThread 78 | HWThread 79 | HWThread 80 | HWThread 81 | HWThread 82 | HWThread 83 | HWThread 84 | HWThread 85 | HWThread 86 | HWThread 87 | HWThread 88 | HWThread 89 | HWThread 90 | HWThread 91 | HWThread 92 | HWThread 93 | HWThread 94 | HWThread 95 |
+-----------------------------------+--------------+------------+------------+------------+------------+------------+------------+------------+------------+------------+-------------+-------------+-------------+-------------+-------------+-------------+-------------+-------------+-------------+-------------+-------------+-------------+-------------+-------------+-------------+-------------+-------------+-------------+-------------+-------------+-------------+-------------+-------------+-------------+-------------+-------------+-------------+-------------+-------------+-------------+-------------+-------------+-------------+-------------+-------------+-------------+-------------+-------------+-------------+-------------+-------------+-------------+-------------+-------------+-------------+-------------+-------------+-------------+-------------+-------------+-------------+-------------+-------------+-------------+-------------+-------------+-------------+-------------+-------------+-------------+-------------+-------------+-------------+-------------+-------------+-------------+-------------+-------------+-------------+-------------+-------------+-------------+-------------+-------------+-------------+-------------+-------------+-------------+-------------+-------------+-------------+-------------+-------------+-------------+-------------+-------------+
|        Runtime (RDTSC) [s]        |    3356.0210 |  3350.2740 |  3351.2420 |  3351.0700 |  3350.6160 |  3349.8240 |  3342.0900 |  3350.6160 |  3340.5410 |  3353.9010 |   3347.4220 |   3341.5690 |   3344.1400 |   3354.7360 |   3341.2210 |   3344.4770 |   3354.5730 |   3352.1980 |   3347.0760 |   3345.8750 |   3342.2600 |   3351.6870 |   3350.9040 |   3353.5620 |   3354.0720 |   3347.9390 |   3352.0290 |   3349.4860 |   3348.2800 |   3345.0020 |   3354.4060 |   3343.9620 |   3351.8640 |   3345.1760 |   3347.5940 |   3340.7120 |   3342.7660 |   3353.3880 |   3343.1100 |   3354.2420 |   3350.4490 |   3355.0830 |   3349.9980 |   3352.8730 |   3348.4530 |   3351.0700 |   3353.7340 |   3349.8240 |   3343.6720 |   3344.3050 |   3341.7450 |   3341.0530 |   3352.5400 |   3343.6720 |   3346.0460 |   3345.5240 |   3348.1120 |   3351.5180 |   3353.2260 |   3346.3930 |   3355.5970 |   3346.9050 |   3348.7940 |   3342.5880 |   3340.3700 |   3352.3680 |   3352.7080 |   3340.8820 |   3344.8310 |   3355.4290 |   3342.9430 |   3341.3960 |   3348.9710 |   3343.1090 |   3346.7410 |   3347.2490 |   3349.6580 |   3343.2830 |   3343.2830 |   3345.3500 |   3346.5690 |   3349.3100 |   3340.1380 |   3355.2520 |   3345.6980 |   3348.6210 |   3340.2430 |   3346.2210 |   3342.4230 |   3344.6550 |   3354.9110 |   3353.0470 |   3355.5980 |   3341.5690 |   3347.7650 |   3349.1400 |
|        Runtime unhalted [s]       |    4735.8987 |  4734.6448 |  4735.5525 |  4734.7141 |  4735.0718 |  4734.8718 |  4735.3718 |  4735.4525 |  4735.1333 |  4735.0718 |   4734.8564 |   4734.7102 |   4735.0564 |   4735.0025 |   4734.9679 |   4735.2179 |   4734.8833 |   4734.9141 |   4735.3833 |   4735.2833 |   4734.6679 |   4735.3948 |   4734.8295 |   4735.1987 |   4735.1256 |   4735.1448 |   4735.2372 |   4735.3910 |   4735.0295 |   4735.4564 |   4735.0295 |   4735.3410 |   4734.6833 |   4734.7602 |   4735.3218 |   4735.0833 |   4735.1256 |   4734.6410 |   4734.6333 |   4734.9679 |   4734.9795 |   4734.9910 |   4734.6641 |   4734.3948 |   4734.8448 |   4735.0833 |   4734.9141 |   4734.6756 |   4734.7718 |   4735.0564 |   4735.0756 |   4735.1987 |   4734.7871 |   4734.8218 |   4735.3641 |   4735.2372 |   4734.7448 |   4735.0179 |   4734.6064 |   4734.9718 |   4735.1141 |   4734.6256 |   4734.9564 |   4734.8410 |   4735.0333 |   4735.2410 |   4735.1410 |   4735.2448 |   4735.0833 |   4735.2833 |   4735.1910 |   4735.1833 |   4735.0679 |   4735.0910 |   4735.2833 |   4734.8602 |   4734.7756 |   4734.7987 |   4735.1487 |   4734.8910 |   4734.8025 |   4735.1756 |   4735.1487 |   4735.2602 |   4734.5525 |   4735.4102 |   4734.9487 |   4735.1756 |   4734.5487 |   4734.6025 |   4735.0410 |   4735.1218 |   4735.0410 |   4734.6718 |   4735.0641 |   4734.8256 |
|            Clock [MHz]            |    3687.1934 |  3686.7463 |  3686.8776 |  3686.8151 |  3686.8328 |  3686.8916 |  3686.8851 |  3686.8996 |  3686.9309 |  3686.8643 |   3686.8876 |   3686.8588 |   3686.9189 |   3686.9237 |   3686.9070 |   3686.9059 |   3686.9201 |   3686.9054 |   3686.9285 |   3686.9130 |   3686.9205 |   3686.9264 |   3686.9257 |   3686.9024 |   3686.9049 |   3686.9241 |   3686.9204 |   3686.9094 |   3686.8997 |   3686.9569 |   3686.8997 |   3686.9108 |   3686.9164 |   3686.9368 |   3686.9090 |   3686.9157 |   3686.9019 |   3686.9272 |   3686.9144 |   3686.9108 |   3686.9024 |   3686.8965 |   3686.9099 |   3686.9224 |   3686.9007 |   3686.9437 |   3686.9024 |   3686.8633 |   3686.9148 |   3686.8833 |   3686.9118 |   3686.9168 |   3686.8839 |   3686.8768 |   3686.8961 |   3686.9072 |   3686.9193 |   3686.8678 |   3686.9096 |   3686.9117 |   3686.8806 |   3686.9246 |   3686.9082 |   3686.9220 |   3686.9120 |   3686.9111 |   3686.8668 |   3686.8597 |   3686.9021 |   3686.9168 |   3686.9295 |   3686.9171 |   3686.9131 |   3686.8495 |   3686.9258 |   3686.9149 |   3686.8974 |   3686.8606 |   3686.8944 |   3686.9201 |   3686.9234 |   3686.9273 |   3686.9267 |   3686.9154 |   3686.9377 |   3686.9116 |   3686.8754 |   3686.9387 |   3686.9194 |   3686.8577 |   3686.8942 |   3686.9087 |   3686.8849 |   3686.9049 |   3686.9071 |   3686.9380 |
|                CPI                |       1.2403 |     1.2433 |     1.2384 |     1.2459 |     1.2427 |     1.2469 |     1.2440 |     1.2490 |     1.1710 |     1.1712 |      1.1709 |      1.1795 |      1.1709 |      1.1776 |      1.1793 |      1.1803 |      1.2132 |      1.2178 |      1.2151 |      1.2228 |      1.2154 |      1.2231 |      1.2190 |      1.2223 |      1.2324 |      1.2392 |      1.2324 |      1.2451 |      1.2342 |      1.2420 |      1.2365 |      1.2424 |      1.1714 |      1.1725 |      1.1696 |      1.1785 |      1.1737 |      1.1794 |      1.1749 |      1.1798 |      1.2106 |      1.2201 |      1.2126 |      1.2203 |      1.2153 |      1.2260 |      1.2182 |      1.2285 |      1.2292 |      1.2374 |      1.2332 |      1.2383 |      1.2350 |      1.2368 |      1.2375 |      1.2460 |      1.1673 |      1.1738 |      1.1684 |      1.1752 |      1.1684 |      1.1760 |      1.1774 |      1.1837 |      1.2113 |      1.2160 |      1.2117 |      1.2217 |      1.2148 |      1.2222 |      1.2165 |      1.2191 |      1.2446 |      1.2472 |      1.2445 |      1.2497 |      1.2403 |      1.2526 |      1.2453 |      1.2533 |      1.1630 |      1.1685 |      1.1658 |      1.1727 |      1.1679 |      1.1752 |      1.1677 |      1.1755 |      1.2069 |      1.2141 |      1.2127 |      1.2153 |      1.2125 |      1.2164 |      1.2178 |      1.2226 |
|  Memory read bandwidth [MBytes/s] |  319741.2364 |          0 |          0 |          0 |          0 |          0 |          0 |          0 |          0 |          0 |           0 |           0 |           0 |           0 |           0 |           0 |           0 |           0 |           0 |           0 |           0 |           0 |           0 |           0 |           0 |           0 |           0 |           0 |           0 |           0 |           0 |           0 |           0 |           0 |           0 |           0 |           0 |           0 |           0 |           0 |           0 |           0 |           0 |           0 |           0 |           0 |           0 |           0 |           0 |           0 |           0 |           0 |           0 |           0 |           0 |           0 |           0 |           0 |           0 |           0 |           0 |           0 |           0 |           0 |           0 |           0 |           0 |           0 |           0 |           0 |           0 |           0 |           0 |           0 |           0 |           0 |           0 |           0 |           0 |           0 |           0 |           0 |           0 |           0 |           0 |           0 |           0 |           0 |           0 |           0 |           0 |           0 |           0 |           0 |           0 |           0 |
|  Memory read data volume [GBytes] | 1.073058e+06 |          0 |          0 |          0 |          0 |          0 |          0 |          0 |          0 |          0 |           0 |           0 |           0 |           0 |           0 |           0 |           0 |           0 |           0 |           0 |           0 |           0 |           0 |           0 |           0 |           0 |           0 |           0 |           0 |           0 |           0 |           0 |           0 |           0 |           0 |           0 |           0 |           0 |           0 |           0 |           0 |           0 |           0 |           0 |           0 |           0 |           0 |           0 |           0 |           0 |           0 |           0 |           0 |           0 |           0 |           0 |           0 |           0 |           0 |           0 |           0 |           0 |           0 |           0 |           0 |           0 |           0 |           0 |           0 |           0 |           0 |           0 |           0 |           0 |           0 |           0 |           0 |           0 |           0 |           0 |           0 |           0 |           0 |           0 |           0 |           0 |           0 |           0 |           0 |           0 |           0 |           0 |           0 |           0 |           0 |           0 |
| Memory write bandwidth [MBytes/s] |     367.2186 |          0 |          0 |          0 |          0 |          0 |          0 |          0 |          0 |          0 |           0 |           0 |           0 |           0 |           0 |           0 |           0 |           0 |           0 |           0 |           0 |           0 |           0 |           0 |           0 |           0 |           0 |           0 |           0 |           0 |           0 |           0 |           0 |           0 |           0 |           0 |           0 |           0 |           0 |           0 |           0 |           0 |           0 |           0 |           0 |           0 |           0 |           0 |           0 |           0 |           0 |           0 |           0 |           0 |           0 |           0 |           0 |           0 |           0 |           0 |           0 |           0 |           0 |           0 |           0 |           0 |           0 |           0 |           0 |           0 |           0 |           0 |           0 |           0 |           0 |           0 |           0 |           0 |           0 |           0 |           0 |           0 |           0 |           0 |           0 |           0 |           0 |           0 |           0 |           0 |           0 |           0 |           0 |           0 |           0 |           0 |
| Memory write data volume [GBytes] |    1232.3932 |          0 |          0 |          0 |          0 |          0 |          0 |          0 |          0 |          0 |           0 |           0 |           0 |           0 |           0 |           0 |           0 |           0 |           0 |           0 |           0 |           0 |           0 |           0 |           0 |           0 |           0 |           0 |           0 |           0 |           0 |           0 |           0 |           0 |           0 |           0 |           0 |           0 |           0 |           0 |           0 |           0 |           0 |           0 |           0 |           0 |           0 |           0 |           0 |           0 |           0 |           0 |           0 |           0 |           0 |           0 |           0 |           0 |           0 |           0 |           0 |           0 |           0 |           0 |           0 |           0 |           0 |           0 |           0 |           0 |           0 |           0 |           0 |           0 |           0 |           0 |           0 |           0 |           0 |           0 |           0 |           0 |           0 |           0 |           0 |           0 |           0 |           0 |           0 |           0 |           0 |           0 |           0 |           0 |           0 |           0 |
|    Memory bandwidth [MBytes/s]    |  320108.4550 |          0 |          0 |          0 |          0 |          0 |          0 |          0 |          0 |          0 |           0 |           0 |           0 |           0 |           0 |           0 |           0 |           0 |           0 |           0 |           0 |           0 |           0 |           0 |           0 |           0 |           0 |           0 |           0 |           0 |           0 |           0 |           0 |           0 |           0 |           0 |           0 |           0 |           0 |           0 |           0 |           0 |           0 |           0 |           0 |           0 |           0 |           0 |           0 |           0 |           0 |           0 |           0 |           0 |           0 |           0 |           0 |           0 |           0 |           0 |           0 |           0 |           0 |           0 |           0 |           0 |           0 |           0 |           0 |           0 |           0 |           0 |           0 |           0 |           0 |           0 |           0 |           0 |           0 |           0 |           0 |           0 |           0 |           0 |           0 |           0 |           0 |           0 |           0 |           0 |           0 |           0 |           0 |           0 |           0 |           0 |
|    Memory data volume [GBytes]    | 1.074291e+06 |          0 |          0 |          0 |          0 |          0 |          0 |          0 |          0 |          0 |           0 |           0 |           0 |           0 |           0 |           0 |           0 |           0 |           0 |           0 |           0 |           0 |           0 |           0 |           0 |           0 |           0 |           0 |           0 |           0 |           0 |           0 |           0 |           0 |           0 |           0 |           0 |           0 |           0 |           0 |           0 |           0 |           0 |           0 |           0 |           0 |           0 |           0 |           0 |           0 |           0 |           0 |           0 |           0 |           0 |           0 |           0 |           0 |           0 |           0 |           0 |           0 |           0 |           0 |           0 |           0 |           0 |           0 |           0 |           0 |           0 |           0 |           0 |           0 |           0 |           0 |           0 |           0 |           0 |           0 |           0 |           0 |           0 |           0 |           0 |           0 |           0 |           0 |           0 |           0 |           0 |           0 |           0 |           0 |           0 |           0 |
+-----------------------------------+--------------+------------+------------+------------+------------+------------+------------+------------+------------+------------+-------------+-------------+-------------+-------------+-------------+-------------+-------------+-------------+-------------+-------------+-------------+-------------+-------------+-------------+-------------+-------------+-------------+-------------+-------------+-------------+-------------+-------------+-------------+-------------+-------------+-------------+-------------+-------------+-------------+-------------+-------------+-------------+-------------+-------------+-------------+-------------+-------------+-------------+-------------+-------------+-------------+-------------+-------------+-------------+-------------+-------------+-------------+-------------+-------------+-------------+-------------+-------------+-------------+-------------+-------------+-------------+-------------+-------------+-------------+-------------+-------------+-------------+-------------+-------------+-------------+-------------+-------------+-------------+-------------+-------------+-------------+-------------+-------------+-------------+-------------+-------------+-------------+-------------+-------------+-------------+-------------+-------------+-------------+-------------+-------------+-------------+

+----------------------------------------+-------------+-----------+-------------+------------+
|                 Metric                 |     Sum     |    Min    |     Max     |     Avg    |
+----------------------------------------+-------------+-----------+-------------+------------+
|        Runtime (RDTSC) [s] STAT        | 321404.8280 | 3340.1380 |   3356.0210 |  3347.9670 |
|        Runtime unhalted [s] STAT       | 454561.5665 | 4734.3948 |   4735.8987 |  4735.0163 |
|            Clock [MHz] STAT            | 353942.9765 | 3686.7463 |   3687.1934 |  3686.9060 |
|                CPI STAT                |    116.2245 |    1.1630 |      1.2533 |     1.2107 |
|  Memory read bandwidth [MBytes/s] STAT | 319741.2364 |         0 | 319741.2364 |  3330.6379 |
|  Memory read data volume [GBytes] STAT |     1073058 |         0 |     1073058 | 11177.6875 |
| Memory write bandwidth [MBytes/s] STAT |    367.2186 |         0 |    367.2186 |     3.8252 |
| Memory write data volume [GBytes] STAT |   1232.3932 |         0 |   1232.3932 |    12.8374 |
|    Memory bandwidth [MBytes/s] STAT    | 320108.4550 |         0 | 320108.4550 |  3334.4631 |
|    Memory data volume [GBytes] STAT    |     1074291 |         0 |     1074291 | 11190.5312 |
+----------------------------------------+-------------+-----------+-------------+------------+

