INFO: You are running LIKWID in a cpuset with 112 CPUs. Taking given IDs as logical ID in cpuset
--------------------------------------------------------------------------------
CPU name:	AMD EPYC 9A14 96-Core Processor                
CPU type:	AMD K19 (Zen4) architecture
CPU clock:	2.60 GHz
--------------------------------------------------------------------------------
Use symmetry. Molecule point group: Coov
Norb: 20   Ne: (7, 7)
Running RHF...
converged SCF energy = -92.827631799365
Running FCI ...
Guessing CI wfn symmetry = 0
Num symmetry allowed elements 1502950144
tol 1e-10  toloose 1e-05
max_cycle 100  max_space 12  max_memory 683561  incore True
    CPU time for contract_2e  18975.99 sec, wall time    201.58 sec
davidson 0 1  |r|= 0.77  e= [-116.65141583]  max|de|= -117  lindep=    1
    CPU time for contract_2e  18779.88 sec, wall time    210.88 sec
davidson 1 2  |r|= 0.371  e= [-116.83564519]  max|de|= -0.184  lindep= 0.978
    CPU time for contract_2e  18799.59 sec, wall time    216.08 sec
davidson 2 3  |r|= 0.145  e= [-116.87066041]  max|de|= -0.035  lindep= 0.996
    CPU time for contract_2e  18846.72 sec, wall time    223.66 sec
davidson 3 4  |r|= 0.0579  e= [-116.87548655]  max|de|= -0.00483  lindep= 0.981
    CPU time for contract_2e  19150.56 sec, wall time    236.10 sec
davidson 4 5  |r|= 0.0283  e= [-116.87622039]  max|de|= -0.000734  lindep= 0.934
    CPU time for contract_2e  19068.90 sec, wall time    249.82 sec
davidson 5 6  |r|= 0.0133  e= [-116.8764033]  max|de|= -0.000183  lindep= 0.902
    CPU time for contract_2e  19080.61 sec, wall time    258.95 sec
davidson 6 7  |r|= 0.00565  e= [-116.87644024]  max|de|= -3.69e-05  lindep= 0.927
    CPU time for contract_2e  19150.86 sec, wall time    268.87 sec
davidson 7 8  |r|= 0.00224  e= [-116.87644619]  max|de|= -5.95e-06  lindep= 0.932
    CPU time for contract_2e  19097.67 sec, wall time    277.35 sec
davidson 8 9  |r|= 0.000882  e= [-116.87644712]  max|de|= -9.33e-07  lindep= 0.918
    CPU time for contract_2e  19126.96 sec, wall time    286.29 sec
davidson 9 10  |r|= 0.000388  e= [-116.87644727]  max|de|= -1.55e-07  lindep= 0.919
    CPU time for contract_2e  19253.77 sec, wall time    296.94 sec
davidson 10 11  |r|= 0.000183  e= [-116.8764473]  max|de|= -3.05e-08  lindep= 0.897
    CPU time for contract_2e  19183.34 sec, wall time    304.53 sec
davidson 11 12  |r|= 8.85e-05  e= [-116.87644731]  max|de|= -7.18e-09  lindep= 0.904
    CPU time for contract_2e  19008.30 sec, wall time    316.87 sec
davidson 12 1  |r|= 8.85e-05  e= [-116.87644731]  max|de|= 9.24e-12  lindep=    1
    CPU time for contract_2e  18767.56 sec, wall time    210.39 sec
davidson 13 2  |r|= 3.82e-05  e= [-116.87644731]  max|de|= -1.28e-09  lindep= 0.995
    CPU time for contract_2e  18705.12 sec, wall time    215.25 sec
davidson 14 3  |r|= 2.39e-05  e= [-116.87644731]  max|de|= -4.53e-10  lindep= 0.908
    CPU time for contract_2e  18736.11 sec, wall time    221.72 sec
davidson 15 4  |r|= 1.11e-05  e= [-116.87644731]  max|de|= -1.15e-10  lindep= 0.858
    CPU time for contract_2e  19210.67 sec, wall time    238.77 sec
root 0 converged  |r|= 4.65e-06  e= -116.87644731371981  max|de|= -2.32e-11
converged 16 5  |r|= 4.65e-06  e= [-116.87644731]  max|de|= -2.32e-11
--------------------------------------------------------------------------------
Group 1: MEM
+----------------------+---------+----------------+---------------+---------------+---------------+---------------+---------------+---------------+---------------+---------------+---------------+---------------+---------------+---------------+---------------+---------------+---------------+---------------+---------------+---------------+---------------+---------------+---------------+---------------+---------------+---------------+---------------+---------------+---------------+---------------+---------------+---------------+---------------+---------------+---------------+---------------+---------------+---------------+---------------+---------------+---------------+---------------+---------------+---------------+---------------+---------------+---------------+---------------+---------------+----------------+----------------+----------------+----------------+----------------+----------------+----------------+----------------+----------------+----------------+----------------+----------------+----------------+----------------+----------------+----------------+----------------+----------------+----------------+----------------+----------------+----------------+----------------+----------------+----------------+----------------+----------------+----------------+----------------+----------------+----------------+----------------+----------------+----------------+----------------+----------------+----------------+----------------+----------------+----------------+----------------+----------------+----------------+----------------+----------------+----------------+----------------+----------------+----------------+----------------+----------------+----------------+----------------+----------------+----------------+----------------+----------------+----------------+----------------+----------------+----------------+----------------+----------------+----------------+
|         Event        | Counter |   HWThread 0   |   HWThread 1  |   HWThread 2  |   HWThread 3  |   HWThread 4  |   HWThread 5  |   HWThread 6  |   HWThread 7  |   HWThread 8  |   HWThread 9  |  HWThread 10  |  HWThread 11  |  HWThread 12  |  HWThread 13  |  HWThread 14  |  HWThread 15  |  HWThread 16  |  HWThread 17  |  HWThread 18  |  HWThread 19  |  HWThread 20  |  HWThread 21  |  HWThread 22  |  HWThread 23  |  HWThread 24  |  HWThread 25  |  HWThread 26  |  HWThread 27  |  HWThread 28  |  HWThread 29  |  HWThread 30  |  HWThread 31  |  HWThread 32  |  HWThread 33  |  HWThread 34  |  HWThread 35  |  HWThread 36  |  HWThread 37  |  HWThread 38  |  HWThread 39  |  HWThread 40  |  HWThread 41  |  HWThread 42  |  HWThread 43  |  HWThread 44  |  HWThread 45  |  HWThread 46  |  HWThread 47  |   HWThread 48  |   HWThread 49  |   HWThread 50  |   HWThread 51  |   HWThread 52  |   HWThread 53  |   HWThread 54  |   HWThread 55  |   HWThread 56  |   HWThread 57  |   HWThread 58  |   HWThread 59  |   HWThread 60  |   HWThread 61  |   HWThread 62  |   HWThread 63  |   HWThread 64  |   HWThread 65  |   HWThread 66  |   HWThread 67  |   HWThread 68  |   HWThread 69  |   HWThread 70  |   HWThread 71  |   HWThread 72  |   HWThread 73  |   HWThread 74  |   HWThread 75  |   HWThread 76  |   HWThread 77  |   HWThread 78  |   HWThread 79  |   HWThread 80  |   HWThread 81  |   HWThread 82  |   HWThread 83  |   HWThread 84  |   HWThread 85  |   HWThread 86  |   HWThread 87  |   HWThread 88  |   HWThread 89  |   HWThread 90  |   HWThread 91  |   HWThread 92  |   HWThread 93  |   HWThread 94  |   HWThread 95  |   HWThread 96  |   HWThread 97  |   HWThread 98  |   HWThread 99  |  HWThread 100  |  HWThread 101  |  HWThread 102  |  HWThread 103  |  HWThread 104  |  HWThread 105  |  HWThread 106  |  HWThread 107  |  HWThread 108  |  HWThread 109  |  HWThread 110  |  HWThread 111  |
+----------------------+---------+----------------+---------------+---------------+---------------+---------------+---------------+---------------+---------------+---------------+---------------+---------------+---------------+---------------+---------------+---------------+---------------+---------------+---------------+---------------+---------------+---------------+---------------+---------------+---------------+---------------+---------------+---------------+---------------+---------------+---------------+---------------+---------------+---------------+---------------+---------------+---------------+---------------+---------------+---------------+---------------+---------------+---------------+---------------+---------------+---------------+---------------+---------------+---------------+----------------+----------------+----------------+----------------+----------------+----------------+----------------+----------------+----------------+----------------+----------------+----------------+----------------+----------------+----------------+----------------+----------------+----------------+----------------+----------------+----------------+----------------+----------------+----------------+----------------+----------------+----------------+----------------+----------------+----------------+----------------+----------------+----------------+----------------+----------------+----------------+----------------+----------------+----------------+----------------+----------------+----------------+----------------+----------------+----------------+----------------+----------------+----------------+----------------+----------------+----------------+----------------+----------------+----------------+----------------+----------------+----------------+----------------+----------------+----------------+----------------+----------------+----------------+----------------+
|   ACTUAL_CPU_CLOCK   |  FIXC1  | 12347460222526 | 7134624120439 | 7057712881946 | 7028960490437 | 7068018756059 | 7033660843215 | 7071884181777 | 7134741786834 | 6457757562463 | 6259531549727 | 6218768700042 | 6190006985983 | 6216223565283 | 6227986015027 | 6263733643567 | 6297020099405 | 6499051905162 | 6433784569495 | 6506544690778 | 6493874331601 | 6476983365216 | 6545002283522 | 6593912656809 | 6671698273512 | 8987500278527 | 8916211917048 | 8891746651828 | 8907595164559 | 9007593224173 | 8987616434544 | 9100603914698 | 9207217975524 | 8098143326729 | 8301005822006 | 8183046804957 | 8238634914608 | 8379451279217 | 8395574897437 | 8519187396526 | 8523313529419 | 8659024833467 | 8511411606752 | 8550881973623 | 8624305018603 | 8750027484885 | 8647081785344 | 8763502475742 | 9000434969081 | 11782217129141 | 11769156479736 | 11720877637021 | 11788448628297 | 11768554977773 | 11719139234423 | 11827790533757 | 11836294858679 | 11737022302422 | 11679510342316 | 11673670472201 | 11733293641358 | 11754812886670 | 11745415082019 | 11771546070467 | 11773976199502 | 11668807583394 | 11651177071243 | 11662856749467 | 11655679152943 | 11748925298869 | 11691930216532 | 11748317358877 | 11740281868998 | 12061206641507 | 12064434713588 | 12049979840994 | 12037459213500 | 12072174096958 | 12077995751409 | 12097127421867 | 12100874744506 | 11768273759526 | 11750442161163 | 11723281731953 | 11960905728754 | 11779602904486 | 11821446529494 | 11779510721461 | 11840036577489 | 11767482608807 | 11709605583635 | 11744185856804 | 11750075294657 | 11809357261532 | 11819908031588 | 11856616423310 | 11818765835115 | 12352951654227 | 12363659897211 | 12342299706240 | 12331240308867 | 12333172503068 | 12347343474622 | 12336068769104 | 12353654707072 | 12380230064828 | 12366764783518 | 12351469781992 | 12353821661077 | 12364613616781 | 12358035448151 | 12334404030124 | 12217986958914 |
|     MAX_CPU_CLOCK    |  FIXC2  |  9307530762504 | 6131804192384 | 6053396686532 | 6034695900896 | 6055682796852 | 6050737781088 | 6062485753038 | 6095661702052 | 5784759137716 | 5662094948224 | 5647834115898 | 5636107813518 | 5646162891018 | 5649640534512 | 5662715123780 | 5678365055012 | 5772435305728 | 5737507097062 | 5781478680978 | 5772368299750 | 5765706173682 | 5798357038578 | 5831593902810 | 5863311089870 | 6902597910130 | 6867071813498 | 6867365690328 | 6861702740282 | 6902271172290 | 6897667188490 | 6944470099216 | 6977283902004 | 6541988215932 | 6616155242632 | 6562516466064 | 6584163785862 | 6642902621394 | 6653385631724 | 6701092190286 | 6701106514466 | 6773357426524 | 6705601604156 | 6722122302870 | 6752719396670 | 6797697308090 | 6756715120688 | 6802939254878 | 6901837094282 |  8319326420548 |  8310131423750 |  8277629554740 |  8321277146130 |  8307629797844 |  8268142034308 |  8351448371318 |  8355538876698 |  8284480695530 |  8241584642304 |  8235471310404 |  8278297561196 |  8298693423774 |  8286862144964 |  8308756273870 |  8307920032750 |  8240089049608 |  8225956857846 |  8231337692006 |  8228466167818 |  8293362547548 |  8251309276808 |  8294933258014 |  8284805487660 |  8517580128512 |  8522410227812 |  8510073856492 |  8498428598608 |  8525168896998 |  8527123535138 |  8543933614528 |  8544514901754 |  8304713613040 |  8288648790032 |  8269640611154 |  8438000603292 |  8308055945280 |  8342354711184 |  8306802467626 |  8354320192426 |  8307001503788 |  8264025472560 |  8291970900226 |  8298019017808 |  8338348105074 |  8345261090946 |  8369685816102 |  8341472565062 |  8692809126898 |  8701804677852 |  8682051361828 |  8671295445540 |  8673202987904 |  8685641708900 |  8675598054994 |  8692498060012 |  8717162339132 |  8706544670356 |  8691954061284 |  8693375945228 |  8703814389712 |  8697049042422 |  8675674499102 |  8594432435342 |
| RETIRED_INSTRUCTIONS |   PMC0  | 10738733522975 | 7648393720332 | 7648000233040 | 7647916490081 | 7647755006571 | 7648257523604 | 7648333529917 | 7648392710832 | 7658104778247 | 7655525526761 | 7655659203324 | 7654088490063 | 7653234034190 | 7653758804270 | 7652434072777 | 7653406031831 | 7647967168797 | 7647096383967 | 7647014057091 | 7646728324608 | 7646989759542 | 7647025073260 | 7646917351385 | 7647106074569 | 7655800943068 | 7654495245096 | 7653637837921 | 7654498312575 | 7655589425273 | 7655382693277 | 7655936256501 | 7656246119174 | 7637522408457 | 7637625415766 | 7636381033310 | 7636175320759 | 7636330040848 | 7636836604881 | 7638293566500 | 7638235928974 | 7635644999420 | 7634126668123 | 7634100882649 | 7634342894617 | 7633939354557 | 7633139011587 | 7634142071930 | 7635048172374 |  7650485188734 |  7650959002017 |  7650254038713 |  7648703330044 |  7649373781690 |  7647366768911 |  7647834331709 |  7646692111812 |  7660297976019 |  7659766642791 |  7658617748346 |  7658993045423 |  7659105225803 |  7657793638593 |  7658442172155 |  7656721517615 |  7650498929320 |  7651894586907 |  7651203423509 |  7650876687237 |  7650179782902 |  7650535128560 |  7649656652262 |  7649096270387 |  7637558788585 |  7636260375739 |  7638170756521 |  7636890703330 |  7636393610666 |  7636851602243 |  7636943241435 |  7635882519535 |  7647397450826 |  7647292470796 |  7646678459511 |  7636720706789 |  7645017356257 |  7647319484882 |  7642364704899 |  7645015052295 |  7636188367560 |  7636150518878 |  7634971637289 |  7636898099778 |  7633450305324 |  7636872951490 |  7634650073733 |  7633459464567 |  7558025384253 |  7557977769068 |  7558021290380 |  7557483590495 |  7558575733373 |  7557139893067 |  7556066903925 |  7558427702790 |  7584184380317 |  7580873004090 |  7580844405207 |  7579456542858 |  7581399465663 |  7577547880189 |  7575206466154 |  7374591084979 |
|  CPU_CLOCKS_UNHALTED |   PMC1  |  9813489679409 | 6586111696124 | 6570224730648 | 6551739621371 | 6582467533623 | 6533976403030 | 6573311454552 | 6624294118525 | 6017892457362 | 5835890780415 | 5805899045037 | 5777904298547 | 5804771101036 | 5815300603930 | 5841115820228 | 5879629387741 | 6064798935674 | 6013159492543 | 6066177833920 | 6061497399755 | 6041668498095 | 6097819857749 | 6137519020264 | 6213402238474 | 8231017713254 | 8177648291619 | 8149674453683 | 8165503356795 | 8256136823047 | 8224688482742 | 8339195979568 | 8435893538734 | 7423227268819 | 7604839655989 | 7513865121072 | 7544293987566 | 7675534906393 | 7693147070767 | 7801074673224 | 7810723398262 | 7920944513843 | 7824617877917 | 7872518102149 | 7931695391466 | 8050784299102 | 7948273670287 | 8056055697029 | 8277063696199 | 10731324634177 | 10721702382311 | 10708365962969 | 10773023116941 | 10752598068652 | 10723837187348 | 10796399279469 | 10805361603000 | 10723220372625 | 10688809504909 | 10691907476015 | 10728774056866 | 10735006067428 | 10720274414697 | 10749380484993 | 10766411949340 | 10659500532447 | 10660322652140 | 10657969445239 | 10619344356551 | 10714431691315 | 10706131089218 | 10731498571050 | 10742783248741 | 11056250157499 | 11062949898226 | 11060217253132 | 11038842542088 | 11026577776123 | 11071875475778 | 11089503908536 | 11104803861261 | 10772914833727 | 10760512625792 | 10773310031403 | 10831749701713 | 10801062505645 | 10832767509517 | 10783391805603 | 10853905706372 | 10781652468856 | 10735325613815 | 10766228656047 | 10764838697233 | 10814678624660 | 10811247784839 | 10842612154989 | 10831781942107 | 11720392790062 | 11728100757804 | 11730748255407 | 11716770551819 | 11722755965203 | 11723250151796 | 11720780766746 | 11728687191111 | 11725876131804 | 11713655739614 | 11729140505220 | 11704890680528 | 11717056145087 | 11705212145300 | 11709945834972 | 11544354622930 |
|      CAS_CMD_RD      |  UMC0C0 |   318061976357 |             0 |             0 |             0 |             0 |             0 |             0 |             0 |             0 |             0 |             0 |             0 |             0 |             0 |             0 |             0 |             0 |             0 |             0 |             0 |             0 |             0 |             0 |             0 |             0 |             0 |             0 |             0 |             0 |             0 |             0 |             0 |             0 |             0 |             0 |             0 |             0 |             0 |             0 |             0 |             0 |             0 |             0 |             0 |             0 |             0 |             0 |             0 |              0 |              0 |              0 |              0 |              0 |              0 |              0 |              0 |              0 |              0 |              0 |              0 |              0 |              0 |              0 |              0 |              0 |              0 |              0 |              0 |              0 |              0 |              0 |              0 |              0 |              0 |              0 |              0 |              0 |              0 |              0 |              0 |              0 |              0 |              0 |              0 |              0 |              0 |              0 |              0 |              0 |              0 |              0 |              0 |              0 |              0 |              0 |              0 |    79072241497 |              0 |              0 |              0 |              0 |              0 |              0 |              0 |              0 |              0 |              0 |              0 |              0 |              0 |              0 |              0 |
|      CAS_CMD_WR      |  UMC0C1 |   131057460420 |             0 |             0 |             0 |             0 |             0 |             0 |             0 |             0 |             0 |             0 |             0 |             0 |             0 |             0 |             0 |             0 |             0 |             0 |             0 |             0 |             0 |             0 |             0 |             0 |             0 |             0 |             0 |             0 |             0 |             0 |             0 |             0 |             0 |             0 |             0 |             0 |             0 |             0 |             0 |             0 |             0 |             0 |             0 |             0 |             0 |             0 |             0 |              0 |              0 |              0 |              0 |              0 |              0 |              0 |              0 |              0 |              0 |              0 |              0 |              0 |              0 |              0 |              0 |              0 |              0 |              0 |              0 |              0 |              0 |              0 |              0 |              0 |              0 |              0 |              0 |              0 |              0 |              0 |              0 |              0 |              0 |              0 |              0 |              0 |              0 |              0 |              0 |              0 |              0 |              0 |              0 |              0 |              0 |              0 |              0 |    25505903903 |              0 |              0 |              0 |              0 |              0 |              0 |              0 |              0 |              0 |              0 |              0 |              0 |              0 |              0 |              0 |
|      CAS_CMD_RD      |  UMC1C0 |   318477787576 |             0 |             0 |             0 |             0 |             0 |             0 |             0 |             0 |             0 |             0 |             0 |             0 |             0 |             0 |             0 |             0 |             0 |             0 |             0 |             0 |             0 |             0 |             0 |             0 |             0 |             0 |             0 |             0 |             0 |             0 |             0 |             0 |             0 |             0 |             0 |             0 |             0 |             0 |             0 |             0 |             0 |             0 |             0 |             0 |             0 |             0 |             0 |              0 |              0 |              0 |              0 |              0 |              0 |              0 |              0 |              0 |              0 |              0 |              0 |              0 |              0 |              0 |              0 |              0 |              0 |              0 |              0 |              0 |              0 |              0 |              0 |              0 |              0 |              0 |              0 |              0 |              0 |              0 |              0 |              0 |              0 |              0 |              0 |              0 |              0 |              0 |              0 |              0 |              0 |              0 |              0 |              0 |              0 |              0 |              0 |    78197180064 |              0 |              0 |              0 |              0 |              0 |              0 |              0 |              0 |              0 |              0 |              0 |              0 |              0 |              0 |              0 |
|      CAS_CMD_WR      |  UMC1C1 |   131193084348 |             0 |             0 |             0 |             0 |             0 |             0 |             0 |             0 |             0 |             0 |             0 |             0 |             0 |             0 |             0 |             0 |             0 |             0 |             0 |             0 |             0 |             0 |             0 |             0 |             0 |             0 |             0 |             0 |             0 |             0 |             0 |             0 |             0 |             0 |             0 |             0 |             0 |             0 |             0 |             0 |             0 |             0 |             0 |             0 |             0 |             0 |             0 |              0 |              0 |              0 |              0 |              0 |              0 |              0 |              0 |              0 |              0 |              0 |              0 |              0 |              0 |              0 |              0 |              0 |              0 |              0 |              0 |              0 |              0 |              0 |              0 |              0 |              0 |              0 |              0 |              0 |              0 |              0 |              0 |              0 |              0 |              0 |              0 |              0 |              0 |              0 |              0 |              0 |              0 |              0 |              0 |              0 |              0 |              0 |              0 |    25499170125 |              0 |              0 |              0 |              0 |              0 |              0 |              0 |              0 |              0 |              0 |              0 |              0 |              0 |              0 |              0 |
|      CAS_CMD_RD      |  UMC2C0 |   317493081808 |             0 |             0 |             0 |             0 |             0 |             0 |             0 |             0 |             0 |             0 |             0 |             0 |             0 |             0 |             0 |             0 |             0 |             0 |             0 |             0 |             0 |             0 |             0 |             0 |             0 |             0 |             0 |             0 |             0 |             0 |             0 |             0 |             0 |             0 |             0 |             0 |             0 |             0 |             0 |             0 |             0 |             0 |             0 |             0 |             0 |             0 |             0 |              0 |              0 |              0 |              0 |              0 |              0 |              0 |              0 |              0 |              0 |              0 |              0 |              0 |              0 |              0 |              0 |              0 |              0 |              0 |              0 |              0 |              0 |              0 |              0 |              0 |              0 |              0 |              0 |              0 |              0 |              0 |              0 |              0 |              0 |              0 |              0 |              0 |              0 |              0 |              0 |              0 |              0 |              0 |              0 |              0 |              0 |              0 |              0 |    78599502580 |              0 |              0 |              0 |              0 |              0 |              0 |              0 |              0 |              0 |              0 |              0 |              0 |              0 |              0 |              0 |
|      CAS_CMD_WR      |  UMC2C1 |   131126337343 |             0 |             0 |             0 |             0 |             0 |             0 |             0 |             0 |             0 |             0 |             0 |             0 |             0 |             0 |             0 |             0 |             0 |             0 |             0 |             0 |             0 |             0 |             0 |             0 |             0 |             0 |             0 |             0 |             0 |             0 |             0 |             0 |             0 |             0 |             0 |             0 |             0 |             0 |             0 |             0 |             0 |             0 |             0 |             0 |             0 |             0 |             0 |              0 |              0 |              0 |              0 |              0 |              0 |              0 |              0 |              0 |              0 |              0 |              0 |              0 |              0 |              0 |              0 |              0 |              0 |              0 |              0 |              0 |              0 |              0 |              0 |              0 |              0 |              0 |              0 |              0 |              0 |              0 |              0 |              0 |              0 |              0 |              0 |              0 |              0 |              0 |              0 |              0 |              0 |              0 |              0 |              0 |              0 |              0 |              0 |    25500119776 |              0 |              0 |              0 |              0 |              0 |              0 |              0 |              0 |              0 |              0 |              0 |              0 |              0 |              0 |              0 |
|      CAS_CMD_RD      |  UMC3C0 |   316941449086 |             0 |             0 |             0 |             0 |             0 |             0 |             0 |             0 |             0 |             0 |             0 |             0 |             0 |             0 |             0 |             0 |             0 |             0 |             0 |             0 |             0 |             0 |             0 |             0 |             0 |             0 |             0 |             0 |             0 |             0 |             0 |             0 |             0 |             0 |             0 |             0 |             0 |             0 |             0 |             0 |             0 |             0 |             0 |             0 |             0 |             0 |             0 |              0 |              0 |              0 |              0 |              0 |              0 |              0 |              0 |              0 |              0 |              0 |              0 |              0 |              0 |              0 |              0 |              0 |              0 |              0 |              0 |              0 |              0 |              0 |              0 |              0 |              0 |              0 |              0 |              0 |              0 |              0 |              0 |              0 |              0 |              0 |              0 |              0 |              0 |              0 |              0 |              0 |              0 |              0 |              0 |              0 |              0 |              0 |              0 |    78925451686 |              0 |              0 |              0 |              0 |              0 |              0 |              0 |              0 |              0 |              0 |              0 |              0 |              0 |              0 |              0 |
|      CAS_CMD_WR      |  UMC3C1 |   131079973322 |             0 |             0 |             0 |             0 |             0 |             0 |             0 |             0 |             0 |             0 |             0 |             0 |             0 |             0 |             0 |             0 |             0 |             0 |             0 |             0 |             0 |             0 |             0 |             0 |             0 |             0 |             0 |             0 |             0 |             0 |             0 |             0 |             0 |             0 |             0 |             0 |             0 |             0 |             0 |             0 |             0 |             0 |             0 |             0 |             0 |             0 |             0 |              0 |              0 |              0 |              0 |              0 |              0 |              0 |              0 |              0 |              0 |              0 |              0 |              0 |              0 |              0 |              0 |              0 |              0 |              0 |              0 |              0 |              0 |              0 |              0 |              0 |              0 |              0 |              0 |              0 |              0 |              0 |              0 |              0 |              0 |              0 |              0 |              0 |              0 |              0 |              0 |              0 |              0 |              0 |              0 |              0 |              0 |              0 |              0 |    25469638001 |              0 |              0 |              0 |              0 |              0 |              0 |              0 |              0 |              0 |              0 |              0 |              0 |              0 |              0 |              0 |
|      CAS_CMD_RD      |  UMC4C0 |   320120976452 |             0 |             0 |             0 |             0 |             0 |             0 |             0 |             0 |             0 |             0 |             0 |             0 |             0 |             0 |             0 |             0 |             0 |             0 |             0 |             0 |             0 |             0 |             0 |             0 |             0 |             0 |             0 |             0 |             0 |             0 |             0 |             0 |             0 |             0 |             0 |             0 |             0 |             0 |             0 |             0 |             0 |             0 |             0 |             0 |             0 |             0 |             0 |              0 |              0 |              0 |              0 |              0 |              0 |              0 |              0 |              0 |              0 |              0 |              0 |              0 |              0 |              0 |              0 |              0 |              0 |              0 |              0 |              0 |              0 |              0 |              0 |              0 |              0 |              0 |              0 |              0 |              0 |              0 |              0 |              0 |              0 |              0 |              0 |              0 |              0 |              0 |              0 |              0 |              0 |              0 |              0 |              0 |              0 |              0 |              0 |    78172105794 |              0 |              0 |              0 |              0 |              0 |              0 |              0 |              0 |              0 |              0 |              0 |              0 |              0 |              0 |              0 |
|      CAS_CMD_WR      |  UMC4C1 |   131192505835 |             0 |             0 |             0 |             0 |             0 |             0 |             0 |             0 |             0 |             0 |             0 |             0 |             0 |             0 |             0 |             0 |             0 |             0 |             0 |             0 |             0 |             0 |             0 |             0 |             0 |             0 |             0 |             0 |             0 |             0 |             0 |             0 |             0 |             0 |             0 |             0 |             0 |             0 |             0 |             0 |             0 |             0 |             0 |             0 |             0 |             0 |             0 |              0 |              0 |              0 |              0 |              0 |              0 |              0 |              0 |              0 |              0 |              0 |              0 |              0 |              0 |              0 |              0 |              0 |              0 |              0 |              0 |              0 |              0 |              0 |              0 |              0 |              0 |              0 |              0 |              0 |              0 |              0 |              0 |              0 |              0 |              0 |              0 |              0 |              0 |              0 |              0 |              0 |              0 |              0 |              0 |              0 |              0 |              0 |              0 |    25488239886 |              0 |              0 |              0 |              0 |              0 |              0 |              0 |              0 |              0 |              0 |              0 |              0 |              0 |              0 |              0 |
|      CAS_CMD_RD      |  UMC5C0 |   319994079459 |             0 |             0 |             0 |             0 |             0 |             0 |             0 |             0 |             0 |             0 |             0 |             0 |             0 |             0 |             0 |             0 |             0 |             0 |             0 |             0 |             0 |             0 |             0 |             0 |             0 |             0 |             0 |             0 |             0 |             0 |             0 |             0 |             0 |             0 |             0 |             0 |             0 |             0 |             0 |             0 |             0 |             0 |             0 |             0 |             0 |             0 |             0 |              0 |              0 |              0 |              0 |              0 |              0 |              0 |              0 |              0 |              0 |              0 |              0 |              0 |              0 |              0 |              0 |              0 |              0 |              0 |              0 |              0 |              0 |              0 |              0 |              0 |              0 |              0 |              0 |              0 |              0 |              0 |              0 |              0 |              0 |              0 |              0 |              0 |              0 |              0 |              0 |              0 |              0 |              0 |              0 |              0 |              0 |              0 |              0 |    78585463567 |              0 |              0 |              0 |              0 |              0 |              0 |              0 |              0 |              0 |              0 |              0 |              0 |              0 |              0 |              0 |
|      CAS_CMD_WR      |  UMC5C1 |   131163453890 |             0 |             0 |             0 |             0 |             0 |             0 |             0 |             0 |             0 |             0 |             0 |             0 |             0 |             0 |             0 |             0 |             0 |             0 |             0 |             0 |             0 |             0 |             0 |             0 |             0 |             0 |             0 |             0 |             0 |             0 |             0 |             0 |             0 |             0 |             0 |             0 |             0 |             0 |             0 |             0 |             0 |             0 |             0 |             0 |             0 |             0 |             0 |              0 |              0 |              0 |              0 |              0 |              0 |              0 |              0 |              0 |              0 |              0 |              0 |              0 |              0 |              0 |              0 |              0 |              0 |              0 |              0 |              0 |              0 |              0 |              0 |              0 |              0 |              0 |              0 |              0 |              0 |              0 |              0 |              0 |              0 |              0 |              0 |              0 |              0 |              0 |              0 |              0 |              0 |              0 |              0 |              0 |              0 |              0 |              0 |    25507841837 |              0 |              0 |              0 |              0 |              0 |              0 |              0 |              0 |              0 |              0 |              0 |              0 |              0 |              0 |              0 |
|      CAS_CMD_RD      |  UMC6C0 |   316763170203 |             0 |             0 |             0 |             0 |             0 |             0 |             0 |             0 |             0 |             0 |             0 |             0 |             0 |             0 |             0 |             0 |             0 |             0 |             0 |             0 |             0 |             0 |             0 |             0 |             0 |             0 |             0 |             0 |             0 |             0 |             0 |             0 |             0 |             0 |             0 |             0 |             0 |             0 |             0 |             0 |             0 |             0 |             0 |             0 |             0 |             0 |             0 |              0 |              0 |              0 |              0 |              0 |              0 |              0 |              0 |              0 |              0 |              0 |              0 |              0 |              0 |              0 |              0 |              0 |              0 |              0 |              0 |              0 |              0 |              0 |              0 |              0 |              0 |              0 |              0 |              0 |              0 |              0 |              0 |              0 |              0 |              0 |              0 |              0 |              0 |              0 |              0 |              0 |              0 |              0 |              0 |              0 |              0 |              0 |              0 |    78091727778 |              0 |              0 |              0 |              0 |              0 |              0 |              0 |              0 |              0 |              0 |              0 |              0 |              0 |              0 |              0 |
|      CAS_CMD_WR      |  UMC6C1 |   131039996184 |             0 |             0 |             0 |             0 |             0 |             0 |             0 |             0 |             0 |             0 |             0 |             0 |             0 |             0 |             0 |             0 |             0 |             0 |             0 |             0 |             0 |             0 |             0 |             0 |             0 |             0 |             0 |             0 |             0 |             0 |             0 |             0 |             0 |             0 |             0 |             0 |             0 |             0 |             0 |             0 |             0 |             0 |             0 |             0 |             0 |             0 |             0 |              0 |              0 |              0 |              0 |              0 |              0 |              0 |              0 |              0 |              0 |              0 |              0 |              0 |              0 |              0 |              0 |              0 |              0 |              0 |              0 |              0 |              0 |              0 |              0 |              0 |              0 |              0 |              0 |              0 |              0 |              0 |              0 |              0 |              0 |              0 |              0 |              0 |              0 |              0 |              0 |              0 |              0 |              0 |              0 |              0 |              0 |              0 |              0 |    25461084052 |              0 |              0 |              0 |              0 |              0 |              0 |              0 |              0 |              0 |              0 |              0 |              0 |              0 |              0 |              0 |
|      CAS_CMD_RD      |  UMC7C0 |   318525175552 |             0 |             0 |             0 |             0 |             0 |             0 |             0 |             0 |             0 |             0 |             0 |             0 |             0 |             0 |             0 |             0 |             0 |             0 |             0 |             0 |             0 |             0 |             0 |             0 |             0 |             0 |             0 |             0 |             0 |             0 |             0 |             0 |             0 |             0 |             0 |             0 |             0 |             0 |             0 |             0 |             0 |             0 |             0 |             0 |             0 |             0 |             0 |              0 |              0 |              0 |              0 |              0 |              0 |              0 |              0 |              0 |              0 |              0 |              0 |              0 |              0 |              0 |              0 |              0 |              0 |              0 |              0 |              0 |              0 |              0 |              0 |              0 |              0 |              0 |              0 |              0 |              0 |              0 |              0 |              0 |              0 |              0 |              0 |              0 |              0 |              0 |              0 |              0 |              0 |              0 |              0 |              0 |              0 |              0 |              0 |    77929915696 |              0 |              0 |              0 |              0 |              0 |              0 |              0 |              0 |              0 |              0 |              0 |              0 |              0 |              0 |              0 |
|      CAS_CMD_WR      |  UMC7C1 |   131057985338 |             0 |             0 |             0 |             0 |             0 |             0 |             0 |             0 |             0 |             0 |             0 |             0 |             0 |             0 |             0 |             0 |             0 |             0 |             0 |             0 |             0 |             0 |             0 |             0 |             0 |             0 |             0 |             0 |             0 |             0 |             0 |             0 |             0 |             0 |             0 |             0 |             0 |             0 |             0 |             0 |             0 |             0 |             0 |             0 |             0 |             0 |             0 |              0 |              0 |              0 |              0 |              0 |              0 |              0 |              0 |              0 |              0 |              0 |              0 |              0 |              0 |              0 |              0 |              0 |              0 |              0 |              0 |              0 |              0 |              0 |              0 |              0 |              0 |              0 |              0 |              0 |              0 |              0 |              0 |              0 |              0 |              0 |              0 |              0 |              0 |              0 |              0 |              0 |              0 |              0 |              0 |              0 |              0 |              0 |              0 |    25457163021 |              0 |              0 |              0 |              0 |              0 |              0 |              0 |              0 |              0 |              0 |              0 |              0 |              0 |              0 |              0 |
|      CAS_CMD_RD      |  UMC8C0 |   317801716878 |             0 |             0 |             0 |             0 |             0 |             0 |             0 |             0 |             0 |             0 |             0 |             0 |             0 |             0 |             0 |             0 |             0 |             0 |             0 |             0 |             0 |             0 |             0 |             0 |             0 |             0 |             0 |             0 |             0 |             0 |             0 |             0 |             0 |             0 |             0 |             0 |             0 |             0 |             0 |             0 |             0 |             0 |             0 |             0 |             0 |             0 |             0 |              0 |              0 |              0 |              0 |              0 |              0 |              0 |              0 |              0 |              0 |              0 |              0 |              0 |              0 |              0 |              0 |              0 |              0 |              0 |              0 |              0 |              0 |              0 |              0 |              0 |              0 |              0 |              0 |              0 |              0 |              0 |              0 |              0 |              0 |              0 |              0 |              0 |              0 |              0 |              0 |              0 |              0 |              0 |              0 |              0 |              0 |              0 |              0 |    78276244656 |              0 |              0 |              0 |              0 |              0 |              0 |              0 |              0 |              0 |              0 |              0 |              0 |              0 |              0 |              0 |
|      CAS_CMD_WR      |  UMC8C1 |   130918885639 |             0 |             0 |             0 |             0 |             0 |             0 |             0 |             0 |             0 |             0 |             0 |             0 |             0 |             0 |             0 |             0 |             0 |             0 |             0 |             0 |             0 |             0 |             0 |             0 |             0 |             0 |             0 |             0 |             0 |             0 |             0 |             0 |             0 |             0 |             0 |             0 |             0 |             0 |             0 |             0 |             0 |             0 |             0 |             0 |             0 |             0 |             0 |              0 |              0 |              0 |              0 |              0 |              0 |              0 |              0 |              0 |              0 |              0 |              0 |              0 |              0 |              0 |              0 |              0 |              0 |              0 |              0 |              0 |              0 |              0 |              0 |              0 |              0 |              0 |              0 |              0 |              0 |              0 |              0 |              0 |              0 |              0 |              0 |              0 |              0 |              0 |              0 |              0 |              0 |              0 |              0 |              0 |              0 |              0 |              0 |    25491427191 |              0 |              0 |              0 |              0 |              0 |              0 |              0 |              0 |              0 |              0 |              0 |              0 |              0 |              0 |              0 |
|      CAS_CMD_RD      |  UMC9C0 |   320003449103 |             0 |             0 |             0 |             0 |             0 |             0 |             0 |             0 |             0 |             0 |             0 |             0 |             0 |             0 |             0 |             0 |             0 |             0 |             0 |             0 |             0 |             0 |             0 |             0 |             0 |             0 |             0 |             0 |             0 |             0 |             0 |             0 |             0 |             0 |             0 |             0 |             0 |             0 |             0 |             0 |             0 |             0 |             0 |             0 |             0 |             0 |             0 |              0 |              0 |              0 |              0 |              0 |              0 |              0 |              0 |              0 |              0 |              0 |              0 |              0 |              0 |              0 |              0 |              0 |              0 |              0 |              0 |              0 |              0 |              0 |              0 |              0 |              0 |              0 |              0 |              0 |              0 |              0 |              0 |              0 |              0 |              0 |              0 |              0 |              0 |              0 |              0 |              0 |              0 |              0 |              0 |              0 |              0 |              0 |              0 |    78312637583 |              0 |              0 |              0 |              0 |              0 |              0 |              0 |              0 |              0 |              0 |              0 |              0 |              0 |              0 |              0 |
|      CAS_CMD_WR      |  UMC9C1 |   131066042126 |             0 |             0 |             0 |             0 |             0 |             0 |             0 |             0 |             0 |             0 |             0 |             0 |             0 |             0 |             0 |             0 |             0 |             0 |             0 |             0 |             0 |             0 |             0 |             0 |             0 |             0 |             0 |             0 |             0 |             0 |             0 |             0 |             0 |             0 |             0 |             0 |             0 |             0 |             0 |             0 |             0 |             0 |             0 |             0 |             0 |             0 |             0 |              0 |              0 |              0 |              0 |              0 |              0 |              0 |              0 |              0 |              0 |              0 |              0 |              0 |              0 |              0 |              0 |              0 |              0 |              0 |              0 |              0 |              0 |              0 |              0 |              0 |              0 |              0 |              0 |              0 |              0 |              0 |              0 |              0 |              0 |              0 |              0 |              0 |              0 |              0 |              0 |              0 |              0 |              0 |              0 |              0 |              0 |              0 |              0 |    25497482538 |              0 |              0 |              0 |              0 |              0 |              0 |              0 |              0 |              0 |              0 |              0 |              0 |              0 |              0 |              0 |
|      CAS_CMD_RD      | UMC10C0 |   322100014633 |             0 |             0 |             0 |             0 |             0 |             0 |             0 |             0 |             0 |             0 |             0 |             0 |             0 |             0 |             0 |             0 |             0 |             0 |             0 |             0 |             0 |             0 |             0 |             0 |             0 |             0 |             0 |             0 |             0 |             0 |             0 |             0 |             0 |             0 |             0 |             0 |             0 |             0 |             0 |             0 |             0 |             0 |             0 |             0 |             0 |             0 |             0 |              0 |              0 |              0 |              0 |              0 |              0 |              0 |              0 |              0 |              0 |              0 |              0 |              0 |              0 |              0 |              0 |              0 |              0 |              0 |              0 |              0 |              0 |              0 |              0 |              0 |              0 |              0 |              0 |              0 |              0 |              0 |              0 |              0 |              0 |              0 |              0 |              0 |              0 |              0 |              0 |              0 |              0 |              0 |              0 |              0 |              0 |              0 |              0 |    78151777822 |              0 |              0 |              0 |              0 |              0 |              0 |              0 |              0 |              0 |              0 |              0 |              0 |              0 |              0 |              0 |
|      CAS_CMD_WR      | UMC10C1 |   131078940708 |             0 |             0 |             0 |             0 |             0 |             0 |             0 |             0 |             0 |             0 |             0 |             0 |             0 |             0 |             0 |             0 |             0 |             0 |             0 |             0 |             0 |             0 |             0 |             0 |             0 |             0 |             0 |             0 |             0 |             0 |             0 |             0 |             0 |             0 |             0 |             0 |             0 |             0 |             0 |             0 |             0 |             0 |             0 |             0 |             0 |             0 |             0 |              0 |              0 |              0 |              0 |              0 |              0 |              0 |              0 |              0 |              0 |              0 |              0 |              0 |              0 |              0 |              0 |              0 |              0 |              0 |              0 |              0 |              0 |              0 |              0 |              0 |              0 |              0 |              0 |              0 |              0 |              0 |              0 |              0 |              0 |              0 |              0 |              0 |              0 |              0 |              0 |              0 |              0 |              0 |              0 |              0 |              0 |              0 |              0 |    25501829508 |              0 |              0 |              0 |              0 |              0 |              0 |              0 |              0 |              0 |              0 |              0 |              0 |              0 |              0 |              0 |
|      CAS_CMD_RD      | UMC11C0 |   318317883696 |             0 |             0 |             0 |             0 |             0 |             0 |             0 |             0 |             0 |             0 |             0 |             0 |             0 |             0 |             0 |             0 |             0 |             0 |             0 |             0 |             0 |             0 |             0 |             0 |             0 |             0 |             0 |             0 |             0 |             0 |             0 |             0 |             0 |             0 |             0 |             0 |             0 |             0 |             0 |             0 |             0 |             0 |             0 |             0 |             0 |             0 |             0 |              0 |              0 |              0 |              0 |              0 |              0 |              0 |              0 |              0 |              0 |              0 |              0 |              0 |              0 |              0 |              0 |              0 |              0 |              0 |              0 |              0 |              0 |              0 |              0 |              0 |              0 |              0 |              0 |              0 |              0 |              0 |              0 |              0 |              0 |              0 |              0 |              0 |              0 |              0 |              0 |              0 |              0 |              0 |              0 |              0 |              0 |              0 |              0 |    78348754325 |              0 |              0 |              0 |              0 |              0 |              0 |              0 |              0 |              0 |              0 |              0 |              0 |              0 |              0 |              0 |
|      CAS_CMD_WR      | UMC11C1 |   130954979337 |             0 |             0 |             0 |             0 |             0 |             0 |             0 |             0 |             0 |             0 |             0 |             0 |             0 |             0 |             0 |             0 |             0 |             0 |             0 |             0 |             0 |             0 |             0 |             0 |             0 |             0 |             0 |             0 |             0 |             0 |             0 |             0 |             0 |             0 |             0 |             0 |             0 |             0 |             0 |             0 |             0 |             0 |             0 |             0 |             0 |             0 |             0 |              0 |              0 |              0 |              0 |              0 |              0 |              0 |              0 |              0 |              0 |              0 |              0 |              0 |              0 |              0 |              0 |              0 |              0 |              0 |              0 |              0 |              0 |              0 |              0 |              0 |              0 |              0 |              0 |              0 |              0 |              0 |              0 |              0 |              0 |              0 |              0 |              0 |              0 |              0 |              0 |              0 |              0 |              0 |              0 |              0 |              0 |              0 |              0 |    25509264950 |              0 |              0 |              0 |              0 |              0 |              0 |              0 |              0 |              0 |              0 |              0 |              0 |              0 |              0 |              0 |
+----------------------+---------+----------------+---------------+---------------+---------------+---------------+---------------+---------------+---------------+---------------+---------------+---------------+---------------+---------------+---------------+---------------+---------------+---------------+---------------+---------------+---------------+---------------+---------------+---------------+---------------+---------------+---------------+---------------+---------------+---------------+---------------+---------------+---------------+---------------+---------------+---------------+---------------+---------------+---------------+---------------+---------------+---------------+---------------+---------------+---------------+---------------+---------------+---------------+---------------+----------------+----------------+----------------+----------------+----------------+----------------+----------------+----------------+----------------+----------------+----------------+----------------+----------------+----------------+----------------+----------------+----------------+----------------+----------------+----------------+----------------+----------------+----------------+----------------+----------------+----------------+----------------+----------------+----------------+----------------+----------------+----------------+----------------+----------------+----------------+----------------+----------------+----------------+----------------+----------------+----------------+----------------+----------------+----------------+----------------+----------------+----------------+----------------+----------------+----------------+----------------+----------------+----------------+----------------+----------------+----------------+----------------+----------------+----------------+----------------+----------------+----------------+----------------+----------------+

+---------------------------+---------+------------------+---------------+----------------+--------------+
|           Event           | Counter |        Sum       |      Min      |       Max      |      Avg     |
+---------------------------+---------+------------------+---------------+----------------+--------------+
|   ACTUAL_CPU_CLOCK STAT   |  FIXC1  | 1136778225736126 | 6190006985983 | 12380230064828 |      nil     |
|     MAX_CPU_CLOCK STAT    |  FIXC2  |  845035077495622 | 5636107813518 |  9307530762504 | 7.544956e+12 |
| RETIRED_INSTRUCTIONS STAT |   PMC0  |  857998877260866 | 7374591084979 | 10738733522975 | 7.660704e+12 |
|  CPU_CLOCKS_UNHALTED STAT |   PMC1  | 1048157477896383 | 5777904298547 | 11730748255407 | 9.358549e+12 |
|      CAS_CMD_RD STAT      |  UMC0C0 |     397134217854 |             0 |   318061976357 | 3.545841e+09 |
|      CAS_CMD_WR STAT      |  UMC0C1 |     156563364323 |             0 |   131057460420 | 1.397887e+09 |
|      CAS_CMD_RD STAT      |  UMC1C0 |     396674967640 |             0 |   318477787576 | 3.541741e+09 |
|      CAS_CMD_WR STAT      |  UMC1C1 |     156692254473 |             0 |   131193084348 | 1.399038e+09 |
|      CAS_CMD_RD STAT      |  UMC2C0 |     396092584388 |             0 |   317493081808 | 3.536541e+09 |
|      CAS_CMD_WR STAT      |  UMC2C1 |     156626457119 |             0 |   131126337343 | 1.398451e+09 |
|      CAS_CMD_RD STAT      |  UMC3C0 |     395866900772 |             0 |   316941449086 | 3.534526e+09 |
|      CAS_CMD_WR STAT      |  UMC3C1 |     156549611323 |             0 |   131079973322 | 1.397764e+09 |
|      CAS_CMD_RD STAT      |  UMC4C0 |     398293082246 |             0 |   320120976452 | 3.556188e+09 |
|      CAS_CMD_WR STAT      |  UMC4C1 |     156680745721 |             0 |   131192505835 | 1.398935e+09 |
|      CAS_CMD_RD STAT      |  UMC5C0 |     398579543026 |             0 |   319994079459 | 3.558746e+09 |
|      CAS_CMD_WR STAT      |  UMC5C1 |     156671295727 |             0 |   131163453890 | 1.398851e+09 |
|      CAS_CMD_RD STAT      |  UMC6C0 |     394854897981 |             0 |   316763170203 | 3.525490e+09 |
|      CAS_CMD_WR STAT      |  UMC6C1 |     156501080236 |             0 |   131039996184 | 1.397331e+09 |
|      CAS_CMD_RD STAT      |  UMC7C0 |     396455091248 |             0 |   318525175552 | 3.539778e+09 |
|      CAS_CMD_WR STAT      |  UMC7C1 |     156515148359 |             0 |   131057985338 | 1.397457e+09 |
|      CAS_CMD_RD STAT      |  UMC8C0 |     396077961534 |             0 |   317801716878 | 3.536410e+09 |
|      CAS_CMD_WR STAT      |  UMC8C1 |     156410312830 |             0 |   130918885639 | 1.396521e+09 |
|      CAS_CMD_RD STAT      |  UMC9C0 |     398316086686 |             0 |   320003449103 | 3.556394e+09 |
|      CAS_CMD_WR STAT      |  UMC9C1 |     156563524664 |             0 |   131066042126 | 1.397889e+09 |
|      CAS_CMD_RD STAT      | UMC10C0 |     400251792455 |             0 |   322100014633 | 3.573677e+09 |
|      CAS_CMD_WR STAT      | UMC10C1 |     156580770216 |             0 |   131078940708 | 1.398043e+09 |
|      CAS_CMD_RD STAT      | UMC11C0 |     396666638021 |             0 |   318317883696 | 3.541666e+09 |
|      CAS_CMD_WR STAT      | UMC11C1 |     156464244287 |             0 |   130954979337 | 1.397002e+09 |
+---------------------------+---------+------------------+---------------+----------------+--------------+

+-----------------------------------+-------------+------------+------------+------------+------------+------------+------------+------------+------------+------------+-------------+-------------+-------------+-------------+-------------+-------------+-------------+-------------+-------------+-------------+-------------+-------------+-------------+-------------+-------------+-------------+-------------+-------------+-------------+-------------+-------------+-------------+-------------+-------------+-------------+-------------+-------------+-------------+-------------+-------------+-------------+-------------+-------------+-------------+-------------+-------------+-------------+-------------+-------------+-------------+-------------+-------------+-------------+-------------+-------------+-------------+-------------+-------------+-------------+-------------+-------------+-------------+-------------+-------------+-------------+-------------+-------------+-------------+-------------+-------------+-------------+-------------+-------------+-------------+-------------+-------------+-------------+-------------+-------------+-------------+-------------+-------------+-------------+-------------+-------------+-------------+-------------+-------------+-------------+-------------+-------------+-------------+-------------+-------------+-------------+-------------+-------------+-------------+-------------+-------------+--------------+--------------+--------------+--------------+--------------+--------------+--------------+--------------+--------------+--------------+--------------+--------------+
|               Metric              |  HWThread 0 | HWThread 1 | HWThread 2 | HWThread 3 | HWThread 4 | HWThread 5 | HWThread 6 | HWThread 7 | HWThread 8 | HWThread 9 | HWThread 10 | HWThread 11 | HWThread 12 | HWThread 13 | HWThread 14 | HWThread 15 | HWThread 16 | HWThread 17 | HWThread 18 | HWThread 19 | HWThread 20 | HWThread 21 | HWThread 22 | HWThread 23 | HWThread 24 | HWThread 25 | HWThread 26 | HWThread 27 | HWThread 28 | HWThread 29 | HWThread 30 | HWThread 31 | HWThread 32 | HWThread 33 | HWThread 34 | HWThread 35 | HWThread 36 | HWThread 37 | HWThread 38 | HWThread 39 | HWThread 40 | HWThread 41 | HWThread 42 | HWThread 43 | HWThread 44 | HWThread 45 | HWThread 46 | HWThread 47 | HWThread 48 | HWThread 49 | HWThread 50 | HWThread 51 | HWThread 52 | HWThread 53 | HWThread 54 | HWThread 55 | HWThread 56 | HWThread 57 | HWThread 58 | HWThread 59 | HWThread 60 | HWThread 61 | HWThread 62 | HWThread 63 | HWThread 64 | HWThread 65 | HWThread 66 | HWThread 67 | HWThread 68 | HWThread 69 | HWThread 70 | HWThread 71 | HWThread 72 | HWThread 73 | HWThread 74 | HWThread 75 | HWThread 76 | HWThread 77 | HWThread 78 | HWThread 79 | HWThread 80 | HWThread 81 | HWThread 82 | HWThread 83 | HWThread 84 | HWThread 85 | HWThread 86 | HWThread 87 | HWThread 88 | HWThread 89 | HWThread 90 | HWThread 91 | HWThread 92 | HWThread 93 | HWThread 94 | HWThread 95 | HWThread 96 | HWThread 97 | HWThread 98 | HWThread 99 | HWThread 100 | HWThread 101 | HWThread 102 | HWThread 103 | HWThread 104 | HWThread 105 | HWThread 106 | HWThread 107 | HWThread 108 | HWThread 109 | HWThread 110 | HWThread 111 |
+-----------------------------------+-------------+------------+------------+------------+------------+------------+------------+------------+------------+------------+-------------+-------------+-------------+-------------+-------------+-------------+-------------+-------------+-------------+-------------+-------------+-------------+-------------+-------------+-------------+-------------+-------------+-------------+-------------+-------------+-------------+-------------+-------------+-------------+-------------+-------------+-------------+-------------+-------------+-------------+-------------+-------------+-------------+-------------+-------------+-------------+-------------+-------------+-------------+-------------+-------------+-------------+-------------+-------------+-------------+-------------+-------------+-------------+-------------+-------------+-------------+-------------+-------------+-------------+-------------+-------------+-------------+-------------+-------------+-------------+-------------+-------------+-------------+-------------+-------------+-------------+-------------+-------------+-------------+-------------+-------------+-------------+-------------+-------------+-------------+-------------+-------------+-------------+-------------+-------------+-------------+-------------+-------------+-------------+-------------+-------------+-------------+-------------+-------------+-------------+--------------+--------------+--------------+--------------+--------------+--------------+--------------+--------------+--------------+--------------+--------------+--------------+
|        Runtime (RDTSC) [s]        |   4528.4783 |  4528.4783 |  4528.4783 |  4528.4783 |  4528.4783 |  4528.4783 |  4528.4783 |  4528.4783 |  4528.4783 |  4528.4783 |   4528.4783 |   4528.4783 |   4528.4783 |   4528.4783 |   4528.4783 |   4528.4783 |   4528.4783 |   4528.4783 |   4528.4783 |   4528.4783 |   4528.4783 |   4528.4783 |   4528.4783 |   4528.4783 |   4528.4783 |   4528.4783 |   4528.4783 |   4528.4783 |   4528.4783 |   4528.4783 |   4528.4783 |   4528.4783 |   4528.4783 |   4528.4783 |   4528.4783 |   4528.4783 |   4528.4783 |   4528.4783 |   4528.4783 |   4528.4783 |   4528.4783 |   4528.4783 |   4528.4783 |   4528.4783 |   4528.4783 |   4528.4783 |   4528.4783 |   4528.4783 |   4528.4783 |   4528.4783 |   4528.4783 |   4528.4783 |   4528.4783 |   4528.4783 |   4528.4783 |   4528.4783 |   4528.4783 |   4528.4783 |   4528.4783 |   4528.4783 |   4528.4783 |   4528.4783 |   4528.4783 |   4528.4783 |   4528.4783 |   4528.4783 |   4528.4783 |   4528.4783 |   4528.4783 |   4528.4783 |   4528.4783 |   4528.4783 |   4528.4783 |   4528.4783 |   4528.4783 |   4528.4783 |   4528.4783 |   4528.4783 |   4528.4783 |   4528.4783 |   4528.4783 |   4528.4783 |   4528.4783 |   4528.4783 |   4528.4783 |   4528.4783 |   4528.4783 |   4528.4783 |   4528.4783 |   4528.4783 |   4528.4783 |   4528.4783 |   4528.4783 |   4528.4783 |   4528.4783 |   4528.4783 |   4528.4783 |   4528.4783 |   4528.4783 |   4528.4783 |    4528.4783 |    4528.4783 |    4528.4783 |    4528.4783 |    4528.4783 |    4528.4783 |    4528.4783 |    4528.4783 |    4528.4783 |    4528.4783 |    4528.4783 |    4528.4783 |
|        Runtime unhalted [s]       |   4749.0232 |  2744.0862 |  2714.5050 |  2703.4463 |  2718.4688 |  2705.2542 |  2719.9555 |  2744.1315 |  2483.7529 |  2407.5121 |   2391.8341 |   2380.7719 |   2390.8552 |   2395.3792 |   2409.1283 |   2421.9308 |   2499.6353 |   2474.5325 |   2502.5172 |   2497.6440 |   2491.1474 |   2517.3086 |   2536.1203 |   2566.0378 |   3456.7309 |   3429.3123 |   3419.9026 |   3425.9981 |   3464.4589 |   3456.7756 |   3500.2323 |   3541.2377 |   3114.6705 |   3192.6945 |   3147.3257 |   3168.7057 |   3222.8659 |   3229.0673 |   3276.6105 |   3278.1975 |   3330.3942 |   3273.6198 |   3288.8008 |   3317.0404 |   3365.3952 |   3325.8007 |   3370.5779 |   3461.7058 |   4531.6220 |   4526.5986 |   4508.0299 |   4534.0187 |   4526.3673 |   4507.3612 |   4549.1502 |   4552.4211 |   4514.2393 |   4492.1194 |   4489.8733 |   4512.8052 |   4521.0819 |   4517.4673 |   4527.5177 |   4528.4524 |   4488.0029 |   4481.2220 |   4485.7141 |   4482.9535 |   4518.8174 |   4496.8962 |   4518.5836 |   4515.4930 |   4638.9256 |   4640.1672 |   4634.6076 |   4629.7920 |   4643.1439 |   4645.3830 |   4652.7413 |   4654.1826 |   4526.2591 |   4519.4008 |   4508.9545 |   4600.3484 |   4530.6165 |   4546.7102 |   4530.5810 |   4553.8602 |   4525.9548 |   4503.6945 |   4516.9946 |   4519.2597 |   4542.0605 |   4546.1185 |   4560.2371 |   4545.6792 |   4751.1353 |   4755.2538 |   4747.0383 |   4742.7847 |    4743.5279 |    4748.9783 |    4744.6418 |    4751.4057 |    4761.6269 |    4756.4480 |    4750.5653 |    4751.4699 |    4755.6206 |    4753.0906 |    4744.0016 |    4699.2258 |
|            Clock [MHz]            |   3449.1851 |  3025.2145 |  3031.3648 |  3028.3709 |  3034.6452 |  3022.3617 |  3032.8977 |  3043.2018 |  2902.4838 |  2874.3393 |   2862.8317 |   2855.5199 |   2862.5071 |   2866.1582 |   2875.9539 |   2883.2687 |   2927.2801 |   2915.5240 |   2926.0708 |   2924.9820 |   2920.7449 |   2934.7979 |   2939.8777 |   2958.4675 |   3385.3197 |   3375.8422 |   3366.4352 |   3375.2187 |   3393.0487 |   3387.7834 |   3407.2535 |   3430.9578 |   3218.4669 |   3262.1083 |   3242.0371 |   3253.3290 |   3279.6768 |   3280.8101 |   3305.4145 |   3307.0083 |   3323.8264 |   3300.1767 |   3307.3324 |   3320.6167 |   3346.7321 |   3327.4176 |   3349.3032 |   3390.5655 |   3682.2410 |   3682.2290 |   3681.5228 |   3683.3248 |   3683.1495 |   3685.2006 |   3682.2661 |   3683.1097 |   3683.5451 |   3684.5738 |   3685.4652 |   3685.1253 |   3682.8103 |   3685.1197 |   3683.5862 |   3684.7175 |   3681.8655 |   3682.6184 |   3683.9003 |   3682.9180 |   3683.3318 |   3684.1448 |   3682.4438 |   3684.4236 |   3681.6956 |   3680.5938 |   3681.5130 |   3682.7272 |   3681.7631 |   3682.6943 |   3681.2706 |   3682.1604 |   3684.3548 |   3685.9023 |   3685.8352 |   3685.5123 |   3686.4181 |   3684.3028 |   3686.9455 |   3684.8115 |   3683.0925 |   3684.0369 |   3682.4639 |   3681.6252 |   3682.3036 |   3682.5404 |   3683.1971 |   3683.8569 |   3694.7405 |   3694.1206 |   3696.1287 |   3697.3974 |    3697.1634 |    3696.1107 |    3697.0107 |    3695.0830 |    3692.5546 |    3693.0366 |    3694.6607 |    3694.7598 |    3693.5525 |    3694.4591 |    3696.4792 |    3696.2029 |
|                CPI                |      0.9138 |     0.8611 |     0.8591 |     0.8567 |     0.8607 |     0.8543 |     0.8594 |     0.8661 |     0.7858 |     0.7623 |      0.7584 |      0.7549 |      0.7585 |      0.7598 |      0.7633 |      0.7682 |      0.7930 |      0.7863 |      0.7933 |      0.7927 |      0.7901 |      0.7974 |      0.8026 |      0.8125 |      1.0751 |      1.0683 |      1.0648 |      1.0668 |      1.0784 |      1.0744 |      1.0892 |      1.1018 |      0.9719 |      0.9957 |      0.9840 |      0.9880 |      1.0051 |      1.0074 |      1.0213 |      1.0226 |      1.0374 |      1.0250 |      1.0312 |      1.0389 |      1.0546 |      1.0413 |      1.0553 |      1.0841 |      1.4027 |      1.4014 |      1.3997 |      1.4085 |      1.4057 |      1.4023 |      1.4117 |      1.4131 |      1.3998 |      1.3954 |      1.3961 |      1.4008 |      1.4016 |      1.3999 |      1.4036 |      1.4061 |      1.3933 |      1.3932 |      1.3930 |      1.3880 |      1.4005 |      1.3994 |      1.4029 |      1.4045 |      1.4476 |      1.4487 |      1.4480 |      1.4455 |      1.4440 |      1.4498 |      1.4521 |      1.4543 |      1.4087 |      1.4071 |      1.4089 |      1.4184 |      1.4128 |      1.4165 |      1.4110 |      1.4197 |      1.4119 |      1.4059 |      1.4101 |      1.4096 |      1.4167 |      1.4157 |      1.4202 |      1.4190 |      1.5507 |      1.5518 |      1.5521 |      1.5504 |       1.5509 |       1.5513 |       1.5512 |       1.5517 |       1.5461 |       1.5452 |       1.5472 |       1.5443 |       1.5455 |       1.5447 |       1.5458 |       1.5654 |
|  Memory read bandwidth [MBytes/s] |  54052.2520 |          0 |          0 |          0 |          0 |          0 |          0 |          0 |          0 |          0 |           0 |           0 |           0 |           0 |           0 |           0 |           0 |           0 |           0 |           0 |           0 |           0 |           0 |           0 |           0 |           0 |           0 |           0 |           0 |           0 |           0 |           0 |           0 |           0 |           0 |           0 |           0 |           0 |           0 |           0 |           0 |           0 |           0 |           0 |           0 |           0 |           0 |           0 |           0 |           0 |           0 |           0 |           0 |           0 |           0 |           0 |           0 |           0 |           0 |           0 |           0 |           0 |           0 |           0 |           0 |           0 |           0 |           0 |           0 |           0 |           0 |           0 |           0 |           0 |           0 |           0 |           0 |           0 |           0 |           0 |           0 |           0 |           0 |           0 |           0 |           0 |           0 |           0 |           0 |           0 |           0 |           0 |           0 |           0 |           0 |           0 |  13294.1859 |           0 |           0 |           0 |            0 |            0 |            0 |            0 |            0 |            0 |            0 |            0 |            0 |            0 |            0 |            0 |
|  Memory read data volume [GBytes] | 244774.4487 |          0 |          0 |          0 |          0 |          0 |          0 |          0 |          0 |          0 |           0 |           0 |           0 |           0 |           0 |           0 |           0 |           0 |           0 |           0 |           0 |           0 |           0 |           0 |           0 |           0 |           0 |           0 |           0 |           0 |           0 |           0 |           0 |           0 |           0 |           0 |           0 |           0 |           0 |           0 |           0 |           0 |           0 |           0 |           0 |           0 |           0 |           0 |           0 |           0 |           0 |           0 |           0 |           0 |           0 |           0 |           0 |           0 |           0 |           0 |           0 |           0 |           0 |           0 |           0 |           0 |           0 |           0 |           0 |           0 |           0 |           0 |           0 |           0 |           0 |           0 |           0 |           0 |           0 |           0 |           0 |           0 |           0 |           0 |           0 |           0 |           0 |           0 |           0 |           0 |           0 |           0 |           0 |           0 |           0 |           0 |  60202.4322 |           0 |           0 |           0 |            0 |            0 |            0 |            0 |            0 |            0 |            0 |            0 |            0 |            0 |            0 |            0 |
| Memory write bandwidth [MBytes/s] |  22229.8731 |          0 |          0 |          0 |          0 |          0 |          0 |          0 |          0 |          0 |           0 |           0 |           0 |           0 |           0 |           0 |           0 |           0 |           0 |           0 |           0 |           0 |           0 |           0 |           0 |           0 |           0 |           0 |           0 |           0 |           0 |           0 |           0 |           0 |           0 |           0 |           0 |           0 |           0 |           0 |           0 |           0 |           0 |           0 |           0 |           0 |           0 |           0 |           0 |           0 |           0 |           0 |           0 |           0 |           0 |           0 |           0 |           0 |           0 |           0 |           0 |           0 |           0 |           0 |           0 |           0 |           0 |           0 |           0 |           0 |           0 |           0 |           0 |           0 |           0 |           0 |           0 |           0 |           0 |           0 |           0 |           0 |           0 |           0 |           0 |           0 |           0 |           0 |           0 |           0 |           0 |           0 |           0 |           0 |           0 |           0 |   4323.0651 |           0 |           0 |           0 |            0 |            0 |            0 |            0 |            0 |            0 |            0 |            0 |            0 |            0 |            0 |            0 |
| Memory write data volume [GBytes] | 100667.4972 |          0 |          0 |          0 |          0 |          0 |          0 |          0 |          0 |          0 |           0 |           0 |           0 |           0 |           0 |           0 |           0 |           0 |           0 |           0 |           0 |           0 |           0 |           0 |           0 |           0 |           0 |           0 |           0 |           0 |           0 |           0 |           0 |           0 |           0 |           0 |           0 |           0 |           0 |           0 |           0 |           0 |           0 |           0 |           0 |           0 |           0 |           0 |           0 |           0 |           0 |           0 |           0 |           0 |           0 |           0 |           0 |           0 |           0 |           0 |           0 |           0 |           0 |           0 |           0 |           0 |           0 |           0 |           0 |           0 |           0 |           0 |           0 |           0 |           0 |           0 |           0 |           0 |           0 |           0 |           0 |           0 |           0 |           0 |           0 |           0 |           0 |           0 |           0 |           0 |           0 |           0 |           0 |           0 |           0 |           0 |  19576.9065 |           0 |           0 |           0 |            0 |            0 |            0 |            0 |            0 |            0 |            0 |            0 |            0 |            0 |            0 |            0 |
|    Memory bandwidth [MBytes/s]    |  76282.1251 |          0 |          0 |          0 |          0 |          0 |          0 |          0 |          0 |          0 |           0 |           0 |           0 |           0 |           0 |           0 |           0 |           0 |           0 |           0 |           0 |           0 |           0 |           0 |           0 |           0 |           0 |           0 |           0 |           0 |           0 |           0 |           0 |           0 |           0 |           0 |           0 |           0 |           0 |           0 |           0 |           0 |           0 |           0 |           0 |           0 |           0 |           0 |           0 |           0 |           0 |           0 |           0 |           0 |           0 |           0 |           0 |           0 |           0 |           0 |           0 |           0 |           0 |           0 |           0 |           0 |           0 |           0 |           0 |           0 |           0 |           0 |           0 |           0 |           0 |           0 |           0 |           0 |           0 |           0 |           0 |           0 |           0 |           0 |           0 |           0 |           0 |           0 |           0 |           0 |           0 |           0 |           0 |           0 |           0 |           0 |  17617.2511 |           0 |           0 |           0 |            0 |            0 |            0 |            0 |            0 |            0 |            0 |            0 |            0 |            0 |            0 |            0 |
|    Memory data volume [GBytes]    | 345441.9459 |          0 |          0 |          0 |          0 |          0 |          0 |          0 |          0 |          0 |           0 |           0 |           0 |           0 |           0 |           0 |           0 |           0 |           0 |           0 |           0 |           0 |           0 |           0 |           0 |           0 |           0 |           0 |           0 |           0 |           0 |           0 |           0 |           0 |           0 |           0 |           0 |           0 |           0 |           0 |           0 |           0 |           0 |           0 |           0 |           0 |           0 |           0 |           0 |           0 |           0 |           0 |           0 |           0 |           0 |           0 |           0 |           0 |           0 |           0 |           0 |           0 |           0 |           0 |           0 |           0 |           0 |           0 |           0 |           0 |           0 |           0 |           0 |           0 |           0 |           0 |           0 |           0 |           0 |           0 |           0 |           0 |           0 |           0 |           0 |           0 |           0 |           0 |           0 |           0 |           0 |           0 |           0 |           0 |           0 |           0 |  79779.3387 |           0 |           0 |           0 |            0 |            0 |            0 |            0 |            0 |            0 |            0 |            0 |            0 |            0 |            0 |            0 |
+-----------------------------------+-------------+------------+------------+------------+------------+------------+------------+------------+------------+------------+-------------+-------------+-------------+-------------+-------------+-------------+-------------+-------------+-------------+-------------+-------------+-------------+-------------+-------------+-------------+-------------+-------------+-------------+-------------+-------------+-------------+-------------+-------------+-------------+-------------+-------------+-------------+-------------+-------------+-------------+-------------+-------------+-------------+-------------+-------------+-------------+-------------+-------------+-------------+-------------+-------------+-------------+-------------+-------------+-------------+-------------+-------------+-------------+-------------+-------------+-------------+-------------+-------------+-------------+-------------+-------------+-------------+-------------+-------------+-------------+-------------+-------------+-------------+-------------+-------------+-------------+-------------+-------------+-------------+-------------+-------------+-------------+-------------+-------------+-------------+-------------+-------------+-------------+-------------+-------------+-------------+-------------+-------------+-------------+-------------+-------------+-------------+-------------+-------------+-------------+--------------+--------------+--------------+--------------+--------------+--------------+--------------+--------------+--------------+--------------+--------------+--------------+

+----------------------------------------+-------------+-----------+-------------+-----------+
|                 Metric                 |     Sum     |    Min    |     Max     |    Avg    |
+----------------------------------------+-------------+-----------+-------------+-----------+
|        Runtime (RDTSC) [s] STAT        | 507189.5696 | 4528.4783 |   4528.4783 | 4528.4783 |
|        Runtime unhalted [s] STAT       | 437222.3946 | 2380.7719 |   4761.6269 | 3903.7714 |
|            Clock [MHz] STAT            | 386963.4402 | 2855.5199 |   3697.3974 | 3455.0307 |
|                CPI STAT                |    137.0126 |    0.7549 |      1.5654 |    1.2233 |
|  Memory read bandwidth [MBytes/s] STAT |  67346.4379 |         0 |  54052.2520 |  601.3075 |
|  Memory read data volume [GBytes] STAT | 304976.8809 |         0 | 244774.4487 | 2723.0079 |
| Memory write bandwidth [MBytes/s] STAT |  26552.9382 |         0 |  22229.8731 |  237.0798 |
| Memory write data volume [GBytes] STAT | 120244.4037 |         0 | 100667.4972 | 1073.6107 |
|    Memory bandwidth [MBytes/s] STAT    |  93899.3762 |         0 |  76282.1251 |  838.3873 |
|    Memory data volume [GBytes] STAT    | 425221.2846 |         0 | 345441.9459 | 3796.6186 |
+----------------------------------------+-------------+-----------+-------------+-----------+

