INFO: You are running LIKWID in a cpuset with 32 CPUs. Taking given IDs as logical ID in cpuset
--------------------------------------------------------------------------------
CPU name:	AMD EPYC 9A14 96-Core Processor                
CPU type:	AMD K19 (Zen4) architecture
CPU clock:	2.60 GHz
--------------------------------------------------------------------------------
Use symmetry. Molecule point group: Coov
Norb: 20   Ne: (7, 7)
Running RHF...
converged SCF energy = -92.827631799365
Running FCI ...
Guessing CI wfn symmetry = 0
Num symmetry allowed elements 1502950144
tol 1e-10  toloose 1e-05
max_cycle 100  max_space 12  max_memory 683568  incore True
    CPU time for contract_2e   4199.19 sec, wall time    135.16 sec
davidson 0 1  |r|= 0.77  e= [-116.65141583]  max|de|= -117  lindep=    1
    CPU time for contract_2e   4239.85 sec, wall time    145.90 sec
davidson 1 2  |r|= 0.371  e= [-116.83564519]  max|de|= -0.184  lindep= 0.978
    CPU time for contract_2e   4255.43 sec, wall time    152.22 sec
davidson 2 3  |r|= 0.145  e= [-116.87066041]  max|de|= -0.035  lindep= 0.996
    CPU time for contract_2e   4510.24 sec, wall time    174.21 sec
davidson 3 4  |r|= 0.0579  e= [-116.87548655]  max|de|= -0.00483  lindep= 0.981
    CPU time for contract_2e   4582.67 sec, wall time    187.06 sec
davidson 4 5  |r|= 0.0283  e= [-116.87622039]  max|de|= -0.000734  lindep= 0.934
    CPU time for contract_2e   4617.48 sec, wall time    196.95 sec
davidson 5 6  |r|= 0.0133  e= [-116.8764033]  max|de|= -0.000183  lindep= 0.902
    CPU time for contract_2e   4647.09 sec, wall time    206.31 sec
davidson 6 7  |r|= 0.00565  e= [-116.87644024]  max|de|= -3.69e-05  lindep= 0.927
    CPU time for contract_2e   4675.90 sec, wall time    215.84 sec
davidson 7 8  |r|= 0.00224  e= [-116.87644619]  max|de|= -5.95e-06  lindep= 0.932
    CPU time for contract_2e   4704.86 sec, wall time    225.17 sec
davidson 8 9  |r|= 0.000882  e= [-116.87644712]  max|de|= -9.33e-07  lindep= 0.918
    CPU time for contract_2e   4733.91 sec, wall time    234.51 sec
davidson 9 10  |r|= 0.000388  e= [-116.87644727]  max|de|= -1.55e-07  lindep= 0.919
    CPU time for contract_2e   4773.62 sec, wall time    244.22 sec
davidson 10 11  |r|= 0.000183  e= [-116.8764473]  max|de|= -3.05e-08  lindep= 0.897
    CPU time for contract_2e   4664.24 sec, wall time    236.39 sec
davidson 11 12  |r|= 8.85e-05  e= [-116.87644731]  max|de|= -7.18e-09  lindep= 0.904
    CPU time for contract_2e   4535.05 sec, wall time    240.43 sec
davidson 12 1  |r|= 8.85e-05  e= [-116.87644731]  max|de|= 9.38e-12  lindep=    1
    CPU time for contract_2e   4243.49 sec, wall time    146.18 sec
davidson 13 2  |r|= 3.82e-05  e= [-116.87644731]  max|de|= -1.28e-09  lindep= 0.995
    CPU time for contract_2e   4257.42 sec, wall time    151.96 sec
davidson 14 3  |r|= 2.39e-05  e= [-116.87644731]  max|de|= -4.53e-10  lindep= 0.908
    CPU time for contract_2e   4281.77 sec, wall time    158.05 sec
davidson 15 4  |r|= 1.11e-05  e= [-116.87644731]  max|de|= -1.15e-10  lindep= 0.858
    CPU time for contract_2e   4322.14 sec, wall time    165.52 sec
root 0 converged  |r|= 4.65e-06  e= -116.87644731371972  max|de|= -2.32e-11
converged 16 5  |r|= 4.65e-06  e= [-116.87644731]  max|de|= -2.32e-11
--------------------------------------------------------------------------------
Group 1: MEM
+----------------------+---------+----------------+----------------+----------------+----------------+----------------+----------------+----------------+----------------+----------------+----------------+----------------+----------------+----------------+----------------+----------------+----------------+----------------+----------------+----------------+----------------+----------------+----------------+----------------+----------------+----------------+----------------+----------------+----------------+----------------+----------------+----------------+----------------+
|         Event        | Counter |   HWThread 0   |   HWThread 1   |   HWThread 2   |   HWThread 3   |   HWThread 4   |   HWThread 5   |   HWThread 6   |   HWThread 7   |   HWThread 8   |   HWThread 9   |   HWThread 10  |   HWThread 11  |   HWThread 12  |   HWThread 13  |   HWThread 14  |   HWThread 15  |   HWThread 16  |   HWThread 17  |   HWThread 18  |   HWThread 19  |   HWThread 20  |   HWThread 21  |   HWThread 22  |   HWThread 23  |   HWThread 24  |   HWThread 25  |   HWThread 26  |   HWThread 27  |   HWThread 28  |   HWThread 29  |   HWThread 30  |   HWThread 31  |
+----------------------+---------+----------------+----------------+----------------+----------------+----------------+----------------+----------------+----------------+----------------+----------------+----------------+----------------+----------------+----------------+----------------+----------------+----------------+----------------+----------------+----------------+----------------+----------------+----------------+----------------+----------------+----------------+----------------+----------------+----------------+----------------+----------------+----------------+
|   ACTUAL_CPU_CLOCK   |  FIXC1  | 13023257541523 |  8890311898091 |  8857951823269 |  8858426326684 |  8858753916557 |  8858528090374 |  8858632615624 |  8858134446583 |  8840628823174 |  8830339752777 |  8829990391669 |  8830055055018 |  8831292353739 |  8831250127899 |  8830986796636 |  8830862670203 |  8855530568729 |  8855828559378 |  8855766737943 |  8855148608558 |  8856506325254 |  8856377219430 |  8856040525138 |  8855704488861 |  8831781027609 |  8830149347604 |  8829133025896 |  8829686050071 |  8829818166453 |  8828678924293 |  8830772005806 |  8828823836517 |
|     MAX_CPU_CLOCK    |  FIXC2  |  9153116878256 |  6307332407714 |  6244617358564 |  6244115395466 |  6244601808328 |  6244375042542 |  6244629667510 |  6244274265736 |  6224908672060 |  6224279252516 |  6224342573618 |  6224561645640 |  6225348415260 |  6225453152932 |  6225199020014 |  6225232499356 |  6242271942270 |  6242257469838 |  6242130321674 |  6242068828320 |  6242811340142 |  6242710663306 |  6242222208560 |  6242124752812 |  6224021801790 |  6224508974788 |  6224016666374 |  6224521347200 |  6224428835794 |  6224040672746 |  6224997813996 |  6223573814952 |
| RETIRED_INSTRUCTIONS |   PMC0  | 27652270441935 | 24597356692868 | 24600057484277 | 24598336216782 | 24601020928668 | 24595052170589 | 24597429886836 | 24594773761030 | 24615569630604 | 24617689743597 | 24612431324576 | 24614375923309 | 24615909787741 | 24606719977755 | 24611072548993 | 24609470634881 | 24571421517659 | 24571165735547 | 24569367256190 | 24568490155614 | 24571650452948 | 24559321928351 | 24564934409857 | 24561522316503 | 24564535001767 | 24564087966587 | 24561068689482 | 24559468121642 | 24562129307529 | 24552742579322 | 24559717769692 | 24544511341757 |
|  CPU_CLOCKS_UNHALTED |   PMC1  | 11079204088417 |  8634096926941 |  8637355463876 |  8638236358790 |  8634307458671 |  8640369805624 |  8633259221159 |  8636035215639 |  8610943721414 |  8604970264780 |  8599501107000 |  8602805586522 |  8595272418151 |  8603614479830 |  8596961012638 |  8596478790595 |  8634502213775 |  8634770630203 |  8631695318223 |  8632499782638 |  8631015274428 |  8633503553196 |  8631325801219 |  8632057793207 |  8596195166467 |  8594003074572 |  8585577516091 |  8593580844839 |  8592926637448 |  8591386152174 |  8589494901924 |  8590402606068 |
|      CAS_CMD_RD      |  UMC0C0 |   177325799360 |              0 |              0 |              0 |              0 |              0 |              0 |              0 |              0 |              0 |              0 |              0 |              0 |              0 |              0 |              0 |              0 |              0 |              0 |              0 |              0 |              0 |              0 |              0 |              0 |              0 |              0 |              0 |              0 |              0 |              0 |              0 |
|      CAS_CMD_WR      |  UMC0C1 |    59719704823 |              0 |              0 |              0 |              0 |              0 |              0 |              0 |              0 |              0 |              0 |              0 |              0 |              0 |              0 |              0 |              0 |              0 |              0 |              0 |              0 |              0 |              0 |              0 |              0 |              0 |              0 |              0 |              0 |              0 |              0 |              0 |
|      CAS_CMD_RD      |  UMC1C0 |   178116145664 |              0 |              0 |              0 |              0 |              0 |              0 |              0 |              0 |              0 |              0 |              0 |              0 |              0 |              0 |              0 |              0 |              0 |              0 |              0 |              0 |              0 |              0 |              0 |              0 |              0 |              0 |              0 |              0 |              0 |              0 |              0 |
|      CAS_CMD_WR      |  UMC1C1 |    59817914926 |              0 |              0 |              0 |              0 |              0 |              0 |              0 |              0 |              0 |              0 |              0 |              0 |              0 |              0 |              0 |              0 |              0 |              0 |              0 |              0 |              0 |              0 |              0 |              0 |              0 |              0 |              0 |              0 |              0 |              0 |              0 |
|      CAS_CMD_RD      |  UMC2C0 |   178412185649 |              0 |              0 |              0 |              0 |              0 |              0 |              0 |              0 |              0 |              0 |              0 |              0 |              0 |              0 |              0 |              0 |              0 |              0 |              0 |              0 |              0 |              0 |              0 |              0 |              0 |              0 |              0 |              0 |              0 |              0 |              0 |
|      CAS_CMD_WR      |  UMC2C1 |    59735424068 |              0 |              0 |              0 |              0 |              0 |              0 |              0 |              0 |              0 |              0 |              0 |              0 |              0 |              0 |              0 |              0 |              0 |              0 |              0 |              0 |              0 |              0 |              0 |              0 |              0 |              0 |              0 |              0 |              0 |              0 |              0 |
|      CAS_CMD_RD      |  UMC3C0 |   177305478094 |              0 |              0 |              0 |              0 |              0 |              0 |              0 |              0 |              0 |              0 |              0 |              0 |              0 |              0 |              0 |              0 |              0 |              0 |              0 |              0 |              0 |              0 |              0 |              0 |              0 |              0 |              0 |              0 |              0 |              0 |              0 |
|      CAS_CMD_WR      |  UMC3C1 |    59817003533 |              0 |              0 |              0 |              0 |              0 |              0 |              0 |              0 |              0 |              0 |              0 |              0 |              0 |              0 |              0 |              0 |              0 |              0 |              0 |              0 |              0 |              0 |              0 |              0 |              0 |              0 |              0 |              0 |              0 |              0 |              0 |
|      CAS_CMD_RD      |  UMC4C0 |   176604265322 |              0 |              0 |              0 |              0 |              0 |              0 |              0 |              0 |              0 |              0 |              0 |              0 |              0 |              0 |              0 |              0 |              0 |              0 |              0 |              0 |              0 |              0 |              0 |              0 |              0 |              0 |              0 |              0 |              0 |              0 |              0 |
|      CAS_CMD_WR      |  UMC4C1 |    59798389305 |              0 |              0 |              0 |              0 |              0 |              0 |              0 |              0 |              0 |              0 |              0 |              0 |              0 |              0 |              0 |              0 |              0 |              0 |              0 |              0 |              0 |              0 |              0 |              0 |              0 |              0 |              0 |              0 |              0 |              0 |              0 |
|      CAS_CMD_RD      |  UMC5C0 |   178350768938 |              0 |              0 |              0 |              0 |              0 |              0 |              0 |              0 |              0 |              0 |              0 |              0 |              0 |              0 |              0 |              0 |              0 |              0 |              0 |              0 |              0 |              0 |              0 |              0 |              0 |              0 |              0 |              0 |              0 |              0 |              0 |
|      CAS_CMD_WR      |  UMC5C1 |    59741336831 |              0 |              0 |              0 |              0 |              0 |              0 |              0 |              0 |              0 |              0 |              0 |              0 |              0 |              0 |              0 |              0 |              0 |              0 |              0 |              0 |              0 |              0 |              0 |              0 |              0 |              0 |              0 |              0 |              0 |              0 |              0 |
|      CAS_CMD_RD      |  UMC6C0 |   179583587805 |              0 |              0 |              0 |              0 |              0 |              0 |              0 |              0 |              0 |              0 |              0 |              0 |              0 |              0 |              0 |              0 |              0 |              0 |              0 |              0 |              0 |              0 |              0 |              0 |              0 |              0 |              0 |              0 |              0 |              0 |              0 |
|      CAS_CMD_WR      |  UMC6C1 |    59952128552 |              0 |              0 |              0 |              0 |              0 |              0 |              0 |              0 |              0 |              0 |              0 |              0 |              0 |              0 |              0 |              0 |              0 |              0 |              0 |              0 |              0 |              0 |              0 |              0 |              0 |              0 |              0 |              0 |              0 |              0 |              0 |
|      CAS_CMD_RD      |  UMC7C0 |   176733308106 |              0 |              0 |              0 |              0 |              0 |              0 |              0 |              0 |              0 |              0 |              0 |              0 |              0 |              0 |              0 |              0 |              0 |              0 |              0 |              0 |              0 |              0 |              0 |              0 |              0 |              0 |              0 |              0 |              0 |              0 |              0 |
|      CAS_CMD_WR      |  UMC7C1 |    59809069864 |              0 |              0 |              0 |              0 |              0 |              0 |              0 |              0 |              0 |              0 |              0 |              0 |              0 |              0 |              0 |              0 |              0 |              0 |              0 |              0 |              0 |              0 |              0 |              0 |              0 |              0 |              0 |              0 |              0 |              0 |              0 |
|      CAS_CMD_RD      |  UMC8C0 |   178535682357 |              0 |              0 |              0 |              0 |              0 |              0 |              0 |              0 |              0 |              0 |              0 |              0 |              0 |              0 |              0 |              0 |              0 |              0 |              0 |              0 |              0 |              0 |              0 |              0 |              0 |              0 |              0 |              0 |              0 |              0 |              0 |
|      CAS_CMD_WR      |  UMC8C1 |    59908055964 |              0 |              0 |              0 |              0 |              0 |              0 |              0 |              0 |              0 |              0 |              0 |              0 |              0 |              0 |              0 |              0 |              0 |              0 |              0 |              0 |              0 |              0 |              0 |              0 |              0 |              0 |              0 |              0 |              0 |              0 |              0 |
|      CAS_CMD_RD      |  UMC9C0 |   179591705144 |              0 |              0 |              0 |              0 |              0 |              0 |              0 |              0 |              0 |              0 |              0 |              0 |              0 |              0 |              0 |              0 |              0 |              0 |              0 |              0 |              0 |              0 |              0 |              0 |              0 |              0 |              0 |              0 |              0 |              0 |              0 |
|      CAS_CMD_WR      |  UMC9C1 |    59779908044 |              0 |              0 |              0 |              0 |              0 |              0 |              0 |              0 |              0 |              0 |              0 |              0 |              0 |              0 |              0 |              0 |              0 |              0 |              0 |              0 |              0 |              0 |              0 |              0 |              0 |              0 |              0 |              0 |              0 |              0 |              0 |
|      CAS_CMD_RD      | UMC10C0 |   177817879830 |              0 |              0 |              0 |              0 |              0 |              0 |              0 |              0 |              0 |              0 |              0 |              0 |              0 |              0 |              0 |              0 |              0 |              0 |              0 |              0 |              0 |              0 |              0 |              0 |              0 |              0 |              0 |              0 |              0 |              0 |              0 |
|      CAS_CMD_WR      | UMC10C1 |    59794621143 |              0 |              0 |              0 |              0 |              0 |              0 |              0 |              0 |              0 |              0 |              0 |              0 |              0 |              0 |              0 |              0 |              0 |              0 |              0 |              0 |              0 |              0 |              0 |              0 |              0 |              0 |              0 |              0 |              0 |              0 |              0 |
|      CAS_CMD_RD      | UMC11C0 |   179697926650 |              0 |              0 |              0 |              0 |              0 |              0 |              0 |              0 |              0 |              0 |              0 |              0 |              0 |              0 |              0 |              0 |              0 |              0 |              0 |              0 |              0 |              0 |              0 |              0 |              0 |              0 |              0 |              0 |              0 |              0 |              0 |
|      CAS_CMD_WR      | UMC11C1 |    59947475258 |              0 |              0 |              0 |              0 |              0 |              0 |              0 |              0 |              0 |              0 |              0 |              0 |              0 |              0 |              0 |              0 |              0 |              0 |              0 |              0 |              0 |              0 |              0 |              0 |              0 |              0 |              0 |              0 |              0 |              0 |              0 |
+----------------------+---------+----------------+----------------+----------------+----------------+----------------+----------------+----------------+----------------+----------------+----------------+----------------+----------------+----------------+----------------+----------------+----------------+----------------+----------------+----------------+----------------+----------------+----------------+----------------+----------------+----------------+----------------+----------------+----------------+----------------+----------------+----------------+----------------+

+---------------------------+---------+-----------------+----------------+----------------+---------------+
|           Event           | Counter |       Sum       |       Min      |       Max      |      Avg      |
+---------------------------+---------+-----------------+----------------+----------------+---------------+
|   ACTUAL_CPU_CLOCK STAT   |  FIXC1  | 287205148047360 |  8828678924293 | 13023257541523 | 8975160876480 |
|     MAX_CPU_CLOCK STAT    |  FIXC2  | 202459095510074 |  6223573814952 |  9153116878256 |  6.326847e+12 |
| RETIRED_INSTRUCTIONS STAT |   PMC0  | 789745671704888 | 24544511341757 | 27652270441935 |      nil      |
|  CPU_CLOCKS_UNHALTED STAT |   PMC1  | 278138349186519 |  8585577516091 | 11079204088417 |  8.691823e+12 |
|      CAS_CMD_RD STAT      |  UMC0C0 |    177325799360 |              0 |   177325799360 |    5541431230 |
|      CAS_CMD_WR STAT      |  UMC0C1 |     59719704823 |              0 |    59719704823 |  1.866241e+09 |
|      CAS_CMD_RD STAT      |  UMC1C0 |    178116145664 |              0 |   178116145664 |    5566129552 |
|      CAS_CMD_WR STAT      |  UMC1C1 |     59817914926 |              0 |    59817914926 |  1.869310e+09 |
|      CAS_CMD_RD STAT      |  UMC2C0 |    178412185649 |              0 |   178412185649 |  5.575381e+09 |
|      CAS_CMD_WR STAT      |  UMC2C1 |     59735424068 |              0 |    59735424068 |  1.866732e+09 |
|      CAS_CMD_RD STAT      |  UMC3C0 |    177305478094 |              0 |   177305478094 |  5.540796e+09 |
|      CAS_CMD_WR STAT      |  UMC3C1 |     59817003533 |              0 |    59817003533 |  1.869281e+09 |
|      CAS_CMD_RD STAT      |  UMC4C0 |    176604265322 |              0 |   176604265322 |  5.518883e+09 |
|      CAS_CMD_WR STAT      |  UMC4C1 |     59798389305 |              0 |    59798389305 |  1.868700e+09 |
|      CAS_CMD_RD STAT      |  UMC5C0 |    178350768938 |              0 |   178350768938 |  5.573462e+09 |
|      CAS_CMD_WR STAT      |  UMC5C1 |     59741336831 |              0 |    59741336831 |  1.866917e+09 |
|      CAS_CMD_RD STAT      |  UMC6C0 |    179583587805 |              0 |   179583587805 |  5.611987e+09 |
|      CAS_CMD_WR STAT      |  UMC6C1 |     59952128552 |              0 |    59952128552 |  1.873504e+09 |
|      CAS_CMD_RD STAT      |  UMC7C0 |    176733308106 |              0 |   176733308106 |  5.522916e+09 |
|      CAS_CMD_WR STAT      |  UMC7C1 |     59809069864 |              0 |    59809069864 |  1.869033e+09 |
|      CAS_CMD_RD STAT      |  UMC8C0 |    178535682357 |              0 |   178535682357 |  5.579240e+09 |
|      CAS_CMD_WR STAT      |  UMC8C1 |     59908055964 |              0 |    59908055964 |  1.872127e+09 |
|      CAS_CMD_RD STAT      |  UMC9C0 |    179591705144 |              0 |   179591705144 |  5.612241e+09 |
|      CAS_CMD_WR STAT      |  UMC9C1 |     59779908044 |              0 |    59779908044 |  1.868122e+09 |
|      CAS_CMD_RD STAT      | UMC10C0 |    177817879830 |              0 |   177817879830 |  5.556809e+09 |
|      CAS_CMD_WR STAT      | UMC10C1 |     59794621143 |              0 |    59794621143 |  1.868582e+09 |
|      CAS_CMD_RD STAT      | UMC11C0 |    179697926650 |              0 |   179697926650 |  5.615560e+09 |
|      CAS_CMD_WR STAT      | UMC11C1 |     59947475258 |              0 |    59947475258 |  1.873359e+09 |
+---------------------------+---------+-----------------+----------------+----------------+---------------+

+-----------------------------------+-------------+------------+------------+------------+------------+------------+------------+------------+------------+------------+-------------+-------------+-------------+-------------+-------------+-------------+-------------+-------------+-------------+-------------+-------------+-------------+-------------+-------------+-------------+-------------+-------------+-------------+-------------+-------------+-------------+-------------+
|               Metric              |  HWThread 0 | HWThread 1 | HWThread 2 | HWThread 3 | HWThread 4 | HWThread 5 | HWThread 6 | HWThread 7 | HWThread 8 | HWThread 9 | HWThread 10 | HWThread 11 | HWThread 12 | HWThread 13 | HWThread 14 | HWThread 15 | HWThread 16 | HWThread 17 | HWThread 18 | HWThread 19 | HWThread 20 | HWThread 21 | HWThread 22 | HWThread 23 | HWThread 24 | HWThread 25 | HWThread 26 | HWThread 27 | HWThread 28 | HWThread 29 | HWThread 30 | HWThread 31 |
+-----------------------------------+-------------+------------+------------+------------+------------+------------+------------+------------+------------+------------+-------------+-------------+-------------+-------------+-------------+-------------+-------------+-------------+-------------+-------------+-------------+-------------+-------------+-------------+-------------+-------------+-------------+-------------+-------------+-------------+-------------+-------------+
|        Runtime (RDTSC) [s]        |   3506.2229 |  3506.2229 |  3506.2229 |  3506.2229 |  3506.2229 |  3506.2229 |  3506.2229 |  3506.2229 |  3506.2229 |  3506.2229 |   3506.2229 |   3506.2229 |   3506.2229 |   3506.2229 |   3506.2229 |   3506.2229 |   3506.2229 |   3506.2229 |   3506.2229 |   3506.2229 |   3506.2229 |   3506.2229 |   3506.2229 |   3506.2229 |   3506.2229 |   3506.2229 |   3506.2229 |   3506.2229 |   3506.2229 |   3506.2229 |   3506.2229 |   3506.2229 |
|        Runtime unhalted [s]       |   5008.9793 |  3419.3740 |  3406.9277 |  3407.1102 |  3407.2362 |  3407.1494 |  3407.1896 |  3406.9980 |  3400.2650 |  3396.3076 |   3396.1732 |   3396.1981 |   3396.6740 |   3396.6578 |   3396.5565 |   3396.5087 |   3405.9965 |   3406.1111 |   3406.0873 |   3405.8495 |   3406.3717 |   3406.3221 |   3406.1926 |   3406.0633 |   3396.8620 |   3396.2344 |   3395.8435 |   3396.0562 |   3396.1070 |   3395.6688 |   3396.4739 |   3395.7246 |
|            Clock [MHz]            |   3699.3125 |  3664.7274 |  3688.0591 |  3688.5532 |  3688.4023 |  3688.4422 |  3688.3353 |  3688.3378 |  3692.5005 |  3688.5760 |   3688.3926 |   3688.2898 |   3688.3404 |   3688.2607 |   3688.3013 |   3688.2296 |   3688.4364 |   3688.5691 |   3688.6184 |   3688.3973 |   3688.5241 |   3688.5298 |   3688.6782 |   3688.5958 |   3689.3307 |   3688.3604 |   3688.2276 |   3688.1595 |   3688.2695 |   3688.0236 |   3688.3308 |   3688.3608 |
|                CPI                |      0.4007 |     0.3510 |     0.3511 |     0.3512 |     0.3510 |     0.3513 |     0.3510 |     0.3511 |     0.3498 |     0.3495 |      0.3494 |      0.3495 |      0.3492 |      0.3496 |      0.3493 |      0.3493 |      0.3514 |      0.3514 |      0.3513 |      0.3514 |      0.3513 |      0.3515 |      0.3514 |      0.3514 |      0.3499 |      0.3499 |      0.3496 |      0.3499 |      0.3498 |      0.3499 |      0.3497 |      0.3500 |
|  Memory read bandwidth [MBytes/s] |  39026.8347 |          0 |          0 |          0 |          0 |          0 |          0 |          0 |          0 |          0 |           0 |           0 |           0 |           0 |           0 |           0 |           0 |           0 |           0 |           0 |           0 |           0 |           0 |           0 |           0 |           0 |           0 |           0 |           0 |           0 |           0 |           0 |
|  Memory read data volume [GBytes] | 136836.7829 |          0 |          0 |          0 |          0 |          0 |          0 |          0 |          0 |          0 |           0 |           0 |           0 |           0 |           0 |           0 |           0 |           0 |           0 |           0 |           0 |           0 |           0 |           0 |           0 |           0 |           0 |           0 |           0 |           0 |           0 |           0 |
| Memory write bandwidth [MBytes/s] |  13102.5742 |          0 |          0 |          0 |          0 |          0 |          0 |          0 |          0 |          0 |           0 |           0 |           0 |           0 |           0 |           0 |           0 |           0 |           0 |           0 |           0 |           0 |           0 |           0 |           0 |           0 |           0 |           0 |           0 |           0 |           0 |           0 |
| Memory write data volume [GBytes] |  45940.5461 |          0 |          0 |          0 |          0 |          0 |          0 |          0 |          0 |          0 |           0 |           0 |           0 |           0 |           0 |           0 |           0 |           0 |           0 |           0 |           0 |           0 |           0 |           0 |           0 |           0 |           0 |           0 |           0 |           0 |           0 |           0 |
|    Memory bandwidth [MBytes/s]    |  52129.4088 |          0 |          0 |          0 |          0 |          0 |          0 |          0 |          0 |          0 |           0 |           0 |           0 |           0 |           0 |           0 |           0 |           0 |           0 |           0 |           0 |           0 |           0 |           0 |           0 |           0 |           0 |           0 |           0 |           0 |           0 |           0 |
|    Memory data volume [GBytes]    | 182777.3290 |          0 |          0 |          0 |          0 |          0 |          0 |          0 |          0 |          0 |           0 |           0 |           0 |           0 |           0 |           0 |           0 |           0 |           0 |           0 |           0 |           0 |           0 |           0 |           0 |           0 |           0 |           0 |           0 |           0 |           0 |           0 |
+-----------------------------------+-------------+------------+------------+------------+------------+------------+------------+------------+------------+------------+-------------+-------------+-------------+-------------+-------------+-------------+-------------+-------------+-------------+-------------+-------------+-------------+-------------+-------------+-------------+-------------+-------------+-------------+-------------+-------------+-------------+-------------+

+----------------------------------------+-------------+-----------+-------------+-----------+
|                 Metric                 |     Sum     |    Min    |     Max     |    Avg    |
+----------------------------------------+-------------+-----------+-------------+-----------+
|        Runtime (RDTSC) [s] STAT        | 112199.1328 | 3506.2229 |   3506.2229 | 3506.2229 |
|        Runtime unhalted [s] STAT       | 110464.2698 | 3395.6688 |   5008.9793 | 3452.0084 |
|            Clock [MHz] STAT            | 118020.4727 | 3664.7274 |   3699.3125 | 3688.1398 |
|                CPI STAT                |     11.2638 |    0.3492 |      0.4007 |    0.3520 |
|  Memory read bandwidth [MBytes/s] STAT |  39026.8347 |         0 |  39026.8347 | 1219.5886 |
|  Memory read data volume [GBytes] STAT | 136836.7829 |         0 | 136836.7829 | 4276.1495 |
| Memory write bandwidth [MBytes/s] STAT |  13102.5742 |         0 |  13102.5742 |  409.4554 |
| Memory write data volume [GBytes] STAT |  45940.5461 |         0 |  45940.5461 | 1435.6421 |
|    Memory bandwidth [MBytes/s] STAT    |  52129.4088 |         0 |  52129.4088 | 1629.0440 |
|    Memory data volume [GBytes] STAT    | 182777.3290 |         0 | 182777.3290 | 5711.7915 |
+----------------------------------------+-------------+-----------+-------------+-----------+

