INFO: You are running LIKWID in a cpuset with 48 CPUs. Taking given IDs as logical ID in cpuset
--------------------------------------------------------------------------------
CPU name:	AMD EPYC 9A14 96-Core Processor                
CPU type:	AMD K19 (Zen4) architecture
CPU clock:	2.60 GHz
--------------------------------------------------------------------------------
Use symmetry. Molecule point group: Coov
Norb: 20   Ne: (7, 7)
Running RHF...
converged SCF energy = -92.827631799365
Running FCI ...
Guessing CI wfn symmetry = 0
Num symmetry allowed elements 1502950144
tol 1e-10  toloose 1e-05
max_cycle 100  max_space 12  max_memory 683561  incore True
    CPU time for contract_2e   5467.71 sec, wall time    119.89 sec
davidson 0 1  |r|= 0.77  e= [-116.65141583]  max|de|= -117  lindep=    1
    CPU time for contract_2e   5507.16 sec, wall time    130.27 sec
davidson 1 2  |r|= 0.371  e= [-116.83564519]  max|de|= -0.184  lindep= 0.978
    CPU time for contract_2e   5534.22 sec, wall time    136.38 sec
davidson 2 3  |r|= 0.145  e= [-116.87066041]  max|de|= -0.035  lindep= 0.996
    CPU time for contract_2e   5495.38 sec, wall time    145.90 sec
davidson 3 4  |r|= 0.0579  e= [-116.87548655]  max|de|= -0.00483  lindep= 0.981
    CPU time for contract_2e   5618.18 sec, wall time    162.64 sec
davidson 4 5  |r|= 0.0283  e= [-116.87622039]  max|de|= -0.000734  lindep= 0.934
    CPU time for contract_2e   5660.70 sec, wall time    172.18 sec
davidson 5 6  |r|= 0.0133  e= [-116.8764033]  max|de|= -0.000183  lindep= 0.902
    CPU time for contract_2e   5686.37 sec, wall time    181.30 sec
davidson 6 7  |r|= 0.00565  e= [-116.87644024]  max|de|= -3.69e-05  lindep= 0.927
    CPU time for contract_2e   5718.50 sec, wall time    190.45 sec
davidson 7 8  |r|= 0.00224  e= [-116.87644619]  max|de|= -5.95e-06  lindep= 0.932
    CPU time for contract_2e   5767.55 sec, wall time    200.16 sec
davidson 8 9  |r|= 0.000882  e= [-116.87644712]  max|de|= -9.33e-07  lindep= 0.918
    CPU time for contract_2e   5786.11 sec, wall time    208.92 sec
davidson 9 10  |r|= 0.000388  e= [-116.87644727]  max|de|= -1.55e-07  lindep= 0.919
    CPU time for contract_2e   5823.09 sec, wall time    218.29 sec
davidson 10 11  |r|= 0.000183  e= [-116.8764473]  max|de|= -3.05e-08  lindep= 0.897
    CPU time for contract_2e   5850.59 sec, wall time    227.41 sec
davidson 11 12  |r|= 8.85e-05  e= [-116.87644731]  max|de|= -7.18e-09  lindep= 0.904
    CPU time for contract_2e   6116.81 sec, wall time    259.59 sec
davidson 12 1  |r|= 8.85e-05  e= [-116.87644731]  max|de|= 9.55e-12  lindep=    1
    CPU time for contract_2e   5722.83 sec, wall time    133.37 sec
davidson 13 2  |r|= 3.82e-05  e= [-116.87644731]  max|de|= -1.28e-09  lindep= 0.995
    CPU time for contract_2e   5739.96 sec, wall time    139.16 sec
davidson 14 3  |r|= 2.39e-05  e= [-116.87644731]  max|de|= -4.53e-10  lindep= 0.908
    CPU time for contract_2e   5653.85 sec, wall time    147.97 sec
davidson 15 4  |r|= 1.11e-05  e= [-116.87644731]  max|de|= -1.15e-10  lindep= 0.858
    CPU time for contract_2e   5754.07 sec, wall time    164.33 sec
root 0 converged  |r|= 4.65e-06  e= -116.87644731371952  max|de|= -2.32e-11
converged 16 5  |r|= 4.65e-06  e= [-116.87644731]  max|de|= -2.32e-11
--------------------------------------------------------------------------------
Group 1: MEM
+----------------------+---------+----------------+----------------+----------------+----------------+----------------+----------------+----------------+----------------+----------------+----------------+----------------+----------------+----------------+----------------+----------------+----------------+----------------+----------------+----------------+----------------+----------------+----------------+----------------+----------------+----------------+----------------+----------------+----------------+----------------+----------------+----------------+----------------+----------------+----------------+----------------+----------------+----------------+----------------+----------------+----------------+----------------+----------------+----------------+----------------+----------------+----------------+----------------+----------------+
|         Event        | Counter |   HWThread 0   |   HWThread 1   |   HWThread 2   |   HWThread 3   |   HWThread 4   |   HWThread 5   |   HWThread 6   |   HWThread 7   |   HWThread 8   |   HWThread 9   |   HWThread 10  |   HWThread 11  |   HWThread 12  |   HWThread 13  |   HWThread 14  |   HWThread 15  |   HWThread 16  |   HWThread 17  |   HWThread 18  |   HWThread 19  |   HWThread 20  |   HWThread 21  |   HWThread 22  |   HWThread 23  |   HWThread 24  |   HWThread 25  |   HWThread 26  |   HWThread 27  |   HWThread 28  |   HWThread 29  |   HWThread 30  |   HWThread 31  |   HWThread 32  |   HWThread 33  |   HWThread 34  |   HWThread 35  |   HWThread 36  |   HWThread 37  |   HWThread 38  |   HWThread 39  |   HWThread 40  |   HWThread 41  |   HWThread 42  |   HWThread 43  |   HWThread 44  |   HWThread 45  |   HWThread 46  |   HWThread 47  |
+----------------------+---------+----------------+----------------+----------------+----------------+----------------+----------------+----------------+----------------+----------------+----------------+----------------+----------------+----------------+----------------+----------------+----------------+----------------+----------------+----------------+----------------+----------------+----------------+----------------+----------------+----------------+----------------+----------------+----------------+----------------+----------------+----------------+----------------+----------------+----------------+----------------+----------------+----------------+----------------+----------------+----------------+----------------+----------------+----------------+----------------+----------------+----------------+----------------+----------------+
|   ACTUAL_CPU_CLOCK   |  FIXC1  | 11735070900889 |  7325733782138 |  7317838099908 |  7324208802979 |  7360700381692 |  7373821174035 |  7423760978753 |  7436338506985 |  7321349373015 |  7292458986355 |  7353079337865 |  7321131192459 |  7331987921148 |  7352324256040 |  7381421018713 |  7418013904480 |  7455756703705 |  7451851197555 |  7476917314411 |  7456317949081 |  7562169479311 |  7469367976703 |  7486461525369 |  7522939941579 |  7565365968062 |  7565155853933 |  7564145609822 |  7563834491844 |  7563821352898 |  7563226771887 |  7562301522142 |  7565276118346 |  7558232300391 |  7558476144789 |  7559314105973 |  7558098910686 |  7558768989505 |  7559577392908 |  7558622068024 |  7556898685038 |  7563115628416 |  7562407852165 |  7560543019180 |  7562233292438 |  7562361561518 |  7561928190990 |  7561135188625 |  7562275271924 |
|     MAX_CPU_CLOCK    |  FIXC2  |  8247375684652 |  5216988711532 |  5161556229570 |  5165986511920 |  5191557237230 |  5200784644094 |  5235847110312 |  5244570419530 |  5155451606006 |  5144513810202 |  5186416474434 |  5164396824496 |  5171924842214 |  5187040548040 |  5206873682790 |  5232238952902 |  5258485923002 |  5255369941406 |  5273700795246 |  5258754494708 |  5333090708738 |  5267786737304 |  5280121627118 |  5305896869182 |  5335587884926 |  5334976061012 |  5334439295146 |  5334385765722 |  5334614611664 |  5334164285190 |  5333860042342 |  5335411844334 |  5330477940840 |  5330978384446 |  5330868977668 |  5330373792952 |  5330789398012 |  5331324225370 |  5330749212724 |  5329854470694 |  5333686085130 |  5333423449250 |  5332414273940 |  5333244205042 |  5333368966120 |  5332984906600 |  5332707503552 |  5333060776238 |
| RETIRED_INSTRUCTIONS |   PMC0  | 19757814313971 | 16694888682551 | 16695848873277 | 16690831905723 | 16699331415249 | 16691751257066 | 16693117856199 | 16692616767431 | 16700926141873 | 16699726547903 | 16702248749031 | 16699059680271 | 16703124555131 | 16699270698877 | 16696901397201 | 16696622546652 | 16672067231613 | 16669613731639 | 16670495376035 | 16670292219735 | 16665217924276 | 16665019098071 | 16664471126646 | 16664802296666 | 16648090783994 | 16648209770531 | 16646303683069 | 16644107271337 | 16647057012240 | 16642362397357 | 16643779580509 | 16638879194990 | 16634264579648 | 16633622307763 | 16631715304802 | 16631542254170 | 16634147972079 | 16627707723785 | 16627975341916 | 16624100133640 | 16617715658654 | 16615624156848 | 16614535915201 | 16614601544671 | 16617444953233 | 16609175201611 | 16611861652212 | 16572712094948 |
|  CPU_CLOCKS_UNHALTED |   PMC1  |  9577346817265 |  7022927959616 |  7058995931136 |  7069751891209 |  7094269663021 |  7115192785603 |  7155505723486 |  7163909220965 |  7076549001617 |  7052904108545 |  7106023402495 |  7076960209689 |  7080396018231 |  7106280665322 |  7121855610344 |  7148484366231 |  7199459834263 |  7196186655817 |  7216632198271 |  7200369095764 |  7239606045740 |  7211968108203 |  7219528187909 |  7242371194531 |  7281896581917 |  7285673470491 |  7283461410124 |  7280358954455 |  7278693959875 |  7277352870525 |  7276775467688 |  7280517168543 |  7272822556351 |  7274867089796 |  7271035041811 |  7275690889809 |  7272608044602 |  7277738827467 |  7274330251087 |  7271659794586 |  7281817025318 |  7286586491080 |  7274967872560 |  7285997415453 |  7280802089919 |  7289332818877 |  7280879620029 |  7281093476378 |
|      CAS_CMD_RD      |  UMC0C0 |   209777452616 |              0 |              0 |              0 |              0 |              0 |              0 |              0 |              0 |              0 |              0 |              0 |              0 |              0 |              0 |              0 |              0 |              0 |              0 |              0 |              0 |              0 |              0 |              0 |              0 |              0 |              0 |              0 |              0 |              0 |              0 |              0 |              0 |              0 |              0 |              0 |              0 |              0 |              0 |              0 |              0 |              0 |              0 |              0 |              0 |              0 |              0 |              0 |
|      CAS_CMD_WR      |  UMC0C1 |    73907572516 |              0 |              0 |              0 |              0 |              0 |              0 |              0 |              0 |              0 |              0 |              0 |              0 |              0 |              0 |              0 |              0 |              0 |              0 |              0 |              0 |              0 |              0 |              0 |              0 |              0 |              0 |              0 |              0 |              0 |              0 |              0 |              0 |              0 |              0 |              0 |              0 |              0 |              0 |              0 |              0 |              0 |              0 |              0 |              0 |              0 |              0 |              0 |
|      CAS_CMD_RD      |  UMC1C0 |   207544191466 |              0 |              0 |              0 |              0 |              0 |              0 |              0 |              0 |              0 |              0 |              0 |              0 |              0 |              0 |              0 |              0 |              0 |              0 |              0 |              0 |              0 |              0 |              0 |              0 |              0 |              0 |              0 |              0 |              0 |              0 |              0 |              0 |              0 |              0 |              0 |              0 |              0 |              0 |              0 |              0 |              0 |              0 |              0 |              0 |              0 |              0 |              0 |
|      CAS_CMD_WR      |  UMC1C1 |    73836061423 |              0 |              0 |              0 |              0 |              0 |              0 |              0 |              0 |              0 |              0 |              0 |              0 |              0 |              0 |              0 |              0 |              0 |              0 |              0 |              0 |              0 |              0 |              0 |              0 |              0 |              0 |              0 |              0 |              0 |              0 |              0 |              0 |              0 |              0 |              0 |              0 |              0 |              0 |              0 |              0 |              0 |              0 |              0 |              0 |              0 |              0 |              0 |
|      CAS_CMD_RD      |  UMC2C0 |   208863806647 |              0 |              0 |              0 |              0 |              0 |              0 |              0 |              0 |              0 |              0 |              0 |              0 |              0 |              0 |              0 |              0 |              0 |              0 |              0 |              0 |              0 |              0 |              0 |              0 |              0 |              0 |              0 |              0 |              0 |              0 |              0 |              0 |              0 |              0 |              0 |              0 |              0 |              0 |              0 |              0 |              0 |              0 |              0 |              0 |              0 |              0 |              0 |
|      CAS_CMD_WR      |  UMC2C1 |    73934314014 |              0 |              0 |              0 |              0 |              0 |              0 |              0 |              0 |              0 |              0 |              0 |              0 |              0 |              0 |              0 |              0 |              0 |              0 |              0 |              0 |              0 |              0 |              0 |              0 |              0 |              0 |              0 |              0 |              0 |              0 |              0 |              0 |              0 |              0 |              0 |              0 |              0 |              0 |              0 |              0 |              0 |              0 |              0 |              0 |              0 |              0 |              0 |
|      CAS_CMD_RD      |  UMC3C0 |   209516062227 |              0 |              0 |              0 |              0 |              0 |              0 |              0 |              0 |              0 |              0 |              0 |              0 |              0 |              0 |              0 |              0 |              0 |              0 |              0 |              0 |              0 |              0 |              0 |              0 |              0 |              0 |              0 |              0 |              0 |              0 |              0 |              0 |              0 |              0 |              0 |              0 |              0 |              0 |              0 |              0 |              0 |              0 |              0 |              0 |              0 |              0 |              0 |
|      CAS_CMD_WR      |  UMC3C1 |    73870418663 |              0 |              0 |              0 |              0 |              0 |              0 |              0 |              0 |              0 |              0 |              0 |              0 |              0 |              0 |              0 |              0 |              0 |              0 |              0 |              0 |              0 |              0 |              0 |              0 |              0 |              0 |              0 |              0 |              0 |              0 |              0 |              0 |              0 |              0 |              0 |              0 |              0 |              0 |              0 |              0 |              0 |              0 |              0 |              0 |              0 |              0 |              0 |
|      CAS_CMD_RD      |  UMC4C0 |   207751037731 |              0 |              0 |              0 |              0 |              0 |              0 |              0 |              0 |              0 |              0 |              0 |              0 |              0 |              0 |              0 |              0 |              0 |              0 |              0 |              0 |              0 |              0 |              0 |              0 |              0 |              0 |              0 |              0 |              0 |              0 |              0 |              0 |              0 |              0 |              0 |              0 |              0 |              0 |              0 |              0 |              0 |              0 |              0 |              0 |              0 |              0 |              0 |
|      CAS_CMD_WR      |  UMC4C1 |    73888536001 |              0 |              0 |              0 |              0 |              0 |              0 |              0 |              0 |              0 |              0 |              0 |              0 |              0 |              0 |              0 |              0 |              0 |              0 |              0 |              0 |              0 |              0 |              0 |              0 |              0 |              0 |              0 |              0 |              0 |              0 |              0 |              0 |              0 |              0 |              0 |              0 |              0 |              0 |              0 |              0 |              0 |              0 |              0 |              0 |              0 |              0 |              0 |
|      CAS_CMD_RD      |  UMC5C0 |   209482270918 |              0 |              0 |              0 |              0 |              0 |              0 |              0 |              0 |              0 |              0 |              0 |              0 |              0 |              0 |              0 |              0 |              0 |              0 |              0 |              0 |              0 |              0 |              0 |              0 |              0 |              0 |              0 |              0 |              0 |              0 |              0 |              0 |              0 |              0 |              0 |              0 |              0 |              0 |              0 |              0 |              0 |              0 |              0 |              0 |              0 |              0 |              0 |
|      CAS_CMD_WR      |  UMC5C1 |    73907013742 |              0 |              0 |              0 |              0 |              0 |              0 |              0 |              0 |              0 |              0 |              0 |              0 |              0 |              0 |              0 |              0 |              0 |              0 |              0 |              0 |              0 |              0 |              0 |              0 |              0 |              0 |              0 |              0 |              0 |              0 |              0 |              0 |              0 |              0 |              0 |              0 |              0 |              0 |              0 |              0 |              0 |              0 |              0 |              0 |              0 |              0 |              0 |
|      CAS_CMD_RD      |  UMC6C0 |   207403620389 |              0 |              0 |              0 |              0 |              0 |              0 |              0 |              0 |              0 |              0 |              0 |              0 |              0 |              0 |              0 |              0 |              0 |              0 |              0 |              0 |              0 |              0 |              0 |              0 |              0 |              0 |              0 |              0 |              0 |              0 |              0 |              0 |              0 |              0 |              0 |              0 |              0 |              0 |              0 |              0 |              0 |              0 |              0 |              0 |              0 |              0 |              0 |
|      CAS_CMD_WR      |  UMC6C1 |    73825954919 |              0 |              0 |              0 |              0 |              0 |              0 |              0 |              0 |              0 |              0 |              0 |              0 |              0 |              0 |              0 |              0 |              0 |              0 |              0 |              0 |              0 |              0 |              0 |              0 |              0 |              0 |              0 |              0 |              0 |              0 |              0 |              0 |              0 |              0 |              0 |              0 |              0 |              0 |              0 |              0 |              0 |              0 |              0 |              0 |              0 |              0 |              0 |
|      CAS_CMD_RD      |  UMC7C0 |   204523234706 |              0 |              0 |              0 |              0 |              0 |              0 |              0 |              0 |              0 |              0 |              0 |              0 |              0 |              0 |              0 |              0 |              0 |              0 |              0 |              0 |              0 |              0 |              0 |              0 |              0 |              0 |              0 |              0 |              0 |              0 |              0 |              0 |              0 |              0 |              0 |              0 |              0 |              0 |              0 |              0 |              0 |              0 |              0 |              0 |              0 |              0 |              0 |
|      CAS_CMD_WR      |  UMC7C1 |    73941795362 |              0 |              0 |              0 |              0 |              0 |              0 |              0 |              0 |              0 |              0 |              0 |              0 |              0 |              0 |              0 |              0 |              0 |              0 |              0 |              0 |              0 |              0 |              0 |              0 |              0 |              0 |              0 |              0 |              0 |              0 |              0 |              0 |              0 |              0 |              0 |              0 |              0 |              0 |              0 |              0 |              0 |              0 |              0 |              0 |              0 |              0 |              0 |
|      CAS_CMD_RD      |  UMC8C0 |   206776532135 |              0 |              0 |              0 |              0 |              0 |              0 |              0 |              0 |              0 |              0 |              0 |              0 |              0 |              0 |              0 |              0 |              0 |              0 |              0 |              0 |              0 |              0 |              0 |              0 |              0 |              0 |              0 |              0 |              0 |              0 |              0 |              0 |              0 |              0 |              0 |              0 |              0 |              0 |              0 |              0 |              0 |              0 |              0 |              0 |              0 |              0 |              0 |
|      CAS_CMD_WR      |  UMC8C1 |    73909407775 |              0 |              0 |              0 |              0 |              0 |              0 |              0 |              0 |              0 |              0 |              0 |              0 |              0 |              0 |              0 |              0 |              0 |              0 |              0 |              0 |              0 |              0 |              0 |              0 |              0 |              0 |              0 |              0 |              0 |              0 |              0 |              0 |              0 |              0 |              0 |              0 |              0 |              0 |              0 |              0 |              0 |              0 |              0 |              0 |              0 |              0 |              0 |
|      CAS_CMD_RD      |  UMC9C0 |   208164077898 |              0 |              0 |              0 |              0 |              0 |              0 |              0 |              0 |              0 |              0 |              0 |              0 |              0 |              0 |              0 |              0 |              0 |              0 |              0 |              0 |              0 |              0 |              0 |              0 |              0 |              0 |              0 |              0 |              0 |              0 |              0 |              0 |              0 |              0 |              0 |              0 |              0 |              0 |              0 |              0 |              0 |              0 |              0 |              0 |              0 |              0 |              0 |
|      CAS_CMD_WR      |  UMC9C1 |    73816406174 |              0 |              0 |              0 |              0 |              0 |              0 |              0 |              0 |              0 |              0 |              0 |              0 |              0 |              0 |              0 |              0 |              0 |              0 |              0 |              0 |              0 |              0 |              0 |              0 |              0 |              0 |              0 |              0 |              0 |              0 |              0 |              0 |              0 |              0 |              0 |              0 |              0 |              0 |              0 |              0 |              0 |              0 |              0 |              0 |              0 |              0 |              0 |
|      CAS_CMD_RD      | UMC10C0 |   203898438466 |              0 |              0 |              0 |              0 |              0 |              0 |              0 |              0 |              0 |              0 |              0 |              0 |              0 |              0 |              0 |              0 |              0 |              0 |              0 |              0 |              0 |              0 |              0 |              0 |              0 |              0 |              0 |              0 |              0 |              0 |              0 |              0 |              0 |              0 |              0 |              0 |              0 |              0 |              0 |              0 |              0 |              0 |              0 |              0 |              0 |              0 |              0 |
|      CAS_CMD_WR      | UMC10C1 |    73750858339 |              0 |              0 |              0 |              0 |              0 |              0 |              0 |              0 |              0 |              0 |              0 |              0 |              0 |              0 |              0 |              0 |              0 |              0 |              0 |              0 |              0 |              0 |              0 |              0 |              0 |              0 |              0 |              0 |              0 |              0 |              0 |              0 |              0 |              0 |              0 |              0 |              0 |              0 |              0 |              0 |              0 |              0 |              0 |              0 |              0 |              0 |              0 |
|      CAS_CMD_RD      | UMC11C0 |   206553596032 |              0 |              0 |              0 |              0 |              0 |              0 |              0 |              0 |              0 |              0 |              0 |              0 |              0 |              0 |              0 |              0 |              0 |              0 |              0 |              0 |              0 |              0 |              0 |              0 |              0 |              0 |              0 |              0 |              0 |              0 |              0 |              0 |              0 |              0 |              0 |              0 |              0 |              0 |              0 |              0 |              0 |              0 |              0 |              0 |              0 |              0 |              0 |
|      CAS_CMD_WR      | UMC11C1 |    73881340185 |              0 |              0 |              0 |              0 |              0 |              0 |              0 |              0 |              0 |              0 |              0 |              0 |              0 |              0 |              0 |              0 |              0 |              0 |              0 |              0 |              0 |              0 |              0 |              0 |              0 |              0 |              0 |              0 |              0 |              0 |              0 |              0 |              0 |              0 |              0 |              0 |              0 |              0 |              0 |              0 |              0 |              0 |              0 |              0 |              0 |              0 |              0 |
+----------------------+---------+----------------+----------------+----------------+----------------+----------------+----------------+----------------+----------------+----------------+----------------+----------------+----------------+----------------+----------------+----------------+----------------+----------------+----------------+----------------+----------------+----------------+----------------+----------------+----------------+----------------+----------------+----------------+----------------+----------------+----------------+----------------+----------------+----------------+----------------+----------------+----------------+----------------+----------------+----------------+----------------+----------------+----------------+----------------+----------------+----------------+----------------+----------------+----------------+

+---------------------------+---------+-----------------+----------------+----------------+---------------+
|           Event           | Counter |       Sum       |       Min      |       Max      |      Avg      |
+---------------------------+---------+-----------------+----------------+----------------+---------------+
|   ACTUAL_CPU_CLOCK STAT   |  FIXC1  | 363428136996672 |  7292458986355 | 11735070900889 | 7571419520764 |
|     MAX_CPU_CLOCK STAT    |  FIXC2  | 256334476745542 |  5144513810202 |  8247375684652 |  5.340302e+12 |
| RETIRED_INSTRUCTIONS STAT |   PMC0  | 802633596882295 | 16572712094948 | 19757814313971 |      nil      |
|  CPU_CLOCKS_UNHALTED STAT |   PMC1  | 348450433884014 |  7022927959616 |  9577346817265 |  7.259384e+12 |
|      CAS_CMD_RD STAT      |  UMC0C0 |    209777452616 |              0 |   209777452616 |  4.370364e+09 |
|      CAS_CMD_WR STAT      |  UMC0C1 |     73907572516 |              0 |    73907572516 |  1.539741e+09 |
|      CAS_CMD_RD STAT      |  UMC1C0 |    207544191466 |              0 |   207544191466 |  4.323837e+09 |
|      CAS_CMD_WR STAT      |  UMC1C1 |     73836061423 |              0 |    73836061423 |  1.538251e+09 |
|      CAS_CMD_RD STAT      |  UMC2C0 |    208863806647 |              0 |   208863806647 |  4.351329e+09 |
|      CAS_CMD_WR STAT      |  UMC2C1 |     73934314014 |              0 |    73934314014 |  1.540298e+09 |
|      CAS_CMD_RD STAT      |  UMC3C0 |    209516062227 |              0 |   209516062227 |  4.364918e+09 |
|      CAS_CMD_WR STAT      |  UMC3C1 |     73870418663 |              0 |    73870418663 |  1.538967e+09 |
|      CAS_CMD_RD STAT      |  UMC4C0 |    207751037731 |              0 |   207751037731 |  4.328147e+09 |
|      CAS_CMD_WR STAT      |  UMC4C1 |     73888536001 |              0 |    73888536001 |  1.539345e+09 |
|      CAS_CMD_RD STAT      |  UMC5C0 |    209482270918 |              0 |   209482270918 |  4.364214e+09 |
|      CAS_CMD_WR STAT      |  UMC5C1 |     73907013742 |              0 |    73907013742 |  1.539729e+09 |
|      CAS_CMD_RD STAT      |  UMC6C0 |    207403620389 |              0 |   207403620389 |  4.320909e+09 |
|      CAS_CMD_WR STAT      |  UMC6C1 |     73825954919 |              0 |    73825954919 |  1.538041e+09 |
|      CAS_CMD_RD STAT      |  UMC7C0 |    204523234706 |              0 |   204523234706 |  4.260901e+09 |
|      CAS_CMD_WR STAT      |  UMC7C1 |     73941795362 |              0 |    73941795362 |  1.540454e+09 |
|      CAS_CMD_RD STAT      |  UMC8C0 |    206776532135 |              0 |   206776532135 |  4.307844e+09 |
|      CAS_CMD_WR STAT      |  UMC8C1 |     73909407775 |              0 |    73909407775 |  1.539779e+09 |
|      CAS_CMD_RD STAT      |  UMC9C0 |    208164077898 |              0 |   208164077898 |  4.336752e+09 |
|      CAS_CMD_WR STAT      |  UMC9C1 |     73816406174 |              0 |    73816406174 |  1.537842e+09 |
|      CAS_CMD_RD STAT      | UMC10C0 |    203898438466 |              0 |   203898438466 |  4.247884e+09 |
|      CAS_CMD_WR STAT      | UMC10C1 |     73750858339 |              0 |    73750858339 |  1.536476e+09 |
|      CAS_CMD_RD STAT      | UMC11C0 |    206553596032 |              0 |   206553596032 |  4.303200e+09 |
|      CAS_CMD_WR STAT      | UMC11C1 |     73881340185 |              0 |    73881340185 |  1.539195e+09 |
+---------------------------+---------+-----------------+----------------+----------------+---------------+

+-----------------------------------+-------------+------------+------------+------------+------------+------------+------------+------------+------------+------------+-------------+-------------+-------------+-------------+-------------+-------------+-------------+-------------+-------------+-------------+-------------+-------------+-------------+-------------+-------------+-------------+-------------+-------------+-------------+-------------+-------------+-------------+-------------+-------------+-------------+-------------+-------------+-------------+-------------+-------------+-------------+-------------+-------------+-------------+-------------+-------------+-------------+-------------+
|               Metric              |  HWThread 0 | HWThread 1 | HWThread 2 | HWThread 3 | HWThread 4 | HWThread 5 | HWThread 6 | HWThread 7 | HWThread 8 | HWThread 9 | HWThread 10 | HWThread 11 | HWThread 12 | HWThread 13 | HWThread 14 | HWThread 15 | HWThread 16 | HWThread 17 | HWThread 18 | HWThread 19 | HWThread 20 | HWThread 21 | HWThread 22 | HWThread 23 | HWThread 24 | HWThread 25 | HWThread 26 | HWThread 27 | HWThread 28 | HWThread 29 | HWThread 30 | HWThread 31 | HWThread 32 | HWThread 33 | HWThread 34 | HWThread 35 | HWThread 36 | HWThread 37 | HWThread 38 | HWThread 39 | HWThread 40 | HWThread 41 | HWThread 42 | HWThread 43 | HWThread 44 | HWThread 45 | HWThread 46 | HWThread 47 |
+-----------------------------------+-------------+------------+------------+------------+------------+------------+------------+------------+------------+------------+-------------+-------------+-------------+-------------+-------------+-------------+-------------+-------------+-------------+-------------+-------------+-------------+-------------+-------------+-------------+-------------+-------------+-------------+-------------+-------------+-------------+-------------+-------------+-------------+-------------+-------------+-------------+-------------+-------------+-------------+-------------+-------------+-------------+-------------+-------------+-------------+-------------+-------------+
|        Runtime (RDTSC) [s]        |   3232.2224 |  3232.2224 |  3232.2224 |  3232.2224 |  3232.2224 |  3232.2224 |  3232.2224 |  3232.2224 |  3232.2224 |  3232.2224 |   3232.2224 |   3232.2224 |   3232.2224 |   3232.2224 |   3232.2224 |   3232.2224 |   3232.2224 |   3232.2224 |   3232.2224 |   3232.2224 |   3232.2224 |   3232.2224 |   3232.2224 |   3232.2224 |   3232.2224 |   3232.2224 |   3232.2224 |   3232.2224 |   3232.2224 |   3232.2224 |   3232.2224 |   3232.2224 |   3232.2224 |   3232.2224 |   3232.2224 |   3232.2224 |   3232.2224 |   3232.2224 |   3232.2224 |   3232.2224 |   3232.2224 |   3232.2224 |   3232.2224 |   3232.2224 |   3232.2224 |   3232.2224 |   3232.2224 |   3232.2224 |
|        Runtime unhalted [s]       |   4513.4937 |  2817.5930 |  2814.5562 |  2817.0064 |  2831.0417 |  2836.0881 |  2855.2958 |  2860.1333 |  2815.9066 |  2804.7949 |   2828.1105 |   2815.8227 |   2819.9984 |   2827.8201 |   2839.0112 |   2853.0854 |   2867.6018 |   2866.0997 |   2875.7405 |   2867.8177 |   2908.5299 |   2872.8369 |   2879.4114 |   2893.4416 |   2909.7593 |   2909.6785 |   2909.2899 |   2909.1703 |   2909.1652 |   2908.9365 |   2908.5806 |   2909.7247 |   2907.0156 |   2907.1093 |   2907.4316 |   2906.9643 |   2907.2220 |   2907.5329 |   2907.1655 |   2906.5026 |   2908.8938 |   2908.6215 |   2907.9043 |   2908.5544 |   2908.6037 |   2908.4371 |   2908.1321 |   2908.5706 |
|            Clock [MHz]            |   3699.4982 |  3650.9351 |  3686.1671 |  3686.2122 |  3686.3314 |  3686.3504 |  3686.4632 |  3686.5668 |  3692.3027 |  3685.5519 |   3686.1648 |   3685.7974 |   3685.8904 |   3685.3428 |   3685.8344 |   3686.1496 |   3686.4122 |   3686.6657 |   3686.2091 |   3686.5014 |   3686.7214 |   3686.6215 |   3686.4262 |   3686.3933 |   3686.5535 |   3686.8739 |   3686.7525 |   3686.6378 |   3686.4733 |   3686.4947 |   3686.2540 |   3686.6314 |   3686.6080 |   3686.3809 |   3686.8652 |   3686.6150 |   3686.6544 |   3686.6788 |   3686.6105 |   3686.3887 |   3686.7710 |   3686.6076 |   3686.3960 |   3686.6464 |   3686.6226 |   3686.6769 |   3686.4820 |   3686.7936 |
|                CPI                |      0.4847 |     0.4207 |     0.4228 |     0.4236 |     0.4248 |     0.4263 |     0.4287 |     0.4292 |     0.4237 |     0.4223 |      0.4255 |      0.4238 |      0.4239 |      0.4255 |      0.4265 |      0.4281 |      0.4318 |      0.4317 |      0.4329 |      0.4319 |      0.4344 |      0.4328 |      0.4332 |      0.4346 |      0.4374 |      0.4376 |      0.4375 |      0.4374 |      0.4372 |      0.4373 |      0.4372 |      0.4376 |      0.4372 |      0.4374 |      0.4372 |      0.4375 |      0.4372 |      0.4377 |      0.4375 |      0.4374 |      0.4382 |      0.4385 |      0.4379 |      0.4385 |      0.4381 |      0.4389 |      0.4383 |      0.4393 |
|  Memory read bandwidth [MBytes/s] |  49308.5742 |          0 |          0 |          0 |          0 |          0 |          0 |          0 |          0 |          0 |           0 |           0 |           0 |           0 |           0 |           0 |           0 |           0 |           0 |           0 |           0 |           0 |           0 |           0 |           0 |           0 |           0 |           0 |           0 |           0 |           0 |           0 |           0 |           0 |           0 |           0 |           0 |           0 |           0 |           0 |           0 |           0 |           0 |           0 |           0 |           0 |           0 |           0 |
|  Memory read data volume [GBytes] | 159376.2766 |          0 |          0 |          0 |          0 |          0 |          0 |          0 |          0 |          0 |           0 |           0 |           0 |           0 |           0 |           0 |           0 |           0 |           0 |           0 |           0 |           0 |           0 |           0 |           0 |           0 |           0 |           0 |           0 |           0 |           0 |           0 |           0 |           0 |           0 |           0 |           0 |           0 |           0 |           0 |           0 |           0 |           0 |           0 |           0 |           0 |           0 |           0 |
| Memory write bandwidth [MBytes/s] |  17552.6474 |          0 |          0 |          0 |          0 |          0 |          0 |          0 |          0 |          0 |           0 |           0 |           0 |           0 |           0 |           0 |           0 |           0 |           0 |           0 |           0 |           0 |           0 |           0 |           0 |           0 |           0 |           0 |           0 |           0 |           0 |           0 |           0 |           0 |           0 |           0 |           0 |           0 |           0 |           0 |           0 |           0 |           0 |           0 |           0 |           0 |           0 |           0 |
| Memory write data volume [GBytes] |  56734.0595 |          0 |          0 |          0 |          0 |          0 |          0 |          0 |          0 |          0 |           0 |           0 |           0 |           0 |           0 |           0 |           0 |           0 |           0 |           0 |           0 |           0 |           0 |           0 |           0 |           0 |           0 |           0 |           0 |           0 |           0 |           0 |           0 |           0 |           0 |           0 |           0 |           0 |           0 |           0 |           0 |           0 |           0 |           0 |           0 |           0 |           0 |           0 |
|    Memory bandwidth [MBytes/s]    |  66861.2216 |          0 |          0 |          0 |          0 |          0 |          0 |          0 |          0 |          0 |           0 |           0 |           0 |           0 |           0 |           0 |           0 |           0 |           0 |           0 |           0 |           0 |           0 |           0 |           0 |           0 |           0 |           0 |           0 |           0 |           0 |           0 |           0 |           0 |           0 |           0 |           0 |           0 |           0 |           0 |           0 |           0 |           0 |           0 |           0 |           0 |           0 |           0 |
|    Memory data volume [GBytes]    | 216110.3360 |          0 |          0 |          0 |          0 |          0 |          0 |          0 |          0 |          0 |           0 |           0 |           0 |           0 |           0 |           0 |           0 |           0 |           0 |           0 |           0 |           0 |           0 |           0 |           0 |           0 |           0 |           0 |           0 |           0 |           0 |           0 |           0 |           0 |           0 |           0 |           0 |           0 |           0 |           0 |           0 |           0 |           0 |           0 |           0 |           0 |           0 |           0 |
+-----------------------------------+-------------+------------+------------+------------+------------+------------+------------+------------+------------+------------+-------------+-------------+-------------+-------------+-------------+-------------+-------------+-------------+-------------+-------------+-------------+-------------+-------------+-------------+-------------+-------------+-------------+-------------+-------------+-------------+-------------+-------------+-------------+-------------+-------------+-------------+-------------+-------------+-------------+-------------+-------------+-------------+-------------+-------------+-------------+-------------+-------------+-------------+

+----------------------------------------+-------------+-----------+-------------+-----------+
|                 Metric                 |     Sum     |    Min    |     Max     |    Avg    |
+----------------------------------------+-------------+-----------+-------------+-----------+
|        Runtime (RDTSC) [s] STAT        | 155146.6752 | 3232.2224 |   3232.2224 | 3232.2224 |
|        Runtime unhalted [s] STAT       | 139780.2038 | 2804.7949 |   4513.4937 | 2912.0876 |
|            Clock [MHz] STAT            | 176931.9779 | 3650.9351 |   3699.4982 | 3686.0829 |
|                CPI STAT                |     20.8294 |    0.4207 |      0.4847 |    0.4339 |
|  Memory read bandwidth [MBytes/s] STAT |  49308.5742 |         0 |  49308.5742 | 1027.2620 |
|  Memory read data volume [GBytes] STAT | 159376.2766 |         0 | 159376.2766 | 3320.3391 |
| Memory write bandwidth [MBytes/s] STAT |  17552.6474 |         0 |  17552.6474 |  365.6802 |
| Memory write data volume [GBytes] STAT |  56734.0595 |         0 |  56734.0595 | 1181.9596 |
|    Memory bandwidth [MBytes/s] STAT    |  66861.2216 |         0 |  66861.2216 | 1392.9421 |
|    Memory data volume [GBytes] STAT    | 216110.3360 |         0 | 216110.3360 | 4502.2987 |
+----------------------------------------+-------------+-----------+-------------+-----------+

