INFO: You are running LIKWID in a cpuset with 64 CPUs. Taking given IDs as logical ID in cpuset
--------------------------------------------------------------------------------
CPU name:	AMD EPYC 9A14 96-Core Processor                
CPU type:	AMD K19 (Zen4) architecture
CPU clock:	2.60 GHz
--------------------------------------------------------------------------------
Use symmetry. Molecule point group: Coov
Norb: 20   Ne: (7, 7)
Running RHF...
converged SCF energy = -92.827631799365
Running FCI ...
Guessing CI wfn symmetry = 0
Num symmetry allowed elements 1502950144
tol 1e-10  toloose 1e-05
max_cycle 100  max_space 12  max_memory 683573  incore True
    CPU time for contract_2e   7594.15 sec, wall time    129.31 sec
davidson 0 1  |r|= 0.77  e= [-116.65141583]  max|de|= -117  lindep=    1
    CPU time for contract_2e   7623.45 sec, wall time    139.44 sec
davidson 1 2  |r|= 0.371  e= [-116.83564519]  max|de|= -0.184  lindep= 0.978
    CPU time for contract_2e   7638.13 sec, wall time    145.12 sec
davidson 2 3  |r|= 0.145  e= [-116.87066041]  max|de|= -0.035  lindep= 0.996
    CPU time for contract_2e   7706.63 sec, wall time    153.79 sec
davidson 3 4  |r|= 0.0579  e= [-116.87548655]  max|de|= -0.00483  lindep= 0.981
    CPU time for contract_2e   7883.38 sec, wall time    173.47 sec
davidson 4 5  |r|= 0.0283  e= [-116.87622039]  max|de|= -0.000734  lindep= 0.934
    CPU time for contract_2e   7928.71 sec, wall time    182.75 sec
davidson 5 6  |r|= 0.0133  e= [-116.8764033]  max|de|= -0.000183  lindep= 0.902
    CPU time for contract_2e   7967.18 sec, wall time    192.13 sec
davidson 6 7  |r|= 0.00565  e= [-116.87644024]  max|de|= -3.69e-05  lindep= 0.927
    CPU time for contract_2e   8007.44 sec, wall time    201.29 sec
davidson 7 8  |r|= 0.00224  e= [-116.87644619]  max|de|= -5.95e-06  lindep= 0.932
    CPU time for contract_2e   8041.16 sec, wall time    210.49 sec
davidson 8 9  |r|= 0.000882  e= [-116.87644712]  max|de|= -9.33e-07  lindep= 0.918
    CPU time for contract_2e   8071.48 sec, wall time    219.46 sec
davidson 9 10  |r|= 0.000388  e= [-116.87644727]  max|de|= -1.55e-07  lindep= 0.919
    CPU time for contract_2e   8094.00 sec, wall time    228.42 sec
davidson 10 11  |r|= 0.000183  e= [-116.8764473]  max|de|= -3.05e-08  lindep= 0.897
    CPU time for contract_2e   8149.86 sec, wall time    237.99 sec
davidson 11 12  |r|= 8.85e-05  e= [-116.87644731]  max|de|= -7.18e-09  lindep= 0.904
    CPU time for contract_2e   8075.68 sec, wall time    250.96 sec
davidson 12 1  |r|= 8.85e-05  e= [-116.87644731]  max|de|= 9.25e-12  lindep=    1
    CPU time for contract_2e   7682.66 sec, wall time    140.52 sec
davidson 13 2  |r|= 3.82e-05  e= [-116.87644731]  max|de|= -1.28e-09  lindep= 0.995
    CPU time for contract_2e   7696.44 sec, wall time    146.38 sec
davidson 14 3  |r|= 2.39e-05  e= [-116.87644731]  max|de|= -4.53e-10  lindep= 0.908
    CPU time for contract_2e   7745.73 sec, wall time    153.04 sec
davidson 15 4  |r|= 1.11e-05  e= [-116.87644731]  max|de|= -1.15e-10  lindep= 0.858
    CPU time for contract_2e   7896.18 sec, wall time    173.26 sec
root 0 converged  |r|= 4.65e-06  e= -116.87644731371982  max|de|= -2.31e-11
converged 16 5  |r|= 4.65e-06  e= [-116.87644731]  max|de|= -2.31e-11
--------------------------------------------------------------------------------
Group 1: MEM
+----------------------+---------+----------------+----------------+----------------+----------------+----------------+----------------+----------------+----------------+----------------+----------------+----------------+----------------+----------------+----------------+----------------+----------------+----------------+----------------+----------------+----------------+----------------+----------------+----------------+----------------+----------------+----------------+----------------+----------------+----------------+----------------+----------------+----------------+----------------+----------------+----------------+----------------+----------------+----------------+----------------+----------------+----------------+----------------+----------------+----------------+----------------+----------------+----------------+----------------+----------------+----------------+----------------+----------------+----------------+----------------+----------------+----------------+----------------+----------------+----------------+----------------+----------------+----------------+----------------+----------------+
|         Event        | Counter |   HWThread 0   |   HWThread 1   |   HWThread 2   |   HWThread 3   |   HWThread 4   |   HWThread 5   |   HWThread 6   |   HWThread 7   |   HWThread 8   |   HWThread 9   |   HWThread 10  |   HWThread 11  |   HWThread 12  |   HWThread 13  |   HWThread 14  |   HWThread 15  |   HWThread 16  |   HWThread 17  |   HWThread 18  |   HWThread 19  |   HWThread 20  |   HWThread 21  |   HWThread 22  |   HWThread 23  |   HWThread 24  |   HWThread 25  |   HWThread 26  |   HWThread 27  |   HWThread 28  |   HWThread 29  |   HWThread 30  |   HWThread 31  |   HWThread 32  |   HWThread 33  |   HWThread 34  |   HWThread 35  |   HWThread 36  |   HWThread 37  |   HWThread 38  |   HWThread 39  |   HWThread 40  |   HWThread 41  |   HWThread 42  |   HWThread 43  |   HWThread 44  |   HWThread 45  |   HWThread 46  |   HWThread 47  |   HWThread 48  |   HWThread 49  |   HWThread 50  |   HWThread 51  |   HWThread 52  |   HWThread 53  |   HWThread 54  |   HWThread 55  |   HWThread 56  |   HWThread 57  |   HWThread 58  |   HWThread 59  |   HWThread 60  |   HWThread 61  |   HWThread 62  |   HWThread 63  |
+----------------------+---------+----------------+----------------+----------------+----------------+----------------+----------------+----------------+----------------+----------------+----------------+----------------+----------------+----------------+----------------+----------------+----------------+----------------+----------------+----------------+----------------+----------------+----------------+----------------+----------------+----------------+----------------+----------------+----------------+----------------+----------------+----------------+----------------+----------------+----------------+----------------+----------------+----------------+----------------+----------------+----------------+----------------+----------------+----------------+----------------+----------------+----------------+----------------+----------------+----------------+----------------+----------------+----------------+----------------+----------------+----------------+----------------+----------------+----------------+----------------+----------------+----------------+----------------+----------------+----------------+
|   ACTUAL_CPU_CLOCK   |  FIXC1  | 12211497762816 |  7848215720596 |  7793852254666 |  7789606231433 |  7801255061616 |  7792830139883 |  7811361578359 |  7826518128054 |  7607289474502 |  7573205231086 |  7632722572958 |  7610599613524 |  7683380053978 |  7654940272076 |  7690872559522 |  7700970799206 |  7797335352410 |  7784027295453 |  7815149573659 |  7799338349627 |  7832651303437 |  7823944752796 |  7839972885961 |  7860424372299 |  7313268505138 |  7285232542980 |  7346442935410 |  7311282277152 |  7367714833762 |  7411169250876 |  7391782194020 |  7466764474808 |  7299352382021 |  7287503290084 |  7327723748193 |  7310700742979 |  7353881172900 |  7345918215999 |  7394332980877 |  7440013181146 |  7513172592065 |  7490328888601 |  7539364596127 |  7512034397501 |  7548540097789 |  7541633110623 |  7571350125666 |  7638610912272 |  8113437172108 |  8108158368890 |  8107146308076 |  8107913041552 |  8107957579862 |  8107330711079 |  8106165404101 |  8106341253226 |  8107478423635 |  8108030146430 |  8104051866744 |  8103730325083 |  8108862338180 |  8106652052345 |  8106433066486 |  8108585460555 |
|     MAX_CPU_CLOCK    |  FIXC2  |  8596759749916 |  5598725971124 |  5511018601166 |  5505182690280 |  5515651726988 |  5509905287562 |  5522747568520 |  5533592155728 |  5369336227788 |  5356174917704 |  5397839361512 |  5382254109492 |  5434004865744 |  5413233267546 |  5438564429376 |  5445792040260 |  5516348285552 |  5506811674442 |  5528829007260 |  5518023941612 |  5541197953434 |  5534886631638 |  5546162729848 |  5560458673380 |  5172303864650 |  5152566991494 |  5195416858606 |  5170909013010 |  5210696408606 |  5240776030880 |  5227413590308 |  5280017606838 |  5161820379014 |  5153755707698 |  5181862920572 |  5169851713988 |  5200263120910 |  5194412653664 |  5228818383802 |  5260913768526 |  5312132653490 |  5296434195754 |  5330841388548 |  5311534053358 |  5337472928944 |  5332695192890 |  5353190933272 |  5400322548790 |  5736354169468 |  5736279571126 |  5735579338008 |  5736023565454 |  5735763804628 |  5735756126412 |  5735179887814 |  5734737861892 |  5736179990944 |  5736504649590 |  5734287017082 |  5734083129424 |  5737063707076 |  5735618212896 |  5735489240234 |  5737284421726 |
| RETIRED_INSTRUCTIONS |   PMC0  | 15803293934347 | 12737002047013 | 12737587938884 | 12736127334236 | 12735251103538 | 12739899083782 | 12741975526123 | 12738092674147 | 12750379173592 | 12746093682623 | 12750397576584 | 12749117476043 | 12749484112392 | 12748671083703 | 12747898619194 | 12741772739056 | 12721504830616 | 12720198152424 | 12720905159723 | 12720603159679 | 12716912319505 | 12717126330035 | 12717256801616 | 12715527925312 | 12719432130993 | 12717274131838 | 12717971016379 | 12717403215519 | 12720904445851 | 12719706080670 | 12718799855331 | 12716659896997 | 12725485496539 | 12724656919879 | 12726639144806 | 12724291393093 | 12723831288695 | 12723440919804 | 12724342318267 | 12723748348241 | 12719527774782 | 12716290534656 | 12717911812068 | 12717645973652 | 12720258196175 | 12718228883018 | 12718194096540 | 12716157910578 | 12671780534156 | 12669493248122 | 12671144402809 | 12668629459773 | 12669167235701 | 12664952129660 | 12665914605896 | 12665888448938 | 12669785679078 | 12669873225627 | 12669199975725 | 12668321343977 | 12668086831121 | 12667941869448 | 12665719714872 | 12595307650210 |
|  CPU_CLOCKS_UNHALTED |   PMC1  |  9864802833668 |  7309009924988 |  7316920372602 |  7309330713983 |  7320423503858 |  7315231170469 |  7326500145747 |  7335447397170 |  7123707756652 |  7106089080507 |  7157926980227 |  7140653606487 |  7195128356632 |  7179592834031 |  7205308372186 |  7206895580343 |  7318175002030 |  7311060480227 |  7331401399839 |  7323122964834 |  7346156218888 |  7337605803691 |  7349500716695 |  7371367717155 |  6916675446979 |  6906508199368 |  6955171298601 |  6920868904311 |  6974669614511 |  7005013172019 |  6996705591706 |  7049844449034 |  6916271318274 |  6901607073843 |  6947470856636 |  6928643527244 |  6966628101488 |  6954208578471 |  6985111641690 |  7034329810077 |  7121006482192 |  7105351880124 |  7148042737818 |  7120086195585 |  7153825448529 |  7148155530825 |  7174123683864 |  7224924084208 |  7626604870211 |  7632721742348 |  7642318862449 |  7644244068915 |  7636611956868 |  7639515559264 |  7629519392384 |  7635514702891 |  7638498875930 |  7637363789046 |  7645052489467 |  7644906064125 |  7639091380999 |  7651017823880 |  7649763799066 |  7637728213411 |
|      CAS_CMD_RD      |  UMC0C0 |   240683643009 |              0 |              0 |              0 |              0 |              0 |              0 |              0 |              0 |              0 |              0 |              0 |              0 |              0 |              0 |              0 |              0 |              0 |              0 |              0 |              0 |              0 |              0 |              0 |              0 |              0 |              0 |              0 |              0 |              0 |              0 |              0 |              0 |              0 |              0 |              0 |              0 |              0 |              0 |              0 |              0 |              0 |              0 |              0 |              0 |              0 |              0 |              0 |              0 |              0 |              0 |              0 |              0 |              0 |              0 |              0 |              0 |              0 |              0 |              0 |              0 |              0 |              0 |              0 |
|      CAS_CMD_WR      |  UMC0C1 |    90915224938 |              0 |              0 |              0 |              0 |              0 |              0 |              0 |              0 |              0 |              0 |              0 |              0 |              0 |              0 |              0 |              0 |              0 |              0 |              0 |              0 |              0 |              0 |              0 |              0 |              0 |              0 |              0 |              0 |              0 |              0 |              0 |              0 |              0 |              0 |              0 |              0 |              0 |              0 |              0 |              0 |              0 |              0 |              0 |              0 |              0 |              0 |              0 |              0 |              0 |              0 |              0 |              0 |              0 |              0 |              0 |              0 |              0 |              0 |              0 |              0 |              0 |              0 |              0 |
|      CAS_CMD_RD      |  UMC1C0 |   243190871845 |              0 |              0 |              0 |              0 |              0 |              0 |              0 |              0 |              0 |              0 |              0 |              0 |              0 |              0 |              0 |              0 |              0 |              0 |              0 |              0 |              0 |              0 |              0 |              0 |              0 |              0 |              0 |              0 |              0 |              0 |              0 |              0 |              0 |              0 |              0 |              0 |              0 |              0 |              0 |              0 |              0 |              0 |              0 |              0 |              0 |              0 |              0 |              0 |              0 |              0 |              0 |              0 |              0 |              0 |              0 |              0 |              0 |              0 |              0 |              0 |              0 |              0 |              0 |
|      CAS_CMD_WR      |  UMC1C1 |    90885724908 |              0 |              0 |              0 |              0 |              0 |              0 |              0 |              0 |              0 |              0 |              0 |              0 |              0 |              0 |              0 |              0 |              0 |              0 |              0 |              0 |              0 |              0 |              0 |              0 |              0 |              0 |              0 |              0 |              0 |              0 |              0 |              0 |              0 |              0 |              0 |              0 |              0 |              0 |              0 |              0 |              0 |              0 |              0 |              0 |              0 |              0 |              0 |              0 |              0 |              0 |              0 |              0 |              0 |              0 |              0 |              0 |              0 |              0 |              0 |              0 |              0 |              0 |              0 |
|      CAS_CMD_RD      |  UMC2C0 |   240822856410 |              0 |              0 |              0 |              0 |              0 |              0 |              0 |              0 |              0 |              0 |              0 |              0 |              0 |              0 |              0 |              0 |              0 |              0 |              0 |              0 |              0 |              0 |              0 |              0 |              0 |              0 |              0 |              0 |              0 |              0 |              0 |              0 |              0 |              0 |              0 |              0 |              0 |              0 |              0 |              0 |              0 |              0 |              0 |              0 |              0 |              0 |              0 |              0 |              0 |              0 |              0 |              0 |              0 |              0 |              0 |              0 |              0 |              0 |              0 |              0 |              0 |              0 |              0 |
|      CAS_CMD_WR      |  UMC2C1 |    90966448638 |              0 |              0 |              0 |              0 |              0 |              0 |              0 |              0 |              0 |              0 |              0 |              0 |              0 |              0 |              0 |              0 |              0 |              0 |              0 |              0 |              0 |              0 |              0 |              0 |              0 |              0 |              0 |              0 |              0 |              0 |              0 |              0 |              0 |              0 |              0 |              0 |              0 |              0 |              0 |              0 |              0 |              0 |              0 |              0 |              0 |              0 |              0 |              0 |              0 |              0 |              0 |              0 |              0 |              0 |              0 |              0 |              0 |              0 |              0 |              0 |              0 |              0 |              0 |
|      CAS_CMD_RD      |  UMC3C0 |   245855666842 |              0 |              0 |              0 |              0 |              0 |              0 |              0 |              0 |              0 |              0 |              0 |              0 |              0 |              0 |              0 |              0 |              0 |              0 |              0 |              0 |              0 |              0 |              0 |              0 |              0 |              0 |              0 |              0 |              0 |              0 |              0 |              0 |              0 |              0 |              0 |              0 |              0 |              0 |              0 |              0 |              0 |              0 |              0 |              0 |              0 |              0 |              0 |              0 |              0 |              0 |              0 |              0 |              0 |              0 |              0 |              0 |              0 |              0 |              0 |              0 |              0 |              0 |              0 |
|      CAS_CMD_WR      |  UMC3C1 |    90897846256 |              0 |              0 |              0 |              0 |              0 |              0 |              0 |              0 |              0 |              0 |              0 |              0 |              0 |              0 |              0 |              0 |              0 |              0 |              0 |              0 |              0 |              0 |              0 |              0 |              0 |              0 |              0 |              0 |              0 |              0 |              0 |              0 |              0 |              0 |              0 |              0 |              0 |              0 |              0 |              0 |              0 |              0 |              0 |              0 |              0 |              0 |              0 |              0 |              0 |              0 |              0 |              0 |              0 |              0 |              0 |              0 |              0 |              0 |              0 |              0 |              0 |              0 |              0 |
|      CAS_CMD_RD      |  UMC4C0 |   246790687065 |              0 |              0 |              0 |              0 |              0 |              0 |              0 |              0 |              0 |              0 |              0 |              0 |              0 |              0 |              0 |              0 |              0 |              0 |              0 |              0 |              0 |              0 |              0 |              0 |              0 |              0 |              0 |              0 |              0 |              0 |              0 |              0 |              0 |              0 |              0 |              0 |              0 |              0 |              0 |              0 |              0 |              0 |              0 |              0 |              0 |              0 |              0 |              0 |              0 |              0 |              0 |              0 |              0 |              0 |              0 |              0 |              0 |              0 |              0 |              0 |              0 |              0 |              0 |
|      CAS_CMD_WR      |  UMC4C1 |    90860857540 |              0 |              0 |              0 |              0 |              0 |              0 |              0 |              0 |              0 |              0 |              0 |              0 |              0 |              0 |              0 |              0 |              0 |              0 |              0 |              0 |              0 |              0 |              0 |              0 |              0 |              0 |              0 |              0 |              0 |              0 |              0 |              0 |              0 |              0 |              0 |              0 |              0 |              0 |              0 |              0 |              0 |              0 |              0 |              0 |              0 |              0 |              0 |              0 |              0 |              0 |              0 |              0 |              0 |              0 |              0 |              0 |              0 |              0 |              0 |              0 |              0 |              0 |              0 |
|      CAS_CMD_RD      |  UMC5C0 |   242092338050 |              0 |              0 |              0 |              0 |              0 |              0 |              0 |              0 |              0 |              0 |              0 |              0 |              0 |              0 |              0 |              0 |              0 |              0 |              0 |              0 |              0 |              0 |              0 |              0 |              0 |              0 |              0 |              0 |              0 |              0 |              0 |              0 |              0 |              0 |              0 |              0 |              0 |              0 |              0 |              0 |              0 |              0 |              0 |              0 |              0 |              0 |              0 |              0 |              0 |              0 |              0 |              0 |              0 |              0 |              0 |              0 |              0 |              0 |              0 |              0 |              0 |              0 |              0 |
|      CAS_CMD_WR      |  UMC5C1 |    90942041984 |              0 |              0 |              0 |              0 |              0 |              0 |              0 |              0 |              0 |              0 |              0 |              0 |              0 |              0 |              0 |              0 |              0 |              0 |              0 |              0 |              0 |              0 |              0 |              0 |              0 |              0 |              0 |              0 |              0 |              0 |              0 |              0 |              0 |              0 |              0 |              0 |              0 |              0 |              0 |              0 |              0 |              0 |              0 |              0 |              0 |              0 |              0 |              0 |              0 |              0 |              0 |              0 |              0 |              0 |              0 |              0 |              0 |              0 |              0 |              0 |              0 |              0 |              0 |
|      CAS_CMD_RD      |  UMC6C0 |   243726777152 |              0 |              0 |              0 |              0 |              0 |              0 |              0 |              0 |              0 |              0 |              0 |              0 |              0 |              0 |              0 |              0 |              0 |              0 |              0 |              0 |              0 |              0 |              0 |              0 |              0 |              0 |              0 |              0 |              0 |              0 |              0 |              0 |              0 |              0 |              0 |              0 |              0 |              0 |              0 |              0 |              0 |              0 |              0 |              0 |              0 |              0 |              0 |              0 |              0 |              0 |              0 |              0 |              0 |              0 |              0 |              0 |              0 |              0 |              0 |              0 |              0 |              0 |              0 |
|      CAS_CMD_WR      |  UMC6C1 |    90937122897 |              0 |              0 |              0 |              0 |              0 |              0 |              0 |              0 |              0 |              0 |              0 |              0 |              0 |              0 |              0 |              0 |              0 |              0 |              0 |              0 |              0 |              0 |              0 |              0 |              0 |              0 |              0 |              0 |              0 |              0 |              0 |              0 |              0 |              0 |              0 |              0 |              0 |              0 |              0 |              0 |              0 |              0 |              0 |              0 |              0 |              0 |              0 |              0 |              0 |              0 |              0 |              0 |              0 |              0 |              0 |              0 |              0 |              0 |              0 |              0 |              0 |              0 |              0 |
|      CAS_CMD_RD      |  UMC7C0 |   245912146686 |              0 |              0 |              0 |              0 |              0 |              0 |              0 |              0 |              0 |              0 |              0 |              0 |              0 |              0 |              0 |              0 |              0 |              0 |              0 |              0 |              0 |              0 |              0 |              0 |              0 |              0 |              0 |              0 |              0 |              0 |              0 |              0 |              0 |              0 |              0 |              0 |              0 |              0 |              0 |              0 |              0 |              0 |              0 |              0 |              0 |              0 |              0 |              0 |              0 |              0 |              0 |              0 |              0 |              0 |              0 |              0 |              0 |              0 |              0 |              0 |              0 |              0 |              0 |
|      CAS_CMD_WR      |  UMC7C1 |    90860600109 |              0 |              0 |              0 |              0 |              0 |              0 |              0 |              0 |              0 |              0 |              0 |              0 |              0 |              0 |              0 |              0 |              0 |              0 |              0 |              0 |              0 |              0 |              0 |              0 |              0 |              0 |              0 |              0 |              0 |              0 |              0 |              0 |              0 |              0 |              0 |              0 |              0 |              0 |              0 |              0 |              0 |              0 |              0 |              0 |              0 |              0 |              0 |              0 |              0 |              0 |              0 |              0 |              0 |              0 |              0 |              0 |              0 |              0 |              0 |              0 |              0 |              0 |              0 |
|      CAS_CMD_RD      |  UMC8C0 |   242574665897 |              0 |              0 |              0 |              0 |              0 |              0 |              0 |              0 |              0 |              0 |              0 |              0 |              0 |              0 |              0 |              0 |              0 |              0 |              0 |              0 |              0 |              0 |              0 |              0 |              0 |              0 |              0 |              0 |              0 |              0 |              0 |              0 |              0 |              0 |              0 |              0 |              0 |              0 |              0 |              0 |              0 |              0 |              0 |              0 |              0 |              0 |              0 |              0 |              0 |              0 |              0 |              0 |              0 |              0 |              0 |              0 |              0 |              0 |              0 |              0 |              0 |              0 |              0 |
|      CAS_CMD_WR      |  UMC8C1 |    90876554813 |              0 |              0 |              0 |              0 |              0 |              0 |              0 |              0 |              0 |              0 |              0 |              0 |              0 |              0 |              0 |              0 |              0 |              0 |              0 |              0 |              0 |              0 |              0 |              0 |              0 |              0 |              0 |              0 |              0 |              0 |              0 |              0 |              0 |              0 |              0 |              0 |              0 |              0 |              0 |              0 |              0 |              0 |              0 |              0 |              0 |              0 |              0 |              0 |              0 |              0 |              0 |              0 |              0 |              0 |              0 |              0 |              0 |              0 |              0 |              0 |              0 |              0 |              0 |
|      CAS_CMD_RD      |  UMC9C0 |   243575053010 |              0 |              0 |              0 |              0 |              0 |              0 |              0 |              0 |              0 |              0 |              0 |              0 |              0 |              0 |              0 |              0 |              0 |              0 |              0 |              0 |              0 |              0 |              0 |              0 |              0 |              0 |              0 |              0 |              0 |              0 |              0 |              0 |              0 |              0 |              0 |              0 |              0 |              0 |              0 |              0 |              0 |              0 |              0 |              0 |              0 |              0 |              0 |              0 |              0 |              0 |              0 |              0 |              0 |              0 |              0 |              0 |              0 |              0 |              0 |              0 |              0 |              0 |              0 |
|      CAS_CMD_WR      |  UMC9C1 |    90943817868 |              0 |              0 |              0 |              0 |              0 |              0 |              0 |              0 |              0 |              0 |              0 |              0 |              0 |              0 |              0 |              0 |              0 |              0 |              0 |              0 |              0 |              0 |              0 |              0 |              0 |              0 |              0 |              0 |              0 |              0 |              0 |              0 |              0 |              0 |              0 |              0 |              0 |              0 |              0 |              0 |              0 |              0 |              0 |              0 |              0 |              0 |              0 |              0 |              0 |              0 |              0 |              0 |              0 |              0 |              0 |              0 |              0 |              0 |              0 |              0 |              0 |              0 |              0 |
|      CAS_CMD_RD      | UMC10C0 |   246670661897 |              0 |              0 |              0 |              0 |              0 |              0 |              0 |              0 |              0 |              0 |              0 |              0 |              0 |              0 |              0 |              0 |              0 |              0 |              0 |              0 |              0 |              0 |              0 |              0 |              0 |              0 |              0 |              0 |              0 |              0 |              0 |              0 |              0 |              0 |              0 |              0 |              0 |              0 |              0 |              0 |              0 |              0 |              0 |              0 |              0 |              0 |              0 |              0 |              0 |              0 |              0 |              0 |              0 |              0 |              0 |              0 |              0 |              0 |              0 |              0 |              0 |              0 |              0 |
|      CAS_CMD_WR      | UMC10C1 |    90848281117 |              0 |              0 |              0 |              0 |              0 |              0 |              0 |              0 |              0 |              0 |              0 |              0 |              0 |              0 |              0 |              0 |              0 |              0 |              0 |              0 |              0 |              0 |              0 |              0 |              0 |              0 |              0 |              0 |              0 |              0 |              0 |              0 |              0 |              0 |              0 |              0 |              0 |              0 |              0 |              0 |              0 |              0 |              0 |              0 |              0 |              0 |              0 |              0 |              0 |              0 |              0 |              0 |              0 |              0 |              0 |              0 |              0 |              0 |              0 |              0 |              0 |              0 |              0 |
|      CAS_CMD_RD      | UMC11C0 |   243328756722 |              0 |              0 |              0 |              0 |              0 |              0 |              0 |              0 |              0 |              0 |              0 |              0 |              0 |              0 |              0 |              0 |              0 |              0 |              0 |              0 |              0 |              0 |              0 |              0 |              0 |              0 |              0 |              0 |              0 |              0 |              0 |              0 |              0 |              0 |              0 |              0 |              0 |              0 |              0 |              0 |              0 |              0 |              0 |              0 |              0 |              0 |              0 |              0 |              0 |              0 |              0 |              0 |              0 |              0 |              0 |              0 |              0 |              0 |              0 |              0 |              0 |              0 |              0 |
|      CAS_CMD_WR      | UMC11C1 |    90871280230 |              0 |              0 |              0 |              0 |              0 |              0 |              0 |              0 |              0 |              0 |              0 |              0 |              0 |              0 |              0 |              0 |              0 |              0 |              0 |              0 |              0 |              0 |              0 |              0 |              0 |              0 |              0 |              0 |              0 |              0 |              0 |              0 |              0 |              0 |              0 |              0 |              0 |              0 |              0 |              0 |              0 |              0 |              0 |              0 |              0 |              0 |              0 |              0 |              0 |              0 |              0 |              0 |              0 |              0 |              0 |              0 |              0 |              0 |              0 |              0 |              0 |              0 |              0 |
+----------------------+---------+----------------+----------------+----------------+----------------+----------------+----------------+----------------+----------------+----------------+----------------+----------------+----------------+----------------+----------------+----------------+----------------+----------------+----------------+----------------+----------------+----------------+----------------+----------------+----------------+----------------+----------------+----------------+----------------+----------------+----------------+----------------+----------------+----------------+----------------+----------------+----------------+----------------+----------------+----------------+----------------+----------------+----------------+----------------+----------------+----------------+----------------+----------------+----------------+----------------+----------------+----------------+----------------+----------------+----------------+----------------+----------------+----------------+----------------+----------------+----------------+----------------+----------------+----------------+----------------+

+---------------------------+---------+-----------------+----------------+----------------+--------------+
|           Event           | Counter |       Sum       |       Min      |       Max      |      Avg     |
+---------------------------+---------+-----------------+----------------+----------------+--------------+
|   ACTUAL_CPU_CLOCK STAT   |  FIXC1  | 498308352307258 |  7285232542980 | 12211497762816 | 7.786068e+12 |
|     MAX_CPU_CLOCK STAT    |  FIXC2  | 352432109469258 |  5152566991494 |  8596759749916 | 5.506752e+12 |
| RETIRED_INSTRUCTIONS STAT |   PMC0  | 816613086923651 | 12595307650210 | 15803293934347 |      nil     |
|  CPU_CLOCKS_UNHALTED STAT |   PMC1  | 467887076151560 |  6901607073843 |  9864802833668 | 7.310736e+12 |
|      CAS_CMD_RD STAT      |  UMC0C0 |    240683643009 |              0 |   240683643009 | 3.760682e+09 |
|      CAS_CMD_WR STAT      |  UMC0C1 |     90915224938 |              0 |    90915224938 | 1.420550e+09 |
|      CAS_CMD_RD STAT      |  UMC1C0 |    243190871845 |              0 |   243190871845 | 3.799857e+09 |
|      CAS_CMD_WR STAT      |  UMC1C1 |     90885724908 |              0 |    90885724908 | 1.420089e+09 |
|      CAS_CMD_RD STAT      |  UMC2C0 |    240822856410 |              0 |   240822856410 | 3.762857e+09 |
|      CAS_CMD_WR STAT      |  UMC2C1 |     90966448638 |              0 |    90966448638 | 1.421351e+09 |
|      CAS_CMD_RD STAT      |  UMC3C0 |    245855666842 |              0 |   245855666842 | 3.841495e+09 |
|      CAS_CMD_WR STAT      |  UMC3C1 |     90897846256 |              0 |    90897846256 | 1.420279e+09 |
|      CAS_CMD_RD STAT      |  UMC4C0 |    246790687065 |              0 |   246790687065 | 3.856104e+09 |
|      CAS_CMD_WR STAT      |  UMC4C1 |     90860857540 |              0 |    90860857540 | 1.419701e+09 |
|      CAS_CMD_RD STAT      |  UMC5C0 |    242092338050 |              0 |   242092338050 | 3.782693e+09 |
|      CAS_CMD_WR STAT      |  UMC5C1 |     90942041984 |              0 |    90942041984 |   1420969406 |
|      CAS_CMD_RD STAT      |  UMC6C0 |    243726777152 |              0 |   243726777152 |   3808230893 |
|      CAS_CMD_WR STAT      |  UMC6C1 |     90937122897 |              0 |    90937122897 | 1.420893e+09 |
|      CAS_CMD_RD STAT      |  UMC7C0 |    245912146686 |              0 |   245912146686 | 3.842377e+09 |
|      CAS_CMD_WR STAT      |  UMC7C1 |     90860600109 |              0 |    90860600109 | 1.419697e+09 |
|      CAS_CMD_RD STAT      |  UMC8C0 |    242574665897 |              0 |   242574665897 | 3.790229e+09 |
|      CAS_CMD_WR STAT      |  UMC8C1 |     90876554813 |              0 |    90876554813 | 1.419946e+09 |
|      CAS_CMD_RD STAT      |  UMC9C0 |    243575053010 |              0 |   243575053010 | 3.805860e+09 |
|      CAS_CMD_WR STAT      |  UMC9C1 |     90943817868 |              0 |    90943817868 | 1.420997e+09 |
|      CAS_CMD_RD STAT      | UMC10C0 |    246670661897 |              0 |   246670661897 | 3.854229e+09 |
|      CAS_CMD_WR STAT      | UMC10C1 |     90848281117 |              0 |    90848281117 | 1.419504e+09 |
|      CAS_CMD_RD STAT      | UMC11C0 |    243328756722 |              0 |   243328756722 | 3.802012e+09 |
|      CAS_CMD_WR STAT      | UMC11C1 |     90871280230 |              0 |    90871280230 | 1.419864e+09 |
+---------------------------+---------+-----------------+----------------+----------------+--------------+

+-----------------------------------+-------------+------------+------------+------------+------------+------------+------------+------------+------------+------------+-------------+-------------+-------------+-------------+-------------+-------------+-------------+-------------+-------------+-------------+-------------+-------------+-------------+-------------+-------------+-------------+-------------+-------------+-------------+-------------+-------------+-------------+-------------+-------------+-------------+-------------+-------------+-------------+-------------+-------------+-------------+-------------+-------------+-------------+-------------+-------------+-------------+-------------+-------------+-------------+-------------+-------------+-------------+-------------+-------------+-------------+-------------+-------------+-------------+-------------+-------------+-------------+-------------+-------------+
|               Metric              |  HWThread 0 | HWThread 1 | HWThread 2 | HWThread 3 | HWThread 4 | HWThread 5 | HWThread 6 | HWThread 7 | HWThread 8 | HWThread 9 | HWThread 10 | HWThread 11 | HWThread 12 | HWThread 13 | HWThread 14 | HWThread 15 | HWThread 16 | HWThread 17 | HWThread 18 | HWThread 19 | HWThread 20 | HWThread 21 | HWThread 22 | HWThread 23 | HWThread 24 | HWThread 25 | HWThread 26 | HWThread 27 | HWThread 28 | HWThread 29 | HWThread 30 | HWThread 31 | HWThread 32 | HWThread 33 | HWThread 34 | HWThread 35 | HWThread 36 | HWThread 37 | HWThread 38 | HWThread 39 | HWThread 40 | HWThread 41 | HWThread 42 | HWThread 43 | HWThread 44 | HWThread 45 | HWThread 46 | HWThread 47 | HWThread 48 | HWThread 49 | HWThread 50 | HWThread 51 | HWThread 52 | HWThread 53 | HWThread 54 | HWThread 55 | HWThread 56 | HWThread 57 | HWThread 58 | HWThread 59 | HWThread 60 | HWThread 61 | HWThread 62 | HWThread 63 |
+-----------------------------------+-------------+------------+------------+------------+------------+------------+------------+------------+------------+------------+-------------+-------------+-------------+-------------+-------------+-------------+-------------+-------------+-------------+-------------+-------------+-------------+-------------+-------------+-------------+-------------+-------------+-------------+-------------+-------------+-------------+-------------+-------------+-------------+-------------+-------------+-------------+-------------+-------------+-------------+-------------+-------------+-------------+-------------+-------------+-------------+-------------+-------------+-------------+-------------+-------------+-------------+-------------+-------------+-------------+-------------+-------------+-------------+-------------+-------------+-------------+-------------+-------------+-------------+
|        Runtime (RDTSC) [s]        |   3373.5295 |  3373.5295 |  3373.5295 |  3373.5295 |  3373.5295 |  3373.5295 |  3373.5295 |  3373.5295 |  3373.5295 |  3373.5295 |   3373.5295 |   3373.5295 |   3373.5295 |   3373.5295 |   3373.5295 |   3373.5295 |   3373.5295 |   3373.5295 |   3373.5295 |   3373.5295 |   3373.5295 |   3373.5295 |   3373.5295 |   3373.5295 |   3373.5295 |   3373.5295 |   3373.5295 |   3373.5295 |   3373.5295 |   3373.5295 |   3373.5295 |   3373.5295 |   3373.5295 |   3373.5295 |   3373.5295 |   3373.5295 |   3373.5295 |   3373.5295 |   3373.5295 |   3373.5295 |   3373.5295 |   3373.5295 |   3373.5295 |   3373.5295 |   3373.5295 |   3373.5295 |   3373.5295 |   3373.5295 |   3373.5295 |   3373.5295 |   3373.5295 |   3373.5295 |   3373.5295 |   3373.5295 |   3373.5295 |   3373.5295 |   3373.5295 |   3373.5295 |   3373.5295 |   3373.5295 |   3373.5295 |   3373.5295 |   3373.5295 |   3373.5295 |
|        Runtime unhalted [s]       |   4696.7579 |  3018.5625 |  2997.6533 |  2996.0203 |  3000.5006 |  2997.2602 |  3004.3877 |  3010.2172 |  2925.8980 |  2912.7886 |   2935.6800 |   2927.1711 |   2955.1638 |   2944.2253 |   2958.0455 |   2961.9295 |   2998.9930 |   2993.8745 |   3005.8447 |   2999.7634 |   3012.5761 |   3009.2275 |   3015.3922 |   3023.2582 |   2812.8123 |   2802.0292 |   2825.5718 |   2812.0484 |   2833.7534 |   2850.4667 |   2843.0101 |   2871.8496 |   2807.4600 |   2802.9026 |   2818.3721 |   2811.8247 |   2828.4327 |   2825.3700 |   2843.9912 |   2861.5606 |   2889.6990 |   2880.9129 |   2899.7729 |   2889.2612 |   2903.3020 |   2900.6454 |   2912.0751 |   2937.9448 |   3120.5714 |   3118.5410 |   3118.1518 |   3118.4467 |   3118.4638 |   3118.2227 |   3117.7745 |   3117.8421 |   3118.2795 |   3118.4917 |   3116.9616 |   3116.8379 |   3118.8118 |   3117.9617 |   3117.8775 |   3118.7053 |
|            Clock [MHz]            |   3693.2177 |  3644.6219 |  3676.9782 |  3678.8707 |  3677.3791 |  3677.2388 |  3677.4122 |  3677.3266 |  3683.6648 |  3676.1713 |   3676.4637 |   3676.4227 |   3676.2332 |   3676.6799 |   3676.7330 |   3676.6745 |   3675.0673 |   3675.1484 |   3675.1485 |   3674.8950 |   3675.1569 |   3675.2578 |   3675.2993 |   3675.4129 |   3676.1925 |   3676.1272 |   3676.4399 |   3676.1855 |   3676.2734 |   3676.7313 |   3676.4872 |   3676.7817 |   3676.6493 |   3676.4249 |   3676.6639 |   3676.6448 |   3676.7326 |   3676.8880 |   3676.7678 |   3676.9124 |   3677.2674 |   3676.9529 |   3677.1364 |   3677.1247 |   3677.0373 |   3676.9642 |   3677.3194 |   3677.6081 |   3677.3899 |   3675.0451 |   3675.0350 |   3675.0979 |   3675.2845 |   3675.0053 |   3674.8463 |   3675.2093 |   3674.8007 |   3674.8428 |   3674.4602 |   3674.4450 |   3674.8618 |   3674.7860 |   3674.7694 |   3674.5950 |
|                CPI                |      0.6242 |     0.5738 |     0.5744 |     0.5739 |     0.5748 |     0.5742 |     0.5750 |     0.5759 |     0.5587 |     0.5575 |      0.5614 |      0.5601 |      0.5643 |      0.5632 |      0.5652 |      0.5656 |      0.5753 |      0.5748 |      0.5763 |      0.5757 |      0.5777 |      0.5770 |      0.5779 |      0.5797 |      0.5438 |      0.5431 |      0.5469 |      0.5442 |      0.5483 |      0.5507 |      0.5501 |      0.5544 |      0.5435 |      0.5424 |      0.5459 |      0.5445 |      0.5475 |      0.5466 |      0.5490 |      0.5529 |      0.5598 |      0.5588 |      0.5620 |      0.5599 |      0.5624 |      0.5620 |      0.5641 |      0.5682 |      0.6019 |      0.6024 |      0.6031 |      0.6034 |      0.6028 |      0.6032 |      0.6024 |      0.6028 |      0.6029 |      0.6028 |      0.6034 |      0.6035 |      0.6030 |      0.6040 |      0.6040 |      0.6064 |
|  Memory read bandwidth [MBytes/s] |  55495.0957 |          0 |          0 |          0 |          0 |          0 |          0 |          0 |          0 |          0 |           0 |           0 |           0 |           0 |           0 |           0 |           0 |           0 |           0 |           0 |           0 |           0 |           0 |           0 |           0 |           0 |           0 |           0 |           0 |           0 |           0 |           0 |           0 |           0 |           0 |           0 |           0 |           0 |           0 |           0 |           0 |           0 |           0 |           0 |           0 |           0 |           0 |           0 |           0 |           0 |           0 |           0 |           0 |           0 |           0 |           0 |           0 |           0 |           0 |           0 |           0 |           0 |           0 |           0 |
|  Memory read data volume [GBytes] | 187214.3440 |          0 |          0 |          0 |          0 |          0 |          0 |          0 |          0 |          0 |           0 |           0 |           0 |           0 |           0 |           0 |           0 |           0 |           0 |           0 |           0 |           0 |           0 |           0 |           0 |           0 |           0 |           0 |           0 |           0 |           0 |           0 |           0 |           0 |           0 |           0 |           0 |           0 |           0 |           0 |           0 |           0 |           0 |           0 |           0 |           0 |           0 |           0 |           0 |           0 |           0 |           0 |           0 |           0 |           0 |           0 |           0 |           0 |           0 |           0 |           0 |           0 |           0 |           0 |
| Memory write bandwidth [MBytes/s] |  20693.9263 |          0 |          0 |          0 |          0 |          0 |          0 |          0 |          0 |          0 |           0 |           0 |           0 |           0 |           0 |           0 |           0 |           0 |           0 |           0 |           0 |           0 |           0 |           0 |           0 |           0 |           0 |           0 |           0 |           0 |           0 |           0 |           0 |           0 |           0 |           0 |           0 |           0 |           0 |           0 |           0 |           0 |           0 |           0 |           0 |           0 |           0 |           0 |           0 |           0 |           0 |           0 |           0 |           0 |           0 |           0 |           0 |           0 |           0 |           0 |           0 |           0 |           0 |           0 |
| Memory write data volume [GBytes] |  69811.5713 |          0 |          0 |          0 |          0 |          0 |          0 |          0 |          0 |          0 |           0 |           0 |           0 |           0 |           0 |           0 |           0 |           0 |           0 |           0 |           0 |           0 |           0 |           0 |           0 |           0 |           0 |           0 |           0 |           0 |           0 |           0 |           0 |           0 |           0 |           0 |           0 |           0 |           0 |           0 |           0 |           0 |           0 |           0 |           0 |           0 |           0 |           0 |           0 |           0 |           0 |           0 |           0 |           0 |           0 |           0 |           0 |           0 |           0 |           0 |           0 |           0 |           0 |           0 |
|    Memory bandwidth [MBytes/s]    |  76189.0220 |          0 |          0 |          0 |          0 |          0 |          0 |          0 |          0 |          0 |           0 |           0 |           0 |           0 |           0 |           0 |           0 |           0 |           0 |           0 |           0 |           0 |           0 |           0 |           0 |           0 |           0 |           0 |           0 |           0 |           0 |           0 |           0 |           0 |           0 |           0 |           0 |           0 |           0 |           0 |           0 |           0 |           0 |           0 |           0 |           0 |           0 |           0 |           0 |           0 |           0 |           0 |           0 |           0 |           0 |           0 |           0 |           0 |           0 |           0 |           0 |           0 |           0 |           0 |
|    Memory data volume [GBytes]    | 257025.9153 |          0 |          0 |          0 |          0 |          0 |          0 |          0 |          0 |          0 |           0 |           0 |           0 |           0 |           0 |           0 |           0 |           0 |           0 |           0 |           0 |           0 |           0 |           0 |           0 |           0 |           0 |           0 |           0 |           0 |           0 |           0 |           0 |           0 |           0 |           0 |           0 |           0 |           0 |           0 |           0 |           0 |           0 |           0 |           0 |           0 |           0 |           0 |           0 |           0 |           0 |           0 |           0 |           0 |           0 |           0 |           0 |           0 |           0 |           0 |           0 |           0 |           0 |           0 |
+-----------------------------------+-------------+------------+------------+------------+------------+------------+------------+------------+------------+------------+-------------+-------------+-------------+-------------+-------------+-------------+-------------+-------------+-------------+-------------+-------------+-------------+-------------+-------------+-------------+-------------+-------------+-------------+-------------+-------------+-------------+-------------+-------------+-------------+-------------+-------------+-------------+-------------+-------------+-------------+-------------+-------------+-------------+-------------+-------------+-------------+-------------+-------------+-------------+-------------+-------------+-------------+-------------+-------------+-------------+-------------+-------------+-------------+-------------+-------------+-------------+-------------+-------------+-------------+

+----------------------------------------+-------------+-----------+-------------+-----------+
|                 Metric                 |     Sum     |    Min    |     Max     |    Avg    |
+----------------------------------------+-------------+-----------+-------------+-----------+
|        Runtime (RDTSC) [s] STAT        | 215905.8880 | 3373.5295 |   3373.5295 | 3373.5295 |
|        Runtime unhalted [s] STAT       | 191658.2008 | 2802.0292 |   4696.7579 | 2994.6594 |
|            Clock [MHz] STAT            | 235266.2614 | 3644.6219 |   3693.2177 | 3676.0353 |
|                CPI STAT                |     36.6596 |    0.5424 |      0.6242 |    0.5728 |
|  Memory read bandwidth [MBytes/s] STAT |  55495.0957 |         0 |  55495.0957 |  867.1109 |
|  Memory read data volume [GBytes] STAT | 187214.3440 |         0 | 187214.3440 | 2925.2241 |
| Memory write bandwidth [MBytes/s] STAT |  20693.9263 |         0 |  20693.9263 |  323.3426 |
| Memory write data volume [GBytes] STAT |  69811.5713 |         0 |  69811.5713 | 1090.8058 |
|    Memory bandwidth [MBytes/s] STAT    |  76189.0220 |         0 |  76189.0220 | 1190.4535 |
|    Memory data volume [GBytes] STAT    | 257025.9153 |         0 | 257025.9153 | 4016.0299 |
+----------------------------------------+-------------+-----------+-------------+-----------+

