INFO: You are running LIKWID in a cpuset with 80 CPUs. Taking given IDs as logical ID in cpuset
--------------------------------------------------------------------------------
CPU name:	AMD EPYC 9A14 96-Core Processor                
CPU type:	AMD K19 (Zen4) architecture
CPU clock:	2.60 GHz
--------------------------------------------------------------------------------
Use symmetry. Molecule point group: Coov
Norb: 20   Ne: (7, 7)
Running RHF...
converged SCF energy = -92.827631799365
Running FCI ...
Guessing CI wfn symmetry = 0
Num symmetry allowed elements 1502950144
tol 1e-10  toloose 1e-05
max_cycle 100  max_space 12  max_memory 683559  incore True
    CPU time for contract_2e  10852.22 sec, wall time    145.25 sec
davidson 0 1  |r|= 0.77  e= [-116.65141583]  max|de|= -117  lindep=    1
    CPU time for contract_2e  10816.07 sec, wall time    154.50 sec
davidson 1 2  |r|= 0.371  e= [-116.83564519]  max|de|= -0.184  lindep= 0.978
    CPU time for contract_2e  10935.14 sec, wall time    161.72 sec
davidson 2 3  |r|= 0.145  e= [-116.87066041]  max|de|= -0.035  lindep= 0.996
    CPU time for contract_2e  11166.01 sec, wall time    175.93 sec
davidson 3 4  |r|= 0.0579  e= [-116.87548655]  max|de|= -0.00483  lindep= 0.981
    CPU time for contract_2e  11226.09 sec, wall time    190.35 sec
davidson 4 5  |r|= 0.0283  e= [-116.87622039]  max|de|= -0.000734  lindep= 0.934
    CPU time for contract_2e  11266.74 sec, wall time    199.62 sec
davidson 5 6  |r|= 0.0133  e= [-116.8764033]  max|de|= -0.000183  lindep= 0.902
    CPU time for contract_2e  11332.45 sec, wall time    209.49 sec
davidson 6 7  |r|= 0.00565  e= [-116.87644024]  max|de|= -3.69e-05  lindep= 0.927
    CPU time for contract_2e  11364.66 sec, wall time    218.55 sec
davidson 7 8  |r|= 0.00224  e= [-116.87644619]  max|de|= -5.95e-06  lindep= 0.932
    CPU time for contract_2e  11365.15 sec, wall time    227.50 sec
davidson 8 9  |r|= 0.000882  e= [-116.87644712]  max|de|= -9.33e-07  lindep= 0.918
    CPU time for contract_2e  11431.54 sec, wall time    236.71 sec
davidson 9 10  |r|= 0.000388  e= [-116.87644727]  max|de|= -1.55e-07  lindep= 0.919
    CPU time for contract_2e  11472.65 sec, wall time    246.01 sec
davidson 10 11  |r|= 0.000183  e= [-116.8764473]  max|de|= -3.05e-08  lindep= 0.897
    CPU time for contract_2e  11500.82 sec, wall time    255.06 sec
davidson 11 12  |r|= 8.85e-05  e= [-116.87644731]  max|de|= -7.18e-09  lindep= 0.904
    CPU time for contract_2e  11342.11 sec, wall time    266.29 sec
davidson 12 1  |r|= 8.85e-05  e= [-116.87644731]  max|de|= 9.29e-12  lindep=    1
    CPU time for contract_2e  10931.11 sec, wall time    156.11 sec
davidson 13 2  |r|= 3.82e-05  e= [-116.87644731]  max|de|= -1.28e-09  lindep= 0.995
    CPU time for contract_2e  10888.14 sec, wall time    161.28 sec
davidson 14 3  |r|= 2.39e-05  e= [-116.87644731]  max|de|= -4.53e-10  lindep= 0.908
    CPU time for contract_2e  11197.36 sec, wall time    176.34 sec
davidson 15 4  |r|= 1.11e-05  e= [-116.87644731]  max|de|= -1.15e-10  lindep= 0.858
    CPU time for contract_2e  11204.24 sec, wall time    190.08 sec
root 0 converged  |r|= 4.65e-06  e= -116.87644731371978  max|de|= -2.32e-11
converged 16 5  |r|= 4.65e-06  e= [-116.87644731]  max|de|= -2.32e-11
--------------------------------------------------------------------------------
Group 1: MEM
+----------------------+---------+----------------+----------------+----------------+----------------+----------------+----------------+----------------+----------------+----------------+----------------+----------------+----------------+----------------+----------------+----------------+----------------+----------------+----------------+----------------+----------------+----------------+----------------+----------------+----------------+----------------+----------------+----------------+----------------+----------------+----------------+----------------+----------------+----------------+----------------+----------------+----------------+----------------+----------------+----------------+----------------+----------------+----------------+----------------+----------------+----------------+----------------+----------------+----------------+----------------+----------------+----------------+----------------+----------------+----------------+----------------+----------------+----------------+----------------+----------------+----------------+----------------+----------------+----------------+----------------+----------------+----------------+----------------+----------------+----------------+----------------+----------------+----------------+----------------+----------------+----------------+----------------+----------------+----------------+----------------+----------------+
|         Event        | Counter |   HWThread 0   |   HWThread 1   |   HWThread 2   |   HWThread 3   |   HWThread 4   |   HWThread 5   |   HWThread 6   |   HWThread 7   |   HWThread 8   |   HWThread 9   |   HWThread 10  |   HWThread 11  |   HWThread 12  |   HWThread 13  |   HWThread 14  |   HWThread 15  |   HWThread 16  |   HWThread 17  |   HWThread 18  |   HWThread 19  |   HWThread 20  |   HWThread 21  |   HWThread 22  |   HWThread 23  |   HWThread 24  |   HWThread 25  |   HWThread 26  |   HWThread 27  |   HWThread 28  |   HWThread 29  |   HWThread 30  |   HWThread 31  |   HWThread 32  |   HWThread 33  |   HWThread 34  |   HWThread 35  |   HWThread 36  |   HWThread 37  |   HWThread 38  |   HWThread 39  |   HWThread 40  |   HWThread 41  |   HWThread 42  |   HWThread 43  |   HWThread 44  |   HWThread 45  |   HWThread 46  |   HWThread 47  |   HWThread 48  |   HWThread 49  |   HWThread 50  |   HWThread 51  |   HWThread 52  |   HWThread 53  |   HWThread 54  |   HWThread 55  |   HWThread 56  |   HWThread 57  |   HWThread 58  |   HWThread 59  |   HWThread 60  |   HWThread 61  |   HWThread 62  |   HWThread 63  |   HWThread 64  |   HWThread 65  |   HWThread 66  |   HWThread 67  |   HWThread 68  |   HWThread 69  |   HWThread 70  |   HWThread 71  |   HWThread 72  |   HWThread 73  |   HWThread 74  |   HWThread 75  |   HWThread 76  |   HWThread 77  |   HWThread 78  |   HWThread 79  |
+----------------------+---------+----------------+----------------+----------------+----------------+----------------+----------------+----------------+----------------+----------------+----------------+----------------+----------------+----------------+----------------+----------------+----------------+----------------+----------------+----------------+----------------+----------------+----------------+----------------+----------------+----------------+----------------+----------------+----------------+----------------+----------------+----------------+----------------+----------------+----------------+----------------+----------------+----------------+----------------+----------------+----------------+----------------+----------------+----------------+----------------+----------------+----------------+----------------+----------------+----------------+----------------+----------------+----------------+----------------+----------------+----------------+----------------+----------------+----------------+----------------+----------------+----------------+----------------+----------------+----------------+----------------+----------------+----------------+----------------+----------------+----------------+----------------+----------------+----------------+----------------+----------------+----------------+----------------+----------------+----------------+----------------+
|   ACTUAL_CPU_CLOCK   |  FIXC1  | 13362151329688 |  9071130141949 |  9028135603382 |  9025891964100 |  9027875560091 |  9020453099994 |  9028438284319 |  9027401666289 |  8868653590952 |  8878682300351 |  8952596518895 |  8921824849020 |  8967983829114 |  8936463746801 |  8967121152740 |  8956405089503 |  8954484197435 |  8964077594902 |  8965190276385 |  8978905058720 |  8947745135104 |  8956031943572 |  8963046870998 |  8941960208026 |  9022643388726 |  9022630784822 |  9028973423542 |  9029442163002 |  9018213494877 |  9004769516265 |  9023042993861 |  9021157725997 |  9020630033724 |  9013136838802 |  9018595830542 |  9011418692250 |  9003943593885 |  9002835738923 |  8995960983118 |  9002717810275 |  8995497922193 |  8989101948405 |  8990284065486 |  8986785643505 |  8980505881064 |  8980580102958 |  8985412764968 |  8981573247609 |  8001811455999 |  7838974539492 |  7940473584252 |  7900421372047 |  8248782931384 |  7959403433241 |  8044918115607 |  8107761446135 |  7757323317774 |  7680629815188 |  7781244026192 |  7717044405323 |  7848096485952 |  7829407171395 |  7940240873866 |  7982450133517 |  7984910723428 |  7859466889192 |  7942105127263 |  7874900875052 |  7980615447781 |  7950783048682 |  8044765758827 |  8114918047213 |  8678504391789 |  8630524299026 |  8673539467967 |  8632376315402 |  8714536124979 |  8656971929467 |  8760525956029 |  8809819013068 |
|     MAX_CPU_CLOCK    |  FIXC2  |  9490033594704 |  6542497987038 |  6463557219938 |  6460988026012 |  6462665650610 |  6456534072482 |  6462746505566 |  6462253283330 |  6340850252802 |  6349942702298 |  6403638674056 |  6382355853120 |  6415844843876 |  6392222405010 |  6413489942054 |  6403717539726 |  6407259284218 |  6416653866818 |  6416941758708 |  6428426369924 |  6402811256478 |  6407509748640 |  6413662662550 |  6395408512792 |  6443346078442 |  6443350406922 |  6449248764582 |  6448507571090 |  6438395136680 |  6428360094104 |  6444217985218 |  6441703708492 |  6442393838842 |  6434429595256 |  6439865602846 |  6435453678628 |  6427432822122 |  6426117554714 |  6420241039394 |  6426488294174 |  6424394606136 |  6419283889148 |  6418891373778 |  6416485895482 |  6409907248212 |  6409567786596 |  6413872202010 |  6410901560960 |  5775217881732 |  5704062591058 |  5749532818172 |  5734090929476 |  5934363528652 |  5757431315428 |  5803985942534 |  5839614991184 |  5670721402866 |  5629974388376 |  5674287383388 |  5644754879530 |  5707189373262 |  5702336010150 |  5743856322464 |  5767464650220 |  5790245199128 |  5730367137456 |  5765881628676 |  5731265502222 |  5782657157238 |  5769808308524 |  5812133543294 |  5848903440536 |  6206020305784 |  6169811171160 |  6202779728314 |  6169093434114 |  6229234291098 |  6186178523200 |  6261417629012 |  6295648340930 |
| RETIRED_INSTRUCTIONS |   PMC0  | 13374913327754 | 10325133360113 | 10325399455644 | 10327685009878 | 10326164145607 | 10325648903745 | 10328399144250 | 10329012465259 | 10371416267699 | 10369975578288 | 10368631106064 | 10368937106176 | 10362892280869 | 10367803202838 | 10357226868472 | 10357311261937 | 10343213697386 | 10344505079209 | 10334948446341 | 10341426565098 | 10342091019645 | 10330926361430 | 10334083662607 | 10328038808030 | 10320336761699 | 10317303964983 | 10318500178697 | 10317513773934 | 10316850842686 | 10316171484038 | 10311748776658 | 10311156664161 | 10333447588914 | 10335188838960 | 10333431192374 | 10333025082098 | 10331086127146 | 10330546503943 | 10327386964878 | 10324938701091 | 10315856120879 | 10317414022362 | 10315270486244 | 10315553982640 | 10312591900516 | 10311330634388 | 10308044155986 | 10307203701104 | 10329624856943 | 10326948644960 | 10328934109808 | 10327836486316 | 10329986390119 | 10327515603032 | 10327555464122 | 10328795408205 | 10341725867547 | 10339775382389 | 10341068319524 | 10337954627379 | 10341746379085 | 10340637727519 | 10341252008319 | 10342311444493 | 10315081210004 | 10316235938777 | 10315933324950 | 10315933880441 | 10316930487595 | 10315535642388 | 10316553623995 | 10314812649803 | 10335276157802 | 10333100370023 | 10336091634007 | 10333447687061 | 10335728568227 | 10333653729801 | 10333223666487 | 10274385527111 |
|  CPU_CLOCKS_UNHALTED |   PMC1  | 10850996002294 |  8364757616987 |  8371214244069 |  8366006514300 |  8363835172104 |  8366173937576 |  8351765109308 |  8362044091055 |  8237185529437 |  8260491142948 |  8316985491760 |  8288688381387 |  8312217569514 |  8296178376402 |  8298892871641 |  8296127709107 |  8321259844716 |  8326678230138 |  8320596675361 |  8327118101200 |  8311708055891 |  8306406924847 |  8306545349841 |  8292348715049 |  8355229071783 |  8362984298694 |  8371035595953 |  8367199956858 |  8352905628605 |  8353429802127 |  8321519733410 |  8358236718707 |  8353444523574 |  8350268884789 |  8340457244559 |  8346797754101 |  8339742134061 |  8348612366305 |  8334727355936 |  8341959039242 |  8340245333090 |  8331096317541 |  8348075443996 |  8340886896994 |  8334245948320 |  8338761307659 |  8308988733169 |  8331044925956 |  7515173490328 |  7394661922720 |  7498177433753 |  7449014438622 |  7742830728519 |  7518531974164 |  7586627591343 |  7624006720822 |  7312002724838 |  7266074252139 |  7360717701280 |  7305559237153 |  7406820268899 |  7396513527280 |  7490057407270 |  7529647081751 |  7529156480508 |  7423402554562 |  7514670099825 |  7453929181939 |  7543982811546 |  7519868071919 |  7601247698716 |  7667515361971 |  8106273548760 |  8088136225650 |  8118888440010 |  8090972579082 |  8151160966217 |  8112662638626 |  8189885294536 |  8234141256135 |
|      CAS_CMD_RD      |  UMC0C0 |   274555838198 |              0 |              0 |              0 |              0 |              0 |              0 |              0 |              0 |              0 |              0 |              0 |              0 |              0 |              0 |              0 |              0 |              0 |              0 |              0 |              0 |              0 |              0 |              0 |              0 |              0 |              0 |              0 |              0 |              0 |              0 |              0 |              0 |              0 |              0 |              0 |              0 |              0 |              0 |              0 |              0 |              0 |              0 |              0 |              0 |              0 |              0 |              0 |              0 |              0 |              0 |              0 |              0 |              0 |              0 |              0 |              0 |              0 |              0 |              0 |              0 |              0 |              0 |              0 |              0 |              0 |              0 |              0 |              0 |              0 |              0 |              0 |              0 |              0 |              0 |              0 |              0 |              0 |              0 |              0 |
|      CAS_CMD_WR      |  UMC0C1 |   106815294171 |              0 |              0 |              0 |              0 |              0 |              0 |              0 |              0 |              0 |              0 |              0 |              0 |              0 |              0 |              0 |              0 |              0 |              0 |              0 |              0 |              0 |              0 |              0 |              0 |              0 |              0 |              0 |              0 |              0 |              0 |              0 |              0 |              0 |              0 |              0 |              0 |              0 |              0 |              0 |              0 |              0 |              0 |              0 |              0 |              0 |              0 |              0 |              0 |              0 |              0 |              0 |              0 |              0 |              0 |              0 |              0 |              0 |              0 |              0 |              0 |              0 |              0 |              0 |              0 |              0 |              0 |              0 |              0 |              0 |              0 |              0 |              0 |              0 |              0 |              0 |              0 |              0 |              0 |              0 |
|      CAS_CMD_RD      |  UMC1C0 |   272550006568 |              0 |              0 |              0 |              0 |              0 |              0 |              0 |              0 |              0 |              0 |              0 |              0 |              0 |              0 |              0 |              0 |              0 |              0 |              0 |              0 |              0 |              0 |              0 |              0 |              0 |              0 |              0 |              0 |              0 |              0 |              0 |              0 |              0 |              0 |              0 |              0 |              0 |              0 |              0 |              0 |              0 |              0 |              0 |              0 |              0 |              0 |              0 |              0 |              0 |              0 |              0 |              0 |              0 |              0 |              0 |              0 |              0 |              0 |              0 |              0 |              0 |              0 |              0 |              0 |              0 |              0 |              0 |              0 |              0 |              0 |              0 |              0 |              0 |              0 |              0 |              0 |              0 |              0 |              0 |
|      CAS_CMD_WR      |  UMC1C1 |   106786490188 |              0 |              0 |              0 |              0 |              0 |              0 |              0 |              0 |              0 |              0 |              0 |              0 |              0 |              0 |              0 |              0 |              0 |              0 |              0 |              0 |              0 |              0 |              0 |              0 |              0 |              0 |              0 |              0 |              0 |              0 |              0 |              0 |              0 |              0 |              0 |              0 |              0 |              0 |              0 |              0 |              0 |              0 |              0 |              0 |              0 |              0 |              0 |              0 |              0 |              0 |              0 |              0 |              0 |              0 |              0 |              0 |              0 |              0 |              0 |              0 |              0 |              0 |              0 |              0 |              0 |              0 |              0 |              0 |              0 |              0 |              0 |              0 |              0 |              0 |              0 |              0 |              0 |              0 |              0 |
|      CAS_CMD_RD      |  UMC2C0 |   273990315012 |              0 |              0 |              0 |              0 |              0 |              0 |              0 |              0 |              0 |              0 |              0 |              0 |              0 |              0 |              0 |              0 |              0 |              0 |              0 |              0 |              0 |              0 |              0 |              0 |              0 |              0 |              0 |              0 |              0 |              0 |              0 |              0 |              0 |              0 |              0 |              0 |              0 |              0 |              0 |              0 |              0 |              0 |              0 |              0 |              0 |              0 |              0 |              0 |              0 |              0 |              0 |              0 |              0 |              0 |              0 |              0 |              0 |              0 |              0 |              0 |              0 |              0 |              0 |              0 |              0 |              0 |              0 |              0 |              0 |              0 |              0 |              0 |              0 |              0 |              0 |              0 |              0 |              0 |              0 |
|      CAS_CMD_WR      |  UMC2C1 |   106846165897 |              0 |              0 |              0 |              0 |              0 |              0 |              0 |              0 |              0 |              0 |              0 |              0 |              0 |              0 |              0 |              0 |              0 |              0 |              0 |              0 |              0 |              0 |              0 |              0 |              0 |              0 |              0 |              0 |              0 |              0 |              0 |              0 |              0 |              0 |              0 |              0 |              0 |              0 |              0 |              0 |              0 |              0 |              0 |              0 |              0 |              0 |              0 |              0 |              0 |              0 |              0 |              0 |              0 |              0 |              0 |              0 |              0 |              0 |              0 |              0 |              0 |              0 |              0 |              0 |              0 |              0 |              0 |              0 |              0 |              0 |              0 |              0 |              0 |              0 |              0 |              0 |              0 |              0 |              0 |
|      CAS_CMD_RD      |  UMC3C0 |   275368791304 |              0 |              0 |              0 |              0 |              0 |              0 |              0 |              0 |              0 |              0 |              0 |              0 |              0 |              0 |              0 |              0 |              0 |              0 |              0 |              0 |              0 |              0 |              0 |              0 |              0 |              0 |              0 |              0 |              0 |              0 |              0 |              0 |              0 |              0 |              0 |              0 |              0 |              0 |              0 |              0 |              0 |              0 |              0 |              0 |              0 |              0 |              0 |              0 |              0 |              0 |              0 |              0 |              0 |              0 |              0 |              0 |              0 |              0 |              0 |              0 |              0 |              0 |              0 |              0 |              0 |              0 |              0 |              0 |              0 |              0 |              0 |              0 |              0 |              0 |              0 |              0 |              0 |              0 |              0 |
|      CAS_CMD_WR      |  UMC3C1 |   106746837947 |              0 |              0 |              0 |              0 |              0 |              0 |              0 |              0 |              0 |              0 |              0 |              0 |              0 |              0 |              0 |              0 |              0 |              0 |              0 |              0 |              0 |              0 |              0 |              0 |              0 |              0 |              0 |              0 |              0 |              0 |              0 |              0 |              0 |              0 |              0 |              0 |              0 |              0 |              0 |              0 |              0 |              0 |              0 |              0 |              0 |              0 |              0 |              0 |              0 |              0 |              0 |              0 |              0 |              0 |              0 |              0 |              0 |              0 |              0 |              0 |              0 |              0 |              0 |              0 |              0 |              0 |              0 |              0 |              0 |              0 |              0 |              0 |              0 |              0 |              0 |              0 |              0 |              0 |              0 |
|      CAS_CMD_RD      |  UMC4C0 |   272823046507 |              0 |              0 |              0 |              0 |              0 |              0 |              0 |              0 |              0 |              0 |              0 |              0 |              0 |              0 |              0 |              0 |              0 |              0 |              0 |              0 |              0 |              0 |              0 |              0 |              0 |              0 |              0 |              0 |              0 |              0 |              0 |              0 |              0 |              0 |              0 |              0 |              0 |              0 |              0 |              0 |              0 |              0 |              0 |              0 |              0 |              0 |              0 |              0 |              0 |              0 |              0 |              0 |              0 |              0 |              0 |              0 |              0 |              0 |              0 |              0 |              0 |              0 |              0 |              0 |              0 |              0 |              0 |              0 |              0 |              0 |              0 |              0 |              0 |              0 |              0 |              0 |              0 |              0 |              0 |
|      CAS_CMD_WR      |  UMC4C1 |   106824456988 |              0 |              0 |              0 |              0 |              0 |              0 |              0 |              0 |              0 |              0 |              0 |              0 |              0 |              0 |              0 |              0 |              0 |              0 |              0 |              0 |              0 |              0 |              0 |              0 |              0 |              0 |              0 |              0 |              0 |              0 |              0 |              0 |              0 |              0 |              0 |              0 |              0 |              0 |              0 |              0 |              0 |              0 |              0 |              0 |              0 |              0 |              0 |              0 |              0 |              0 |              0 |              0 |              0 |              0 |              0 |              0 |              0 |              0 |              0 |              0 |              0 |              0 |              0 |              0 |              0 |              0 |              0 |              0 |              0 |              0 |              0 |              0 |              0 |              0 |              0 |              0 |              0 |              0 |              0 |
|      CAS_CMD_RD      |  UMC5C0 |   276464570140 |              0 |              0 |              0 |              0 |              0 |              0 |              0 |              0 |              0 |              0 |              0 |              0 |              0 |              0 |              0 |              0 |              0 |              0 |              0 |              0 |              0 |              0 |              0 |              0 |              0 |              0 |              0 |              0 |              0 |              0 |              0 |              0 |              0 |              0 |              0 |              0 |              0 |              0 |              0 |              0 |              0 |              0 |              0 |              0 |              0 |              0 |              0 |              0 |              0 |              0 |              0 |              0 |              0 |              0 |              0 |              0 |              0 |              0 |              0 |              0 |              0 |              0 |              0 |              0 |              0 |              0 |              0 |              0 |              0 |              0 |              0 |              0 |              0 |              0 |              0 |              0 |              0 |              0 |              0 |
|      CAS_CMD_WR      |  UMC5C1 |   106819368218 |              0 |              0 |              0 |              0 |              0 |              0 |              0 |              0 |              0 |              0 |              0 |              0 |              0 |              0 |              0 |              0 |              0 |              0 |              0 |              0 |              0 |              0 |              0 |              0 |              0 |              0 |              0 |              0 |              0 |              0 |              0 |              0 |              0 |              0 |              0 |              0 |              0 |              0 |              0 |              0 |              0 |              0 |              0 |              0 |              0 |              0 |              0 |              0 |              0 |              0 |              0 |              0 |              0 |              0 |              0 |              0 |              0 |              0 |              0 |              0 |              0 |              0 |              0 |              0 |              0 |              0 |              0 |              0 |              0 |              0 |              0 |              0 |              0 |              0 |              0 |              0 |              0 |              0 |              0 |
|      CAS_CMD_RD      |  UMC6C0 |   271095104637 |              0 |              0 |              0 |              0 |              0 |              0 |              0 |              0 |              0 |              0 |              0 |              0 |              0 |              0 |              0 |              0 |              0 |              0 |              0 |              0 |              0 |              0 |              0 |              0 |              0 |              0 |              0 |              0 |              0 |              0 |              0 |              0 |              0 |              0 |              0 |              0 |              0 |              0 |              0 |              0 |              0 |              0 |              0 |              0 |              0 |              0 |              0 |              0 |              0 |              0 |              0 |              0 |              0 |              0 |              0 |              0 |              0 |              0 |              0 |              0 |              0 |              0 |              0 |              0 |              0 |              0 |              0 |              0 |              0 |              0 |              0 |              0 |              0 |              0 |              0 |              0 |              0 |              0 |              0 |
|      CAS_CMD_WR      |  UMC6C1 |   106833743488 |              0 |              0 |              0 |              0 |              0 |              0 |              0 |              0 |              0 |              0 |              0 |              0 |              0 |              0 |              0 |              0 |              0 |              0 |              0 |              0 |              0 |              0 |              0 |              0 |              0 |              0 |              0 |              0 |              0 |              0 |              0 |              0 |              0 |              0 |              0 |              0 |              0 |              0 |              0 |              0 |              0 |              0 |              0 |              0 |              0 |              0 |              0 |              0 |              0 |              0 |              0 |              0 |              0 |              0 |              0 |              0 |              0 |              0 |              0 |              0 |              0 |              0 |              0 |              0 |              0 |              0 |              0 |              0 |              0 |              0 |              0 |              0 |              0 |              0 |              0 |              0 |              0 |              0 |              0 |
|      CAS_CMD_RD      |  UMC7C0 |   271997554809 |              0 |              0 |              0 |              0 |              0 |              0 |              0 |              0 |              0 |              0 |              0 |              0 |              0 |              0 |              0 |              0 |              0 |              0 |              0 |              0 |              0 |              0 |              0 |              0 |              0 |              0 |              0 |              0 |              0 |              0 |              0 |              0 |              0 |              0 |              0 |              0 |              0 |              0 |              0 |              0 |              0 |              0 |              0 |              0 |              0 |              0 |              0 |              0 |              0 |              0 |              0 |              0 |              0 |              0 |              0 |              0 |              0 |              0 |              0 |              0 |              0 |              0 |              0 |              0 |              0 |              0 |              0 |              0 |              0 |              0 |              0 |              0 |              0 |              0 |              0 |              0 |              0 |              0 |              0 |
|      CAS_CMD_WR      |  UMC7C1 |   106898310536 |              0 |              0 |              0 |              0 |              0 |              0 |              0 |              0 |              0 |              0 |              0 |              0 |              0 |              0 |              0 |              0 |              0 |              0 |              0 |              0 |              0 |              0 |              0 |              0 |              0 |              0 |              0 |              0 |              0 |              0 |              0 |              0 |              0 |              0 |              0 |              0 |              0 |              0 |              0 |              0 |              0 |              0 |              0 |              0 |              0 |              0 |              0 |              0 |              0 |              0 |              0 |              0 |              0 |              0 |              0 |              0 |              0 |              0 |              0 |              0 |              0 |              0 |              0 |              0 |              0 |              0 |              0 |              0 |              0 |              0 |              0 |              0 |              0 |              0 |              0 |              0 |              0 |              0 |              0 |
|      CAS_CMD_RD      |  UMC8C0 |   271695083276 |              0 |              0 |              0 |              0 |              0 |              0 |              0 |              0 |              0 |              0 |              0 |              0 |              0 |              0 |              0 |              0 |              0 |              0 |              0 |              0 |              0 |              0 |              0 |              0 |              0 |              0 |              0 |              0 |              0 |              0 |              0 |              0 |              0 |              0 |              0 |              0 |              0 |              0 |              0 |              0 |              0 |              0 |              0 |              0 |              0 |              0 |              0 |              0 |              0 |              0 |              0 |              0 |              0 |              0 |              0 |              0 |              0 |              0 |              0 |              0 |              0 |              0 |              0 |              0 |              0 |              0 |              0 |              0 |              0 |              0 |              0 |              0 |              0 |              0 |              0 |              0 |              0 |              0 |              0 |
|      CAS_CMD_WR      |  UMC8C1 |   106848035036 |              0 |              0 |              0 |              0 |              0 |              0 |              0 |              0 |              0 |              0 |              0 |              0 |              0 |              0 |              0 |              0 |              0 |              0 |              0 |              0 |              0 |              0 |              0 |              0 |              0 |              0 |              0 |              0 |              0 |              0 |              0 |              0 |              0 |              0 |              0 |              0 |              0 |              0 |              0 |              0 |              0 |              0 |              0 |              0 |              0 |              0 |              0 |              0 |              0 |              0 |              0 |              0 |              0 |              0 |              0 |              0 |              0 |              0 |              0 |              0 |              0 |              0 |              0 |              0 |              0 |              0 |              0 |              0 |              0 |              0 |              0 |              0 |              0 |              0 |              0 |              0 |              0 |              0 |              0 |
|      CAS_CMD_RD      |  UMC9C0 |   271077315707 |              0 |              0 |              0 |              0 |              0 |              0 |              0 |              0 |              0 |              0 |              0 |              0 |              0 |              0 |              0 |              0 |              0 |              0 |              0 |              0 |              0 |              0 |              0 |              0 |              0 |              0 |              0 |              0 |              0 |              0 |              0 |              0 |              0 |              0 |              0 |              0 |              0 |              0 |              0 |              0 |              0 |              0 |              0 |              0 |              0 |              0 |              0 |              0 |              0 |              0 |              0 |              0 |              0 |              0 |              0 |              0 |              0 |              0 |              0 |              0 |              0 |              0 |              0 |              0 |              0 |              0 |              0 |              0 |              0 |              0 |              0 |              0 |              0 |              0 |              0 |              0 |              0 |              0 |              0 |
|      CAS_CMD_WR      |  UMC9C1 |   106702558942 |              0 |              0 |              0 |              0 |              0 |              0 |              0 |              0 |              0 |              0 |              0 |              0 |              0 |              0 |              0 |              0 |              0 |              0 |              0 |              0 |              0 |              0 |              0 |              0 |              0 |              0 |              0 |              0 |              0 |              0 |              0 |              0 |              0 |              0 |              0 |              0 |              0 |              0 |              0 |              0 |              0 |              0 |              0 |              0 |              0 |              0 |              0 |              0 |              0 |              0 |              0 |              0 |              0 |              0 |              0 |              0 |              0 |              0 |              0 |              0 |              0 |              0 |              0 |              0 |              0 |              0 |              0 |              0 |              0 |              0 |              0 |              0 |              0 |              0 |              0 |              0 |              0 |              0 |              0 |
|      CAS_CMD_RD      | UMC10C0 |   268869114131 |              0 |              0 |              0 |              0 |              0 |              0 |              0 |              0 |              0 |              0 |              0 |              0 |              0 |              0 |              0 |              0 |              0 |              0 |              0 |              0 |              0 |              0 |              0 |              0 |              0 |              0 |              0 |              0 |              0 |              0 |              0 |              0 |              0 |              0 |              0 |              0 |              0 |              0 |              0 |              0 |              0 |              0 |              0 |              0 |              0 |              0 |              0 |              0 |              0 |              0 |              0 |              0 |              0 |              0 |              0 |              0 |              0 |              0 |              0 |              0 |              0 |              0 |              0 |              0 |              0 |              0 |              0 |              0 |              0 |              0 |              0 |              0 |              0 |              0 |              0 |              0 |              0 |              0 |              0 |
|      CAS_CMD_WR      | UMC10C1 |   106719784177 |              0 |              0 |              0 |              0 |              0 |              0 |              0 |              0 |              0 |              0 |              0 |              0 |              0 |              0 |              0 |              0 |              0 |              0 |              0 |              0 |              0 |              0 |              0 |              0 |              0 |              0 |              0 |              0 |              0 |              0 |              0 |              0 |              0 |              0 |              0 |              0 |              0 |              0 |              0 |              0 |              0 |              0 |              0 |              0 |              0 |              0 |              0 |              0 |              0 |              0 |              0 |              0 |              0 |              0 |              0 |              0 |              0 |              0 |              0 |              0 |              0 |              0 |              0 |              0 |              0 |              0 |              0 |              0 |              0 |              0 |              0 |              0 |              0 |              0 |              0 |              0 |              0 |              0 |              0 |
|      CAS_CMD_RD      | UMC11C0 |   270282946023 |              0 |              0 |              0 |              0 |              0 |              0 |              0 |              0 |              0 |              0 |              0 |              0 |              0 |              0 |              0 |              0 |              0 |              0 |              0 |              0 |              0 |              0 |              0 |              0 |              0 |              0 |              0 |              0 |              0 |              0 |              0 |              0 |              0 |              0 |              0 |              0 |              0 |              0 |              0 |              0 |              0 |              0 |              0 |              0 |              0 |              0 |              0 |              0 |              0 |              0 |              0 |              0 |              0 |              0 |              0 |              0 |              0 |              0 |              0 |              0 |              0 |              0 |              0 |              0 |              0 |              0 |              0 |              0 |              0 |              0 |              0 |              0 |              0 |              0 |              0 |              0 |              0 |              0 |              0 |
|      CAS_CMD_WR      | UMC11C1 |   106796638276 |              0 |              0 |              0 |              0 |              0 |              0 |              0 |              0 |              0 |              0 |              0 |              0 |              0 |              0 |              0 |              0 |              0 |              0 |              0 |              0 |              0 |              0 |              0 |              0 |              0 |              0 |              0 |              0 |              0 |              0 |              0 |              0 |              0 |              0 |              0 |              0 |              0 |              0 |              0 |              0 |              0 |              0 |              0 |              0 |              0 |              0 |              0 |              0 |              0 |              0 |              0 |              0 |              0 |              0 |              0 |              0 |              0 |              0 |              0 |              0 |              0 |              0 |              0 |              0 |              0 |              0 |              0 |              0 |              0 |              0 |              0 |              0 |              0 |              0 |              0 |              0 |              0 |              0 |              0 |
+----------------------+---------+----------------+----------------+----------------+----------------+----------------+----------------+----------------+----------------+----------------+----------------+----------------+----------------+----------------+----------------+----------------+----------------+----------------+----------------+----------------+----------------+----------------+----------------+----------------+----------------+----------------+----------------+----------------+----------------+----------------+----------------+----------------+----------------+----------------+----------------+----------------+----------------+----------------+----------------+----------------+----------------+----------------+----------------+----------------+----------------+----------------+----------------+----------------+----------------+----------------+----------------+----------------+----------------+----------------+----------------+----------------+----------------+----------------+----------------+----------------+----------------+----------------+----------------+----------------+----------------+----------------+----------------+----------------+----------------+----------------+----------------+----------------+----------------+----------------+----------------+----------------+----------------+----------------+----------------+----------------+----------------+

+---------------------------+---------+-----------------+----------------+----------------+--------------+
|           Event           | Counter |       Sum       |       Min      |       Max      |      Avg     |
+---------------------------+---------+-----------------+----------------+----------------+--------------+
|   ACTUAL_CPU_CLOCK STAT   |  FIXC1  | 695730751123658 |  7680629815188 | 13362151329688 | 8.696634e+12 |
|     MAX_CPU_CLOCK STAT    |  FIXC2  | 499295198495756 |  5629974388376 |  9490033594704 |      nil     |
| RETIRED_INSTRUCTIONS STAT |   PMC0  | 829463274392950 | 10274385527111 | 13374913327754 |      nil     |
|  CPU_CLOCKS_UNHALTED STAT |   PMC1  | 647230426383244 |  7266074252139 | 10850996002294 | 8.090380e+12 |
|      CAS_CMD_RD STAT      |  UMC0C0 |    274555838198 |              0 |   274555838198 | 3.431948e+09 |
|      CAS_CMD_WR STAT      |  UMC0C1 |    106815294171 |              0 |   106815294171 | 1.335191e+09 |
|      CAS_CMD_RD STAT      |  UMC1C0 |    272550006568 |              0 |   272550006568 | 3.406875e+09 |
|      CAS_CMD_WR STAT      |  UMC1C1 |    106786490188 |              0 |   106786490188 | 1.334831e+09 |
|      CAS_CMD_RD STAT      |  UMC2C0 |    273990315012 |              0 |   273990315012 | 3.424879e+09 |
|      CAS_CMD_WR STAT      |  UMC2C1 |    106846165897 |              0 |   106846165897 | 1.335577e+09 |
|      CAS_CMD_RD STAT      |  UMC3C0 |    275368791304 |              0 |   275368791304 | 3.442110e+09 |
|      CAS_CMD_WR STAT      |  UMC3C1 |    106746837947 |              0 |   106746837947 | 1.334335e+09 |
|      CAS_CMD_RD STAT      |  UMC4C0 |    272823046507 |              0 |   272823046507 | 3.410288e+09 |
|      CAS_CMD_WR STAT      |  UMC4C1 |    106824456988 |              0 |   106824456988 | 1.335306e+09 |
|      CAS_CMD_RD STAT      |  UMC5C0 |    276464570140 |              0 |   276464570140 | 3.455807e+09 |
|      CAS_CMD_WR STAT      |  UMC5C1 |    106819368218 |              0 |   106819368218 | 1.335242e+09 |
|      CAS_CMD_RD STAT      |  UMC6C0 |    271095104637 |              0 |   271095104637 | 3.388689e+09 |
|      CAS_CMD_WR STAT      |  UMC6C1 |    106833743488 |              0 |   106833743488 | 1.335422e+09 |
|      CAS_CMD_RD STAT      |  UMC7C0 |    271997554809 |              0 |   271997554809 | 3.399969e+09 |
|      CAS_CMD_WR STAT      |  UMC7C1 |    106898310536 |              0 |   106898310536 | 1.336229e+09 |
|      CAS_CMD_RD STAT      |  UMC8C0 |    271695083276 |              0 |   271695083276 | 3.396189e+09 |
|      CAS_CMD_WR STAT      |  UMC8C1 |    106848035036 |              0 |   106848035036 | 1.335600e+09 |
|      CAS_CMD_RD STAT      |  UMC9C0 |    271077315707 |              0 |   271077315707 | 3.388466e+09 |
|      CAS_CMD_WR STAT      |  UMC9C1 |    106702558942 |              0 |   106702558942 | 1.333782e+09 |
|      CAS_CMD_RD STAT      | UMC10C0 |    268869114131 |              0 |   268869114131 | 3.360864e+09 |
|      CAS_CMD_WR STAT      | UMC10C1 |    106719784177 |              0 |   106719784177 | 1.333997e+09 |
|      CAS_CMD_RD STAT      | UMC11C0 |    270282946023 |              0 |   270282946023 | 3.378537e+09 |
|      CAS_CMD_WR STAT      | UMC11C1 |    106796638276 |              0 |   106796638276 | 1.334958e+09 |
+---------------------------+---------+-----------------+----------------+----------------+--------------+

+-----------------------------------+-------------+------------+------------+------------+------------+------------+------------+------------+------------+------------+-------------+-------------+-------------+-------------+-------------+-------------+-------------+-------------+-------------+-------------+-------------+-------------+-------------+-------------+-------------+-------------+-------------+-------------+-------------+-------------+-------------+-------------+-------------+-------------+-------------+-------------+-------------+-------------+-------------+-------------+-------------+-------------+-------------+-------------+-------------+-------------+-------------+-------------+-------------+-------------+-------------+-------------+-------------+-------------+-------------+-------------+-------------+-------------+-------------+-------------+-------------+-------------+-------------+-------------+-------------+-------------+-------------+-------------+-------------+-------------+-------------+-------------+-------------+-------------+-------------+-------------+-------------+-------------+-------------+-------------+
|               Metric              |  HWThread 0 | HWThread 1 | HWThread 2 | HWThread 3 | HWThread 4 | HWThread 5 | HWThread 6 | HWThread 7 | HWThread 8 | HWThread 9 | HWThread 10 | HWThread 11 | HWThread 12 | HWThread 13 | HWThread 14 | HWThread 15 | HWThread 16 | HWThread 17 | HWThread 18 | HWThread 19 | HWThread 20 | HWThread 21 | HWThread 22 | HWThread 23 | HWThread 24 | HWThread 25 | HWThread 26 | HWThread 27 | HWThread 28 | HWThread 29 | HWThread 30 | HWThread 31 | HWThread 32 | HWThread 33 | HWThread 34 | HWThread 35 | HWThread 36 | HWThread 37 | HWThread 38 | HWThread 39 | HWThread 40 | HWThread 41 | HWThread 42 | HWThread 43 | HWThread 44 | HWThread 45 | HWThread 46 | HWThread 47 | HWThread 48 | HWThread 49 | HWThread 50 | HWThread 51 | HWThread 52 | HWThread 53 | HWThread 54 | HWThread 55 | HWThread 56 | HWThread 57 | HWThread 58 | HWThread 59 | HWThread 60 | HWThread 61 | HWThread 62 | HWThread 63 | HWThread 64 | HWThread 65 | HWThread 66 | HWThread 67 | HWThread 68 | HWThread 69 | HWThread 70 | HWThread 71 | HWThread 72 | HWThread 73 | HWThread 74 | HWThread 75 | HWThread 76 | HWThread 77 | HWThread 78 | HWThread 79 |
+-----------------------------------+-------------+------------+------------+------------+------------+------------+------------+------------+------------+------------+-------------+-------------+-------------+-------------+-------------+-------------+-------------+-------------+-------------+-------------+-------------+-------------+-------------+-------------+-------------+-------------+-------------+-------------+-------------+-------------+-------------+-------------+-------------+-------------+-------------+-------------+-------------+-------------+-------------+-------------+-------------+-------------+-------------+-------------+-------------+-------------+-------------+-------------+-------------+-------------+-------------+-------------+-------------+-------------+-------------+-------------+-------------+-------------+-------------+-------------+-------------+-------------+-------------+-------------+-------------+-------------+-------------+-------------+-------------+-------------+-------------+-------------+-------------+-------------+-------------+-------------+-------------+-------------+-------------+-------------+
|        Runtime (RDTSC) [s]        |   3643.2084 |  3643.2084 |  3643.2084 |  3643.2084 |  3643.2084 |  3643.2084 |  3643.2084 |  3643.2084 |  3643.2084 |  3643.2084 |   3643.2084 |   3643.2084 |   3643.2084 |   3643.2084 |   3643.2084 |   3643.2084 |   3643.2084 |   3643.2084 |   3643.2084 |   3643.2084 |   3643.2084 |   3643.2084 |   3643.2084 |   3643.2084 |   3643.2084 |   3643.2084 |   3643.2084 |   3643.2084 |   3643.2084 |   3643.2084 |   3643.2084 |   3643.2084 |   3643.2084 |   3643.2084 |   3643.2084 |   3643.2084 |   3643.2084 |   3643.2084 |   3643.2084 |   3643.2084 |   3643.2084 |   3643.2084 |   3643.2084 |   3643.2084 |   3643.2084 |   3643.2084 |   3643.2084 |   3643.2084 |   3643.2084 |   3643.2084 |   3643.2084 |   3643.2084 |   3643.2084 |   3643.2084 |   3643.2084 |   3643.2084 |   3643.2084 |   3643.2084 |   3643.2084 |   3643.2084 |   3643.2084 |   3643.2084 |   3643.2084 |   3643.2084 |   3643.2084 |   3643.2084 |   3643.2084 |   3643.2084 |   3643.2084 |   3643.2084 |   3643.2084 |   3643.2084 |   3643.2084 |   3643.2084 |   3643.2084 |   3643.2084 |   3643.2084 |   3643.2084 |   3643.2084 |   3643.2084 |
|        Runtime unhalted [s]       |   5139.2957 |  3488.9007 |  3472.3644 |  3471.5014 |  3472.2643 |  3469.4095 |  3472.4808 |  3472.0821 |  3411.0250 |  3414.8822 |   3443.3108 |   3431.4756 |   3449.2290 |   3437.1059 |   3448.8972 |   3444.7757 |   3444.0369 |   3447.7266 |   3448.1546 |   3453.4295 |   3441.4449 |   3444.6321 |   3447.3302 |   3439.2199 |   3470.2520 |   3470.2471 |   3472.6866 |   3472.8669 |   3468.5482 |   3463.3774 |   3470.4057 |   3469.6806 |   3469.4776 |   3466.5956 |   3468.6952 |   3465.9348 |   3463.0597 |   3462.6336 |   3459.9895 |   3462.5883 |   3459.8114 |   3457.3514 |   3457.8061 |   3456.4605 |   3454.0452 |   3454.0738 |   3455.9325 |   3454.4557 |   3077.6238 |   3014.9941 |   3054.0323 |   3038.6276 |   3172.6129 |   3061.3130 |   3094.2033 |   3118.3738 |   2983.5898 |   2954.0922 |   2992.7901 |   2968.0979 |   3018.5026 |   3011.3144 |   3053.9428 |   3070.1771 |   3071.1235 |   3022.8758 |   3054.6598 |   3028.8120 |   3069.4715 |   3057.9975 |   3094.1447 |   3121.1264 |   3337.8906 |   3319.4367 |   3335.9811 |   3320.1491 |   3351.7490 |   3329.6089 |   3369.4374 |   3388.3963 |
|            Clock [MHz]            |   3660.8457 |  3604.8781 |  3631.6105 |  3632.1517 |  3632.0069 |  3632.4671 |  3632.1878 |  3632.0480 |  3636.4949 |  3635.3941 |   3634.9210 |   3634.5066 |   3634.2412 |   3634.8509 |   3635.2259 |   3636.4226 |   3633.6330 |   3632.2002 |   3632.4881 |   3631.5455 |   3633.4207 |   3634.1190 |   3633.4763 |   3635.2746 |   3640.7857 |   3640.7782 |   3640.0054 |   3640.6128 |   3641.7965 |   3642.0440 |   3640.4543 |   3641.1143 |   3640.5113 |   3641.9895 |   3641.1193 |   3640.7158 |   3642.2353 |   3642.5326 |   3643.0826 |   3642.2747 |   3640.5398 |   3640.8477 |   3641.5491 |   3641.4967 |   3642.6869 |   3642.9099 |   3642.4241 |   3642.5548 |   3602.4066 |   3573.1213 |   3590.7621 |   3582.2712 |   3614.0030 |   3594.3845 |   3603.8612 |   3609.8531 |   3556.6929 |   3547.0164 |   3565.4183 |   3554.5014 |   3575.3193 |   3569.8409 |   3594.2054 |   3598.5211 |   3585.4683 |   3566.0171 |   3581.3164 |   3572.4598 |   3588.2420 |   3582.7896 |   3598.7411 |   3607.3017 |   3635.8376 |   3636.9564 |   3635.6560 |   3638.1600 |   3637.3274 |   3638.4494 |   3637.7286 |   3638.3067 |
|                CPI                |      0.8113 |     0.8101 |     0.8107 |     0.8101 |     0.8100 |     0.8102 |     0.8086 |     0.8096 |     0.7942 |     0.7966 |      0.8021 |      0.7994 |      0.8021 |      0.8002 |      0.8013 |      0.8010 |      0.8045 |      0.8049 |      0.8051 |      0.8052 |      0.8037 |      0.8040 |      0.8038 |      0.8029 |      0.8096 |      0.8106 |      0.8113 |      0.8110 |      0.8096 |      0.8097 |      0.8070 |      0.8106 |      0.8084 |      0.8079 |      0.8071 |      0.8078 |      0.8072 |      0.8081 |      0.8071 |      0.8079 |      0.8085 |      0.8075 |      0.8093 |      0.8086 |      0.8082 |      0.8087 |      0.8061 |      0.8083 |      0.7275 |      0.7161 |      0.7259 |      0.7213 |      0.7495 |      0.7280 |      0.7346 |      0.7381 |      0.7070 |      0.7027 |      0.7118 |      0.7067 |      0.7162 |      0.7153 |      0.7243 |      0.7280 |      0.7299 |      0.7196 |      0.7285 |      0.7226 |      0.7312 |      0.7290 |      0.7368 |      0.7433 |      0.7843 |      0.7827 |      0.7855 |      0.7830 |      0.7886 |      0.7851 |      0.7926 |      0.8014 |
|  Memory read bandwidth [MBytes/s] |  57457.3944 |          0 |          0 |          0 |          0 |          0 |          0 |          0 |          0 |          0 |           0 |           0 |           0 |           0 |           0 |           0 |           0 |           0 |           0 |           0 |           0 |           0 |           0 |           0 |           0 |           0 |           0 |           0 |           0 |           0 |           0 |           0 |           0 |           0 |           0 |           0 |           0 |           0 |           0 |           0 |           0 |           0 |           0 |           0 |           0 |           0 |           0 |           0 |           0 |           0 |           0 |           0 |           0 |           0 |           0 |           0 |           0 |           0 |           0 |           0 |           0 |           0 |           0 |           0 |           0 |           0 |           0 |           0 |           0 |           0 |           0 |           0 |           0 |           0 |           0 |           0 |           0 |           0 |           0 |           0 |
|  Memory read data volume [GBytes] | 209329.2599 |          0 |          0 |          0 |          0 |          0 |          0 |          0 |          0 |          0 |           0 |           0 |           0 |           0 |           0 |           0 |           0 |           0 |           0 |           0 |           0 |           0 |           0 |           0 |           0 |           0 |           0 |           0 |           0 |           0 |           0 |           0 |           0 |           0 |           0 |           0 |           0 |           0 |           0 |           0 |           0 |           0 |           0 |           0 |           0 |           0 |           0 |           0 |           0 |           0 |           0 |           0 |           0 |           0 |           0 |           0 |           0 |           0 |           0 |           0 |           0 |           0 |           0 |           0 |           0 |           0 |           0 |           0 |           0 |           0 |           0 |           0 |           0 |           0 |           0 |           0 |           0 |           0 |           0 |           0 |
| Memory write bandwidth [MBytes/s] |  22514.4443 |          0 |          0 |          0 |          0 |          0 |          0 |          0 |          0 |          0 |           0 |           0 |           0 |           0 |           0 |           0 |           0 |           0 |           0 |           0 |           0 |           0 |           0 |           0 |           0 |           0 |           0 |           0 |           0 |           0 |           0 |           0 |           0 |           0 |           0 |           0 |           0 |           0 |           0 |           0 |           0 |           0 |           0 |           0 |           0 |           0 |           0 |           0 |           0 |           0 |           0 |           0 |           0 |           0 |           0 |           0 |           0 |           0 |           0 |           0 |           0 |           0 |           0 |           0 |           0 |           0 |           0 |           0 |           0 |           0 |           0 |           0 |           0 |           0 |           0 |           0 |           0 |           0 |           0 |           0 |
| Memory write data volume [GBytes] |  82024.8118 |          0 |          0 |          0 |          0 |          0 |          0 |          0 |          0 |          0 |           0 |           0 |           0 |           0 |           0 |           0 |           0 |           0 |           0 |           0 |           0 |           0 |           0 |           0 |           0 |           0 |           0 |           0 |           0 |           0 |           0 |           0 |           0 |           0 |           0 |           0 |           0 |           0 |           0 |           0 |           0 |           0 |           0 |           0 |           0 |           0 |           0 |           0 |           0 |           0 |           0 |           0 |           0 |           0 |           0 |           0 |           0 |           0 |           0 |           0 |           0 |           0 |           0 |           0 |           0 |           0 |           0 |           0 |           0 |           0 |           0 |           0 |           0 |           0 |           0 |           0 |           0 |           0 |           0 |           0 |
|    Memory bandwidth [MBytes/s]    |  79971.8386 |          0 |          0 |          0 |          0 |          0 |          0 |          0 |          0 |          0 |           0 |           0 |           0 |           0 |           0 |           0 |           0 |           0 |           0 |           0 |           0 |           0 |           0 |           0 |           0 |           0 |           0 |           0 |           0 |           0 |           0 |           0 |           0 |           0 |           0 |           0 |           0 |           0 |           0 |           0 |           0 |           0 |           0 |           0 |           0 |           0 |           0 |           0 |           0 |           0 |           0 |           0 |           0 |           0 |           0 |           0 |           0 |           0 |           0 |           0 |           0 |           0 |           0 |           0 |           0 |           0 |           0 |           0 |           0 |           0 |           0 |           0 |           0 |           0 |           0 |           0 |           0 |           0 |           0 |           0 |
|    Memory data volume [GBytes]    | 291354.0717 |          0 |          0 |          0 |          0 |          0 |          0 |          0 |          0 |          0 |           0 |           0 |           0 |           0 |           0 |           0 |           0 |           0 |           0 |           0 |           0 |           0 |           0 |           0 |           0 |           0 |           0 |           0 |           0 |           0 |           0 |           0 |           0 |           0 |           0 |           0 |           0 |           0 |           0 |           0 |           0 |           0 |           0 |           0 |           0 |           0 |           0 |           0 |           0 |           0 |           0 |           0 |           0 |           0 |           0 |           0 |           0 |           0 |           0 |           0 |           0 |           0 |           0 |           0 |           0 |           0 |           0 |           0 |           0 |           0 |           0 |           0 |           0 |           0 |           0 |           0 |           0 |           0 |           0 |           0 |
+-----------------------------------+-------------+------------+------------+------------+------------+------------+------------+------------+------------+------------+-------------+-------------+-------------+-------------+-------------+-------------+-------------+-------------+-------------+-------------+-------------+-------------+-------------+-------------+-------------+-------------+-------------+-------------+-------------+-------------+-------------+-------------+-------------+-------------+-------------+-------------+-------------+-------------+-------------+-------------+-------------+-------------+-------------+-------------+-------------+-------------+-------------+-------------+-------------+-------------+-------------+-------------+-------------+-------------+-------------+-------------+-------------+-------------+-------------+-------------+-------------+-------------+-------------+-------------+-------------+-------------+-------------+-------------+-------------+-------------+-------------+-------------+-------------+-------------+-------------+-------------+-------------+-------------+-------------+-------------+

+----------------------------------------+-------------+-----------+-------------+-----------+
|                 Metric                 |     Sum     |    Min    |     Max     |    Avg    |
+----------------------------------------+-------------+-----------+-------------+-----------+
|        Runtime (RDTSC) [s] STAT        | 291456.6720 | 3643.2084 |   3643.2084 | 3643.2084 |
|        Runtime unhalted [s] STAT       | 267589.0984 | 2954.0922 |   5139.2957 | 3344.8637 |
|            Clock [MHz] STAT            | 289716.4085 | 3547.0164 |   3660.8457 | 3621.4551 |
|                CPI STAT                |     62.4148 |    0.7027 |      0.8113 |    0.7802 |
|  Memory read bandwidth [MBytes/s] STAT |  57457.3944 |         0 |  57457.3944 |  718.2174 |
|  Memory read data volume [GBytes] STAT | 209329.2599 |         0 | 209329.2599 | 2616.6157 |
| Memory write bandwidth [MBytes/s] STAT |  22514.4443 |         0 |  22514.4443 |  281.4306 |
| Memory write data volume [GBytes] STAT |  82024.8118 |         0 |  82024.8118 | 1025.3101 |
|    Memory bandwidth [MBytes/s] STAT    |  79971.8386 |         0 |  79971.8386 |  999.6480 |
|    Memory data volume [GBytes] STAT    | 291354.0717 |         0 | 291354.0717 | 3641.9259 |
+----------------------------------------+-------------+-----------+-------------+-----------+

