INFO: You are running LIKWID in a cpuset with 96 CPUs. Taking given IDs as logical ID in cpuset
--------------------------------------------------------------------------------
CPU name:	AMD EPYC 9A14 96-Core Processor                
CPU type:	AMD K19 (Zen4) architecture
CPU clock:	2.60 GHz
--------------------------------------------------------------------------------
Use symmetry. Molecule point group: Coov
Norb: 20   Ne: (7, 7)
Running RHF...
converged SCF energy = -92.827631799365
Running FCI ...
Guessing CI wfn symmetry = 0
Num symmetry allowed elements 1502950144
tol 1e-10  toloose 1e-05
max_cycle 100  max_space 12  max_memory 683572  incore True
    CPU time for contract_2e  15433.82 sec, wall time    175.11 sec
davidson 0 1  |r|= 0.77  e= [-116.65141583]  max|de|= -117  lindep=    1
    CPU time for contract_2e  15442.05 sec, wall time    185.24 sec
davidson 1 2  |r|= 0.371  e= [-116.83564519]  max|de|= -0.184  lindep= 0.978
    CPU time for contract_2e  15564.89 sec, wall time    192.10 sec
davidson 2 3  |r|= 0.145  e= [-116.87066041]  max|de|= -0.035  lindep= 0.996
    CPU time for contract_2e  15594.77 sec, wall time    198.06 sec
davidson 3 4  |r|= 0.0579  e= [-116.87548655]  max|de|= -0.00483  lindep= 0.981
    CPU time for contract_2e  15698.62 sec, wall time    206.86 sec
davidson 4 5  |r|= 0.0283  e= [-116.87622039]  max|de|= -0.000734  lindep= 0.934
    CPU time for contract_2e  16063.80 sec, wall time    230.53 sec
davidson 5 6  |r|= 0.0133  e= [-116.8764033]  max|de|= -0.000183  lindep= 0.902
    CPU time for contract_2e  16075.96 sec, wall time    239.61 sec
davidson 6 7  |r|= 0.00565  e= [-116.87644024]  max|de|= -3.69e-05  lindep= 0.927
    CPU time for contract_2e  16209.95 sec, wall time    249.93 sec
davidson 7 8  |r|= 0.00224  e= [-116.87644619]  max|de|= -5.95e-06  lindep= 0.932
    CPU time for contract_2e  16262.59 sec, wall time    258.65 sec
davidson 8 9  |r|= 0.000882  e= [-116.87644712]  max|de|= -9.33e-07  lindep= 0.918
    CPU time for contract_2e  16165.82 sec, wall time    266.25 sec
davidson 9 10  |r|= 0.000388  e= [-116.87644727]  max|de|= -1.55e-07  lindep= 0.919
    CPU time for contract_2e  16268.36 sec, wall time    276.50 sec
davidson 10 11  |r|= 0.000183  e= [-116.8764473]  max|de|= -3.05e-08  lindep= 0.897
    CPU time for contract_2e  16241.32 sec, wall time    285.06 sec
davidson 11 12  |r|= 8.85e-05  e= [-116.87644731]  max|de|= -7.18e-09  lindep= 0.904
    CPU time for contract_2e  15964.43 sec, wall time    293.11 sec
davidson 12 1  |r|= 8.85e-05  e= [-116.87644731]  max|de|= 9.34e-12  lindep=    1
    CPU time for contract_2e  15565.40 sec, wall time    186.53 sec
davidson 13 2  |r|= 3.82e-05  e= [-116.87644731]  max|de|= -1.28e-09  lindep= 0.995
    CPU time for contract_2e  15596.45 sec, wall time    192.43 sec
davidson 14 3  |r|= 2.39e-05  e= [-116.87644731]  max|de|= -4.53e-10  lindep= 0.908
    CPU time for contract_2e  15547.57 sec, wall time    197.46 sec
davidson 15 4  |r|= 1.11e-05  e= [-116.87644731]  max|de|= -1.15e-10  lindep= 0.858
    CPU time for contract_2e  15596.35 sec, wall time    204.59 sec
root 0 converged  |r|= 4.65e-06  e= -116.87644731371972  max|de|= -2.31e-11
converged 16 5  |r|= 4.65e-06  e= [-116.87644731]  max|de|= -2.31e-11
--------------------------------------------------------------------------------
Group 1: MEM
+----------------------+---------+----------------+----------------+----------------+----------------+----------------+----------------+----------------+----------------+----------------+----------------+----------------+----------------+----------------+----------------+----------------+----------------+----------------+----------------+----------------+----------------+----------------+----------------+----------------+----------------+----------------+----------------+----------------+----------------+----------------+----------------+----------------+----------------+----------------+----------------+----------------+----------------+----------------+----------------+----------------+----------------+----------------+----------------+----------------+----------------+----------------+----------------+----------------+----------------+----------------+----------------+----------------+----------------+----------------+----------------+----------------+----------------+----------------+----------------+----------------+----------------+----------------+----------------+----------------+----------------+----------------+----------------+----------------+----------------+----------------+----------------+----------------+----------------+---------------+---------------+---------------+---------------+---------------+---------------+---------------+---------------+---------------+---------------+---------------+---------------+---------------+---------------+---------------+---------------+---------------+---------------+---------------+---------------+---------------+---------------+---------------+---------------+
|         Event        | Counter |   HWThread 0   |   HWThread 1   |   HWThread 2   |   HWThread 3   |   HWThread 4   |   HWThread 5   |   HWThread 6   |   HWThread 7   |   HWThread 8   |   HWThread 9   |   HWThread 10  |   HWThread 11  |   HWThread 12  |   HWThread 13  |   HWThread 14  |   HWThread 15  |   HWThread 16  |   HWThread 17  |   HWThread 18  |   HWThread 19  |   HWThread 20  |   HWThread 21  |   HWThread 22  |   HWThread 23  |   HWThread 24  |   HWThread 25  |   HWThread 26  |   HWThread 27  |   HWThread 28  |   HWThread 29  |   HWThread 30  |   HWThread 31  |   HWThread 32  |   HWThread 33  |   HWThread 34  |   HWThread 35  |   HWThread 36  |   HWThread 37  |   HWThread 38  |   HWThread 39  |   HWThread 40  |   HWThread 41  |   HWThread 42  |   HWThread 43  |   HWThread 44  |   HWThread 45  |   HWThread 46  |   HWThread 47  |   HWThread 48  |   HWThread 49  |   HWThread 50  |   HWThread 51  |   HWThread 52  |   HWThread 53  |   HWThread 54  |   HWThread 55  |   HWThread 56  |   HWThread 57  |   HWThread 58  |   HWThread 59  |   HWThread 60  |   HWThread 61  |   HWThread 62  |   HWThread 63  |   HWThread 64  |   HWThread 65  |   HWThread 66  |   HWThread 67  |   HWThread 68  |   HWThread 69  |   HWThread 70  |   HWThread 71  |  HWThread 72  |  HWThread 73  |  HWThread 74  |  HWThread 75  |  HWThread 76  |  HWThread 77  |  HWThread 78  |  HWThread 79  |  HWThread 80  |  HWThread 81  |  HWThread 82  |  HWThread 83  |  HWThread 84  |  HWThread 85  |  HWThread 86  |  HWThread 87  |  HWThread 88  |  HWThread 89  |  HWThread 90  |  HWThread 91  |  HWThread 92  |  HWThread 93  |  HWThread 94  |  HWThread 95  |
+----------------------+---------+----------------+----------------+----------------+----------------+----------------+----------------+----------------+----------------+----------------+----------------+----------------+----------------+----------------+----------------+----------------+----------------+----------------+----------------+----------------+----------------+----------------+----------------+----------------+----------------+----------------+----------------+----------------+----------------+----------------+----------------+----------------+----------------+----------------+----------------+----------------+----------------+----------------+----------------+----------------+----------------+----------------+----------------+----------------+----------------+----------------+----------------+----------------+----------------+----------------+----------------+----------------+----------------+----------------+----------------+----------------+----------------+----------------+----------------+----------------+----------------+----------------+----------------+----------------+----------------+----------------+----------------+----------------+----------------+----------------+----------------+----------------+----------------+---------------+---------------+---------------+---------------+---------------+---------------+---------------+---------------+---------------+---------------+---------------+---------------+---------------+---------------+---------------+---------------+---------------+---------------+---------------+---------------+---------------+---------------+---------------+---------------+
|   ACTUAL_CPU_CLOCK   |  FIXC1  | 15091061691198 | 10976677883318 | 10934578028226 | 10931661052571 | 10936767747152 | 10931499720799 | 10941096979773 | 10932289323128 | 10377326224481 | 10509689266454 | 10447134167208 | 10308934875305 | 10689616008403 | 10711026724567 | 10570151832884 | 10638016204296 | 10900498046246 | 10905760222149 | 10902321119662 | 10893969593347 | 10898071539464 | 10910063933155 | 10908466300859 | 10902160706430 | 10900469425488 | 10897441143053 | 10915038564961 | 10907881750751 | 10908750822957 | 10915553129127 | 10889866017943 | 10891595511153 | 10904261033480 | 10912822894421 | 10900512718164 | 10912224898922 | 10918417236213 | 10912198993988 | 10915476510320 | 10908935632648 | 10872745791731 | 10899865718580 | 10871350809470 | 10903531206906 | 10881223312432 | 10875918703692 | 10868285718316 | 10882164610007 | 10380281521979 | 10279324929185 | 10296489209519 | 10271448891116 | 10414756687583 | 10356416964676 | 10426122913870 | 10467693849419 | 10115030860307 | 10068844114541 | 10086647547570 | 10086027771398 | 10178475015049 | 10137463176219 | 10221513379345 | 10252775625486 | 10209218501315 | 10180469583248 | 10194858475500 | 10193971495261 | 10271081572737 | 10226640618981 | 10320594503635 | 10336518459636 | 9049706850808 | 8911592183937 | 9040081825713 | 8980276963970 | 9035427888212 | 9015286316280 | 9135346185048 | 9200722101952 | 8649573511787 | 8476506253606 | 8631954615274 | 8670988287010 | 8687460822361 | 8757573552696 | 8869698818161 | 8928729953023 | 8785794960726 | 8771182629369 | 8872482619426 | 8836144804918 | 8931745423872 | 8929899269845 | 9025826810330 | 9141434890700 |
|     MAX_CPU_CLOCK    |  FIXC2  | 10691687068400 |  7864274355548 |  7787757934970 |  7785488411298 |  7790273177440 |  7785861511064 |  7793676282028 |  7788652167140 |  7450921527816 |  7537013766620 |  7503467057606 |  7439364452702 |  7628555177100 |  7638833411170 |  7569885039262 |  7599136914642 |  7754284596188 |  7760540906716 |  7757138707240 |  7747921673310 |  7752304323088 |  7763163958108 |  7760011503348 |  7754506337942 |  7749314560858 |  7745562024044 |  7762685046506 |  7755528298050 |  7757032443394 |  7763704903084 |  7740523346348 |  7741362520840 |  7747581176582 |  7757129293316 |  7745945735892 |  7756409272820 |  7759667335628 |  7753222688198 |  7756455949294 |  7750051535356 |  7732478443040 |  7754425522896 |  7731179294878 |  7759375229112 |  7738920767318 |  7733340222504 |  7727121062336 |  7738484605254 |  7398704759082 |  7327916039834 |  7336902931956 |  7319844568998 |  7423555941854 |  7379484746660 |  7430168930106 |  7461815898888 |  7218425062316 |  7185800984024 |  7197187140390 |  7195281323464 |  7259548343658 |  7230022515560 |  7288200348572 |  7309593313022 |  7290129223832 |  7266729039882 |  7280169785252 |  7278684579218 |  7333406255006 |  7299340994790 |  7367437487956 |  7377071428142 | 6568312995868 | 6502690529712 | 6567635152260 | 6536999181674 | 6554994558268 | 6551198563806 | 6589102954954 | 6626995442652 | 6385862152826 | 6324340372896 | 6375763124744 | 6410034884760 | 6399676147124 | 6440906237116 | 6487213462002 | 6500788079994 | 6451683953936 | 6452546088638 | 6498228701900 | 6471884600194 | 6520470146658 | 6520705631960 | 6559840480492 | 6618464372572 |
| RETIRED_INSTRUCTIONS |   PMC0  | 11807227616060 |  8753019945308 |  8755974316137 |  8758459115455 |  8757759422418 |  8758915659966 |  8757554246083 |  8757079358504 |  8808834102577 |  8806300517162 |  8807466722647 |  8806444136131 |  8800182721742 |  8802994612939 |  8799402928232 |  8796733634097 |  8759516045799 |  8761164992443 |  8758445135360 |  8757605370374 |  8755931386311 |  8754612375221 |  8749024885108 |  8750246978051 |  8737241902657 |  8735052375233 |  8736507160743 |  8734627044241 |  8731941472794 |  8731244225024 |  8727639766933 |  8725432414638 |  8746269298153 |  8750518456020 |  8746345155476 |  8748173743073 |  8740629826305 |  8738465301223 |  8738661808320 |  8732169633059 |  8724893652159 |  8706433559997 |  8726082184419 |  8724938484211 |  8722274047971 |  8721515970679 |  8717860368386 |  8716843973896 |  8768957990832 |  8769190627756 |  8768225524401 |  8767983537594 |  8769824157145 |  8768127779688 |  8769053375057 |  8767619698264 |  8781752356339 |  8781619672658 |  8780504931503 |  8781482305507 |  8780628662178 |  8780043296032 |  8783467433912 |  8778582251246 |  8768690288636 |  8768660405735 |  8768651140631 |  8769380717431 |  8768879063216 |  8767829218030 |  8769233970689 |  8767969131247 | 8759668491380 | 8759097664975 | 8758641713067 | 8759443126441 | 8758629885572 | 8758635815334 | 8758197354984 | 8758052843827 | 8760638850213 | 8757850664378 | 8761037095883 | 8760862749951 | 8760242640908 | 8760189515214 | 8761595205322 | 8760050784841 | 8750148298438 | 8750351069444 | 8749981308778 | 8749440212426 | 8750502073568 | 8748571700385 | 8749843188339 | 8565319351976 |
|  CPU_CLOCKS_UNHALTED |   PMC1  | 12400048080618 |  9994384261946 | 10015016812688 | 10012249379833 |  9999978728694 |  9979601694096 | 10000331320610 |  9983889375937 |  9505500404547 |  9635271730962 |  9588527017767 |  9465874048595 |  9778705630115 |  9817051611636 |  9687655991299 |  9745131860056 |  9977566000312 |  9982937305641 |  9987873483391 |  9981940022385 |  9971139425327 |  9983070497626 |  9970437495914 |  9975226862721 |  9975354513604 |  9974141456303 |  9992514997916 |  9982398576816 |  9975359116456 |  9977763878787 |  9959444367387 |  9960832434767 |  9983119318878 |  9992490736284 |  9991463553652 |  9993779446179 |  9965879628801 |  9974228442970 |  9970900085839 |  9959405521996 |  9959326227611 |  9833250150871 |  9965640331882 |  9979395536434 |  9962422825356 |  9967805726670 |  9940917685438 |  9966231348566 |  9522254687914 |  9465911435365 |  9495361613176 |  9463885677564 |  9569592225647 |  9539232088935 |  9577207732753 |  9619936602597 |  9310548472196 |  9287030170331 |  9297496118399 |  9307033227175 |  9381163791566 |  9350193324275 |  9420599033173 |  9446338645287 |  9417769010677 |  9383713261253 |  9411223859985 |  9411503199305 |  9472846841593 |  9439872639452 |  9510524421882 |  9510084353778 | 8458414146694 | 8365230448976 | 8480249559324 | 8427346525911 | 8482700302048 | 8463782232638 | 8574179182469 | 8634489558890 | 8129252166195 | 7985110760132 | 8129212138729 | 8137253877431 | 8173750336845 | 8222289603817 | 8317330245546 | 8390753666384 | 8257505356788 | 8249883415954 | 8339809283318 | 8318848294806 | 8392260245693 | 8398374131407 | 8486252727362 | 8577502667401 |
|      CAS_CMD_RD      |  UMC0C0 |   319813213309 |              0 |              0 |              0 |              0 |              0 |              0 |              0 |              0 |              0 |              0 |              0 |              0 |              0 |              0 |              0 |              0 |              0 |              0 |              0 |              0 |              0 |              0 |              0 |              0 |              0 |              0 |              0 |              0 |              0 |              0 |              0 |              0 |              0 |              0 |              0 |              0 |              0 |              0 |              0 |              0 |              0 |              0 |              0 |              0 |              0 |              0 |              0 |              0 |              0 |              0 |              0 |              0 |              0 |              0 |              0 |              0 |              0 |              0 |              0 |              0 |              0 |              0 |              0 |              0 |              0 |              0 |              0 |              0 |              0 |              0 |              0 |             0 |             0 |             0 |             0 |             0 |             0 |             0 |             0 |             0 |             0 |             0 |             0 |             0 |             0 |             0 |             0 |             0 |             0 |             0 |             0 |             0 |             0 |             0 |             0 |
|      CAS_CMD_WR      |  UMC0C1 |   126692627242 |              0 |              0 |              0 |              0 |              0 |              0 |              0 |              0 |              0 |              0 |              0 |              0 |              0 |              0 |              0 |              0 |              0 |              0 |              0 |              0 |              0 |              0 |              0 |              0 |              0 |              0 |              0 |              0 |              0 |              0 |              0 |              0 |              0 |              0 |              0 |              0 |              0 |              0 |              0 |              0 |              0 |              0 |              0 |              0 |              0 |              0 |              0 |              0 |              0 |              0 |              0 |              0 |              0 |              0 |              0 |              0 |              0 |              0 |              0 |              0 |              0 |              0 |              0 |              0 |              0 |              0 |              0 |              0 |              0 |              0 |              0 |             0 |             0 |             0 |             0 |             0 |             0 |             0 |             0 |             0 |             0 |             0 |             0 |             0 |             0 |             0 |             0 |             0 |             0 |             0 |             0 |             0 |             0 |             0 |             0 |
|      CAS_CMD_RD      |  UMC1C0 |   317217777841 |              0 |              0 |              0 |              0 |              0 |              0 |              0 |              0 |              0 |              0 |              0 |              0 |              0 |              0 |              0 |              0 |              0 |              0 |              0 |              0 |              0 |              0 |              0 |              0 |              0 |              0 |              0 |              0 |              0 |              0 |              0 |              0 |              0 |              0 |              0 |              0 |              0 |              0 |              0 |              0 |              0 |              0 |              0 |              0 |              0 |              0 |              0 |              0 |              0 |              0 |              0 |              0 |              0 |              0 |              0 |              0 |              0 |              0 |              0 |              0 |              0 |              0 |              0 |              0 |              0 |              0 |              0 |              0 |              0 |              0 |              0 |             0 |             0 |             0 |             0 |             0 |             0 |             0 |             0 |             0 |             0 |             0 |             0 |             0 |             0 |             0 |             0 |             0 |             0 |             0 |             0 |             0 |             0 |             0 |             0 |
|      CAS_CMD_WR      |  UMC1C1 |   126643795378 |              0 |              0 |              0 |              0 |              0 |              0 |              0 |              0 |              0 |              0 |              0 |              0 |              0 |              0 |              0 |              0 |              0 |              0 |              0 |              0 |              0 |              0 |              0 |              0 |              0 |              0 |              0 |              0 |              0 |              0 |              0 |              0 |              0 |              0 |              0 |              0 |              0 |              0 |              0 |              0 |              0 |              0 |              0 |              0 |              0 |              0 |              0 |              0 |              0 |              0 |              0 |              0 |              0 |              0 |              0 |              0 |              0 |              0 |              0 |              0 |              0 |              0 |              0 |              0 |              0 |              0 |              0 |              0 |              0 |              0 |              0 |             0 |             0 |             0 |             0 |             0 |             0 |             0 |             0 |             0 |             0 |             0 |             0 |             0 |             0 |             0 |             0 |             0 |             0 |             0 |             0 |             0 |             0 |             0 |             0 |
|      CAS_CMD_RD      |  UMC2C0 |   320760844798 |              0 |              0 |              0 |              0 |              0 |              0 |              0 |              0 |              0 |              0 |              0 |              0 |              0 |              0 |              0 |              0 |              0 |              0 |              0 |              0 |              0 |              0 |              0 |              0 |              0 |              0 |              0 |              0 |              0 |              0 |              0 |              0 |              0 |              0 |              0 |              0 |              0 |              0 |              0 |              0 |              0 |              0 |              0 |              0 |              0 |              0 |              0 |              0 |              0 |              0 |              0 |              0 |              0 |              0 |              0 |              0 |              0 |              0 |              0 |              0 |              0 |              0 |              0 |              0 |              0 |              0 |              0 |              0 |              0 |              0 |              0 |             0 |             0 |             0 |             0 |             0 |             0 |             0 |             0 |             0 |             0 |             0 |             0 |             0 |             0 |             0 |             0 |             0 |             0 |             0 |             0 |             0 |             0 |             0 |             0 |
|      CAS_CMD_WR      |  UMC2C1 |   126760082546 |              0 |              0 |              0 |              0 |              0 |              0 |              0 |              0 |              0 |              0 |              0 |              0 |              0 |              0 |              0 |              0 |              0 |              0 |              0 |              0 |              0 |              0 |              0 |              0 |              0 |              0 |              0 |              0 |              0 |              0 |              0 |              0 |              0 |              0 |              0 |              0 |              0 |              0 |              0 |              0 |              0 |              0 |              0 |              0 |              0 |              0 |              0 |              0 |              0 |              0 |              0 |              0 |              0 |              0 |              0 |              0 |              0 |              0 |              0 |              0 |              0 |              0 |              0 |              0 |              0 |              0 |              0 |              0 |              0 |              0 |              0 |             0 |             0 |             0 |             0 |             0 |             0 |             0 |             0 |             0 |             0 |             0 |             0 |             0 |             0 |             0 |             0 |             0 |             0 |             0 |             0 |             0 |             0 |             0 |             0 |
|      CAS_CMD_RD      |  UMC3C0 |   317684049987 |              0 |              0 |              0 |              0 |              0 |              0 |              0 |              0 |              0 |              0 |              0 |              0 |              0 |              0 |              0 |              0 |              0 |              0 |              0 |              0 |              0 |              0 |              0 |              0 |              0 |              0 |              0 |              0 |              0 |              0 |              0 |              0 |              0 |              0 |              0 |              0 |              0 |              0 |              0 |              0 |              0 |              0 |              0 |              0 |              0 |              0 |              0 |              0 |              0 |              0 |              0 |              0 |              0 |              0 |              0 |              0 |              0 |              0 |              0 |              0 |              0 |              0 |              0 |              0 |              0 |              0 |              0 |              0 |              0 |              0 |              0 |             0 |             0 |             0 |             0 |             0 |             0 |             0 |             0 |             0 |             0 |             0 |             0 |             0 |             0 |             0 |             0 |             0 |             0 |             0 |             0 |             0 |             0 |             0 |             0 |
|      CAS_CMD_WR      |  UMC3C1 |   126623112880 |              0 |              0 |              0 |              0 |              0 |              0 |              0 |              0 |              0 |              0 |              0 |              0 |              0 |              0 |              0 |              0 |              0 |              0 |              0 |              0 |              0 |              0 |              0 |              0 |              0 |              0 |              0 |              0 |              0 |              0 |              0 |              0 |              0 |              0 |              0 |              0 |              0 |              0 |              0 |              0 |              0 |              0 |              0 |              0 |              0 |              0 |              0 |              0 |              0 |              0 |              0 |              0 |              0 |              0 |              0 |              0 |              0 |              0 |              0 |              0 |              0 |              0 |              0 |              0 |              0 |              0 |              0 |              0 |              0 |              0 |              0 |             0 |             0 |             0 |             0 |             0 |             0 |             0 |             0 |             0 |             0 |             0 |             0 |             0 |             0 |             0 |             0 |             0 |             0 |             0 |             0 |             0 |             0 |             0 |             0 |
|      CAS_CMD_RD      |  UMC4C0 |   317952189327 |              0 |              0 |              0 |              0 |              0 |              0 |              0 |              0 |              0 |              0 |              0 |              0 |              0 |              0 |              0 |              0 |              0 |              0 |              0 |              0 |              0 |              0 |              0 |              0 |              0 |              0 |              0 |              0 |              0 |              0 |              0 |              0 |              0 |              0 |              0 |              0 |              0 |              0 |              0 |              0 |              0 |              0 |              0 |              0 |              0 |              0 |              0 |              0 |              0 |              0 |              0 |              0 |              0 |              0 |              0 |              0 |              0 |              0 |              0 |              0 |              0 |              0 |              0 |              0 |              0 |              0 |              0 |              0 |              0 |              0 |              0 |             0 |             0 |             0 |             0 |             0 |             0 |             0 |             0 |             0 |             0 |             0 |             0 |             0 |             0 |             0 |             0 |             0 |             0 |             0 |             0 |             0 |             0 |             0 |             0 |
|      CAS_CMD_WR      |  UMC4C1 |   126792665535 |              0 |              0 |              0 |              0 |              0 |              0 |              0 |              0 |              0 |              0 |              0 |              0 |              0 |              0 |              0 |              0 |              0 |              0 |              0 |              0 |              0 |              0 |              0 |              0 |              0 |              0 |              0 |              0 |              0 |              0 |              0 |              0 |              0 |              0 |              0 |              0 |              0 |              0 |              0 |              0 |              0 |              0 |              0 |              0 |              0 |              0 |              0 |              0 |              0 |              0 |              0 |              0 |              0 |              0 |              0 |              0 |              0 |              0 |              0 |              0 |              0 |              0 |              0 |              0 |              0 |              0 |              0 |              0 |              0 |              0 |              0 |             0 |             0 |             0 |             0 |             0 |             0 |             0 |             0 |             0 |             0 |             0 |             0 |             0 |             0 |             0 |             0 |             0 |             0 |             0 |             0 |             0 |             0 |             0 |             0 |
|      CAS_CMD_RD      |  UMC5C0 |   317416070558 |              0 |              0 |              0 |              0 |              0 |              0 |              0 |              0 |              0 |              0 |              0 |              0 |              0 |              0 |              0 |              0 |              0 |              0 |              0 |              0 |              0 |              0 |              0 |              0 |              0 |              0 |              0 |              0 |              0 |              0 |              0 |              0 |              0 |              0 |              0 |              0 |              0 |              0 |              0 |              0 |              0 |              0 |              0 |              0 |              0 |              0 |              0 |              0 |              0 |              0 |              0 |              0 |              0 |              0 |              0 |              0 |              0 |              0 |              0 |              0 |              0 |              0 |              0 |              0 |              0 |              0 |              0 |              0 |              0 |              0 |              0 |             0 |             0 |             0 |             0 |             0 |             0 |             0 |             0 |             0 |             0 |             0 |             0 |             0 |             0 |             0 |             0 |             0 |             0 |             0 |             0 |             0 |             0 |             0 |             0 |
|      CAS_CMD_WR      |  UMC5C1 |   126621622677 |              0 |              0 |              0 |              0 |              0 |              0 |              0 |              0 |              0 |              0 |              0 |              0 |              0 |              0 |              0 |              0 |              0 |              0 |              0 |              0 |              0 |              0 |              0 |              0 |              0 |              0 |              0 |              0 |              0 |              0 |              0 |              0 |              0 |              0 |              0 |              0 |              0 |              0 |              0 |              0 |              0 |              0 |              0 |              0 |              0 |              0 |              0 |              0 |              0 |              0 |              0 |              0 |              0 |              0 |              0 |              0 |              0 |              0 |              0 |              0 |              0 |              0 |              0 |              0 |              0 |              0 |              0 |              0 |              0 |              0 |              0 |             0 |             0 |             0 |             0 |             0 |             0 |             0 |             0 |             0 |             0 |             0 |             0 |             0 |             0 |             0 |             0 |             0 |             0 |             0 |             0 |             0 |             0 |             0 |             0 |
|      CAS_CMD_RD      |  UMC6C0 |   319328592167 |              0 |              0 |              0 |              0 |              0 |              0 |              0 |              0 |              0 |              0 |              0 |              0 |              0 |              0 |              0 |              0 |              0 |              0 |              0 |              0 |              0 |              0 |              0 |              0 |              0 |              0 |              0 |              0 |              0 |              0 |              0 |              0 |              0 |              0 |              0 |              0 |              0 |              0 |              0 |              0 |              0 |              0 |              0 |              0 |              0 |              0 |              0 |              0 |              0 |              0 |              0 |              0 |              0 |              0 |              0 |              0 |              0 |              0 |              0 |              0 |              0 |              0 |              0 |              0 |              0 |              0 |              0 |              0 |              0 |              0 |              0 |             0 |             0 |             0 |             0 |             0 |             0 |             0 |             0 |             0 |             0 |             0 |             0 |             0 |             0 |             0 |             0 |             0 |             0 |             0 |             0 |             0 |             0 |             0 |             0 |
|      CAS_CMD_WR      |  UMC6C1 |   126650921706 |              0 |              0 |              0 |              0 |              0 |              0 |              0 |              0 |              0 |              0 |              0 |              0 |              0 |              0 |              0 |              0 |              0 |              0 |              0 |              0 |              0 |              0 |              0 |              0 |              0 |              0 |              0 |              0 |              0 |              0 |              0 |              0 |              0 |              0 |              0 |              0 |              0 |              0 |              0 |              0 |              0 |              0 |              0 |              0 |              0 |              0 |              0 |              0 |              0 |              0 |              0 |              0 |              0 |              0 |              0 |              0 |              0 |              0 |              0 |              0 |              0 |              0 |              0 |              0 |              0 |              0 |              0 |              0 |              0 |              0 |              0 |             0 |             0 |             0 |             0 |             0 |             0 |             0 |             0 |             0 |             0 |             0 |             0 |             0 |             0 |             0 |             0 |             0 |             0 |             0 |             0 |             0 |             0 |             0 |             0 |
|      CAS_CMD_RD      |  UMC7C0 |   318250225461 |              0 |              0 |              0 |              0 |              0 |              0 |              0 |              0 |              0 |              0 |              0 |              0 |              0 |              0 |              0 |              0 |              0 |              0 |              0 |              0 |              0 |              0 |              0 |              0 |              0 |              0 |              0 |              0 |              0 |              0 |              0 |              0 |              0 |              0 |              0 |              0 |              0 |              0 |              0 |              0 |              0 |              0 |              0 |              0 |              0 |              0 |              0 |              0 |              0 |              0 |              0 |              0 |              0 |              0 |              0 |              0 |              0 |              0 |              0 |              0 |              0 |              0 |              0 |              0 |              0 |              0 |              0 |              0 |              0 |              0 |              0 |             0 |             0 |             0 |             0 |             0 |             0 |             0 |             0 |             0 |             0 |             0 |             0 |             0 |             0 |             0 |             0 |             0 |             0 |             0 |             0 |             0 |             0 |             0 |             0 |
|      CAS_CMD_WR      |  UMC7C1 |   126605611347 |              0 |              0 |              0 |              0 |              0 |              0 |              0 |              0 |              0 |              0 |              0 |              0 |              0 |              0 |              0 |              0 |              0 |              0 |              0 |              0 |              0 |              0 |              0 |              0 |              0 |              0 |              0 |              0 |              0 |              0 |              0 |              0 |              0 |              0 |              0 |              0 |              0 |              0 |              0 |              0 |              0 |              0 |              0 |              0 |              0 |              0 |              0 |              0 |              0 |              0 |              0 |              0 |              0 |              0 |              0 |              0 |              0 |              0 |              0 |              0 |              0 |              0 |              0 |              0 |              0 |              0 |              0 |              0 |              0 |              0 |              0 |             0 |             0 |             0 |             0 |             0 |             0 |             0 |             0 |             0 |             0 |             0 |             0 |             0 |             0 |             0 |             0 |             0 |             0 |             0 |             0 |             0 |             0 |             0 |             0 |
|      CAS_CMD_RD      |  UMC8C0 |   317719810445 |              0 |              0 |              0 |              0 |              0 |              0 |              0 |              0 |              0 |              0 |              0 |              0 |              0 |              0 |              0 |              0 |              0 |              0 |              0 |              0 |              0 |              0 |              0 |              0 |              0 |              0 |              0 |              0 |              0 |              0 |              0 |              0 |              0 |              0 |              0 |              0 |              0 |              0 |              0 |              0 |              0 |              0 |              0 |              0 |              0 |              0 |              0 |              0 |              0 |              0 |              0 |              0 |              0 |              0 |              0 |              0 |              0 |              0 |              0 |              0 |              0 |              0 |              0 |              0 |              0 |              0 |              0 |              0 |              0 |              0 |              0 |             0 |             0 |             0 |             0 |             0 |             0 |             0 |             0 |             0 |             0 |             0 |             0 |             0 |             0 |             0 |             0 |             0 |             0 |             0 |             0 |             0 |             0 |             0 |             0 |
|      CAS_CMD_WR      |  UMC8C1 |   126543589155 |              0 |              0 |              0 |              0 |              0 |              0 |              0 |              0 |              0 |              0 |              0 |              0 |              0 |              0 |              0 |              0 |              0 |              0 |              0 |              0 |              0 |              0 |              0 |              0 |              0 |              0 |              0 |              0 |              0 |              0 |              0 |              0 |              0 |              0 |              0 |              0 |              0 |              0 |              0 |              0 |              0 |              0 |              0 |              0 |              0 |              0 |              0 |              0 |              0 |              0 |              0 |              0 |              0 |              0 |              0 |              0 |              0 |              0 |              0 |              0 |              0 |              0 |              0 |              0 |              0 |              0 |              0 |              0 |              0 |              0 |              0 |             0 |             0 |             0 |             0 |             0 |             0 |             0 |             0 |             0 |             0 |             0 |             0 |             0 |             0 |             0 |             0 |             0 |             0 |             0 |             0 |             0 |             0 |             0 |             0 |
|      CAS_CMD_RD      |  UMC9C0 |   319234022388 |              0 |              0 |              0 |              0 |              0 |              0 |              0 |              0 |              0 |              0 |              0 |              0 |              0 |              0 |              0 |              0 |              0 |              0 |              0 |              0 |              0 |              0 |              0 |              0 |              0 |              0 |              0 |              0 |              0 |              0 |              0 |              0 |              0 |              0 |              0 |              0 |              0 |              0 |              0 |              0 |              0 |              0 |              0 |              0 |              0 |              0 |              0 |              0 |              0 |              0 |              0 |              0 |              0 |              0 |              0 |              0 |              0 |              0 |              0 |              0 |              0 |              0 |              0 |              0 |              0 |              0 |              0 |              0 |              0 |              0 |              0 |             0 |             0 |             0 |             0 |             0 |             0 |             0 |             0 |             0 |             0 |             0 |             0 |             0 |             0 |             0 |             0 |             0 |             0 |             0 |             0 |             0 |             0 |             0 |             0 |
|      CAS_CMD_WR      |  UMC9C1 |   126651699090 |              0 |              0 |              0 |              0 |              0 |              0 |              0 |              0 |              0 |              0 |              0 |              0 |              0 |              0 |              0 |              0 |              0 |              0 |              0 |              0 |              0 |              0 |              0 |              0 |              0 |              0 |              0 |              0 |              0 |              0 |              0 |              0 |              0 |              0 |              0 |              0 |              0 |              0 |              0 |              0 |              0 |              0 |              0 |              0 |              0 |              0 |              0 |              0 |              0 |              0 |              0 |              0 |              0 |              0 |              0 |              0 |              0 |              0 |              0 |              0 |              0 |              0 |              0 |              0 |              0 |              0 |              0 |              0 |              0 |              0 |              0 |             0 |             0 |             0 |             0 |             0 |             0 |             0 |             0 |             0 |             0 |             0 |             0 |             0 |             0 |             0 |             0 |             0 |             0 |             0 |             0 |             0 |             0 |             0 |             0 |
|      CAS_CMD_RD      | UMC10C0 |   319113196473 |              0 |              0 |              0 |              0 |              0 |              0 |              0 |              0 |              0 |              0 |              0 |              0 |              0 |              0 |              0 |              0 |              0 |              0 |              0 |              0 |              0 |              0 |              0 |              0 |              0 |              0 |              0 |              0 |              0 |              0 |              0 |              0 |              0 |              0 |              0 |              0 |              0 |              0 |              0 |              0 |              0 |              0 |              0 |              0 |              0 |              0 |              0 |              0 |              0 |              0 |              0 |              0 |              0 |              0 |              0 |              0 |              0 |              0 |              0 |              0 |              0 |              0 |              0 |              0 |              0 |              0 |              0 |              0 |              0 |              0 |              0 |             0 |             0 |             0 |             0 |             0 |             0 |             0 |             0 |             0 |             0 |             0 |             0 |             0 |             0 |             0 |             0 |             0 |             0 |             0 |             0 |             0 |             0 |             0 |             0 |
|      CAS_CMD_WR      | UMC10C1 |   126641961361 |              0 |              0 |              0 |              0 |              0 |              0 |              0 |              0 |              0 |              0 |              0 |              0 |              0 |              0 |              0 |              0 |              0 |              0 |              0 |              0 |              0 |              0 |              0 |              0 |              0 |              0 |              0 |              0 |              0 |              0 |              0 |              0 |              0 |              0 |              0 |              0 |              0 |              0 |              0 |              0 |              0 |              0 |              0 |              0 |              0 |              0 |              0 |              0 |              0 |              0 |              0 |              0 |              0 |              0 |              0 |              0 |              0 |              0 |              0 |              0 |              0 |              0 |              0 |              0 |              0 |              0 |              0 |              0 |              0 |              0 |              0 |             0 |             0 |             0 |             0 |             0 |             0 |             0 |             0 |             0 |             0 |             0 |             0 |             0 |             0 |             0 |             0 |             0 |             0 |             0 |             0 |             0 |             0 |             0 |             0 |
|      CAS_CMD_RD      | UMC11C0 |   320351217588 |              0 |              0 |              0 |              0 |              0 |              0 |              0 |              0 |              0 |              0 |              0 |              0 |              0 |              0 |              0 |              0 |              0 |              0 |              0 |              0 |              0 |              0 |              0 |              0 |              0 |              0 |              0 |              0 |              0 |              0 |              0 |              0 |              0 |              0 |              0 |              0 |              0 |              0 |              0 |              0 |              0 |              0 |              0 |              0 |              0 |              0 |              0 |              0 |              0 |              0 |              0 |              0 |              0 |              0 |              0 |              0 |              0 |              0 |              0 |              0 |              0 |              0 |              0 |              0 |              0 |              0 |              0 |              0 |              0 |              0 |              0 |             0 |             0 |             0 |             0 |             0 |             0 |             0 |             0 |             0 |             0 |             0 |             0 |             0 |             0 |             0 |             0 |             0 |             0 |             0 |             0 |             0 |             0 |             0 |             0 |
|      CAS_CMD_WR      | UMC11C1 |   126453661337 |              0 |              0 |              0 |              0 |              0 |              0 |              0 |              0 |              0 |              0 |              0 |              0 |              0 |              0 |              0 |              0 |              0 |              0 |              0 |              0 |              0 |              0 |              0 |              0 |              0 |              0 |              0 |              0 |              0 |              0 |              0 |              0 |              0 |              0 |              0 |              0 |              0 |              0 |              0 |              0 |              0 |              0 |              0 |              0 |              0 |              0 |              0 |              0 |              0 |              0 |              0 |              0 |              0 |              0 |              0 |              0 |              0 |              0 |              0 |              0 |              0 |              0 |              0 |              0 |              0 |              0 |              0 |              0 |              0 |              0 |              0 |             0 |             0 |             0 |             0 |             0 |             0 |             0 |             0 |             0 |             0 |             0 |             0 |             0 |             0 |             0 |             0 |             0 |             0 |             0 |             0 |             0 |             0 |             0 |             0 |
+----------------------+---------+----------------+----------------+----------------+----------------+----------------+----------------+----------------+----------------+----------------+----------------+----------------+----------------+----------------+----------------+----------------+----------------+----------------+----------------+----------------+----------------+----------------+----------------+----------------+----------------+----------------+----------------+----------------+----------------+----------------+----------------+----------------+----------------+----------------+----------------+----------------+----------------+----------------+----------------+----------------+----------------+----------------+----------------+----------------+----------------+----------------+----------------+----------------+----------------+----------------+----------------+----------------+----------------+----------------+----------------+----------------+----------------+----------------+----------------+----------------+----------------+----------------+----------------+----------------+----------------+----------------+----------------+----------------+----------------+----------------+----------------+----------------+----------------+---------------+---------------+---------------+---------------+---------------+---------------+---------------+---------------+---------------+---------------+---------------+---------------+---------------+---------------+---------------+---------------+---------------+---------------+---------------+---------------+---------------+---------------+---------------+---------------+

+---------------------------+---------+-----------------+---------------+----------------+--------------+
|           Event           | Counter |       Sum       |      Min      |       Max      |      Avg     |
+---------------------------+---------+-----------------+---------------+----------------+--------------+
|   ACTUAL_CPU_CLOCK STAT   |  FIXC1  | 984023474552397 | 8476506253606 | 15091061691198 |      nil     |
|     MAX_CPU_CLOCK STAT    |  FIXC2  | 705033980997762 | 6324340372896 | 10691687068400 | 7.344104e+12 |
| RETIRED_INSTRUCTIONS STAT |   PMC0  | 843656007191106 | 8565319351976 | 11807227616060 | 8.788083e+12 |
|  CPU_CLOCKS_UNHALTED STAT |   PMC1  | 905646578261215 | 7985110760132 | 12400048080618 | 9.433819e+12 |
|      CAS_CMD_RD STAT      |  UMC0C0 |    319813213309 |             0 |   319813213309 | 3.331388e+09 |
|      CAS_CMD_WR STAT      |  UMC0C1 |    126692627242 |             0 |   126692627242 | 1.319715e+09 |
|      CAS_CMD_RD STAT      |  UMC1C0 |    317217777841 |             0 |   317217777841 | 3.304352e+09 |
|      CAS_CMD_WR STAT      |  UMC1C1 |    126643795378 |             0 |   126643795378 | 1.319206e+09 |
|      CAS_CMD_RD STAT      |  UMC2C0 |    320760844798 |             0 |   320760844798 | 3.341259e+09 |
|      CAS_CMD_WR STAT      |  UMC2C1 |    126760082546 |             0 |   126760082546 | 1.320418e+09 |
|      CAS_CMD_RD STAT      |  UMC3C0 |    317684049987 |             0 |   317684049987 | 3.309209e+09 |
|      CAS_CMD_WR STAT      |  UMC3C1 |    126623112880 |             0 |   126623112880 | 1.318991e+09 |
|      CAS_CMD_RD STAT      |  UMC4C0 |    317952189327 |             0 |   317952189327 | 3.312002e+09 |
|      CAS_CMD_WR STAT      |  UMC4C1 |    126792665535 |             0 |   126792665535 | 1.320757e+09 |
|      CAS_CMD_RD STAT      |  UMC5C0 |    317416070558 |             0 |   317416070558 | 3.306417e+09 |
|      CAS_CMD_WR STAT      |  UMC5C1 |    126621622677 |             0 |   126621622677 | 1.318975e+09 |
|      CAS_CMD_RD STAT      |  UMC6C0 |    319328592167 |             0 |   319328592167 | 3.326340e+09 |
|      CAS_CMD_WR STAT      |  UMC6C1 |    126650921706 |             0 |   126650921706 | 1.319280e+09 |
|      CAS_CMD_RD STAT      |  UMC7C0 |    318250225461 |             0 |   318250225461 | 3.315107e+09 |
|      CAS_CMD_WR STAT      |  UMC7C1 |    126605611347 |             0 |   126605611347 | 1.318808e+09 |
|      CAS_CMD_RD STAT      |  UMC8C0 |    317719810445 |             0 |   317719810445 | 3.309581e+09 |
|      CAS_CMD_WR STAT      |  UMC8C1 |    126543589155 |             0 |   126543589155 | 1.318162e+09 |
|      CAS_CMD_RD STAT      |  UMC9C0 |    319234022388 |             0 |   319234022388 | 3.325354e+09 |
|      CAS_CMD_WR STAT      |  UMC9C1 |    126651699090 |             0 |   126651699090 | 1.319289e+09 |
|      CAS_CMD_RD STAT      | UMC10C0 |    319113196473 |             0 |   319113196473 | 3.324096e+09 |
|      CAS_CMD_WR STAT      | UMC10C1 |    126641961361 |             0 |   126641961361 | 1.319187e+09 |
|      CAS_CMD_RD STAT      | UMC11C0 |    320351217588 |             0 |   320351217588 | 3.336992e+09 |
|      CAS_CMD_WR STAT      | UMC11C1 |    126453661337 |             0 |   126453661337 | 1.317226e+09 |
+---------------------------+---------+-----------------+---------------+----------------+--------------+

+-----------------------------------+-------------+------------+------------+------------+------------+------------+------------+------------+------------+------------+-------------+-------------+-------------+-------------+-------------+-------------+-------------+-------------+-------------+-------------+-------------+-------------+-------------+-------------+-------------+-------------+-------------+-------------+-------------+-------------+-------------+-------------+-------------+-------------+-------------+-------------+-------------+-------------+-------------+-------------+-------------+-------------+-------------+-------------+-------------+-------------+-------------+-------------+-------------+-------------+-------------+-------------+-------------+-------------+-------------+-------------+-------------+-------------+-------------+-------------+-------------+-------------+-------------+-------------+-------------+-------------+-------------+-------------+-------------+-------------+-------------+-------------+-------------+-------------+-------------+-------------+-------------+-------------+-------------+-------------+-------------+-------------+-------------+-------------+-------------+-------------+-------------+-------------+-------------+-------------+-------------+-------------+-------------+-------------+-------------+-------------+
|               Metric              |  HWThread 0 | HWThread 1 | HWThread 2 | HWThread 3 | HWThread 4 | HWThread 5 | HWThread 6 | HWThread 7 | HWThread 8 | HWThread 9 | HWThread 10 | HWThread 11 | HWThread 12 | HWThread 13 | HWThread 14 | HWThread 15 | HWThread 16 | HWThread 17 | HWThread 18 | HWThread 19 | HWThread 20 | HWThread 21 | HWThread 22 | HWThread 23 | HWThread 24 | HWThread 25 | HWThread 26 | HWThread 27 | HWThread 28 | HWThread 29 | HWThread 30 | HWThread 31 | HWThread 32 | HWThread 33 | HWThread 34 | HWThread 35 | HWThread 36 | HWThread 37 | HWThread 38 | HWThread 39 | HWThread 40 | HWThread 41 | HWThread 42 | HWThread 43 | HWThread 44 | HWThread 45 | HWThread 46 | HWThread 47 | HWThread 48 | HWThread 49 | HWThread 50 | HWThread 51 | HWThread 52 | HWThread 53 | HWThread 54 | HWThread 55 | HWThread 56 | HWThread 57 | HWThread 58 | HWThread 59 | HWThread 60 | HWThread 61 | HWThread 62 | HWThread 63 | HWThread 64 | HWThread 65 | HWThread 66 | HWThread 67 | HWThread 68 | HWThread 69 | HWThread 70 | HWThread 71 | HWThread 72 | HWThread 73 | HWThread 74 | HWThread 75 | HWThread 76 | HWThread 77 | HWThread 78 | HWThread 79 | HWThread 80 | HWThread 81 | HWThread 82 | HWThread 83 | HWThread 84 | HWThread 85 | HWThread 86 | HWThread 87 | HWThread 88 | HWThread 89 | HWThread 90 | HWThread 91 | HWThread 92 | HWThread 93 | HWThread 94 | HWThread 95 |
+-----------------------------------+-------------+------------+------------+------------+------------+------------+------------+------------+------------+------------+-------------+-------------+-------------+-------------+-------------+-------------+-------------+-------------+-------------+-------------+-------------+-------------+-------------+-------------+-------------+-------------+-------------+-------------+-------------+-------------+-------------+-------------+-------------+-------------+-------------+-------------+-------------+-------------+-------------+-------------+-------------+-------------+-------------+-------------+-------------+-------------+-------------+-------------+-------------+-------------+-------------+-------------+-------------+-------------+-------------+-------------+-------------+-------------+-------------+-------------+-------------+-------------+-------------+-------------+-------------+-------------+-------------+-------------+-------------+-------------+-------------+-------------+-------------+-------------+-------------+-------------+-------------+-------------+-------------+-------------+-------------+-------------+-------------+-------------+-------------+-------------+-------------+-------------+-------------+-------------+-------------+-------------+-------------+-------------+-------------+-------------+
|        Runtime (RDTSC) [s]        |   4112.1981 |  4112.1981 |  4112.1981 |  4112.1981 |  4112.1981 |  4112.1981 |  4112.1981 |  4112.1981 |  4112.1981 |  4112.1981 |   4112.1981 |   4112.1981 |   4112.1981 |   4112.1981 |   4112.1981 |   4112.1981 |   4112.1981 |   4112.1981 |   4112.1981 |   4112.1981 |   4112.1981 |   4112.1981 |   4112.1981 |   4112.1981 |   4112.1981 |   4112.1981 |   4112.1981 |   4112.1981 |   4112.1981 |   4112.1981 |   4112.1981 |   4112.1981 |   4112.1981 |   4112.1981 |   4112.1981 |   4112.1981 |   4112.1981 |   4112.1981 |   4112.1981 |   4112.1981 |   4112.1981 |   4112.1981 |   4112.1981 |   4112.1981 |   4112.1981 |   4112.1981 |   4112.1981 |   4112.1981 |   4112.1981 |   4112.1981 |   4112.1981 |   4112.1981 |   4112.1981 |   4112.1981 |   4112.1981 |   4112.1981 |   4112.1981 |   4112.1981 |   4112.1981 |   4112.1981 |   4112.1981 |   4112.1981 |   4112.1981 |   4112.1981 |   4112.1981 |   4112.1981 |   4112.1981 |   4112.1981 |   4112.1981 |   4112.1981 |   4112.1981 |   4112.1981 |   4112.1981 |   4112.1981 |   4112.1981 |   4112.1981 |   4112.1981 |   4112.1981 |   4112.1981 |   4112.1981 |   4112.1981 |   4112.1981 |   4112.1981 |   4112.1981 |   4112.1981 |   4112.1981 |   4112.1981 |   4112.1981 |   4112.1981 |   4112.1981 |   4112.1981 |   4112.1981 |   4112.1981 |   4112.1981 |   4112.1981 |   4112.1981 |
|        Runtime unhalted [s]       |   5804.2670 |  4221.8083 |  4205.6160 |  4204.4941 |  4206.4582 |  4204.4321 |  4208.1233 |  4204.7357 |  3991.2879 |  4042.1969 |   4018.1372 |   3964.9835 |   4111.3997 |   4119.6346 |   4065.4518 |   4091.5535 |   4192.5083 |   4194.5322 |   4193.2095 |   4189.9974 |   4191.5750 |   4196.1875 |   4195.5730 |   4193.1478 |   4192.4973 |   4191.3326 |   4198.1008 |   4195.3482 |   4195.6825 |   4198.2987 |   4188.4191 |   4189.0842 |   4193.9556 |   4197.2486 |   4192.5139 |   4197.0186 |   4199.4003 |   4197.0087 |   4198.2693 |   4195.7535 |   4181.8343 |   4192.2651 |   4181.2978 |   4193.6749 |   4185.0949 |   4183.0547 |   4180.1189 |   4185.4570 |   3992.4246 |   3953.5951 |   3960.1967 |   3950.5658 |   4005.6843 |   3983.2459 |   4010.0559 |   4026.0448 |   3890.4049 |   3872.6407 |   3879.4882 |   3879.2498 |   3914.8065 |   3899.0327 |   3931.3598 |   3943.3838 |   3926.6310 |   3915.5737 |   3921.1079 |   3920.7667 |   3950.4245 |   3933.3318 |   3969.4680 |   3975.5926 |   3480.6640 |   3427.5429 |   3476.9621 |   3453.9601 |   3475.1721 |   3467.4253 |   3513.6023 |   3538.7469 |   3326.7662 |   3260.2018 |   3319.9897 |   3335.0027 |   3341.3383 |   3368.3048 |   3411.4300 |   3434.1343 |   3379.1592 |   3373.5391 |   3412.5007 |   3398.5246 |   3435.2941 |   3434.5841 |   3471.4793 |   3515.9441 |
|            Clock [MHz]            |   3669.8302 |  3628.9808 |  3650.5810 |  3650.6711 |  3650.1332 |  3650.4423 |  3649.9836 |  3649.3979 |  3621.1615 |  3625.4588 |   3619.9919 |   3602.8848 |   3643.2773 |   3645.6626 |   3630.4825 |   3639.7268 |   3654.9128 |   3653.7293 |   3654.1790 |   3655.7236 |   3655.0326 |   3653.9361 |   3654.8852 |   3655.3657 |   3657.2472 |   3658.0026 |   3655.8277 |   3656.8020 |   3656.3842 |   3655.5198 |   3657.8393 |   3658.0236 |   3659.3379 |   3657.7034 |   3658.8524 |   3657.8425 |   3658.3815 |   3659.3372 |   3658.9104 |   3659.7397 |   3655.8884 |   3654.6343 |   3656.0336 |   3653.5313 |   3655.6931 |   3656.5477 |   3656.9224 |   3656.2154 |   3647.7565 |   3647.1743 |   3648.7895 |   3648.3984 |   3647.6197 |   3648.8491 |   3648.3506 |   3647.3622 |   3643.3188 |   3643.1482 |   3643.8162 |   3644.5574 |   3645.4028 |   3645.5415 |   3646.4252 |   3646.8731 |   3641.0755 |   3642.5142 |   3640.9281 |   3641.3542 |   3641.5212 |   3642.6861 |   3642.1738 |   3643.0297 |   3582.2268 |   3563.1543 |   3578.7862 |   3571.7719 |   3583.8415 |   3577.9245 |   3604.7166 |   3609.7544 |   3521.6611 |   3484.7695 |   3520.0545 |   3517.0668 |   3529.4519 |   3535.1612 |   3554.8649 |   3571.0513 |   3540.6287 |   3534.2678 |   3549.9528 |   3549.8048 |   3561.4745 |   3560.6097 |   3577.3887 |   3591.1169 |
|                CPI                |      1.0502 |     1.1418 |     1.1438 |     1.1432 |     1.1418 |     1.1394 |     1.1419 |     1.1401 |     1.0791 |     1.0941 |      1.0887 |      1.0749 |      1.1112 |      1.1152 |      1.1009 |      1.1078 |      1.1391 |      1.1395 |      1.1404 |      1.1398 |      1.1388 |      1.1403 |      1.1396 |      1.1400 |      1.1417 |      1.1419 |      1.1438 |      1.1429 |      1.1424 |      1.1428 |      1.1411 |      1.1416 |      1.1414 |      1.1419 |      1.1424 |      1.1424 |      1.1402 |      1.1414 |      1.1410 |      1.1405 |      1.1415 |      1.1294 |      1.1421 |      1.1438 |      1.1422 |      1.1429 |      1.1403 |      1.1433 |      1.0859 |      1.0795 |      1.0829 |      1.0794 |      1.0912 |      1.0879 |      1.0922 |      1.0972 |      1.0602 |      1.0576 |      1.0589 |      1.0598 |      1.0684 |      1.0649 |      1.0725 |      1.0761 |      1.0740 |      1.0701 |      1.0733 |      1.0732 |      1.0803 |      1.0766 |      1.0845 |      1.0846 |      0.9656 |      0.9550 |      0.9682 |      0.9621 |      0.9685 |      0.9663 |      0.9790 |      0.9859 |      0.9279 |      0.9118 |      0.9279 |      0.9288 |      0.9331 |      0.9386 |      0.9493 |      0.9578 |      0.9437 |      0.9428 |      0.9531 |      0.9508 |      0.9591 |      0.9600 |      0.9699 |      1.0014 |
|  Memory read bandwidth [MBytes/s] |  59527.7340 |          0 |          0 |          0 |          0 |          0 |          0 |          0 |          0 |          0 |           0 |           0 |           0 |           0 |           0 |           0 |           0 |           0 |           0 |           0 |           0 |           0 |           0 |           0 |           0 |           0 |           0 |           0 |           0 |           0 |           0 |           0 |           0 |           0 |           0 |           0 |           0 |           0 |           0 |           0 |           0 |           0 |           0 |           0 |           0 |           0 |           0 |           0 |           0 |           0 |           0 |           0 |           0 |           0 |           0 |           0 |           0 |           0 |           0 |           0 |           0 |           0 |           0 |           0 |           0 |           0 |           0 |           0 |           0 |           0 |           0 |           0 |           0 |           0 |           0 |           0 |           0 |           0 |           0 |           0 |           0 |           0 |           0 |           0 |           0 |           0 |           0 |           0 |           0 |           0 |           0 |           0 |           0 |           0 |           0 |           0 |
|  Memory read data volume [GBytes] | 244789.8375 |          0 |          0 |          0 |          0 |          0 |          0 |          0 |          0 |          0 |           0 |           0 |           0 |           0 |           0 |           0 |           0 |           0 |           0 |           0 |           0 |           0 |           0 |           0 |           0 |           0 |           0 |           0 |           0 |           0 |           0 |           0 |           0 |           0 |           0 |           0 |           0 |           0 |           0 |           0 |           0 |           0 |           0 |           0 |           0 |           0 |           0 |           0 |           0 |           0 |           0 |           0 |           0 |           0 |           0 |           0 |           0 |           0 |           0 |           0 |           0 |           0 |           0 |           0 |           0 |           0 |           0 |           0 |           0 |           0 |           0 |           0 |           0 |           0 |           0 |           0 |           0 |           0 |           0 |           0 |           0 |           0 |           0 |           0 |           0 |           0 |           0 |           0 |           0 |           0 |           0 |           0 |           0 |           0 |           0 |           0 |
| Memory write bandwidth [MBytes/s] |  23651.4883 |          0 |          0 |          0 |          0 |          0 |          0 |          0 |          0 |          0 |           0 |           0 |           0 |           0 |           0 |           0 |           0 |           0 |           0 |           0 |           0 |           0 |           0 |           0 |           0 |           0 |           0 |           0 |           0 |           0 |           0 |           0 |           0 |           0 |           0 |           0 |           0 |           0 |           0 |           0 |           0 |           0 |           0 |           0 |           0 |           0 |           0 |           0 |           0 |           0 |           0 |           0 |           0 |           0 |           0 |           0 |           0 |           0 |           0 |           0 |           0 |           0 |           0 |           0 |           0 |           0 |           0 |           0 |           0 |           0 |           0 |           0 |           0 |           0 |           0 |           0 |           0 |           0 |           0 |           0 |           0 |           0 |           0 |           0 |           0 |           0 |           0 |           0 |           0 |           0 |           0 |           0 |           0 |           0 |           0 |           0 |
| Memory write data volume [GBytes] |  97259.6064 |          0 |          0 |          0 |          0 |          0 |          0 |          0 |          0 |          0 |           0 |           0 |           0 |           0 |           0 |           0 |           0 |           0 |           0 |           0 |           0 |           0 |           0 |           0 |           0 |           0 |           0 |           0 |           0 |           0 |           0 |           0 |           0 |           0 |           0 |           0 |           0 |           0 |           0 |           0 |           0 |           0 |           0 |           0 |           0 |           0 |           0 |           0 |           0 |           0 |           0 |           0 |           0 |           0 |           0 |           0 |           0 |           0 |           0 |           0 |           0 |           0 |           0 |           0 |           0 |           0 |           0 |           0 |           0 |           0 |           0 |           0 |           0 |           0 |           0 |           0 |           0 |           0 |           0 |           0 |           0 |           0 |           0 |           0 |           0 |           0 |           0 |           0 |           0 |           0 |           0 |           0 |           0 |           0 |           0 |           0 |
|    Memory bandwidth [MBytes/s]    |  83179.2224 |          0 |          0 |          0 |          0 |          0 |          0 |          0 |          0 |          0 |           0 |           0 |           0 |           0 |           0 |           0 |           0 |           0 |           0 |           0 |           0 |           0 |           0 |           0 |           0 |           0 |           0 |           0 |           0 |           0 |           0 |           0 |           0 |           0 |           0 |           0 |           0 |           0 |           0 |           0 |           0 |           0 |           0 |           0 |           0 |           0 |           0 |           0 |           0 |           0 |           0 |           0 |           0 |           0 |           0 |           0 |           0 |           0 |           0 |           0 |           0 |           0 |           0 |           0 |           0 |           0 |           0 |           0 |           0 |           0 |           0 |           0 |           0 |           0 |           0 |           0 |           0 |           0 |           0 |           0 |           0 |           0 |           0 |           0 |           0 |           0 |           0 |           0 |           0 |           0 |           0 |           0 |           0 |           0 |           0 |           0 |
|    Memory data volume [GBytes]    | 342049.4439 |          0 |          0 |          0 |          0 |          0 |          0 |          0 |          0 |          0 |           0 |           0 |           0 |           0 |           0 |           0 |           0 |           0 |           0 |           0 |           0 |           0 |           0 |           0 |           0 |           0 |           0 |           0 |           0 |           0 |           0 |           0 |           0 |           0 |           0 |           0 |           0 |           0 |           0 |           0 |           0 |           0 |           0 |           0 |           0 |           0 |           0 |           0 |           0 |           0 |           0 |           0 |           0 |           0 |           0 |           0 |           0 |           0 |           0 |           0 |           0 |           0 |           0 |           0 |           0 |           0 |           0 |           0 |           0 |           0 |           0 |           0 |           0 |           0 |           0 |           0 |           0 |           0 |           0 |           0 |           0 |           0 |           0 |           0 |           0 |           0 |           0 |           0 |           0 |           0 |           0 |           0 |           0 |           0 |           0 |           0 |
+-----------------------------------+-------------+------------+------------+------------+------------+------------+------------+------------+------------+------------+-------------+-------------+-------------+-------------+-------------+-------------+-------------+-------------+-------------+-------------+-------------+-------------+-------------+-------------+-------------+-------------+-------------+-------------+-------------+-------------+-------------+-------------+-------------+-------------+-------------+-------------+-------------+-------------+-------------+-------------+-------------+-------------+-------------+-------------+-------------+-------------+-------------+-------------+-------------+-------------+-------------+-------------+-------------+-------------+-------------+-------------+-------------+-------------+-------------+-------------+-------------+-------------+-------------+-------------+-------------+-------------+-------------+-------------+-------------+-------------+-------------+-------------+-------------+-------------+-------------+-------------+-------------+-------------+-------------+-------------+-------------+-------------+-------------+-------------+-------------+-------------+-------------+-------------+-------------+-------------+-------------+-------------+-------------+-------------+-------------+-------------+

+----------------------------------------+-------------+-----------+-------------+-----------+
|                 Metric                 |     Sum     |    Min    |     Max     |    Avg    |
+----------------------------------------+-------------+-----------+-------------+-----------+
|        Runtime (RDTSC) [s] STAT        | 394771.0176 | 4112.1981 |   4112.1981 | 4112.1981 |
|        Runtime unhalted [s] STAT       | 378471.3844 | 3260.2018 |   5804.2670 | 3942.4103 |
|            Clock [MHz] STAT            | 348087.8158 | 3484.7695 |   3669.8302 | 3625.9147 |
|                CPI STAT                |    103.0643 |    0.9118 |      1.1438 |    1.0736 |
|  Memory read bandwidth [MBytes/s] STAT |  59527.7340 |         0 |  59527.7340 |  620.0806 |
|  Memory read data volume [GBytes] STAT | 244789.8375 |         0 | 244789.8375 | 2549.8941 |
| Memory write bandwidth [MBytes/s] STAT |  23651.4883 |         0 |  23651.4883 |  246.3697 |
| Memory write data volume [GBytes] STAT |  97259.6064 |         0 |  97259.6064 | 1013.1209 |
|    Memory bandwidth [MBytes/s] STAT    |  83179.2224 |         0 |  83179.2224 |  866.4502 |
|    Memory data volume [GBytes] STAT    | 342049.4439 |         0 | 342049.4439 | 3563.0150 |
+----------------------------------------+-------------+-----------+-------------+-----------+

